"Mean" "SD" "Naive SE" "Time-series SE" "2.5%" "25%" "50%" "75%" "97.5%"
"N" 10.6835555555556 1.04691002618514 0.00493518119205134 0.0183861409524894 10 10 10 11 13
"betapsi[1]" 0.251032468769216 2.33729805218062 0.0110181286823402 0.016960197319812 -4.26934621205897 -0.900060065160856 0.0444918808491039 1.2235770173426 5.7811922841583
"betapsi[2]" 0.248373552045787 2.32823377257838 0.0109753992585181 0.0175422884670613 -4.2905566680911 -0.907041701522656 0.0493750138428399 1.22857315392429 5.8093364621761
"betapsi[3]" 0.251618316136888 2.35243663686264 0.011089492654915 0.0178628021705748 -4.32172149621734 -0.896332896177058 0.0410147368319894 1.21778614832434 5.87672876959398
"betapsi[4]" 0.264783304651125 2.34389503185801 0.0110492271427751 0.01759475911429 -4.22548632679126 -0.88328800106795 0.0430383079101225 1.23109762982583 5.95209330040554
"betapsi[5]" 0.257450518123616 2.33683722231095 0.0110159563095014 0.017205214750843 -4.27693207001642 -0.887439779412997 0.0483186561676738 1.22589314577703 5.82241877868187
"betapsi[6]" 0.253647059977026 2.35602740169837 0.0111064196826816 0.0186319075524872 -4.29954505493517 -0.907941276202339 0.0360222612585402 1.21357308212203 5.89886755020913
"betapsi[7]" 0.247630689161592 2.36632849973181 0.0111549795245024 0.0188284157515833 -4.37576034749942 -0.923314445007959 0.0383274994417772 1.24764360178393 5.9335602330429
"betapsi[8]" -0.739286778739435 3.04684838391794 0.0143629810234377 0.0450056338707078 -8.07828079530819 -1.95358558951955 -0.177763655552921 0.738499729790427 5.01199220610587
"betapsi[9]" 0.253974057082451 2.33449880186535 0.0110049328898058 0.0167484018418482 -4.26927097422227 -0.892105027672995 0.0448332518824296 1.21556425673261 5.82198190071707
"betapsi[10]" 0.225147792342282 2.33802782599445 0.0110215688690901 0.0189576023204798 -4.32192619766616 -0.944194438612678 0.030629140579829 1.19798235321218 5.79409170784745
"betapsi[11]" -0.69899845934488 3.02468054431036 0.0142584808253658 0.0458727699356432 -7.9072718142133 -1.8893622498639 -0.175146668215727 0.732202466823987 5.06673700275104
"betapsi[12]" 0.241291907520278 2.31705637653548 0.0109227085082651 0.0170188937978569 -4.28272256521617 -0.904010431333753 0.0401036046404483 1.19690904723773 5.75273770491754
"betapsi[13]" 0.238418995033332 2.32816011342275 0.0109750520259284 0.016762595538941 -4.35975963615935 -0.896814101422216 0.0425450894601936 1.20767661701556 5.80921444781975
"betapsi[14]" 0.2620407488076 2.35543000796361 0.011103603541609 0.0191567815973459 -4.26601874690675 -0.879323917477514 0.0414909018525528 1.20483671582584 5.85661704639313
"betapsi[15]" 0.249687877635574 2.3592376959895 0.0111215531551007 0.0187858498762826 -4.39714089880058 -0.908084882593131 0.0383563341845757 1.23416317077793 5.81102241435833
"betapsi[16]" -0.687931194132761 3.01627233702565 0.0142188441561082 0.0439671277127949 -8.03545715259895 -1.8640997240001 -0.165347175099819 0.723786114367439 5.10728644391248
"etap[1]" -0.0969393417678126 4.19792792944632 0.0197892220389593 0.104492355515397 -8.80436161422879 -2.29087410010472 -0.0657755410626227 2.12176146654048 8.46097924730056
"etap[2]" -0.18262341371971 7.08798742811257 0.0334130931692226 0.433947187333637 -13.9376870515111 -4.75127956399642 -0.238208935902422 4.25074293252469 13.7803397299565
"etap[3]" -0.205593519935473 7.14973529351952 0.033704175398243 0.424999652545681 -14.1571494826965 -4.73220055435226 -0.24171116707884 4.26309055934902 13.9756048339292
"etap[4]" 0.099045291469861 4.66939924410354 0.0220117591304863 0.184054895530559 -9.42034913739692 -2.37799360367163 0.0980636395718859 2.63135250512939 9.54438503010772
"etap[5]" 0.0700307958135595 4.59770612563253 0.021673794528918 0.186041151718809 -9.38121944137592 -2.4392912092411 0.0922047337570969 2.665414990855 9.24450404145918
"etap[6]" -0.00685631647170814 3.58913012132459 0.0169193216489968 0.0449768463288425 -7.38180055915699 -1.8448689543158 -0.0012793006143232 1.83260736915308 7.34019156469522
"etap[7]" 0.0228025988615158 3.61829661747756 0.0170568138304182 0.0504984326746623 -7.44921067611013 -1.79611175367325 0.0322006929742743 1.8745547437675 7.55230337202564
"etap[8]" 0.180371895775337 6.41250929919525 0.0302288587325517 0.375410324480571 -13.000482254708 -3.8420453934835 0.278108581076879 4.29680439874385 12.6073660706742
"etap[9]" -0.0812512406984514 4.18600141335475 0.0197329999029308 0.110421473908603 -8.64908058044712 -2.29831901719968 -0.023971667931631 2.14887063793378 8.32872047165123
"etap[10]" -0.25937782650626 7.14719938058558 0.033692220990029 0.437873670060713 -14.2510535994197 -4.80160432908915 -0.228363350551432 4.24501077951901 13.8492017181228
"etap[11]" 0.213543566665378 7.14565899161321 0.0336849595267755 0.21102303836048 -13.9690009417322 -4.27741991782001 0.206508322620921 4.65256855844672 14.5896739700426
"etap[12]" 0.0756540314573838 6.45403023952739 0.0304245903223524 0.095432845664625 -12.8791755050507 -3.60676395230738 0.0563636917590716 3.78024372558509 13.0275526769765
"etap[13]" -0.0128276805280209 6.05626756708716 0.0285495191024499 0.0548256047363574 -12.3665490662889 -3.36524500780656 -0.00525212897403987 3.3796330071283 12.0330384394083
"etap[14]" -0.0509141129511524 5.96782764903405 0.0281326093305636 0.0450015727832895 -12.1852132170441 -3.29899283885168 -0.00720780625329092 3.27714398056846 11.849715543187
"etap[15]" 0.0518317122781464 5.95635604160905 0.0280785316545548 0.0406113855102839 -12.0966190457053 -3.22960859884866 0.0401357335562899 3.36595548153572 12.3391568176168
"etap[16]" 0.0250738497565689 5.8602860160006 0.0276256532107115 0.0413500210068822 -11.7329560309766 -3.26969392407209 0.00841745122771527 3.31836225012835 11.9695840046338
"etap[17]" -0.0109247603255616 5.94490050992854 0.0280245297603322 0.0428437972428331 -12.3202880060694 -3.26907840319881 0.0343826625803063 3.27006884208485 11.9046548786844
"etap[18]" 0.00212577148854079 5.91800469784999 0.0278977416862905 0.0420031896720743 -11.8582700433904 -3.30907708563978 -0.0220302853282714 3.28306297051362 12.0657552841441
"etap[19]" 0.01280718501414 5.89338069320916 0.0277816630152138 0.0433703118385596 -11.88735830091 -3.32111839898023 0.0137897593692212 3.29845136344606 12.1276732101012
"etap[20]" -0.0142064559029119 5.9434114594165 0.0280175103089016 0.0406206506703598 -11.9217379641043 -3.30566778211851 -0.040661121213417 3.28540021560203 12.1727156614679
"etap[21]" 0.0239139943420059 5.93841822015728 0.0279939719532997 0.0415208476603895 -11.9904548277963 -3.23975336274872 -0.00462517817375884 3.31792839949684 12.0514903218646
"etap[22]" -0.0368046869195233 5.83163183891138 0.0274905761245174 0.0379429595729933 -11.7548311581169 -3.30490751442867 -0.0401126792180397 3.23950487982646 11.7683232778794
"etap[23]" -0.00513621374048764 5.91029604930963 0.0278614027685793 0.0451225416189322 -11.7975656852554 -3.29334631183291 -0.0240951256965993 3.26203114774921 12.0499921952037
"etap[24]" 0.00612157099795043 5.91203136035862 0.0278695831033141 0.0420911858331999 -11.780277153048 -3.31967136584694 -0.0166091244029937 3.25736794364714 12.3094736150771
"etap[25]" -0.06131716636667 5.83021293053321 0.0274838873262768 0.0381247764426556 -11.8176244265883 -3.36566424538746 -0.0485931583497294 3.28100460002926 11.6598762161165
"etap[26]" 0.000509393613284362 5.87861626086915 0.0277120628136939 0.0432400816256223 -11.9134752191098 -3.24405025889516 -0.0098124702301226 3.27149677190924 12.1259485964102
"etap[27]" -0.0496770887282702 5.88650958678744 0.0277492723089135 0.0413742757496225 -11.9256666874953 -3.32334976500919 -0.0499728771642628 3.212478706941 11.9371815661141
"etap[28]" -0.0260141406553657 5.9379724033829 0.0279918703528709 0.0426271418887843 -12.0791139285513 -3.30409711981432 -0.0075260043455239 3.29842997490595 11.9132729818335
"etap[29]" 0.0255712824961305 5.93200290720451 0.0279637298780175 0.041383291804764 -12.0341988296805 -3.307410299967 0.00823508574118232 3.26891257435221 12.2318625361675
"etap[30]" 0.0427343869792324 5.93294479649611 0.0279681699867189 0.0404569955078876 -11.99804640897 -3.28610946591897 0.0270055980486157 3.36263927990753 12.1627368555534
"etap[31]" 0.0460567414757404 5.87572526573749 0.0276984345319474 0.0399113481541392 -11.9494973138929 -3.22631379147531 0.0481334619404796 3.29518635052315 12.1285558973143
"etap[32]" 0.0598461301658791 6.03309030467035 0.0284402604396214 0.0470143179434586 -12.0989222564065 -3.28797569841402 -0.0061597369308552 3.33372248730292 12.4697670910167
"etap[33]" -0.0527354183978011 5.90964039656503 0.0278583119919006 0.044050859474299 -12.0453706598204 -3.28857553072482 -0.0569379007841477 3.22483624538238 11.9252003677228
"etap[34]" 0.00328050969981414 5.97478093035271 0.0281653874130432 0.0465891852653031 -11.9338377714822 -3.35986191157933 -0.0795219340982088 3.27351400613985 12.4763301197696
"etap[35]" 0.0109986865675234 5.95425268797147 0.028068616350419 0.0428633700818474 -11.8681225579072 -3.28589957377657 -0.0308554608550412 3.25147589725296 12.2211963820367
"etap[36]" -0.0371281214971863 5.99257761442431 0.0282492817863076 0.0410703149545038 -12.3355275149589 -3.31411597949369 -0.0317706690435195 3.24644987987106 12.0328687338028
"etap[37]" 0.061340437680672 5.82445860709581 0.027456761185452 0.0400993918799821 -11.829594166043 -3.24151594271053 0.0264256517978792 3.34041921804698 11.9768115960319
"etap[38]" -0.0139455067900821 6.0311844801453 0.028431276296652 0.0436444801021917 -12.398283184407 -3.25935346155713 0.0365944322165748 3.25464918127123 12.1607679176824
"etap[39]" 0.0249773927424228 5.86695755451568 0.0276571031448778 0.04091562984532 -11.7914893075753 -3.24075252488811 0.0466381463479747 3.27672103478627 11.8150392705245
"etap[40]" -0.0195875655120221 5.97381805028726 0.0281608483528848 0.042943327506318 -12.2025488886786 -3.30823980577164 -0.0141521661408109 3.3051099914398 11.8798058551333
"etap[41]" -0.0483884579671007 5.93459217665645 0.0279759358112694 0.0417953019206758 -12.2027530602083 -3.29140774472925 -0.0244667475702964 3.23482626964717 12.0795860581537
"etap[42]" 0.0105545369828272 5.97126516186032 0.0281488139214294 0.0434118437055963 -11.8692153999334 -3.27073601262933 0.0159466253957342 3.36412776377763 11.9640596903661
"etap[43]" 0.0542081072739877 5.91921832848997 0.0279034627959931 0.0457964982728251 -11.9692045145499 -3.19695070184738 0.0113449295805495 3.30103737744244 12.2689927748465
"etap[44]" 0.0713922170149195 5.96033859898201 0.028097305610054 0.0440556361601009 -11.8911730965584 -3.21542436723785 0.0234904364368742 3.29632975876393 12.4097385611497
"etap[45]" 0.0418839380684806 5.98103891974778 0.0281948878579621 0.0433239696914093 -11.8920622174385 -3.2868065548271 0.0151736053613922 3.31435815132494 12.3536692040035
"etap[46]" 0.00970950822208623 5.88944232424821 0.0277630973658865 0.0405911288736494 -12.0290537565506 -3.24702143843294 0.0239570371003018 3.27102381026753 12.0451505575572
"etap[47]" 0.0182564945060773 5.99025429799392 0.0282383295676224 0.0427575370096447 -11.8402451613589 -3.35632535373086 0.0156892810901154 3.32864963029674 12.2659706278953
"etap[48]" 0.0271584121245018 5.89427000992284 0.0277858552944063 0.0405238616641723 -11.9080608671407 -3.25800958874538 0.0235152565212407 3.30503476229373 12.1100114856317
"etap[49]" -0.000656655567883405 5.93791230784644 0.0279915870597952 0.0399042049693154 -12.1765992869247 -3.30489394646292 0.0249830890794807 3.30705022224702 11.8957254867291
"etap[50]" -0.0164284367874048 5.92874092657361 0.0279483527538561 0.0406219685115225 -12.0356099002822 -3.25401051098015 -0.00897993441610474 3.23272347987046 12.026202205757
"etap[51]" -0.049451334595386 5.87835992183262 0.0277108544198871 0.0425581720543875 -12.0434120058611 -3.32619883353518 -0.025226515727493 3.24654152522706 11.7916254051191
"etap[52]" 0.00074274611988075 5.9078829039152 0.0278500270920967 0.0429263749999296 -12.0998513704079 -3.30030348271674 0.00821698123708832 3.2999342274052 11.783094840156
"etap[53]" 0.0407330343999978 5.87920298670501 0.0277148286658088 0.0405810027980119 -11.8907824671005 -3.20406436579358 0.0214879900008492 3.28146724748194 11.9886972841326
"etap[54]" -0.0164330047369292 5.85415237356437 0.0275967389429779 0.0417193041897521 -12.1154076822859 -3.30045975417955 0.0167565939098921 3.2711297055848 11.8224287621497
"etap[55]" 0.023879065632129 5.88903916562804 0.027761196857925 0.0389895775998011 -11.8977937164232 -3.25760361871564 0.0362850095179125 3.33730660085482 11.9024044287014
"etap[56]" 0.0635726315269254 6.01162920442717 0.0283390918428636 0.0529332704589096 -12.1001172845056 -3.25500704398101 0.0642396144364602 3.37140976949579 12.2417463427228
"etap[57]" -0.0445818162751057 5.83376746443181 0.0275006435597679 0.0396103778408584 -11.9374337538745 -3.29636852095838 -0.017673809625295 3.2519058992551 11.7126066047297
"etap[58]" 0.0193579516200352 5.94557157891333 0.0280276932098642 0.0403512994298589 -11.9780347971551 -3.27462688362544 -0.00248878450318764 3.32886772885274 12.1203861697009
"etap[59]" 0.0913235677412657 5.97109111050296 0.0281479934354624 0.0432097186724398 -11.858423406916 -3.16957434118688 0.0567310031290894 3.28180912699062 12.2959247200471
"etap[60]" -0.0613290456028883 5.92805412343023 0.0279451151327893 0.0428015837827753 -12.1574295661128 -3.35746476775768 -0.0516958685499917 3.22642300298159 11.9161804703926
"etap[61]" -0.0142849994433159 5.80151984645967 0.0273486268307998 0.0385973536386025 -11.7364277620601 -3.3238874089825 0.00134051165536229 3.3087375607685 11.6169527301075
"etap[62]" -0.014390817386035 5.84137754535161 0.0275365178252597 0.0409222175693819 -11.8590662138059 -3.2473262290694 -0.0237568183625364 3.27551024456874 11.8830562990705
"etap[63]" 0.047086830904827 5.86582381441282 0.027651758642779 0.0421475505946066 -11.9676998363664 -3.23013074020735 0.0543788615346886 3.33129208374809 11.739819330355
"etap[64]" -0.0153476740030132 5.89374170182574 0.0277833648261528 0.0440399140247193 -11.9406773527154 -3.25575443453399 0.002669430675369 3.26428098438724 11.8360742751675
"etap[65]" 0.0218587575866635 5.93120372840131 0.02795996251301 0.0442022614720173 -12.178284865997 -3.27974342011815 0.0553720748221837 3.3231241854598 11.9180620578348
"etap[66]" -0.0217044034041907 5.93626489384586 0.0279838210757203 0.0410541401955461 -12.0933549144099 -3.2678155656393 -0.0288619187016358 3.28262118985834 11.8629724452982
"etap[67]" 0.0522284366133073 5.93239686422612 0.0279655870092273 0.0409057028568794 -11.7395733314452 -3.31840294385475 0.0118829310566287 3.32440883089266 12.3863217350503
"etap[68]" -0.0407784709759751 5.90610217010384 0.0278416326324067 0.0433641063991988 -12.1290698278529 -3.30470690780068 -0.0392880653129095 3.25277258669711 11.8724254473615
"etap[69]" -0.00890647815141467 6.09377633192225 0.0287263371155754 0.0444142195640016 -12.2843130929355 -3.30855438284447 -0.00190074486456725 3.31849508340558 12.1294893424652
"etap[70]" 0.0386544593145865 5.94476290178302 0.0280238810693133 0.0426669529467576 -11.7647983274756 -3.28416964152882 -0.00802998438923664 3.27598467903327 12.1903162425368
"etap[71]" -0.0169725563356624 5.88029934973568 0.0277199969706996 0.0401633048244738 -11.9840812091182 -3.28815675605944 -0.0305986809403202 3.28259402307411 11.8818435607034
"etap[72]" 0.0136067738607522 5.86527323132565 0.0276491631692154 0.0422109106590643 -11.9056529192417 -3.27192942908444 0.00120238907737304 3.28474195062839 11.8976102692973
"etap[73]" -0.0188418264517174 5.89274519895745 0.0277786672665819 0.0404346486625976 -12.0456089980273 -3.26935138556499 0.00877026298168826 3.21678298914187 11.9667600190949
"etap[74]" -0.0195358257568306 5.8836854711622 0.0277359593001837 0.0420741969268847 -12.001983409432 -3.31720556216767 -0.017485664033181 3.29312293661137 11.800240612063
"etap[75]" 0.0171757503459161 5.94214970773776 0.0280115623544469 0.0413509174471053 -12.0527712429908 -3.29304784911792 0.0237769771033692 3.32239588862874 12.0052830284798
"etap[76]" 0.0175494298262943 5.829397788011 0.0274800447075762 0.0381872420618374 -11.7122258924859 -3.27240190960822 0.0167020329570233 3.28204185408853 11.9195855330688
"etap[77]" -0.006030205782452 5.99563622130241 0.0282637001974041 0.0441611672927929 -11.8854179969738 -3.30504334603855 0.0207925107852304 3.2637499441724 12.236192108759
"etap[78]" -0.0402087882006096 5.8415710279975 0.0275374299111994 0.0386077469934957 -11.9504356317208 -3.27986376505555 -0.0301083270038394 3.22112503300072 11.6410390867142
"etap[79]" 0.0416076702526038 5.98229221772707 0.0282007959612955 0.0532888912987475 -11.6705628022492 -3.27411374799881 0.0108393458533614 3.27219057518124 12.3119529010191
"etap[80]" -0.0339942421822317 5.84595933681535 0.027558116597353 0.0406392075689252 -12.0717298058951 -3.2716038958777 0.00385347546214936 3.26381995458349 11.6481791774438
"etap[81]" -0.0117670059343012 5.84903521606575 0.0275726164311934 0.0405814071529046 -11.8949588170631 -3.31561482579369 0.0160223096460871 3.26615297958084 11.8938173680495
"etap[82]" 0.0554314041180249 5.91528716955021 0.0278849311350315 0.0409809423171852 -11.9253297178968 -3.2508244611815 0.0539225153483464 3.31553444546548 12.1939681513419
"etap[83]" 0.0201751241491565 5.94539522681005 0.0280268618780768 0.0406926082950185 -11.9800018144645 -3.29185220069198 -0.00950608633560055 3.25633196444286 12.1323294867985
"etap[84]" -0.0215321155830512 5.84340992160633 0.0275460985388039 0.0404479553569105 -11.9965915353573 -3.21922580243622 0.023811706026696 3.24542782504723 11.6082212341451
"etap[85]" 0.059458867708655 5.8478748766266 0.0275671465386208 0.040147367050824 -11.8631130619397 -3.19467624660616 0.0830051772695007 3.34431581191758 11.9568389898868
"etap[86]" 0.0297540015426184 5.9052377272787 0.0278375576098494 0.0407626462146769 -11.8857939490497 -3.27146752408737 0.0251620634107561 3.34835334440696 12.0070081547772
"etap[87]" -0.00581463861642054 5.84357066938821 0.0275468563111148 0.0383790372266433 -11.857783290844 -3.31991380244041 -0.0256050121005965 3.29002210015646 11.943362350207
"etap[88]" -0.0403536921595008 5.9947688965233 0.0282596115891855 0.0518142178161311 -12.3608346358089 -3.27713526493216 -0.0254958289026003 3.27227812015847 11.7710892982604
"etap[89]" -0.0152751201927516 5.92984197960727 0.0279535431676331 0.0413018556465958 -11.8044318930399 -3.34585517846324 -0.0677527359669762 3.25184696068029 12.0864164493774
"etap[90]" -0.0087285854059508 5.89560090902078 0.0277921292129211 0.0432826859059528 -12.1311001135834 -3.28230482406622 -0.0359693771132602 3.27526616490237 12.044161513996
"etap[91]" -0.0353339780859716 5.9146692787165 0.0278820183697079 0.0421910855976599 -12.0531597566196 -3.32264322927897 -0.00770382453860426 3.23579824192774 11.8584279810463
"etap[92]" -0.0505081081786395 5.93901399743452 0.0279967804743185 0.0395898068043395 -11.9699887120385 -3.3228731601118 -0.0453343520265372 3.24665996635676 11.7482340816021
"etap[93]" 0.0137647278314925 5.89692620304958 0.0277983767088867 0.040958591640137 -11.8474589228893 -3.29802944655746 -0.0225025552510862 3.26997204045657 12.0396023150816
"etap[94]" -0.0443820452318435 5.93103860114487 0.0279591840956581 0.0422786219426793 -12.1932353614648 -3.33333549210135 -0.0202315810550899 3.25975626219767 11.8472480532942
"etap[95]" 0.00335498188403371 5.92964724726313 0.0279526251905594 0.0455862400412455 -11.7486342659658 -3.29961202277139 -0.0302565817062617 3.27287486818166 12.1240896453045
"etap[96]" 0.0362840986300625 5.92680593920119 0.0279392311359058 0.0409113587544755 -12.1259764886575 -3.24536775614729 0.00784340747285259 3.30291172597144 12.1544560916169
"etap[97]" 0.00742519636700027 5.91728846198349 0.0278943653180363 0.0399242946498595 -12.0480380881601 -3.28975339132 0.0349537372812417 3.2670974742809 12.0498689668347
"etap[98]" 0.000237392909818993 5.89272592977098 0.0277785764307657 0.0421302162805263 -12.2401116502874 -3.25949294946097 0.0348911612420187 3.27417494843398 11.8115504892374
"etap[99]" 0.0339362576597208 5.97699143744722 0.028175807843419 0.0406821035734056 -11.8911491724247 -3.28154399849713 0.0298225051380251 3.29324731030312 12.2107571528703
"etap[100]" -0.0107986971890558 5.96861899818292 0.0281363397862267 0.0400597500978405 -12.2021114497871 -3.2996656125841 0.0133267050599727 3.27730101154524 12.152700426483
"etap[101]" 0.0163435133606392 5.98044970662713 0.0281921102806743 0.040456883195796 -12.1024817276693 -3.32748426579657 -0.0177862931974244 3.29408991321528 12.1964441733548
"etap[102]" 0.00167698532532742 5.89754130340837 0.0278012763197854 0.0393757431284792 -12.0714267122966 -3.29877154544189 0.0041146361677928 3.29870833452283 11.8659934313149
"etap[103]" -0.0519429958402585 5.88622424047939 0.0277479271735174 0.0405841776113738 -12.0796798451031 -3.26120254752189 0.000129550094812823 3.18672711559221 11.6704393236451
"etap[104]" -0.0355902663954208 5.95827938865477 0.0280875983994788 0.0424061583668513 -12.0603679249565 -3.29852766139273 -0.0455706100100143 3.27287350431437 12.1142405994408
"etap[105]" 0.00752979297388048 5.90847984125443 0.0278528410817002 0.0398859709916736 -12.0447475254332 -3.24549384821646 -0.0210146048504568 3.27219224911984 11.9252575869319
"etap[106]" -0.00723563927569773 5.96412298501658 0.0281151453769052 0.0417116850617608 -12.0711130605095 -3.28138014117703 0.0124060393749912 3.31440854482004 11.9379087839329
"etap[107]" -0.0171344565183304 5.97963730151384 0.0281882805662431 0.0440946440697545 -11.8867861609543 -3.25601116358439 0.0204851479754398 3.22800490184477 11.8299737809337
"etap[108]" 0.01202019239214 5.98752525622488 0.0282254647413489 0.0424313318468153 -11.9751686148566 -3.29440353769822 0.00134110853037466 3.33776399337705 12.0686924730213
"etap[109]" -0.052381411257342 5.97658392194888 0.028173886796937 0.0405275673921443 -12.4345516409492 -3.30883826201714 -0.0315307201064786 3.26856148221735 11.9482741227205
"etap[110]" -0.0324660487920013 5.9465377832849 0.0280322479409518 0.0427025282208444 -11.9587518085667 -3.2927960112065 0.00737218228083226 3.25263410674646 11.7740711754328
"etap[111]" -0.0439473804324836 5.8609000445969 0.0276285477692734 0.0392105550384881 -11.9740688497268 -3.33587762707734 -0.0277437822412756 3.26457102584697 11.7546200946905
"etap[112]" 0.0448022321843595 5.91979119865132 0.0279061633318319 0.0406970388498437 -11.9462985798847 -3.23391411968255 0.0268548962476458 3.29506744280864 12.0684995693122
"etap[113]" 0.0148981865814492 5.95009211472586 0.0280490032200484 0.0423524089533912 -12.0992404952977 -3.27701515316214 0.0422086866513579 3.33867114666037 12.0472045849676
"etap[114]" -0.00240168751003906 5.91422746510941 0.0278799356403906 0.0402599168137919 -12.1050974665766 -3.304570776761 0.0293577400019276 3.28075531766723 12.0362048579219
"etap[115]" 0.00111889706055841 5.89301732774681 0.0277799500939973 0.0389387163570431 -11.9400061208566 -3.24347088696821 -0.0250526876060392 3.2398729737909 12.0425745069123
"etap[116]" -0.0111814858733997 6.02949340740459 0.0284233045033025 0.0471437762299297 -12.1074208047035 -3.32241594226886 0.0109114071072466 3.33423952751564 11.98571654049
"etap[117]" -0.0511617657889658 5.8849743623204 0.0277420351913716 0.0416011158849186 -11.9086427030835 -3.35248581350985 -0.0437159265492322 3.23537319854785 11.7177702760941
"etap[118]" -0.101129508320257 5.95015997931886 0.0280493231368078 0.0423425768937427 -12.2673832669904 -3.38660281878323 -0.0744262561905427 3.20391246201933 11.8338921064008
"etap[119]" -0.0193205553308048 5.9792668206808 0.0281865341028475 0.0418489515919338 -12.2598244788464 -3.2997511798129 -0.00388675416993453 3.306582531767 11.9560956539654
"etap[120]" 0.0258223755406777 5.92048349111693 0.0279094268298119 0.0440146871978755 -11.8014898094189 -3.25627775615978 -0.00296609740917869 3.28591281991544 12.0547238713663
"etap[121]" -0.0162379674439349 5.87672904239481 0.0277031663804886 0.0411546768025255 -11.9317970642472 -3.29956072645526 -0.0166306438112102 3.2864267454592 11.9682659941439
"etap[122]" 0.0045138366494163 5.94173354182654 0.0280096005295274 0.0397572476589882 -12.1192916795304 -3.28942345732185 0.0608890042040156 3.29054392152534 11.9626399544507
"etap[123]" -0.0122686655158818 5.97507599814295 0.0281667783759457 0.0438762934232935 -12.0320908516911 -3.34190012200764 -0.025261470303009 3.27821614346834 12.0776141618254
"etap[124]" 0.0730899714436087 5.96073703390379 0.0280991838502877 0.0426740654535474 -11.8884761993036 -3.23736489885705 0.0208666931280552 3.32064430067295 12.311975948061
"etap[125]" 0.00868596562717711 5.94262955424813 0.0280138243725896 0.0412269438521597 -12.0563516947758 -3.26870536598769 -0.00569846224249285 3.30957746817049 11.9899545140039
"etap[126]" -0.0102891718183745 6.02188804269454 0.0283874524702367 0.0392300573099983 -12.2321924807552 -3.28227609722356 0.0359753529446628 3.27472411890233 11.9983483366629
"etap[127]" -0.0447719685386398 5.91091193811141 0.027864306096234 0.0427003159884478 -11.9440737604562 -3.34642065445894 -0.0357359309260594 3.28388613279509 11.9375003044182
"etap[128]" -0.0592132830603303 5.89824452268611 0.0278045913272517 0.0376551222166561 -11.9802467813726 -3.34221671961656 -0.0278679081261358 3.27283783689749 11.7403759510609
"etap[129]" 0.0368893525462193 5.87044176732018 0.0276735278815523 0.0409930919446571 -11.9200088739298 -3.22882836387545 0.0167679739144571 3.26008333268091 12.1563256189787
"etap[130]" -0.0218961239135505 6.0133488875039 0.0283471985066306 0.0436211861027956 -12.1157863172785 -3.30404346820374 -0.0268023378648702 3.28260554362349 12.0431890507243
"etap[131]" 0.0174043965350591 5.93721633740653 0.0279883062236781 0.0394047093951774 -11.9794174188345 -3.27249382039423 0.0195606298550598 3.29375160261124 12.1912364975059
"etap[132]" 0.0676721531264195 5.9218235060251 0.0279157437206683 0.0412600829847635 -12.03632716055 -3.23118005314828 0.0407690462313665 3.35525937332466 12.1486282510409
"etap[133]" -0.00575090071694056 5.84752590094433 0.0275655014514781 0.0403966740268349 -11.8413242424471 -3.26733491067978 -0.043141139503725 3.26017800311057 11.899075340656
"etap[134]" -0.0212243428974709 5.91464575449952 0.0278819074754856 0.0426685895190825 -12.0183008805302 -3.2550546704833 0.00594106545099839 3.2781596520382 11.8409301835375
"etap[135]" 0.0377060957344978 5.94798585480618 0.0280390742155674 0.040574577386314 -11.9476230157507 -3.28911427022505 0.01110439100189 3.31719535699826 12.2939994424266
"etap[136]" 0.0123273730135938 5.9114669272644 0.0278669223401911 0.0412499332719798 -11.980346158512 -3.27095601150004 -0.0129990337757495 3.31123962529149 12.0397415749935
"etap[137]" 0.0359897670441719 5.90983278268094 0.0278592189087484 0.0402908467723053 -11.8082127688972 -3.28255736262479 -0.00134952823152097 3.29908120475172 12.1805961515926
"etap[138]" -0.024412963409545 5.89571259351282 0.0277926556986656 0.0431243807638106 -12.1235664339283 -3.29092280132722 -0.0116524813360061 3.26255955019088 12.0000232478021
"etap[139]" 0.0623403080394497 5.95100645164989 0.0280533134456436 0.0439712684910971 -11.8104053562409 -3.21036173854711 0.0429071999604125 3.30080295135093 12.3643440126799
"etap[140]" -0.0160582681824946 5.87533097556559 0.027696575830252 0.0389673087635433 -12.0995825812793 -3.27904537259485 0.0353724819003235 3.22067331228956 11.8423504054151
"etap[141]" 0.0278157270305929 5.85540425942768 0.0276026403895327 0.0399007381890874 -11.7400557814404 -3.21913485565052 0.0181721362801575 3.2492728274445 12.0296499393111
"etap[142]" 0.0622526149075408 5.92459836383408 0.0279288245258253 0.0396697616216383 -11.9037058488814 -3.2596476497756 0.0464143974948709 3.35077022430154 12.0237107179472
"etap[143]" 0.0708919798309215 5.90196334721574 0.0278221220342047 0.0428418522449653 -11.7345609364177 -3.2154434555597 0.0310936411538857 3.31037825731587 12.3071649446726
"etap[144]" -0.0253134911521948 5.90690015408779 0.0278453943649823 0.04236766683901 -12.1473679599468 -3.27222192857992 -0.00853699406280809 3.28512426328014 12.0066122554505
"etap[145]" 0.0178283645259073 5.88822699029115 0.0277573682266702 0.0388623708761907 -11.7628434381185 -3.28661939216317 -0.0246759701911566 3.28737311834899 11.9639873304653
"etap[146]" -0.0852819630209013 5.93745048141929 0.0279894099891394 0.0455143414635373 -12.3226221817039 -3.37613590113115 -0.0605866386406124 3.28482115300816 11.7905039935786
"etap[147]" -0.0018136293094613 5.93438168006527 0.0279749435208224 0.0415336849974253 -12.1124808904563 -3.3058378525652 0.00195541369967274 3.30556868780783 12.0763466761166
"etap[148]" 0.0013453843347353 5.95586224056695 0.0280762038541186 0.041909215735829 -12.1436758494424 -3.2769947068166 -0.020754868660229 3.25690097640751 12.2636023767327
"etap[149]" 0.0691898957875589 5.93567630016391 0.0279810464184945 0.0403086706933136 -11.8582405730566 -3.22855634592516 0.0144807219988785 3.35275379128185 12.2914803222248
"etap[150]" -0.00384533481101002 5.86353145501869 0.0276409523569623 0.040854603110287 -12.1099812683782 -3.29980206285488 -0.00230627348152198 3.30149533361686 11.8885481928777
"etap[151]" -0.0441604062357884 5.92111052135215 0.0279123826786874 0.038904332630195 -11.9909939444721 -3.37482778842299 -0.0446694327542969 3.2663079250596 12.0802778013864
"etap[152]" -0.0230924975193657 5.75615997161836 0.0271347983301727 0.0393333538314816 -11.7774485506221 -3.27805059499928 -0.0156016538841141 3.22924777312088 11.7054816422311
"etap[153]" -0.0106048640771734 5.90810612863301 0.027851079383508 0.0425684209234938 -11.9915128056991 -3.28508563295014 -0.013112483896361 3.29118861800517 12.0034727103196
"etap[154]" -0.000793562436644225 5.95127279075769 0.0280545689802384 0.0420439424237189 -12.1105403778726 -3.25807936095352 0.00359386627883341 3.28237014003017 11.9657888713684
"etap[155]" -0.0395959915198436 5.8574751308933 0.0276124025712414 0.0421547384504346 -11.9697111202311 -3.30471771107587 -0.0717357834175657 3.20830762998115 11.9732184036385
"etap[156]" -0.0467533825425244 5.90029104434872 0.0278142387228882 0.0394528235645607 -11.9667765085792 -3.36153632534068 -0.0593704736676057 3.23801349291874 11.9222760489828
"etap[157]" -0.0383254404121032 5.91985089790911 0.027906444756832 0.0413687587901432 -12.3266481052342 -3.30171107670677 0.0315629807682807 3.30371752659563 11.676068664669
"etap[158]" -0.0135816718666942 5.8955886420806 0.0277920713860105 0.0421196452613138 -11.9392337625638 -3.27199369929519 -0.000978931857335119 3.24501011725019 11.9892649975139
"etap[159]" 0.0602276355347848 6.11085936145172 0.0288068672890654 0.0441383808701941 -12.2460287755099 -3.19654392439921 0.0842109399193873 3.36338833665887 12.3412107147773
"etap[160]" -0.00760735215276273 5.93642937858488 0.0279845964642161 0.0418716048170881 -11.941923143852 -3.29489852700927 0.0334169734345818 3.27933054411959 12.0405423737063
"etap[161]" -0.0353726265993902 5.93658883801393 0.0279853481631734 0.042048591334543 -12.1491526916128 -3.32534359992898 -0.0391161690799952 3.27724152685745 11.9232957886142
"etap[162]" -0.00410209401844573 5.85959661842879 0.0276224033593917 0.0397377662577369 -11.8605471742946 -3.26627546781128 -0.0252593383803151 3.23302398197026 12.0090992449706
"etap[163]" 0.025183206220435 5.91957656059614 0.0279051515183365 0.0406061147767426 -11.939107340383 -3.26702364452678 -0.00855230017964003 3.26488646992145 12.1475204593316
"etap[164]" 0.0172877205906736 6.00983204460254 0.0283306199502045 0.0451501697375059 -12.0544138361695 -3.28084930412363 0.0159935904114512 3.28224422677211 12.0296814435944
"etap[165]" 0.017420566306049 5.8754760230702 0.027697259590746 0.0404598046089532 -11.6882713619901 -3.25101609523179 -0.0411802849912616 3.2260725301499 12.1421921665644
"etap[166]" 0.0748066588080272 6.01462633001465 0.0283532204283768 0.0415958953751795 -11.9977327502544 -3.27289113746807 0.0689141438793515 3.33995116860328 12.3345019499084
"etap[167]" -0.0258423985135228 5.96180869014474 0.0281042356862549 0.042433388598675 -12.0650244493449 -3.26306594643014 -0.0272266819294791 3.2372554162327 12.0769886751419
"etap[168]" -0.0218232613221923 5.98934515401265 0.0282340438217942 0.0433468104750753 -12.1954986805427 -3.32179456652397 0.00136401122468466 3.28955913597032 12.2139116651385
"etap[169]" 0.0254889309440136 5.91480261712581 0.0278826469329973 0.0425452297922291 -11.9461413956473 -3.28250719788425 0.013755519348353 3.2315204522968 12.1472873068661
"etap[170]" 0.0449533757517861 5.91926193581519 0.0279036683628955 0.04304126747684 -12.0027314455439 -3.20742514373854 0.0416505963691243 3.3244709613783 12.0337415142083
"etap[171]" 0.0297076373529197 5.85906019452231 0.027619874632846 0.0418929427390726 -11.8387293548193 -3.27418155115993 0.01539761739439 3.31775331864579 11.9052343301617
"etap[172]" 0.0371727927824608 5.90485170762703 0.0278357378957603 0.041917850092579 -11.7265211861215 -3.29263336591697 0.0345591091154916 3.28495360811644 12.1000642601765
"etap[173]" 0.0110444655415687 5.90222342328119 0.0278233480445347 0.0426994185945074 -11.9078170350428 -3.27328577220839 -0.016705727250344 3.30016807547053 12.0574660576663
"etap[174]" 0.0330283960966655 5.90623011116193 0.0278422357523385 0.0414691328310968 -12.0336128805657 -3.21616269425884 0.0239886937929279 3.32081273794991 11.7973036106197
"etap[175]" -0.0522930810996427 5.8827461537055 0.0277315313152283 0.0410167198901125 -12.0331901820652 -3.32327219382769 -0.0553217034816121 3.21760251927826 12.1079985855754
"etap[176]" -0.0527201271571931 5.94051993044347 0.0280038795106028 0.0414596299631401 -12.3904903147587 -3.32073534396226 -0.0620700229507203 3.26792625874546 11.9510714984487
"etap[177]" -0.106944772014992 5.89399606859088 0.0277845639225831 0.0432188796263367 -12.4972797624405 -3.33903794285721 -0.0487108842088589 3.2226360953219 11.7439591494362
"etap[178]" 0.0246905482433039 5.94823979315791 0.0280402712924375 0.0433545550690672 -11.8494223180215 -3.25302830776901 0.0406885395829731 3.33614366543055 11.9614323694825
"etap[179]" 0.00288269260968627 5.89485731511269 0.027788623877622 0.0397975827810516 -12.1023222046169 -3.25943874461509 0.00340967648974882 3.2970235281655 12.0971663525595
"etap[180]" 0.0031196508500541 5.87466514704076 0.0276934370844853 0.0395279394017088 -11.9312752415476 -3.2705057050773 -0.0240675094443618 3.2723596574691 12.1255377975384
"etap[181]" 0.00533626572542392 5.88038491304443 0.0277204003200052 0.0395957156793166 -12.1187457926209 -3.28922991171895 0.0291056293013417 3.32380768865221 11.8030188017551
"etap[182]" -0.00525576238894496 6.00639578887941 0.0283144212853797 0.0418253265391971 -12.104708997218 -3.24715230487089 0.0169068212309234 3.2944825098232 11.9903604449593
"etap[183]" 0.0437100801375169 5.89283512483328 0.0277790911812259 0.0406913749722881 -11.761012974515 -3.25637947905565 0.0166162849637805 3.30611860987892 12.0012591185502
"etap[184]" -0.0660575352542304 5.85286494373411 0.027590669940556 0.0408855521191791 -12.1433407111449 -3.28628150315721 -0.029079331829357 3.24513889769362 11.5938473506645
"etap[185]" -0.00809043138325736 5.91103820346524 0.0278649013168201 0.03891613603828 -11.9549614034263 -3.30863573755626 -0.0268461928278643 3.30487570158038 12.1487655332277
"etap[186]" 0.0284494988419727 5.90651636684986 0.0278435851745924 0.0419681233198376 -11.9927090891639 -3.26776705234561 0.0617859163407247 3.28072768592991 11.8840102643039
"etap[187]" -0.0426431656243855 5.88834825148818 0.027757939857435 0.0403437698744886 -11.9056781593958 -3.34156545260768 -0.0116902325270144 3.20361716061958 11.8931953424024
"etap[188]" -0.00178434885624193 5.83545486202718 0.0275085980283162 0.0414354255131998 -11.9223244217864 -3.23416756892841 0.0211611600605778 3.25691657165136 11.8462193372793
"etap[189]" 0.0220609436263203 5.96117379903148 0.0281012427808449 0.0393812646117635 -11.9475528659264 -3.25127992778045 0.0355463456398227 3.30726588869835 12.165514103108
"etap[190]" -0.0581670176454425 5.91334855119912 0.0278757924004836 0.0399506710256904 -12.2726267396407 -3.26931820555709 -0.0166960264587737 3.22407872713286 11.7791570967466
"etap[191]" 0.0531284640718782 5.81298930951348 0.0274026943981459 0.0401899119805116 -11.6692044007968 -3.21813108750152 0.024988777147121 3.2711098114979 11.887901089163
"etap[192]" -0.0180190253366115 5.93107643682808 0.0279593624547792 0.0430857434487331 -12.2985769340383 -3.27316059989096 -0.0170103389613744 3.24683243673328 12.0107556370148
"etap[193]" 0.0658564279031006 5.90633846112933 0.0278427465189831 0.0414456882223012 -11.8983015584433 -3.230283790542 0.0637207793223099 3.32702399941005 12.0897388887406
"etap[194]" -0.0366581751044227 5.9075956576096 0.0278486730000263 0.0407986257754851 -11.9541450853025 -3.35683542224192 -0.0667720711617389 3.2562149710169 11.9841127137786
"etap[195]" -0.0185959854245568 5.91037779324904 0.0278617881132052 0.0422318471233743 -11.8922782962529 -3.26860983639394 -0.0336754760306383 3.22365217137359 12.070054787612
"etap[196]" -0.00567450158291257 5.82963649645938 0.0274811699899934 0.0416052161774813 -11.8027081358423 -3.2944505692487 -0.010340880795225 3.26257492452773 11.7380385720685
"etap[197]" -0.00764845902609879 5.86656692183269 0.0276552616847506 0.0414484687947298 -12.0726169721771 -3.24419867318815 -0.00752310237179041 3.29948244325364 11.9132888714686
"etap[198]" -0.0830930843488132 5.91059970268798 0.0278628342043324 0.0411330866594114 -12.2707508101312 -3.36236033026292 -0.0363557138373082 3.23917141668983 11.8199953174561
"etap[199]" 0.0369741542320632 5.97208643591798 0.0281526854444653 0.0425908643753715 -12.1992752179605 -3.27991368125277 0.041280446299168 3.35917930687346 12.2008715774678
"etap[200]" -0.0413300497221018 5.96157562551506 0.0281031370090542 0.0424228076404014 -12.1285884921567 -3.32664736166988 -0.0389008876571904 3.22579683975947 12.1906909503363
"etap[201]" 0.0291061111923409 5.89211671957531 0.0277757045863623 0.0402093884700035 -11.9720862869641 -3.20095791901879 0.0392705907550268 3.29304168872251 11.8165823773473
"etap[202]" 0.0664081670284255 5.9738658771374 0.0281610738108185 0.0454376395331692 -11.8636208087385 -3.25393396406748 0.0164382927495786 3.3529923332037 12.296117179574
"etap[203]" -0.0722618852559922 5.95378525795626 0.0280664128641958 0.0396758813270927 -12.176597934068 -3.37868408574194 -0.0798983155206418 3.23867699073503 11.9776473282472
"etap[204]" 0.0100229849129262 5.89595025179818 0.0277937760305669 0.0411008876132889 -11.9281783114952 -3.26311312726239 0.0160753646190861 3.30290364350472 12.0118439957241
"etap[205]" -0.00829475759558575 6.00705490053393 0.0283175283675162 0.0428308831444843 -12.1328856576913 -3.27353465955679 -0.0202368226407526 3.27158052934262 12.1159484563231
"etap[206]" -0.00859689546653067 5.90420209704295 0.0278326756020994 0.0397692637122168 -11.9782266173132 -3.29486915685265 -0.022132297385117 3.3032879355235 11.8582422471956
"etap[207]" -0.043395479438108 5.92068329957623 0.027910368735922 0.0409199928578689 -12.0541029097759 -3.32933241656255 -0.0254345452493419 3.20103181802878 12.1195710061379
"etap[208]" 0.0169181041459345 5.90297317297409 0.0278268823984816 0.0424488972673726 -12.0793606488837 -3.26045083089544 -0.00324751347418878 3.30640401470673 12.0266299659287
"etap[209]" 0.0383628135740765 5.8909973206879 0.0277704276894013 0.0397669975942044 -11.6652761147296 -3.22151815942761 -0.000213292329443808 3.32056648648856 11.9868356812162
"etap[210]" 0.0118261163937789 5.82271908116958 0.0274485609815954 0.0381804456115327 -11.7641838949106 -3.27157985578657 -0.0249927856332022 3.27641042753889 11.8619749459342
"etap[211]" -0.0578078562773573 5.85733205159083 0.0276117280889413 0.040475659866838 -12.0357259969419 -3.29530112900542 -0.0192452429507463 3.18595466280708 11.7389377426864
"etap[212]" -0.0362995637978908 5.86095312975774 0.0276287980151215 0.0409414387948958 -12.0567285870365 -3.28817153953866 -0.0347913999375489 3.22123150118231 11.8371266822906
"etap[213]" -0.0208614405372288 5.95535872366801 0.0280738302526941 0.0411277608040493 -12.2527118683627 -3.30752067362648 -0.00827062992859925 3.29274664973111 11.8315318758109
"etap[214]" -0.0122097472690609 5.89821717515305 0.0278044624097445 0.0409667423570155 -11.8591990635284 -3.30600961884505 -0.011655715237005 3.25405034466991 11.945801952843
"etap[215]" -0.0343255637582452 5.94220175172004 0.0280118076921321 0.0403799508651376 -12.3341938606755 -3.30626310957697 -0.0262266995564333 3.27679443123245 11.9458267079866
"etap[216]" -0.0818041678278828 5.85749951551203 0.0276125175214365 0.0390817194237013 -12.0109524354997 -3.31422106518744 -0.067919009013503 3.18435220649216 11.7330795683524
"etap[217]" 0.0308627684683367 5.86131891724792 0.0276305223538866 0.0373507399473077 -11.7600933372057 -3.2487689978017 0.017415482823801 3.30246125973012 12.0573267900655
"etap[218]" 0.0260089414340692 5.98432472486932 0.0282103772918495 0.0400719590742258 -12.0646578442852 -3.29934487447132 0.0337068094870785 3.27931124417534 12.1444028923118
"etap[219]" -0.0110506476037228 5.8405403742548 0.0275325713628626 0.040063926645572 -11.947545792826 -3.25397805022429 -0.0253222323932205 3.3126361579328 11.7510894119034
"etap[220]" 0.0000285615293559354 5.95276991615114 0.028061626497025 0.0408861014744053 -12.0621889234878 -3.27270861841401 0.0159338390205613 3.25702064801249 12.0978149931269
"etap[221]" -0.0161715096035793 5.90936266180316 0.0278570027376773 0.0416894528036067 -12.1472528569017 -3.29950531290883 -0.0181976824500604 3.27061163812403 11.8930346443648
"etap[222]" 0.0586072606826163 5.90746744158017 0.0278480685838672 0.0421800577028819 -11.6873308766281 -3.2429749539437 0.038113126507856 3.30581010360302 12.207554027838
"etap[223]" 0.0410185030465989 5.89253618077031 0.0277776819453985 0.0403210670647105 -11.8433348233469 -3.23818113963843 -0.015243432867574 3.31391593163007 12.0930573417584
"etap[224]" -0.0262229265792333 5.90636187571159 0.0278428568963824 0.0397094244597608 -11.9642167399266 -3.30379696817368 -0.0458075974660985 3.27123695560704 12.0261633913106
"etap[225]" 0.00384094491098368 5.81016415504255 0.0273893764922506 0.0405605638735703 -11.7600395956302 -3.26177529279789 0.00452473313217369 3.24713811794086 11.8754383535211
"etap[226]" -0.0029650714787986 5.97236511776483 0.0281539991632901 0.0412758364145642 -12.1082040396448 -3.31870030979487 0.00558502509854764 3.30381766239769 12.0177688999457
"etap[227]" -0.0666957440346554 5.89578892148492 0.0277930155121767 0.0395216307980934 -12.0662032515296 -3.33804259843547 -0.0242456368892508 3.24898953612852 11.6055969612872
"etap[228]" -0.0429206847402263 5.93100764658212 0.0279590381744499 0.0395278266620995 -11.9360844995904 -3.32467354220521 -0.0789979783714045 3.26023103723623 11.898329614339
"etap[229]" 0.0817559685239759 5.9522210588735 0.0280590391590055 0.0416561667417005 -11.9472349702094 -3.19407306328907 0.0381106403508464 3.35352214307684 12.3477748203872
"etap[230]" -0.0913958950143949 5.95908976486873 0.0280914185495868 0.0428052864061095 -12.1696475935311 -3.35931545315484 -0.0456853157159408 3.22881730575276 11.7372158254518
"etap[231]" 0.0137779638621989 5.96059626307236 0.0280985202502244 0.042178364630298 -12.0397045655609 -3.29751454562694 0.00922183176236778 3.32236454577879 12.2877103152218
"etap[232]" -0.026357179820112 6.01232761151351 0.0283423841654422 0.047357024505094 -12.1531576114361 -3.3541435363986 0.00302269041359746 3.28986960212317 11.9246213461107
"etap[233]" -0.0280066949843517 5.92444353471442 0.0279280946543558 0.039176652346836 -11.755194956273 -3.3051173675957 -0.0649992762874026 3.23368416644601 12.0464920704965
"etap[234]" 0.0423824526667177 5.943275773899 0.0280168706812381 0.0469953204735075 -12.1687851268641 -3.22133496130184 0.0539044103659606 3.31109686108168 12.0159049734314
"etap[235]" 0.0018467909459422 5.94440589817192 0.0280221981381512 0.0461056454860203 -11.8379336246832 -3.29390987883563 -0.00358400066723349 3.24505818692568 11.9877972512357
"etap[236]" -0.0658399395255654 5.84922726346414 0.0275735217513115 0.0427202917973138 -11.9892866086162 -3.33981376096888 -0.0227385276773268 3.20170758636747 11.7046956647991
"etap[237]" 0.0493558544497427 5.98938766917164 0.0282342442401757 0.0443469610273859 -11.8306360881776 -3.24122208738237 0.0452987820689249 3.36119143417379 12.1025502795873
"etap[238]" -0.0129102065609656 5.92067503420777 0.0279103297726014 0.0386504525185036 -12.2228235244032 -3.32716806513702 -0.0226108510131751 3.30958191899288 12.0338321062064
"etap[239]" 0.0371372232108498 5.90653604989467 0.0278436779613555 0.0411748542736909 -11.7553703704069 -3.29118974057308 0.0290585700611825 3.30308188569354 12.1536388892892
"etap[240]" -0.034484868597154 5.93627054632164 0.0279838477217467 0.0418823658023118 -12.3222446254035 -3.28223304399815 0.0120730043611854 3.26062249013506 11.8827263500829
"etap[241]" 0.00702006484475706 5.86067034787812 0.0276274649685569 0.0384554733080829 -11.8909086363707 -3.28978392451039 -0.0114890018612455 3.29036054402074 11.7812433979706
"etap[242]" 0.0348281596331404 5.85300131968456 0.0275913128229518 0.0400081634675742 -11.8511810784913 -3.21864128902889 0.0238426167330827 3.25154668094315 11.7437962963396
"etap[243]" -0.0351389865790848 5.98031826680564 0.0281914906674137 0.0493693551669774 -12.1202596359718 -3.28722094350403 -0.00147522414545714 3.31021504629813 11.9081476678365
"etap[244]" 0.0284822665998836 5.88000090148624 0.0277185900721595 0.0438941444348722 -11.8633607171112 -3.26672676118919 0.0332000535056135 3.29705049047561 11.8712625916954
"etap[245]" 0.0516945249628748 5.93951437400083 0.027999139272073 0.0389401884537152 -12.0013199363832 -3.23397775757853 0.0306481272198775 3.35822622527208 12.2633802844991
"etap[246]" 0.0587946850228757 5.95230967391222 0.0280594568943041 0.043164588210631 -11.9017311540029 -3.31072998532315 0.0308564561051937 3.35158468817958 12.1808746093036
"etap[247]" 0.0378256096287266 5.94153440149682 0.0280086617730104 0.0410970626566313 -11.8724865789775 -3.29836660261669 -0.020202009283881 3.3121420422208 12.2040072984896
"etap[248]" -0.0643733499044156 5.8267981196325 0.0274677897533144 0.0423629942032828 -12.0692178624326 -3.34169669019888 -0.0465087067989934 3.24979263313278 11.7722887867753
"etap[249]" 0.0124324862644545 5.86038319303586 0.0276261113076488 0.0407119344723862 -11.7751006952265 -3.28689404975824 -0.00930485760025199 3.33479875503665 11.8073375821493
"etap[250]" 0.0236160122796974 6.04824349145017 0.0285116932471454 0.0440618554120552 -12.0382898680274 -3.29934375557361 0.0217835864050868 3.3225321929738 12.1826922829188
"etap[251]" -0.0212353319197745 5.83043853208353 0.027484950822184 0.038121000056865 -11.8263582859975 -3.28703328174845 0.0231237437087603 3.26384274339761 11.7273299596506
"etap[252]" -0.0104489617388659 5.91772936901255 0.0278964437737037 0.0410944388880746 -11.8747071473745 -3.30573939845931 -0.0254020848621752 3.29749859065112 11.901622222289
"etap[253]" -0.0530078327949205 6.00395937767724 0.0283029359328276 0.0432672123702031 -12.2487355690232 -3.26305345709597 0.00634637066416836 3.24059299972235 11.9788463978515
"etap[254]" 0.0740350951531775 5.95155121910735 0.0280558815040658 0.0442102520993558 -11.8766701644754 -3.24990019249102 0.0307351434732099 3.30648480704309 12.0985361788274
"etap[255]" 0.041129355247157 5.7956396982499 0.0273209075463097 0.0394268103924118 -11.6547677310162 -3.27834519911159 0.0251551222573158 3.29118541410452 11.8382403045762
"etap[256]" 0.00809184507418997 5.90421486765609 0.027832735803347 0.0402882025354366 -12.0577407902137 -3.24781806914376 0.000748651985623639 3.3230563488649 11.9344911433945
"etap[257]" 0.00603512325522896 5.96400942980609 0.0281146100725093 0.0412967369517641 -12.097690690881 -3.30379750342395 -0.00224757973262805 3.29044168483065 12.1693953601593
"etap[258]" -0.0715609316159529 5.91586578753849 0.0278876587663864 0.0403394495059718 -12.4519129866072 -3.26448201109571 -0.0281734417134757 3.2085475320506 11.5633781454958
"etap[259]" -0.0331633300888865 5.95221715143234 0.0280590207391512 0.0411119577570927 -12.029311414911 -3.30539070638854 -0.0263838271539284 3.25237893979145 12.0387338912351
"etap[260]" -0.00872938600455834 5.91563705532475 0.0278865805123903 0.0449934163574981 -11.79119996951 -3.30565420327958 -0.0445210340590429 3.27632947432784 11.9984281420351
"mean.p0" -1.31524833829811 0.292893542938357 0.00138071340251644 0.00879000973994296 -1.91418785097452 -1.50784558102103 -1.3083800114225 -1.11536742025409 -0.762914172159261
"mumup0" 0.658051095655942 0.147177587773179 0.000693801802353953 0.00261084258836461 0.301738611645537 0.579513974806598 0.676200373751004 0.758686098858248 0.89906139569467
"mupsi" 5.56227366303135 1.31380884495973 0.00619335428969262 0.0125229146613615 3.17187932946413 4.64061646009161 5.49208306332249 6.40435247756241 8.3256074246378
"ppo[1]" 0.232524124121834 0.0785882272533418 0.000370468456081783 0.0012897321119656 0.102845485167396 0.1789725631572 0.223324375724218 0.273653810976222 0.420017251260241
"ppo[2]" 0.20843662758507 0.0727250130258301 0.00034282899914963 0.0014835641006029 0.0726703685664539 0.162099853600872 0.204616724704186 0.252376133949514 0.366150356282237
"ppo[3]" 0.234666084079196 0.0800618842358476 0.000377415341718268 0.00134524282898437 0.103633355174792 0.180726882998343 0.224218364509115 0.275771587303845 0.425648629922352
"ppo[4]" 0.233738507018753 0.0796561905846479 0.00037550288350595 0.00129614482996455 0.102262510321603 0.180136465952067 0.224176776515882 0.274883909572314 0.424004378314771
"ppo[5]" 0.233423783383519 0.0792970375595585 0.000373809819909121 0.00133992508222356 0.101747753789553 0.179635832449964 0.224001017479354 0.274751049738899 0.421425078396272
"ppo[6]" 0.260844597197476 0.0925847092731599 0.000436448505074909 0.00188464193454928 0.127187645983257 0.198018879283128 0.244981557954769 0.303756326381903 0.497801233765598
"ppo[7]" 0.207994231218199 0.0723039060124367 0.000340843881651125 0.00147599867871931 0.0719647808371093 0.162032012869192 0.204170604605419 0.252123291154463 0.361034963072385
"ppo[8]" 0.192751183382821 0.0801916898397256 0.000378027251203189 0.00179558330410076 0.0444233827860614 0.142491308311983 0.191373597868858 0.239566355102002 0.357070083094304
"ppo[9]" 0.261100471881754 0.0906992128502822 0.000427560189698111 0.00173732101589632 0.130042637246112 0.198929023198171 0.245398468213085 0.302892067222628 0.493378498783047
"ppo[10]" 0.261102771860616 0.0929570600278959 0.000438203783365934 0.00186067679879302 0.128215415460584 0.198612859904969 0.245052361350305 0.302565385194713 0.502780753011995
"ppo[11]" 0.192205163340465 0.0787493505935347 0.000371227998791502 0.0020248730379992 0.0443222964987857 0.141861092570685 0.191315602131939 0.24015184835027 0.353356333833437
"ppo[12]" 0.208286618274941 0.0730458302040766 0.000344341345831358 0.00149038813853072 0.0721166824254313 0.161633965064447 0.204509683031471 0.252124157134777 0.366253687985376
"ppo[13]" 0.208530196200254 0.0730571982617468 0.000344394935369141 0.0013558783024036 0.0729317281027562 0.162129906988457 0.204568270094511 0.251897018814377 0.366731022372699
"ppo[14]" 0.233894934206284 0.0791333424049877 0.000373038153550159 0.00127606914533843 0.102342085426113 0.180728689111259 0.223852139109834 0.274981934153041 0.422705940901347
"ppo[15]" 0.208995788801153 0.0738480553415839 0.000348123071396489 0.00151165019827963 0.0723536195780465 0.16207330255063 0.2048296063545 0.25301019993292 0.368585219766547
"ppo[16]" 0.192807813172047 0.0803622993710937 0.000378831512246958 0.00184199237336628 0.0451163898161524 0.142097314210102 0.191019354378668 0.240476932831229 0.355843961219984
"psi0" 0.992016449930931 0.0114212059645448 0.000053840081245719 0.000106080201249931 0.959762224552217 0.990440519751796 0.995897644070716 0.998348391223693 0.999757824920216
"sdeps" 0.414916651818539 0.323819448751655 0.0015264995206159 0.0124446666987608 0.00915944817698895 0.17250271379378 0.351892341312264 0.580973816117451 1.2100136690601
