"Mean" "SD" "Naive SE" "Time-series SE" "2.5%" "25%" "50%" "75%" "97.5%"
"N" 46.5378222222222 0.808156746279999 0.00380968743704162 0.0112570729349841 46 46 46 47 49
"betapsi[1]" 0.0223881559278532 2.91287171829345 0.0137314089648787 0.0228145589389682 -6.21495403478903 -1.34946905699946 0.00280157243516553 1.34855412872831 6.45962879483934
"betapsi[2]" 0.0229546826533411 2.87102413688949 0.0135341375742987 0.0211556590853978 -6.18231979216729 -1.32297482397822 0.00968993029034586 1.36747016353092 6.28258462166271
"betapsi[3]" 0.0434736520189882 2.86378571728916 0.013500015337069 0.0216728090627137 -6.12372889378648 -1.28818419187163 0.00483985828082805 1.38805541014123 6.17591709719477
"betapsi[4]" 0.0250485782596305 2.85982990446067 0.0134813674565614 0.0209726108164598 -6.10958774635639 -1.33316429720052 0.000821105448567415 1.35144533748425 6.27239156104411
"betapsi[5]" -0.0323607688530619 2.88083497434501 0.0135803863055915 0.0215161108565462 -6.27543449866394 -1.36976237636362 -0.00639679063256121 1.31200520474759 6.27313972730503
"betapsi[6]" 0.0119144036813305 2.8719772875857 0.0135386307697706 0.0226732296462411 -6.24620412771071 -1.30634083894323 0.00287681309662618 1.34009385334962 6.27064130175397
"betapsi[7]" 0.0409750542668216 2.87615142665154 0.0135583078500311 0.0211637012486995 -6.13377614195216 -1.29365549826456 0.00420721845514356 1.35056514502427 6.36072593439084
"betapsi[8]" 0.00420817141926166 2.84896614744029 0.0134301552148396 0.0209047669470647 -6.2359935575485 -1.31779559246779 -0.00362054715112026 1.32025653515274 6.1986749386195
"betapsi[9]" 0.0253725082980334 2.90491401810582 0.0136938960064433 0.0229068282308823 -6.22732971510893 -1.33466345871811 0.0024764725215406 1.35390568579219 6.40472699447651
"betapsi[10]" 0.0129628013542699 2.86848270713013 0.0135221571595204 0.0207592675519876 -6.17456582304165 -1.34732930064987 -0.000128474403766651 1.34403822089295 6.27171567476177
"betapsi[11]" 0.0225586692441856 2.89567899153568 0.0136503616736953 0.0213428719749856 -6.28731092011078 -1.32927325474147 0.00132387598767722 1.35479648887787 6.33965593124564
"betapsi[12]" -0.00585174115549033 2.87083356121106 0.0135332391919351 0.0219027732881475 -6.24073169317865 -1.33643204389873 -0.00355618831515545 1.31042184457235 6.27436727068233
"betapsi[13]" -0.0123913321734206 2.86256446670457 0.013494258306603 0.020936212374298 -6.26046508306034 -1.33117413465007 -0.00546480033488528 1.32639120997533 6.24629277393724
"betapsi[14]" 0.014725245651267 2.89799279896456 0.0136612690665175 0.0212185408414431 -6.16950358268191 -1.33381555117208 0.0000473035763448142 1.34185430597791 6.40264543575118
"betapsi[15]" 0.00158263905236463 2.83269946051094 0.0133534733172718 0.0214477912053294 -6.10621638453983 -1.3410825059453 -0.00434900315961859 1.32714509642325 6.15755880809892
"betapsi[16]" 0.0100129601282702 2.88037081477396 0.0135781982363899 0.0215695758902888 -6.2020357512832 -1.33406535630483 -0.00376994039372843 1.35289923261205 6.28493043863966
"etap[1]" -0.08911366888492 4.81102154862072 0.0226793730764288 0.0742596613680233 -9.63433825071068 -2.48908174508347 -0.0769254501547372 2.36665942926291 9.49690185215755
"etap[2]" 0.296988910744138 8.24249665035114 0.0388555018358046 0.566773664246548 -14.906566771059 -4.38493250233393 0.260069892441252 4.52379845260669 16.8216830292388
"etap[3]" -0.198798479072936 6.34128495014525 0.029893103931226 0.37094807497829 -12.9046848623513 -3.60433008596192 -0.195887291165926 3.45579213367879 12.0389243445783
"etap[4]" -0.0210303964619444 4.83066685249958 0.0227719819270369 0.0815096486579388 -9.69395785173919 -2.42471393255294 -0.00557372365757205 2.41661490413241 9.50316030052018
"etap[5]" 0.271347280984578 8.02292180595116 0.0378204160927833 0.571892758370907 -14.8002114577193 -4.35426528925569 0.205457990895925 4.44200871719873 16.7781556618297
"etap[6]" 0.0860471463634945 5.23420189123676 0.0246742643426198 0.111920663727728 -10.2128682904285 -2.52455069179968 0.0381079678516563 2.59715663473072 10.7937912124763
"etap[7]" -0.0985887587580262 4.93484565008125 0.0232630854885426 0.0804695488978027 -9.87784129491146 -2.47585779860675 -0.0535721259003813 2.39155850824565 9.54892371942857
"etap[8]" -0.240385307405585 6.51649882591042 0.0307190700626362 0.452448819650516 -13.3816216692148 -3.56202505626257 -0.216593414924071 3.39752361587559 12.0748069776093
"etap[9]" 0.24481896556038 8.1040026087422 0.0382026346626339 0.593926926552815 -14.9251861622081 -4.4357580521109 0.183642642393771 4.43224327610554 16.5311576503681
"etap[10]" 0.275361905521145 8.26481883779553 0.0389607296365569 0.650348710978032 -15.277299998916 -4.37827159490962 0.223781163116996 4.44895735769527 16.9296198834508
"etap[11]" -0.351869355785288 8.84760725362718 0.0417080205754338 0.911931218505698 -18.0189948332676 -5.59090088366017 -0.621011885648715 5.5056224459744 15.9088013153358
"etap[12]" 0.103505777718304 5.41703609010646 0.0255361530216436 0.131809865750889 -10.54690187316 -2.55062834533558 0.039660776996358 2.61352799613087 10.7765812432724
"etap[13]" -0.134491862743277 6.44449681801205 0.030379649342343 0.397643166556246 -12.9719735807007 -3.49162613907824 -0.156541029900625 3.51124405275127 12.116027712291
"etap[14]" -0.215613610649582 6.55816869297176 0.030915503699771 0.373112811833818 -13.1908233682156 -3.51007090918957 -0.185530939049576 3.45608540043849 11.9455612044344
"etap[15]" -0.0540828170130081 5.10103910247929 0.0240465289364056 0.0964994934614892 -9.50155384299377 -2.40931470126286 -0.042304742812787 2.39922954566472 9.56828314250513
"etap[16]" 0.120833509437728 4.97359094736 0.0234457325715086 0.0939209814548957 -9.30952131980531 -2.3393521229092 -0.00428460119909786 2.48509233505376 9.80773135342299
"etap[17]" -0.169319432080746 6.43152857723413 0.0303185164690488 0.373866109908344 -13.1844913713618 -3.51606633128014 -0.159914544190999 3.43298136593812 12.4264154322855
"etap[18]" -0.0264525648202796 4.81392518482065 0.0226930609487426 0.0742645983308938 -9.46685741427766 -2.48519064883709 -0.0377812375739987 2.40301502303271 9.57865807297602
"etap[19]" 0.103925787407686 5.58006107762536 0.0263046601828267 0.13780049055935 -10.5406475847964 -2.59078430158764 0.0204871193793946 2.6364144783931 10.8323452795587
"etap[20]" 0.214227752143079 8.34364965751175 0.0393323416844758 0.563461065406861 -15.2831388220155 -4.42337224144845 0.172245195201443 4.39447072827453 17.0178679611633
"etap[21]" -0.0296469770322598 5.0655965972866 0.0238794513646457 0.0840298798959876 -9.77285876984234 -2.39874103364824 -0.0120581440693724 2.43634097304355 9.6726312035759
"etap[22]" -0.0404530847755117 4.96074231795397 0.0233851635516288 0.0803573595063719 -9.9113929432872 -2.42882510927681 -0.0314986199718587 2.40026463188021 9.67621237413383
"etap[23]" -0.0514798336379081 4.82792864024337 0.0227590738706723 0.077275528317767 -9.81729148300626 -2.45123052816212 -0.0241947077029853 2.42505567681992 9.43788174619179
"etap[24]" 0.165668587770992 8.03042258798895 0.0378557751184041 0.617092027988406 -15.3344865692265 -4.42250290955807 0.227268620698875 4.45965382728952 16.417719904807
"etap[25]" -0.341275566387134 8.95120730265178 0.0421963958900775 0.82997441455093 -18.2827138079027 -5.5221571175819 -0.5731993047435 5.51706692911011 15.8502279406472
"etap[26]" -0.180204013317076 6.44376003067096 0.0303761760935085 0.416914301269448 -13.3379285775544 -3.54959895277737 -0.145582754953702 3.49525073932102 12.0700808502272
"etap[27]" 0.137382093492242 5.33185220063922 0.0251345923157094 0.123676246871105 -10.2926035137851 -2.53673614976794 0.0380121345062631 2.66563385228759 10.9649324772403
"etap[28]" -0.155489519738446 6.54607460898047 0.0308584916410878 0.419237337666736 -13.4408883496302 -3.52764342995629 -0.15027058322659 3.51057858415945 12.3723195061583
"etap[29]" -0.16436629774421 6.28772775466036 0.0296406328905013 0.381821811740173 -12.724688295085 -3.51812532191338 -0.180577597339094 3.39569581703856 11.9411041522143
"etap[30]" -0.252641585326093 8.96091895618778 0.0422421770638897 0.935708985911534 -18.2453167789355 -5.44365838922573 -0.487820003382725 5.54651542014174 16.2540695538323
"etap[31]" 0.300577543682855 8.1189857695338 0.0382732659599628 0.634886529126365 -14.7768210282564 -4.3410773824183 0.220292191040318 4.48806630432976 16.6411072093966
"etap[32]" -0.260138763793094 9.04616413227225 0.0426440266777082 0.870554674797562 -18.3955984939896 -5.47020207969485 -0.55729440161223 5.55599950924563 16.3496995067017
"etap[33]" 0.115043820941335 5.35313836433323 0.025234936253666 0.130826088519219 -10.3947235608857 -2.53847645200337 0.0551127298094537 2.68558170362336 10.5543762177677
"etap[34]" -0.152921365435287 6.39941015374147 0.0301671087686976 0.366425480695468 -12.9757432012784 -3.49444620455358 -0.192409066266443 3.46355436330684 11.9021200825369
"etap[35]" 0.16268523982962 8.10776648025334 0.0382203777230942 0.614028274720624 -15.3550532007989 -4.49147085356975 0.194953007229717 4.4237778334448 16.653257278767
"etap[36]" 0.221116761951653 8.26300066040658 0.0389521586661494 0.608521264983782 -15.4192049966696 -4.3535345032119 0.214024760303634 4.40164970701285 16.7895377792655
"etap[37]" 0.0710154191600414 5.30594856741569 0.0250124814176446 0.120508334371908 -10.7111313626531 -2.53938525535673 0.104796774474885 2.64214026033946 10.6147494353803
"etap[38]" 0.162096596405562 8.19003556931509 0.0386081979281449 0.595028144676441 -15.4526845614323 -4.49202148178366 0.180428374973042 4.40377098800907 16.8082990251535
"etap[39]" 0.196466979396074 8.01773286084688 0.0377959551709803 0.604579246235459 -15.2295403032801 -4.392049821613 0.189079567527464 4.45943864090843 16.5597797862176
"etap[40]" -0.00503782344652361 5.36087687185553 0.0252714159279678 0.125760721831681 -10.832267551457 -2.6348624931819 -0.00117884228916634 2.59640724363133 10.6399879053482
"etap[41]" 0.0469495462960048 5.35043302557042 0.0252221831644353 0.127559919475869 -10.7863422534894 -2.5243301257695 0.0461050600823197 2.56921023955393 11.0084548180586
"etap[42]" 0.292471483186232 8.06768750262223 0.0380314436106543 0.589098058295246 -14.7028902899271 -4.35008036370458 0.206400669141084 4.42108912744089 16.8328616155604
"etap[43]" 0.251163274423263 8.16324526996368 0.0384819072458688 0.603094768458367 -15.1456469955755 -4.51086731049267 0.244284756075986 4.47700248064513 16.9049882145145
"etap[44]" -0.127324222188473 6.31514850263445 0.0297698955360859 0.358268396549903 -12.8377347750778 -3.51962911869257 -0.208168521693636 3.494061877859 12.1878077985713
"etap[45]" 0.127484678168836 5.22454083537565 0.0246287216885343 0.128885671811789 -10.1392186174168 -2.52271007915592 0.0510128899924684 2.63735044926739 10.8577615961249
"etap[46]" -0.076141931067154 5.1612013139205 0.0243301363209474 0.105241633836362 -9.87916449384696 -2.44453743108143 -0.00653965075719565 2.45122874946105 9.59517600136711
"etap[47]" -0.18336695895799 9.15565903144731 0.043160190582455 0.283992424795389 -18.2567959534662 -5.13422884855545 -0.115063395862456 5.03370954441581 17.5534071748123
"etap[48]" 0.0188849800604358 7.73122665016434 0.0364453519414757 0.102483351215598 -14.7798972234611 -3.90713195593448 -0.0535985319136496 3.90265182725569 15.1352507794888
"etap[49]" -0.0744961424480382 6.78304284174413 0.0319755706031743 0.0618938330235484 -13.871651183707 -3.54864550999968 -0.0284164520380315 3.49693882048466 13.463690933195
"etap[50]" 0.00806278131448767 6.82456887035649 0.0321713261793579 0.0567417616257058 -13.9140738472389 -3.40293464121038 0.00811432316170371 3.45942087207618 13.6525043551312
"etap[51]" -0.0581295635674789 6.81427114911943 0.032122782255908 0.0545281643580935 -13.6410416161525 -3.46368096093558 -0.0223594931064842 3.39874823891543 13.3604300643674
"etap[52]" 0.12803738283573 6.82915251537251 0.0321929336891805 0.0670641849200669 -13.0872849759366 -3.36093662554735 0.0689256852630634 3.47978061973075 13.5547940665126
"etap[53]" 0.0106679270614355 6.91908470324692 0.0326168780884667 0.0602005199554483 -13.5217765969045 -3.37139543834488 0.0183736280982815 3.47785989825245 13.7607722068147
"etap[54]" -0.0126134256758876 6.91731778786382 0.0326085487694722 0.0542284727715979 -13.4855555292708 -3.47661085772781 0.00393333117133171 3.4431483084976 13.6709363319395
"etap[55]" 0.0151165275808637 6.9371668743929 0.0327021182607061 0.0530675085110967 -13.5713956788274 -3.42873019716417 0.0194127779352074 3.444454941488 13.7474903439962
"etap[56]" 0.0895118598175427 6.98117160193418 0.0329095585356974 0.0816987812979793 -13.6634000261795 -3.36787309441072 0.0627619105726243 3.45121955001996 13.7997648439413
"etap[57]" 0.0515834733027091 6.85151556708872 0.0322983541259575 0.0544307772132865 -13.2299036540045 -3.40532362038398 0.00455548142373019 3.49144262816728 13.7482985591845
"etap[58]" -0.0411318658072678 6.88456545906972 0.0324541528108725 0.0546225142705009 -13.8464387924758 -3.44956888558596 0.00389108639104682 3.42457466550212 13.4824247435765
"etap[59]" 0.0814530047053423 6.90490588355258 0.0325500384914328 0.0607086838971682 -13.2323101536984 -3.3453799820685 0.0752319712656914 3.472623693477 13.6077862662887
"etap[60]" -0.0755252069363251 6.77264664654209 0.0319265624690016 0.0721290349002787 -13.5003846148044 -3.43727174938091 0.0187164079066507 3.40935473743444 12.9514087344307
"etap[61]" -0.0186778831997682 6.88526023648468 0.0324574280230161 0.0658646534108057 -13.5146178103619 -3.42807902394478 0.0118691983848486 3.4560457727481 13.3695265713071
"etap[62]" -0.0135860613057362 6.80320362886961 0.0320706094651109 0.0612326660851895 -13.5034194021897 -3.46042980844246 -0.0180248610471846 3.4654421223598 13.5697119241359
"etap[63]" 0.00842719282209722 6.79682650016342 0.0320405473920932 0.0628671515603108 -13.5458138821059 -3.42677783736151 -0.0141736764872557 3.44257350998774 13.5556932615303
"etap[64]" 0.00461113452712051 6.87389685722381 0.0324038605394657 0.0714844857345452 -13.4310653056883 -3.38441758500306 0.00951673927252597 3.44066612924437 13.2867668633573
"etap[65]" -0.0408307862030316 6.82715347140864 0.0321835101055622 0.0588490454434777 -13.5534646059956 -3.45935691875224 -0.0354878303832374 3.42983283680102 13.3703994844022
"etap[66]" 0.143455387262993 6.71967439283153 0.0316768488702451 0.0735533834635002 -13.0547770536348 -3.39127463279629 0.0489754733012294 3.51527867303211 14.1147120450833
"etap[67]" 0.0130732916817343 6.89668565167753 0.0325112879467543 0.0579998596800231 -13.5523112891329 -3.45632450378725 -0.0167902864484789 3.47563084628078 13.9278272690365
"etap[68]" -0.0447226990994515 6.95509736331788 0.0327866433960984 0.0671249657068163 -13.5411099383681 -3.48665173597978 -0.0254021142564732 3.44917664579101 13.7437523040821
"etap[69]" -0.0919787051023667 6.81807796292626 0.0321407277482915 0.0572555723535225 -13.5368547915818 -3.49071689378427 -0.0926582436514015 3.37737846055848 13.2932764024228
"etap[70]" -0.0234523301394083 6.81781855040521 0.0321395048659398 0.0643969670032625 -13.6117698928334 -3.47406259486753 -0.0259952572262528 3.40864458155583 13.4726212672845
"etap[71]" 0.0136486497246105 6.89455714541921 0.0325012540720273 0.0653012809378777 -13.6100067438383 -3.42227237506127 0.0166193670287993 3.44868597493444 13.4761549184192
"etap[72]" 0.000809576866532565 6.96014604492956 0.0328104431094561 0.0669535008876017 -13.3743604324027 -3.4372339103514 0.014272014162989 3.49470146052061 13.3751964170749
"etap[73]" 0.0405288457040065 6.91058491190571 0.0325768096878264 0.0552907149365679 -13.5314463926734 -3.44143684816382 0.00162836111219993 3.48155698693111 13.9206877341259
"etap[74]" -0.0339686569189481 7.00796468314722 0.0330358623317949 0.0729475955636705 -13.4302710457998 -3.48339646239351 -0.0285943554458281 3.41319371778101 13.459705682578
"etap[75]" 0.0332508133099526 6.75037453960875 0.0318215707500425 0.0583480263120161 -13.2926064811535 -3.44546370254737 0.00930105926166816 3.43821719892704 13.5709351880034
"etap[76]" 0.0322372184761739 6.96830316076827 0.032848896122286 0.0567315360939374 -13.6006921572019 -3.40619768360806 0.0340482437491043 3.41480256211144 13.6693235164863
"etap[77]" 0.107540069867124 6.71176731214374 0.0316395745344203 0.0617903272917725 -13.1542796012825 -3.37553232841929 0.0523043302933108 3.52477877023366 13.6301498537994
"etap[78]" 0.0333871825349574 6.87412513784488 0.0324049366646335 0.0585350891827547 -13.7343013111214 -3.41526679501839 0.0112934374788273 3.43992505819551 13.6688428074566
"etap[79]" 0.0963395240784714 6.72200622963904 0.0316878412543732 0.0552372632891131 -13.1948512357425 -3.37686421696467 0.0338607181907354 3.52401983041551 13.49429846237
"etap[80]" -0.0689896434256714 6.81346826861301 0.0321189974409041 0.0507276055731369 -13.7269847585214 -3.54424393089157 -0.089969727011188 3.338705646748 13.3714416838372
"etap[81]" -0.0732216682892907 6.84546139809534 0.0322698144996264 0.0521161219036411 -13.803179669322 -3.4836184358647 -0.0295988256961651 3.39056686466741 13.557385278343
"etap[82]" -0.061490110263879 6.85331452230714 0.0323068344821842 0.0601916044251392 -13.5338848166728 -3.47656640236271 -0.0508231343391825 3.38609723961815 13.3797525519666
"etap[83]" -0.0542676540719225 6.91127734411748 0.0325800738445761 0.0514939520134612 -13.3577251957204 -3.49979896464615 -0.0213376571044698 3.39939660704841 13.4157013573859
"etap[84]" 0.0639646309348757 6.77257496974454 0.0319262245813376 0.0585704850622226 -13.3953748619745 -3.41078995737217 0.0521420012843925 3.46606221137394 13.6786323760392
"etap[85]" 0.0120230846682334 6.72750091712651 0.0317137434595925 0.045353934555166 -13.447804511954 -3.4407144372531 0.0365463570570941 3.44681006416259 13.4077335523317
"etap[86]" 0.0481092508627169 7.07452346443233 0.0333496234357563 0.0726803516638829 -13.4498849970228 -3.41404488959219 0.0175963567654851 3.46271286051403 13.6129858598153
"etap[87]" 0.0290592382001704 6.81000882949447 0.0321026894885053 0.0567473899011174 -13.3921707156044 -3.41764415065657 0.0244299275455064 3.44253145311058 13.6242664868436
"etap[88]" 0.0449352376575768 6.87883110381056 0.0324271208009426 0.0616244938535056 -13.405698044337 -3.42604903722139 0.047559848266347 3.49663964036314 13.5256126776327
"etap[89]" 0.0665995041099434 6.77848718552612 0.0319540950338109 0.0509665270069244 -13.3485488000544 -3.42597727185571 0.0239019838397618 3.46706733049856 13.7078803058284
"etap[90]" 0.0137805112137077 6.86306308532188 0.0323527896489478 0.0584036157025642 -13.3926140142138 -3.49187665885619 -0.0177129388549929 3.4666384787381 13.7411203017103
"etap[91]" -0.0464726456385731 6.83896714788688 0.0322392003105522 0.0565675087911745 -13.5496156837854 -3.448628695113 -0.00841003044238119 3.37724980019622 13.316883373467
"etap[92]" -0.018271190807845 6.85016980030652 0.0322920101205069 0.0559683151422682 -13.4214875436491 -3.45284355080818 -0.0328314944070379 3.42211419250031 13.6152277400026
"etap[93]" -0.0536063460696262 6.95440748180208 0.0327833912634447 0.0708927353512093 -13.7071074949164 -3.50468718654492 -0.0447745768080676 3.38663475158853 13.4423356041604
"etap[94]" 0.111399371781013 6.78007614704466 0.0319615854702429 0.0628758295051302 -13.0052027626519 -3.34657120416826 0.0324901214496754 3.45159176913497 13.4919879014999
"etap[95]" -0.0479945638543707 7.00360564116837 0.0330153136108434 0.0751559099320663 -13.776696079483 -3.46021042047027 0.0150960582364581 3.46842021464584 13.3497647363025
"etap[96]" -0.0451248240098308 6.8543571515495 0.0323117494835677 0.0727324737102157 -13.4973485951594 -3.41678028954865 0.030996177710285 3.39978078506478 13.2201905129224
"etap[97]" -0.0126935474639511 6.80471409702803 0.0320777298802948 0.0550290454367814 -13.2545499355235 -3.48798783626798 -0.0521381288273634 3.42431252472791 13.5616902904932
"etap[98]" -0.0072319344533957 6.77257277341358 0.0319262142277341 0.0493666002837967 -13.4710037940058 -3.44987037257077 -0.020995555008019 3.41777574179359 13.4355229195917
"etap[99]" 0.0639412681763058 6.92355071188936 0.0326379310551061 0.0713142485987196 -13.2032122115586 -3.39374882018877 0.0353168302532338 3.44524157439557 13.6754160701308
"etap[100]" -0.153197172488574 6.8754098063424 0.032410992650008 0.0637770651001358 -14.0960669564017 -3.5034973059816 -0.0740148645312104 3.36845687789043 13.1291911127563
"etap[101]" 0.0316049832213909 6.81574266641673 0.0321297190549717 0.0574203561544749 -13.3412964606171 -3.46536982703309 -0.00857273432946061 3.47394357253119 13.6381109990738
"etap[102]" 0.00343446161585303 6.80155593039849 0.032062842140029 0.0601134284039615 -13.5818558135203 -3.42398067283699 0.00943609764625609 3.41540096013523 13.4422567572609
"etap[103]" -0.0533955344829334 6.80399706345868 0.0320743497516333 0.0594160147906581 -13.7147532916956 -3.4945992300206 -0.033085627592913 3.42940805627649 13.4349252807612
"etap[104]" 0.00259840245359518 6.72369694443405 0.0316958113603505 0.0528973065995284 -13.5508693567051 -3.43234325666064 -0.00531195457207803 3.45774800308274 13.2588410370876
"etap[105]" 0.0137613856612344 7.02405174612281 0.0331116974739243 0.0568805927289298 -13.321284771825 -3.48765132676325 -0.0389538179570185 3.43327881313145 13.6172067132216
"etap[106]" -0.172375652061319 6.90363018624067 0.0325440247966328 0.0565634215916419 -14.0998629476814 -3.57021263802668 -0.0789079076949273 3.35896662428855 12.9514917432723
"etap[107]" -0.115054146766023 6.90398547476101 0.0325456996427796 0.0671406022492664 -13.9329206582396 -3.44525238893972 0.00571520954837571 3.40162985062704 13.1927373716969
"etap[108]" 0.094789956388038 6.69920489600239 0.0315803547368094 0.0577681303629727 -13.097881537502 -3.39812275864471 0.0439981727675077 3.47628136267401 13.589543104716
"etap[109]" 0.0990283443269549 6.87250605020994 0.0323973042123268 0.07018951519987 -13.352964117121 -3.40462273243622 0.0216903207461264 3.52207924407649 13.7319395488247
"etap[110]" 0.0613438560342042 6.83274943267103 0.0322098897199348 0.0480165454876366 -13.5041037673458 -3.4047032436305 0.0354013544751445 3.54344826648152 13.6942330679819
"etap[111]" 0.0673561660052993 6.75680162359012 0.0318518683144857 0.0594859686894048 -13.2097362020058 -3.42111288680148 0.0513158947336318 3.49650120372906 13.6142380945084
"etap[112]" -0.0236166889386836 6.6948636312228 0.0315598898183789 0.0544424889375454 -13.1791927889596 -3.4978943432675 -0.0139185636804145 3.41587769337193 13.2439038760808
"etap[113]" -0.178639992314937 6.71704808096299 0.0316644683173668 0.0632506127949787 -14.0532174555709 -3.4955477426615 -0.0891393018128232 3.31192012675953 12.9413901169195
"etap[114]" -0.0180559599647356 6.93762071413276 0.0327042576817569 0.054210338202711 -13.4560290539858 -3.48550398703417 -0.0450183434031307 3.38314563706524 13.5921599991903
"etap[115]" 0.0155848959915902 7.04885118222012 0.0332286031368177 0.0649904915920425 -13.6276165506912 -3.44401087143254 0.0294024445877952 3.50984320253161 13.7019834897571
"etap[116]" 0.0292029045052613 6.85157814872226 0.0322986491386072 0.0584944063389308 -13.7778634087815 -3.39234488977133 0.0214548395204369 3.47814491146628 13.7533966577936
"etap[117]" -0.0466644632053664 6.89942755675348 0.0325242134112381 0.0563486488418187 -13.5336701546477 -3.40136499681227 -0.0025712709103432 3.45358680796404 13.4242300500425
"etap[118]" -0.0135627075100418 6.82083650637 0.0321537316467932 0.0538044622716306 -13.6979533054414 -3.42398158921352 -0.0196009401514087 3.45893845524875 13.5473259174276
"etap[119]" -0.0633095476237628 6.95264900715576 0.032775101734465 0.072073543339142 -13.8865910068797 -3.49950679075954 -0.00157405462438916 3.42468559960901 13.4193481287919
"etap[120]" -0.0448338970952602 6.78454456549472 0.0319826497968244 0.0622968262200482 -13.5719957591944 -3.48758841054818 -0.0112020380697312 3.43422740942174 13.5014056217724
"etap[121]" -0.169697579165017 6.89943812381388 0.0325242632248386 0.0616618000647482 -14.1838220476152 -3.52196852343866 -0.0545028402511835 3.39014598813799 12.9595570948726
"etap[122]" 0.0218533423906903 6.71603397790337 0.0316596877896983 0.0521417082750824 -13.36350869192 -3.44275217364681 -0.00595492285978931 3.45517705301456 13.7265853693663
"etap[123]" 0.0583575262575984 6.87157110229869 0.0323928968256061 0.0607199412312266 -13.3055499473794 -3.46178213070324 0.0323475549543439 3.53540038376212 13.5985484258081
"etap[124]" -0.0414780344985883 6.74961962961717 0.0318180120702142 0.072244498326903 -13.6729985075387 -3.43755211647653 -0.00959939497501336 3.42568632421225 13.3216341376514
"etap[125]" -0.0644629059938974 6.7235038367695 0.0316949010420899 0.0554787024425312 -13.7554978514561 -3.44957792612771 0.00543073701388726 3.37088717562869 13.2565762534861
"etap[126]" -0.0211816620619943 6.90636528931844 0.0325569181961897 0.0634483163104194 -13.7968190714063 -3.4031752255443 -0.0141085307768369 3.44241188449961 13.4831192297659
"etap[127]" 0.0218653124088982 6.88536389895246 0.0324579166925755 0.0642392593289123 -13.1468270668106 -3.47000589609512 0.025994954325677 3.48687119189119 13.5156811370329
"etap[128]" -0.0463680304463029 6.88319502850133 0.0324476925392188 0.0533667029982261 -13.8755345355101 -3.49938809212213 -0.0286127720834823 3.45098097814531 13.3826363617779
"etap[129]" -0.0189145776003017 6.85234715243911 0.0323022742568935 0.0491208307115775 -13.6566459280372 -3.42646744612205 0.0172763416537556 3.46631270088998 13.1075333920857
"etap[130]" -0.0120779367650943 7.04625202549942 0.0332163505945339 0.0534219952600502 -13.8911001806741 -3.50255315046317 -0.00400438246833123 3.46374452833574 13.9315946885688
"etap[131]" 0.0822817638549796 6.89390948670169 0.0324982009795536 0.0554190342403951 -13.3195172497866 -3.41170322490888 0.03826058047797 3.50383382749088 13.6505146331253
"etap[132]" 0.028279627078682 6.95525583325156 0.0327873904305298 0.068503859504837 -13.5115450770358 -3.41598733370824 0.0457921349980766 3.50835834679687 13.6679175280119
"etap[133]" -0.0110886776944965 6.8615409609793 0.0323456142859848 0.0567823530244725 -13.4328805862984 -3.52031151518995 -0.0325318374631493 3.3988294218047 13.6300447685192
"etap[134]" 0.129698383173485 6.84216730645154 0.0322542860026985 0.0584796811951496 -13.2217908045197 -3.38682594096883 0.0660453878125003 3.45034334327936 14.1643568932641
"etap[135]" -0.0150261804443389 6.98423193033914 0.0329239850621495 0.0555894227347756 -13.581515821634 -3.43529102862413 0.0216555139811304 3.46344463333164 13.6563561943855
"etap[136]" 0.0238607101433882 6.85028669447858 0.0322925611649185 0.0539864829410354 -13.5082251531858 -3.38325085931653 0.0381204748330966 3.49479129051322 13.5794226568486
"etap[137]" -0.01535071835191 6.83821165744587 0.0322356388944592 0.0459489636996175 -13.422568451083 -3.4795852312242 -0.00870463775331039 3.45810145965876 13.5673939759373
"etap[138]" -0.0749710176728318 6.84755901553104 0.0322797027630472 0.070347570579282 -13.9672360281242 -3.43826560019275 0.00462973390029346 3.40140667158603 13.2262646510132
"etap[139]" -0.131716663085942 6.77555384790187 0.0319402671476401 0.0562755089918525 -13.8497031193149 -3.50592354801051 -0.0645747964869041 3.34177642013279 13.4297113586893
"etap[140]" -0.145857426826983 7.12313642847183 0.0335787871459291 0.0760974495866862 -14.2229510016348 -3.51912506942672 -0.0589216761929915 3.37828786838552 13.3553160409827
"etap[141]" -0.0486791656121557 6.80788227396078 0.0320926648095824 0.0638426853250068 -13.5550077913938 -3.50720162300342 -0.0582281136107076 3.44055766347496 13.2575026480532
"etap[142]" -0.0661939761071071 6.76416757707894 0.0318865917522313 0.0539097792104584 -13.6652004359107 -3.43259621526523 0.00162798998420996 3.42294162924311 13.1849569172766
"etap[143]" 0.0397657112144844 6.73473606786347 0.0317478502872526 0.0499081460030698 -13.6997517371303 -3.43198276821629 0.0526166433669391 3.48609799667186 13.6009277967647
"etap[144]" -0.0430299321557882 6.95915493973892 0.0328057709947817 0.0907709215144412 -13.619864643438 -3.46648547046019 -0.0193579390108622 3.41104834067025 13.2519185561715
"etap[145]" 0.038695057357452 6.91070604234149 0.0325773807021768 0.0622894657296125 -13.653127797998 -3.38878956331914 0.0325888062918896 3.4129215742752 13.5443113582928
"etap[146]" 0.0170206183723739 6.89133183206992 0.032486049799089 0.0578653652728818 -13.5947229249114 -3.47330943832333 0.0199266335280336 3.46360792067659 13.5223761615159
"etap[147]" 0.0792154511769713 6.86569936665538 0.0323652171983347 0.0579570690934632 -13.6346691815263 -3.33683219846016 0.0641060000323578 3.52025394465984 13.9534878101347
"etap[148]" -0.0890330112689235 6.94677665581381 0.0327474192047623 0.0793116222003489 -13.6184682149024 -3.53931383266393 -0.0351758014112861 3.42487541358469 13.428846936289
"etap[149]" 0.0106912709778502 6.73004074778032 0.031725716336115 0.0542760842267607 -13.3137290337587 -3.39995588551686 0.0285967192809195 3.48735244307326 13.3638182882463
"etap[150]" 0.0432608746956576 6.7636299120056 0.0318840571747689 0.0604782499365518 -13.3522612134359 -3.3348159664218 0.0510977777698463 3.50645579248915 13.2242139940408
"etap[151]" 0.0916911583371537 6.78742811974637 0.0319962430019261 0.0676052206227863 -13.4471874892858 -3.38827126208436 0.0329584066858061 3.49040847281584 13.715852290163
"etap[152]" 0.0290408794604829 6.70727919935073 0.0316184173678159 0.0605997347311391 -13.3871523700158 -3.36014188948096 0.034067077703877 3.45584577735927 13.3558540317759
"etap[153]" -0.114948874591918 7.00599435883182 0.0330265741338978 0.0681427236796609 -13.9242856438123 -3.57365603345346 -0.0596765656283438 3.38352623082119 13.4709596438122
"etap[154]" 0.0488519858576393 7.01187282502355 0.0330542854892789 0.064127985546135 -13.3296343086754 -3.43979899602563 -0.000207138017055454 3.460303738574 13.6265600209226
"etap[155]" 0.0179028331521281 6.96545572503167 0.032835473181497 0.0626118970031896 -13.8316121441065 -3.45787290662979 -0.00190037854861015 3.44994972393329 13.9124308665541
"etap[156]" -0.0575291948676622 6.96320372538956 0.0328248571533759 0.0629848949615663 -13.6868771536764 -3.49382789174707 -0.0385095830015269 3.42720639309161 13.5855274699861
"etap[157]" -0.0970504345906254 6.73460572012346 0.0317472358221134 0.0558790058090721 -13.6674550722928 -3.52745093773629 -0.0505473997504762 3.33074476752488 13.1146732619268
"etap[158]" 0.0408239794745722 6.71265428760451 0.0316437557768407 0.0573215693822456 -13.0488040254553 -3.45229604167223 -0.0192237889252067 3.43982906954151 13.6827257316256
"etap[159]" 0.0966306801178728 6.83127600222318 0.032202943902193 0.0668925351482796 -13.0611752655495 -3.43251835433233 0.00476102449505484 3.45636320686701 13.805653424809
"etap[160]" -0.0603065771190681 7.00240430173597 0.033009650442449 0.0585879277091461 -13.9305698765703 -3.48955364796023 -0.0536277703278796 3.3985354611853 13.7148470234817
"etap[161]" 0.0372067342061632 6.66982447184351 0.0314418540890969 0.060825119603613 -13.205036170879 -3.44561159391386 0.00280924654750286 3.47891593930748 13.4991030538068
"etap[162]" 0.00273175600093769 6.86296451676522 0.0323523249923156 0.0655549110037029 -13.3283830230102 -3.49156855209626 -0.00246327609935211 3.47851671978055 13.2444455583641
"etap[163]" 0.118581490159186 6.99436110539691 0.0329717344512906 0.0637352776148504 -13.4386193293661 -3.40991052589606 0.05274497904139 3.56584103383348 14.1536671123245
"etap[164]" 0.0780149945057944 6.90340121865204 0.0325429454330689 0.0588363296236585 -13.4476774366919 -3.48195597574881 -0.0243628039828769 3.50751253214588 13.9332800504349
"etap[165]" -0.0458640526079779 6.96303741962291 0.0328240731804736 0.0891606926493387 -13.8536916602496 -3.46108896251845 -0.0549776637151971 3.47733760533269 13.2730709624746
"etap[166]" 0.00714895714753442 7.11165160276324 0.0335246471583338 0.0759801413324868 -13.8642360181459 -3.44268603614916 -0.0432248756678199 3.40167486673762 13.7354544606425
"etap[167]" 0.000479985468988361 6.85326917902924 0.0323066207319223 0.0650046562117692 -13.7446984786719 -3.43786529267169 0.00226620884615055 3.47202169486536 13.449024447157
"etap[168]" -0.144734913151962 6.77391984594736 0.0319325643885568 0.0623846625948137 -13.7500390071893 -3.49581946022274 -0.0546287902821384 3.32287193538537 13.0781833188635
"etap[169]" 0.0584690356460275 6.82521925312244 0.032174392113119 0.0680471203761075 -13.1712228133733 -3.40985345730764 0.0164975042218021 3.44377438860158 13.7926798886719
"etap[170]" 0.034937091580773 6.9094401980641 0.032571413455027 0.0660090920639172 -13.6149535959834 -3.4217513840541 0.0577239399948584 3.51955918734828 13.7784754904605
"etap[171]" -0.0583192686525097 6.85127298670491 0.0322972105910617 0.0530657969262751 -13.5078262541482 -3.5011694226233 -0.0547041727731424 3.38695787859272 13.4988327201227
"etap[172]" -0.00187229252310875 6.81088964337496 0.0321068416849577 0.0570387231031652 -13.4420725915411 -3.40606462842959 -0.0131853473976811 3.38855134100568 13.4629146907078
"etap[173]" -0.0507219630182276 6.97045667348139 0.0328590478785714 0.0617499746396031 -13.9090343939415 -3.42260423537279 0.0169718256330146 3.45560465465706 13.4779943884271
"etap[174]" -0.0187856968398419 6.79360657311375 0.0320253685104149 0.0669321702188453 -13.4624745167944 -3.51326347595522 -0.0368864504934195 3.43791049897698 13.5161582632833
"etap[175]" -0.00855320570897196 7.06771756682679 0.0333175401267634 0.0670779066330997 -13.6955098190589 -3.51172702817214 -0.0119473758171371 3.44244280507286 13.5448992655078
"etap[176]" -0.0265400697091896 6.96424862051148 0.0328297828362182 0.0604681243934275 -13.8854904242053 -3.47566037224261 -0.0117190040968781 3.46389131823375 13.5100259591078
"etap[177]" -0.0143856087495448 6.90769209203856 0.0325631728041943 0.0615247722921624 -13.594497743451 -3.4717175829425 0.00107433771635144 3.45360187559977 13.6520586479173
"etap[178]" -0.0220994573324726 6.85287877788038 0.0323047803632573 0.063807050583863 -13.6918976288183 -3.49782300402149 -0.0176963670231883 3.49471933064398 13.3121255332653
"etap[179]" 0.0331594807492515 7.11137972436595 0.0335233655112779 0.0541883971997161 -13.5128184050751 -3.41799081933079 0.0194806418422287 3.48447734357727 13.8002596949823
"etap[180]" 0.00475153803929493 6.89664317245236 0.0325110876977664 0.0512264594443697 -13.7684270326304 -3.5221668066369 0.00496870538789205 3.49013747849853 13.9453072363587
"etap[181]" 0.00360673921278369 6.79685950497845 0.0320407029782833 0.0523271155575575 -13.2976359494876 -3.46567596777933 -0.0278544264425539 3.43825344998247 13.5142101312374
"etap[182]" 0.0153509746674666 6.83529330600504 0.0322218816538345 0.0501375323645249 -13.4919947113124 -3.45202278927235 0.0560414285062169 3.46853049847806 13.6698570629833
"etap[183]" 0.0185413635431658 6.8317272677328 0.032205071188206 0.0633163430929287 -13.4002375236726 -3.36980460433203 0.0157289989913155 3.39937996667562 13.5922049258083
"etap[184]" 0.087180180503933 6.91311564613055 0.0325887396833715 0.072731941332327 -13.3127919504387 -3.41091935038048 0.0028219277415195 3.49289063070015 13.8461072901
"etap[185]" 0.0852229628565419 6.8693412185375 0.0323823850527475 0.0529217461893934 -13.3858338084953 -3.39874274052393 0.0459067777943413 3.50351574606953 13.8452682267532
"etap[186]" 0.0527432025424125 6.90693657131983 0.0325596112453708 0.0551401955597333 -13.4592338796562 -3.40811286155054 -0.00685178195167033 3.47004487167717 13.8073482495088
"etap[187]" -0.0882149476848317 6.96331103148754 0.0328253629991729 0.0691115708963829 -14.0173543021078 -3.46234753279376 -0.0527475018481804 3.37153746592388 13.5031290507383
"etap[188]" 0.0372132912577135 6.79814630737029 0.0320467690229322 0.0525307301944759 -13.6560147925719 -3.41633028164931 0.0147885753605898 3.48275663099425 13.6225479793301
"etap[189]" -0.0803363696152809 6.89179109410516 0.0324882147810854 0.0599749661006665 -13.7391458516356 -3.45395236238199 -0.0298090089718971 3.37990614079982 13.3469120119262
"etap[190]" 0.103470989552863 6.99220480412265 0.0329615695496019 0.055403529933442 -13.5904856832547 -3.40411732795315 -0.0113189810365942 3.45934922237926 14.2499186072175
"etap[191]" 0.0504027087258661 6.89827944683945 0.0325188011691997 0.0651358831826145 -13.4834826177687 -3.48558150871318 -0.0234176041003578 3.44282566327277 13.7548695601573
"etap[192]" -0.0106635924552958 6.82427954984903 0.0321699623094062 0.0617510631083661 -13.4980490744352 -3.42765592119199 -0.0217031858776758 3.36868933380628 13.4894118309145
"etap[193]" 0.0198942328206936 6.98588339398985 0.0329317701364581 0.0638747021866845 -13.3211766218327 -3.45097780286596 -0.0279442852271353 3.37196996887158 13.4986032564601
"etap[194]" -0.0510846011260195 6.89065979531103 0.0324828817874262 0.0550276939800536 -13.8543621595209 -3.50836826455537 0.00379233010222749 3.42399811672907 13.5901119539134
"etap[195]" -0.11073673353893 7.03831541557963 0.0331789370565744 0.0739157789826435 -13.645848184216 -3.48601743301416 -0.0785153280154323 3.41219315768086 13.0931203086219
"etap[196]" 0.078293912443389 6.95023073781987 0.0327637019034907 0.062018311280153 -13.4672969208769 -3.36198051970787 0.0664041443711618 3.47452902416588 13.6389451608983
"etap[197]" -0.0236123186789361 6.79876560955838 0.0320496884414441 0.0552109039070891 -13.552425530634 -3.45978409192995 0.00518162221888096 3.4196542892869 13.5312067200776
"etap[198]" 0.0263914158514277 6.91321609714015 0.032589213213972 0.0695702588242576 -13.7273024647999 -3.37703286676094 0.0477448668687076 3.52900938023674 13.652501884062
"etap[199]" 0.0895281341937165 7.00257391965075 0.0330104500289674 0.0766998921241559 -13.2495751210965 -3.42449943133634 0.00862632607901493 3.47449368262031 13.9199276856234
"etap[200]" 0.00175993709076822 6.81362191247742 0.0321197217250269 0.0631505643752226 -13.5880842868164 -3.44030437030304 -0.0421676900269821 3.41565466859083 13.360116511698
"etap[201]" 0.107700974320006 6.9508872990404 0.0327667969627661 0.076978253687797 -13.3445687749028 -3.41122124265608 0.0782553359635104 3.54104036561738 13.6680542844606
"etap[202]" 0.0176883319099067 6.95893170932994 0.0328047186765419 0.0556845891585817 -13.7946598096422 -3.35079719030011 0.0216805384705861 3.4324846403471 13.9802296109563
"etap[203]" 0.000919098116805051 6.91617473275657 0.0326031603560215 0.063938667691382 -13.2299871435634 -3.4136725013221 -0.0140986480694926 3.42899430058553 13.7250014117564
"etap[204]" -0.0113090480631573 6.84929892953584 0.0322879047963237 0.0613683276904419 -13.363337204989 -3.45867689470087 0.039886069115619 3.37507748818092 13.4534237685814
"etap[205]" -0.080227150327819 6.79641733578021 0.0320386185726933 0.0561164898675279 -13.6471014151036 -3.4582834612003 -0.0371593644175684 3.35220750288012 13.2326183616106
"etap[206]" 0.00321094077607236 6.69700475013798 0.0315699831497406 0.0599581844912048 -13.1197917145032 -3.40872080856673 -0.00573688039614513 3.40362078186217 13.4808456320129
"etap[207]" 0.126798656032266 6.83784922340998 0.0322339303640291 0.05877945867139 -13.2683447356653 -3.37835177710525 0.0425495667188193 3.52094479529646 13.9363254098358
"etap[208]" 0.107226773807236 6.85265958329293 0.0323037470700627 0.068811102053717 -13.1638701217696 -3.40981908130848 0.0331711590712917 3.51052859640637 14.0499728002011
"etap[209]" -0.0240491752610019 6.70988383318836 0.0316306957294765 0.059649357855816 -13.1448066305813 -3.43791803837928 -0.0110042045999458 3.40881552646375 13.2869297824352
"etap[210]" 0.0946299905104661 6.97029530590625 0.0328582871845271 0.0732618957029061 -13.3066617738955 -3.38766558131259 0.0494311652473315 3.4867636396256 13.5977684525458
"etap[211]" 0.0992897330136633 6.74983963470171 0.0318190491841287 0.050322024509288 -13.0318970250468 -3.3829561543346 0.0325294515034147 3.46301949855465 13.5767598469432
"etap[212]" -0.107177874842469 6.79850858953371 0.0320484768374285 0.0680160020405696 -13.6492811225453 -3.48701525275825 -0.05146036351816 3.32596263801933 13.350904915754
"etap[213]" -0.0500564862473394 6.98892555647723 0.0329461110279534 0.070081924795676 -13.8229532545924 -3.44289468837841 -0.0200609376914992 3.47097414731809 13.3231283766624
"etap[214]" 0.0670488103188616 6.79328502273755 0.0320238527074049 0.0567052246413816 -13.5239783730703 -3.45824020870788 0.0380545675119219 3.54647504811275 13.8210501128762
"etap[215]" -0.00371710020781566 6.92445065980835 0.032642173450281 0.0585552651173768 -13.7987788898831 -3.39415502781299 0.0566035321355879 3.45913259517626 13.5389326116176
"etap[216]" 0.0648958142393598 6.98877599499181 0.0329454059883498 0.0681596936034221 -13.3542017943096 -3.36835892461624 0.0275681926264093 3.4528310062409 13.7021612565524
"etap[217]" -0.143118518952547 6.80921079137085 0.032098927500713 0.0636701128556879 -14.0447400267212 -3.56027092987595 -0.0602505728475836 3.39952670149084 13.2253422450687
"etap[218]" 0.00456879728006346 6.76338434103313 0.0318828995421029 0.0599704528330779 -13.4284872376677 -3.4527232167802 -0.0179560950210105 3.42096378046578 13.6025599723641
"etap[219]" 0.0387517477423085 6.842395582807 0.032255362107758 0.0697193034038155 -13.4656250602221 -3.45030439040154 -0.0232376941018964 3.48420893436193 13.7357613939738
"etap[220]" 0.04633452578047 6.74821051997348 0.031811369463651 0.0556657933877182 -13.2056600935527 -3.44432525770899 0.0240615721007951 3.42257660108663 13.5307688263684
"etap[221]" 0.0421055381467236 6.83965103487329 0.0322424241847233 0.058568633511166 -13.4395907160263 -3.4621060682694 -0.0255647885243028 3.45557390281997 13.8592461672929
"etap[222]" 0.010746651898172 6.85723752893371 0.0323253277127727 0.0555356104721782 -13.5428858002475 -3.45959546554243 0.0150717149278617 3.4675980682742 13.5036814786366
"etap[223]" -0.0355594448237309 6.92946013605917 0.0326657883477953 0.0640151819145834 -13.9078911547242 -3.45483152518403 -0.00870215915273559 3.44353228592805 13.6074715945747
"etap[224]" -0.0113168306296072 6.94999472997165 0.0327625893518248 0.058997884333396 -13.5905695302484 -3.4497619659239 -0.00747524916385428 3.42689721907406 13.7767346100928
"etap[225]" 0.0136641798188823 6.88058025885285 0.0324353663968876 0.0557488227026942 -13.4094117950443 -3.46546074774344 -0.00473930097297434 3.48581340518814 13.6470052833722
"etap[226]" -0.0337643621191218 6.74727537508762 0.0318069611483831 0.0548297278847796 -13.3558982210971 -3.45462040934559 -0.0584821451197883 3.3927129570768 13.5059035311028
"etap[227]" 0.0371909311945672 6.81452897417775 0.0321239976548887 0.0562207310772854 -13.2569511504579 -3.39383794266582 0.00428795729851761 3.45401767346997 13.4880449743759
"etap[228]" 0.0154606851786209 6.88518838288148 0.0324570893018822 0.0474016934133227 -13.3639429578415 -3.46492083484118 -0.0392521943225409 3.47082821154381 13.5362766349484
"etap[229]" -0.0525971175177969 6.84289972932847 0.0322577386772517 0.0546275958040234 -13.4914398952394 -3.48883916097954 -0.0472808685789844 3.38501804325307 13.4943517465205
"etap[230]" -0.0684954048573668 7.11580282391113 0.0335442162024929 0.0840476444591259 -13.7044757591515 -3.4490905047658 -0.0140168629322927 3.45227662979821 13.0762128082313
"etap[231]" 0.0422115585625904 6.71773565217144 0.031667709559127 0.0541653812524685 -13.2753504480992 -3.37099186279332 0.0185223857528933 3.44876086988756 13.60809041487
"etap[232]" -0.0420948902586473 6.89058803326918 0.0324825434979167 0.0578578961132149 -13.623222712071 -3.47872972367697 -0.0276297041737395 3.35365351284993 13.3948626628695
"etap[233]" -0.099051837037227 6.81315055367978 0.0321174997183457 0.0603234783511697 -14.0428106494402 -3.48484172191679 -0.0241340408282796 3.44221670926939 13.1937944932347
"etap[234]" -0.00715805035061272 6.87769078869543 0.0324217453039386 0.0526865232096644 -13.4532705703878 -3.52540368917074 -0.0387519466208485 3.50265170377567 13.7094487448551
"etap[235]" 0.0365795737249872 6.90288770373632 0.0325405247005413 0.0619928943768294 -13.6939187847502 -3.36702032970956 0.0175380561788309 3.44976981181492 13.9466634191509
"etap[236]" 0.0573831685453961 6.7685524403681 0.0319072621960069 0.0525477103640856 -13.4411603732498 -3.35116610837641 0.0467574862271053 3.45524304159132 13.7266208960591
"etap[237]" 0.00932080594865116 6.84145884298671 0.0322509462738972 0.0512495428277566 -13.5096914519044 -3.39856392567421 0.0222303843696487 3.46822217774714 13.5184506750272
"etap[238]" -0.0344450327508633 6.92078558783297 0.0326248961352988 0.0793235320058698 -13.8106430269992 -3.4528087780394 0.0375380619412147 3.53732900915448 13.5916416408221
"etap[239]" 0.0110075083389759 6.73052562879673 0.0317280020871468 0.0698629839393557 -13.3200384851445 -3.44538972033764 -0.00994542320536808 3.43475277430108 13.1275946815498
"etap[240]" -0.0586166912529723 6.81124433642368 0.0321085137240243 0.0593269488060543 -13.550730550101 -3.38735441938585 0.0218252751580411 3.40866571323184 13.2627173651246
"etap[241]" -0.0458943506243893 7.1336058776781 0.0336281406027893 0.0863463896070037 -13.722451104109 -3.37184778637642 0.00563604853879766 3.4732361339726 13.1933736085654
"etap[242]" 0.00723273449790589 6.94964937281203 0.0327609613225615 0.0594984566784856 -13.5429113207287 -3.50537713141955 -0.0181349482692978 3.44353677362239 13.4422226494905
"etap[243]" -0.00159902256591543 6.92305492081256 0.0326355938735564 0.0553251463486457 -13.9105008827446 -3.45515113402496 0.03662186700613 3.49674024715645 13.4078821970912
"etap[244]" -0.0424817673801068 7.02426183737933 0.0331126878536053 0.0627850407961052 -13.7051044427569 -3.52294245657365 -0.0395556004349678 3.44278104261103 13.334186929709
"etap[245]" 0.0194634833054594 6.80838098823589 0.0320950157712211 0.0731345871052164 -13.5368119004754 -3.39619100879308 0.0237165944468471 3.44920021375499 13.2895750130356
"etap[246]" -0.102987526908704 6.83143178902283 0.0322036782882093 0.0548880121497257 -13.7916297873978 -3.45507347576114 0.0043449593202609 3.39515633018049 13.1936056110638
"etap[247]" -0.100956369689536 6.93398009036806 0.0326870956167451 0.0629910843103787 -14.0906272270003 -3.47800635314916 -0.0811690835879187 3.37193819490199 13.3765711827736
"etap[248]" -0.071787396018295 6.77734925963926 0.031948730799737 0.0497697921067559 -13.5768519612381 -3.51157852654685 -0.0480455293897168 3.40866522170546 13.4803051118655
"etap[249]" -0.0281285586594484 6.83885211403104 0.0322386580357554 0.0604733594801702 -13.773023300412 -3.50091621838927 0.016872696442633 3.49286635149549 13.43519208324
"etap[250]" 0.0226056863429958 6.76402342104806 0.0318859121941848 0.0577440580372456 -13.4532993843958 -3.40399953293271 0.0143202961495744 3.45517871906495 13.6068586140373
"etap[251]" 0.0717431552825981 6.92784100873511 0.0326581557083923 0.0565309584820281 -13.2312765043678 -3.41864243765431 0.0116248588365225 3.45716751261622 13.849506466793
"etap[252]" -0.0623766629785374 7.075411889532 0.03335381151184 0.0708252778580821 -13.8804464668881 -3.57309244595421 -0.109022265152009 3.42523500566906 13.3908684589512
"etap[253]" 0.0921920983571501 6.93749671664791 0.0327036731520076 0.0648093848524182 -13.2025706766842 -3.41157794135051 -0.000194310249969663 3.49415472560061 13.7140870737646
"etap[254]" 0.111623749795161 6.94078882852801 0.0327191923162399 0.0630411709471211 -13.3697140895469 -3.42578311595152 0.0166933734600164 3.46949928942858 14.2721053372258
"etap[255]" 0.0338666054335035 6.97996126425534 0.0329038529491625 0.0566093784991837 -13.4810658126186 -3.4109068865951 -0.00246124021964102 3.44050965536045 13.8638990952585
"etap[256]" 0.0837849818269758 6.94928021258864 0.0327592210845795 0.0624773497333373 -13.3534614954549 -3.46892101881425 0.0500506754547636 3.49412229276903 13.7153945840224
"etap[257]" 0.0367321696215893 6.84242782593511 0.0322555141033216 0.0568429228706454 -13.4255363686597 -3.42865420204186 0.0125378266690312 3.48674969122426 13.4479655590024
"etap[258]" -0.0831263119389705 7.0492718930583 0.0332305863867284 0.0640524007307359 -13.7186217342572 -3.50493308574724 0.00598915300773343 3.42302266114918 13.303212077538
"etap[259]" -0.0300043730041748 6.84444698517764 0.0322650325112728 0.0586332593330481 -13.6705696548899 -3.47454808478732 0.0026611649904487 3.4293681054892 13.5018559489471
"etap[260]" -0.0256273801042989 6.82796936744915 0.0321873562763821 0.0590483727607078 -13.5204260588645 -3.50483938308308 -0.0649291351822414 3.43885639933115 13.4930142830627
"etap[261]" -0.0151935999273893 6.96014463326523 0.0328104364548067 0.0708738739569655 -13.6719337992652 -3.43652844871656 0.0310019782220137 3.43498225105662 13.4938505964665
"etap[262]" -0.0315735860639397 6.92317895657633 0.0326361785837542 0.0717427997394875 -14.1099406738646 -3.40725877545739 0.0485039943428363 3.49267210935153 13.1330147715672
"etap[263]" -0.0399962310304135 6.82952017108126 0.0321946668348125 0.0635817517632219 -13.6766475662098 -3.43920224857895 -0.0252202121842543 3.447880001392 13.4949240670928
"etap[264]" -0.16139089219949 6.89753428862364 0.0325152884596834 0.0794548232559692 -13.9210667923222 -3.5049803122345 -0.0167948940263513 3.4150725328456 12.6953563750463
"etap[265]" 0.0126399738877701 6.95184392150673 0.0327713065243193 0.0623882890699753 -13.339723948296 -3.40181605049816 0.0160382669649866 3.43404846148409 13.6849722350916
"etap[266]" -0.00961319603729296 6.88472323957239 0.032454896595295 0.0582615002940548 -13.4711539896929 -3.39905973648571 0.0179532699198213 3.45361011501379 13.5868820007188
"etap[267]" -0.0650384612912004 6.80644913633748 0.032085908934037 0.057431011901734 -14.0639520275996 -3.45695842783004 -0.0247002686462346 3.43811373875666 13.2687207778636
"etap[268]" -0.0486250213811272 6.8572680821083 0.032325471741819 0.0533089100313226 -13.8252063175588 -3.44881968432461 -0.0282452814564065 3.40228033110553 13.6340966178665
"etap[269]" -0.081423968110818 6.79743737885797 0.0320434271018759 0.0693039523706186 -13.5351597909282 -3.46938207952116 -0.0708926309300476 3.32585728404534 13.1755461668791
"etap[270]" 0.00105542600771212 6.82500097389241 0.0321733631349608 0.0513949862255818 -13.5691295444674 -3.4131285019722 -0.00702303967238726 3.46082168469019 13.666892979603
"etap[271]" -0.0778644860285381 6.89620587583645 0.0325090262617498 0.0604141501949508 -13.6626523312794 -3.43430833897601 -0.0606896175637387 3.35764194496226 13.5237681181765
"etap[272]" 0.00432011831792208 6.75452414979803 0.0318411322000699 0.0637699180745295 -13.4038203129929 -3.47316618765332 -0.00785310706930477 3.41425807363902 13.6016928325414
"etap[273]" -0.0602229549101358 6.88809424327781 0.0324707876591584 0.0569597223379301 -13.675440201661 -3.5030171936003 -0.0469795109167862 3.43180816777651 13.4238280575912
"etap[274]" -0.0887626978435215 6.96624557690829 0.032839196578951 0.0736768121373794 -14.0873780462595 -3.51000801855321 -0.0307354229358318 3.39483969590455 13.4212947649463
"etap[275]" 0.014590026749593 6.79809890788808 0.0320465455796302 0.0665147485446087 -13.462665894331 -3.42751929201537 0.0183711505696748 3.45745960348372 13.4975006392271
"etap[276]" -0.0837869672512695 6.90805977572774 0.0325649060817274 0.0619556278842569 -13.5618270930721 -3.48936945663421 -0.0646260285462983 3.34844295527642 13.3642997223944
"etap[277]" -0.0494331282558611 6.82622276659682 0.0321791227210041 0.0537100731220145 -13.7737356819766 -3.46316038008659 0.00415732115479254 3.46855497252828 13.3619572518615
"etap[278]" 0.078852254041842 6.96426381526549 0.0328298544649755 0.0558541078633432 -13.4218984598591 -3.38512346318578 0.0753371401867547 3.43171899768068 13.5555307305174
"etap[279]" 0.0172542656463714 6.73485011721224 0.0317483879210386 0.0568828352754929 -13.09813487488 -3.42040371651359 0.0136823088257043 3.40523684419042 13.4516990544582
"etap[280]" -0.011327495867924 6.99248932982211 0.0329629108166119 0.0680991931580582 -13.6000168324136 -3.38468496511095 -0.0120964815346679 3.4281758455389 13.2503424444268
"etap[281]" -0.0122227905883711 6.95935983343204 0.0328067368729138 0.0698856250707006 -13.8696784755832 -3.40225152555237 0.0538457528463266 3.49417083953643 13.511504207316
"etap[282]" -0.0696592188865543 6.89867406655747 0.0325206614243904 0.068615046224203 -13.6937954206569 -3.44344901712884 -0.00376645184798824 3.40060588629753 13.4051557539784
"etap[283]" 0.00821320028348346 6.801153487265 0.0320609450049041 0.0610596764342806 -13.494852080408 -3.40651903734438 0.0162794226105784 3.44966039009797 13.3721143826786
"etap[284]" -0.0928866249208845 6.97898174390915 0.0328992354459685 0.059617656376495 -14.0293053592437 -3.42543993831376 -0.0222607956173402 3.44151144549764 13.3218592962925
"etap[285]" -0.0412922914991563 6.7760340256341 0.0319425307271777 0.0545106399586078 -13.7054269478266 -3.42342114638425 -0.0177576678432616 3.44819476499511 13.4182608230814
"etap[286]" -0.0691165596404159 6.88907053131882 0.0324753899251197 0.0651390080328805 -13.6340243657182 -3.57278443809956 -0.0660650258383953 3.40864889695439 13.5278873670148
"etap[287]" -0.0382035924242795 6.8586439849635 0.0323319578100801 0.0530492012384504 -13.8593624812866 -3.45435507761798 0.0284975442399415 3.42560784261772 13.3078943434094
"etap[288]" -0.026866525156446 7.01171647373278 0.0330535484422258 0.0599581308014905 -13.6933117332091 -3.49704565360552 0.000230092531261739 3.43186497893654 13.5805173506854
"etap[289]" 0.0122042585961898 6.98418531615505 0.0329237653207783 0.0750618861627651 -13.7744317218086 -3.50155707209533 0.0191106395505865 3.51525922388224 13.9034946634548
"etap[290]" -0.0119742229800891 6.65463037943536 0.0313702284505917 0.0503904334173773 -13.297528770135 -3.41005872666304 -0.00481865540897386 3.37983333662826 13.3451726674969
"etap[291]" 0.1542389650853 7.09472509209734 0.0334448548218425 0.071394992991213 -13.1934261503709 -3.38112120862159 0.0645065209656245 3.51338332647463 14.0879315805733
"etap[292]" 0.0591387655934392 6.72199422787259 0.0316877846775036 0.054123884610978 -13.2304081236645 -3.4651209689343 -0.0142284710195047 3.51088467761147 13.5338057400469
"etap[293]" 0.0809130313618611 6.76043224951998 0.031868983249252 0.053233027889198 -13.1396908960799 -3.4092805134339 -0.0105996698135225 3.47382085599712 13.683700293793
"etap[294]" 0.033465600697694 7.05260522760272 0.0332462998764639 0.0677540654293821 -13.4977871771376 -3.49490452928628 -0.0282238978726448 3.46619974858071 13.7266086481927
"etap[295]" -0.0363822231064775 6.82497569548445 0.0321732439714028 0.0621454670177339 -13.6307089821597 -3.49569638670652 -0.00604876757367617 3.46350702140532 13.2736230260586
"etap[296]" -0.0042341215187268 6.83446302696775 0.0322179676809176 0.0639716537779863 -13.8661506443154 -3.41193849027036 -0.00923849185256354 3.48235327102345 13.3148369628205
"mean.p0" 1.42942525368078 0.30397134719288 0.00143293467257664 0.00872785684897102 0.884896426770425 1.22813016926248 1.41401340722981 1.61175646341454 2.07308233079278
"mumup0" 0.698015679814955 0.0502120097980162 0.000236701684167884 0.000608625120351841 0.597698426000836 0.664996852003674 0.698530985548242 0.731874870397977 0.794441406953254
"mupsi" 13.0696806528431 1.45037905211793 0.00683715242029005 0.00897016290507254 10.3223494434237 12.0749026462876 13.0354100377729 14.0214945104907 16.0294672526766
"ppo[1]" 0.833355117327001 0.0728927257180352 0.000343619604362625 0.00216259797056311 0.688435198912995 0.785511028414705 0.831855845152561 0.884114924026233 0.970116997527927
"ppo[2]" 0.710147208151868 0.118994174220842 0.000560943916755008 0.0029408548786406 0.402000986961145 0.653121552436911 0.741282316762863 0.7940267661795 0.865245728282191
"ppo[3]" 0.833270624921417 0.0731766194268193 0.000344957892140075 0.00216214487397479 0.686944606969431 0.785489123616477 0.831259309474857 0.883770730488471 0.970978781304369
"ppo[4]" 0.806349610923378 0.0749886324496498 0.00035349980344702 0.00141455349865168 0.641377074730457 0.76374252030177 0.80908230875818 0.85501815596032 0.943272545943088
"ppo[5]" 0.777474369345473 0.082676300719007 0.000389739819212187 0.00116916154133079 0.576269605202479 0.737244281576125 0.788132576077606 0.831215242307003 0.911471841038455
"ppo[6]" 0.806963664290501 0.0730165065481806 0.000344203112791803 0.00129176747520208 0.647648886678003 0.764561717689882 0.809686026594413 0.854989439877491 0.939680335446464
"ppo[7]" 0.777145247072481 0.0833465140934165 0.0003928992353581 0.0011517174761599 0.57219389693653 0.737804978761524 0.7882422334246 0.830961013109036 0.910750424659585
"ppo[8]" 0.833060435132234 0.0732141141455579 0.000345134643939266 0.00207398021677603 0.686660486491108 0.784903748117758 0.831330946297225 0.884789724736444 0.969742228578323
"ppo[9]" 0.776016892865884 0.082522412137304 0.000389014381481058 0.0012365724154747 0.574736011434064 0.735542992856196 0.787124960758586 0.830210004196647 0.907974753478081
"ppo[10]" 0.805834141885121 0.0741691251189474 0.000349636608841875 0.00127405592951145 0.641286417242192 0.763108432672385 0.809584860060608 0.855063859584122 0.939703731698589
"ppo[11]" 0.807679861449695 0.0738905644251891 0.000348323461138351 0.00133614006469204 0.645508029362721 0.765066945666831 0.810551498758264 0.85666471174357 0.940992477652386
"ppo[12]" 0.777203491496627 0.0835031966130413 0.0003936378438389 0.00126096822521268 0.569674165360438 0.737302890478424 0.788055135258853 0.831339280305512 0.91190475078689
"ppo[13]" 0.778037977303629 0.0817903524761175 0.000385563419143338 0.00118149871604574 0.579618821076921 0.737834003052614 0.788444617830487 0.831152415994646 0.911740110606456
"ppo[14]" 0.806275350845296 0.0738360865826158 0.000348066650125631 0.00135648365068785 0.642574457449732 0.764117423256945 0.809046103105126 0.854507570492349 0.940672087403995
"ppo[15]" 0.806666955415118 0.0744510068852975 0.000350965412231735 0.00138107430185209 0.641010612800365 0.764074290024583 0.80987611803867 0.855984469426247 0.941906655527147
"ppo[16]" 0.743745321515419 0.0990773187287723 0.000467054959565972 0.00181732454192729 0.488474486575102 0.699509320772384 0.764608024824772 0.810401246467219 0.882589125861813
"psi0" 0.999994385552738 0.0000118487925541939 0.0000000558557437596211 0.0000000750294883887303 0.999967111329783 0.999994299224541 0.999997818313197 0.999999186154526 0.999999890732558
"sdeps" 0.488643613640665 0.369361133992637 0.00174118508368631 0.0166834616981992 0.0173780913058012 0.200850693333416 0.423661303525096 0.695905824653359 1.39204550957408
