"Mean" "SD" "Naive SE" "Time-series SE" "2.5%" "25%" "50%" "75%" "97.5%"
"N" 10.4292 0.928813985628027 0.00437847111798988 0.024805146979334 10 10 10 10 13
"betapsi[1]" 0.296610393729596 2.42507056043149 0.0114318922542465 0.0210565251384855 -4.30823322342288 -0.86860143948684 0.0369753989321015 1.24253939183882 6.18521517586558
"betapsi[2]" 0.293764478358799 2.3734152665004 0.0111883868634274 0.0196264257581143 -4.2069413474988 -0.863871537099571 0.0462252111875572 1.23676686049449 6.02894182198104
"betapsi[3]" 0.270123684894995 2.36470763351359 0.0111473386878737 0.0188023389022759 -4.27912541389384 -0.889167223632483 0.039015842192335 1.23177909095641 5.97050372840572
"betapsi[4]" -0.414725210459071 2.91103550425353 0.0137227529688832 0.0380185627336389 -7.45594221856868 -1.52122370415238 -0.0695047776855855 0.863830856741839 5.3864767042179
"betapsi[5]" 0.272440211030847 2.37841107413629 0.011211937326473 0.0183594377418239 -4.26830901220094 -0.882260749615324 0.0367488751997002 1.2030641042529 6.1160108165552
"betapsi[6]" 0.274318435978844 2.34657130046853 0.0110618431939935 0.0173921056456538 -4.26171700829562 -0.867170099593152 0.0420366789579144 1.22366404557165 5.8410047707813
"betapsi[7]" 0.274797615737397 2.3908936575593 0.0112707807890406 0.0187163223460433 -4.41144714894891 -0.885793842286694 0.0439160479484188 1.2687991606731 6.01835935799946
"betapsi[8]" 0.264365897539608 2.36365043487861 0.0111423550057146 0.0176362382188511 -4.33514962623583 -0.883165373826289 0.039939489501803 1.23387906589802 5.95057418288852
"betapsi[9]" 0.290809161917196 2.38351895243656 0.011236016095697 0.0185435843785628 -4.24356092477856 -0.868188749090156 0.0420313644142578 1.25996593623927 6.02375701998156
"betapsi[10]" 0.296960765009353 2.38753183120404 0.0112549329876207 0.0190393004692262 -4.30860757576194 -0.84263470930655 0.0470783909154713 1.25583828360994 6.06810712070433
"betapsi[11]" -0.367696872567106 2.87085933168539 0.0135333606751161 0.0351343302315054 -7.16428067474763 -1.44321476020192 -0.0596304968034872 0.898925345435188 5.43576948251875
"betapsi[12]" -0.460121338448089 2.89974665866214 0.0136695368404202 0.034946673893895 -7.43109355727907 -1.56385787487425 -0.088485031458911 0.85091470717009 5.29994746797398
"betapsi[13]" -0.452852085366791 2.90802359945846 0.0137085547135173 0.035457141727069 -7.5271869533019 -1.53062019975848 -0.0880690249073976 0.848090600799917 5.37095311005483
"betapsi[14]" 0.260524458514759 2.36179515217679 0.0111336091191848 0.0191028700785276 -4.30957144056896 -0.888196319584902 0.0402238536090839 1.22913698762578 5.88644772704393
"betapsi[15]" 0.30242864361509 2.35244794875245 0.011089545979675 0.0180548224808917 -4.29015978117185 -0.850682412456583 0.0525222956794636 1.28235685564142 5.95296179360321
"betapsi[16]" -0.342481196446267 2.86294296482128 0.0134960425638363 0.0339271673233909 -7.21952015955959 -1.39789499358162 -0.052173279082388 0.895284457988074 5.44090706687054
"etap[1]" -0.0772386600589113 5.99129106265752 0.0282432169231166 0.198508577356944 -12.0477236038792 -3.3510335456467 -0.06949933129377 3.19750651538012 12.0390430360299
"etap[2]" -0.10916561460251 6.10451206064313 0.0287769458261055 0.197828473525683 -12.6106875005564 -3.34543530384099 -0.0998236204371809 3.21160185844486 11.81778344073
"etap[3]" -0.09084365279802 5.98953691885736 0.0282349478099415 0.205752834163742 -12.0916826051341 -3.3510023097408 -0.0868669278158927 3.1523407723587 11.9189318531296
"etap[4]" -0.145045768176542 6.01072050303195 0.0283348081834061 0.195078747642228 -12.18741303887 -3.3954161087077 -0.114666291241603 3.1930065078527 11.6670572514502
"etap[5]" 0.0412123168682402 4.13649830156971 0.0194996399960439 0.0561506964072985 -8.11657157575521 -2.0443854047639 0.0399200710344313 2.12306873921604 8.38241288633638
"etap[6]" 0.0998168447120205 6.96656887974502 0.0328407206431392 0.246583054689836 -13.2805082222623 -4.37329961021522 0.280517296670302 4.43277541526268 13.5071185517982
"etap[7]" 0.0482473160336237 4.07711138102308 0.0192196873678285 0.0510645113849219 -8.27496762207448 -2.05581708305206 0.0351512260247833 2.10687608581887 8.42125611530495
"etap[8]" -0.127651416479852 6.03718765806943 0.0284595755487775 0.194703974013954 -12.2549539730156 -3.3867927094075 -0.0843567371776746 3.15273323353409 11.7642609892365
"etap[9]" -0.09416183340503 6.02097214808502 0.0283831349016417 0.193510976450163 -12.3141260554184 -3.34932106478439 -0.0679174782892938 3.25025521502708 11.9749341921069
"etap[10]" 0.0384823496463697 4.07493407235445 0.019209423436333 0.0538562365335982 -8.12699928117485 -2.03290415039787 0.028564627460983 2.10803968578281 8.33271003624525
"etap[11]" 0.0841862442681833 6.97252781916707 0.0328688113529659 0.162199436543638 -13.6384685885372 -4.00290441559963 0.0763004026433352 4.24043984578704 13.9059248466768
"etap[12]" 0.151970102662325 6.36372969827815 0.0299989094886047 0.109616168388777 -12.3102604395052 -3.41572983722628 0.113207915188464 3.64270163703259 13.0720025235403
"etap[13]" 0.0535752077892679 6.11258873948916 0.0288150196553155 0.0697867553116273 -12.186049780985 -3.3105421047481 0.0509374981614246 3.37042713520562 12.2973640754503
"etap[14]" 0.00746781796098401 6.02416985309214 0.0283982090276068 0.0481244071914662 -11.9914445909584 -3.33262029404829 0.000667116666392904 3.33008485241412 12.0120750731194
"etap[15]" 0.0182109047724296 5.98981266927983 0.0282362477098991 0.0435701596951568 -12.0851109255556 -3.27024318047848 0.0232227458264449 3.26723995922432 12.0798146517611
"etap[16]" 0.101507327972698 5.97886717177783 0.0281846501398516 0.0453346060562062 -11.6233430846978 -3.19868786695621 0.0515660607328629 3.29819560301332 12.2198578936227
"etap[17]" -0.0355085524786632 5.96310434900451 0.0281103434806939 0.0378787417150613 -12.0508310284292 -3.30545365245635 -0.0543013631835098 3.27912959363807 11.9191378541125
"etap[18]" -0.0685447578656831 5.99917770402138 0.0282803949070444 0.0422533170710848 -12.2239594445895 -3.30487652695008 -0.0384624856126697 3.21929801986634 11.808147069759
"etap[19]" -0.0462203359867198 5.94019764794106 0.0280023602563167 0.0415780916575296 -11.8920271122026 -3.2862060378193 -0.0216362946251047 3.21593513148038 11.7943613257085
"etap[20]" -0.0354406456085683 5.93528119108683 0.0279791838564431 0.0440005351945539 -12.0768576035855 -3.30926591798759 -0.0296858842086374 3.21332179403666 11.9322759807788
"etap[21]" -0.0303973808451447 6.03875519059598 0.0284669649679725 0.0387880113221744 -11.9619337188666 -3.29437890713474 -0.00177015570944723 3.24554179932918 11.9714128337449
"etap[22]" -0.00723194419697555 6.0156492602415 0.0283580425677107 0.0414718204791165 -12.1627256628628 -3.29473305574821 0.0136029567245932 3.25514525022506 12.1105667493228
"etap[23]" -0.0267418462986194 5.92074153804826 0.0279106432747119 0.0394700348649121 -11.8169089508478 -3.31516088415965 -0.0215011332721824 3.26824471919604 11.8780496458098
"etap[24]" 0.0102964298490374 5.97298029314506 0.0281568991278432 0.0379561153459369 -12.3243503275598 -3.27187364544672 0.0321311228468337 3.3111041734581 11.9401965635608
"etap[25]" 0.0638924582304104 5.98517663649763 0.0282143932417784 0.0416539109745968 -11.7660675586113 -3.26769891073345 0.0199114240830355 3.32861627546376 11.9879736039799
"etap[26]" -0.0454868227073283 5.95372234292354 0.0280661162798873 0.0388878512449527 -12.0075235049803 -3.32035734161229 -0.0286801054607307 3.23217566172042 11.8274531725938
"etap[27]" -0.00125887834445525 5.89311230805193 0.0277803978354495 0.0388806033627788 -11.8756771779695 -3.2587523156914 -0.0304754482178289 3.2404434043148 11.9788186251819
"etap[28]" -0.00655093669747616 6.00867854740747 0.0283251823122797 0.0390993275019622 -12.1566127630643 -3.24689666152105 0.0282095507705165 3.29117451186726 11.9563202586238
"etap[29]" 0.0102631207467347 6.00651437758777 0.0283149803179121 0.0381200372963161 -12.1067118388446 -3.29601726848787 -0.00121685184010195 3.2782759693464 12.1749071765397
"etap[30]" -0.0258249764288246 6.14340378204701 0.0289602831590168 0.0437479970241554 -12.0043588247001 -3.2847320774479 -0.0356009491339383 3.27717520630776 11.985381090309
"etap[31]" -0.0451469981649121 6.01972856492484 0.0283772725944048 0.0417737097918821 -12.0284630397315 -3.32197594671707 -0.0704025069925699 3.24284728232081 12.057755622737
"etap[32]" -0.0161502006601494 6.01705750165297 0.028364681081388 0.0440360974348 -11.9450603511752 -3.3197456922004 -0.0153739387295366 3.26704818098457 12.1015353702798
"etap[33]" 0.0153294263729738 6.00283668396899 0.0282976435039323 0.0366034977529245 -12.1676309097701 -3.26430952956489 0.02072643121527 3.3163131170973 12.0084793065984
"etap[34]" 0.0294101665754304 5.97308201034205 0.0281573786273082 0.0436252944561308 -11.8559752668013 -3.29352546170875 0.0233046754655687 3.33104581936164 11.9307801096992
"etap[35]" -0.0146611844712881 6.0072541566196 0.028318467669712 0.0439398384609728 -12.0377009713947 -3.26098354860017 0.0029317771651655 3.30842074218296 11.7912194570779
"etap[36]" -0.0243741174059863 6.02592572836629 0.0284064863030286 0.0468577077778681 -12.0761538720185 -3.25652245589273 -0.0272908153298182 3.19396630464046 12.0002429890868
"etap[37]" 0.0372084356760614 6.00584960176574 0.0283118465346339 0.039554075580921 -11.8378317659869 -3.26848125264889 -0.0193177204596685 3.28998119247043 12.0235666819238
"etap[38]" 0.0490060852279916 5.84154414673405 0.0275373031917082 0.0396439281968518 -11.4881027420599 -3.20621040634944 0.034762707742044 3.25567438816492 12.0876198545498
"etap[39]" -0.0211557189441864 5.97106820440887 0.0281478854550993 0.0411117229564979 -11.9921954680636 -3.27592919457435 -0.00311642407005069 3.2471330450321 11.9343515607984
"etap[40]" -0.0738414498304891 5.95103053712268 0.0280534269856512 0.0400914123660035 -11.9143882803843 -3.32658645871813 -0.0712652485270187 3.21484371398579 11.8630097745717
"etap[41]" 0.0492590183323235 6.0296430971277 0.0284240101474244 0.0442869820039872 -12.0660985607218 -3.25479678409777 0.0418829655685417 3.31611344097695 12.1283693382159
"etap[42]" 0.00580569129426636 5.98086870664476 0.0281940854656995 0.0388432489763007 -11.9315265606828 -3.29966333906538 0.0262286084816248 3.23872344573436 12.0017900380533
"etap[43]" -0.0516751219230256 5.94465294539709 0.0280233627299391 0.0420017776592949 -12.1153485398017 -3.31109931154268 -0.0258348096209467 3.25711641698001 11.723640478019
"etap[44]" -0.0262826337932404 5.98733703278107 0.0282245774475256 0.0427399027558915 -11.9197941298967 -3.3245539385381 -0.0144223857038553 3.2639751215366 12.1416674281189
"etap[45]" -0.0304847108784447 6.00677789025171 0.0283162225285227 0.0408431444015952 -12.1676525081943 -3.26228750421468 -0.00410107066101541 3.23284627490854 11.9341088554637
"etap[46]" -0.0017605546535792 5.99459238865508 0.0282587795231151 0.0386717861675349 -12.0549860243451 -3.28580068071879 0.0215181669076962 3.29616325760124 12.0880761623399
"etap[47]" -0.00828899804179737 5.96719994387165 0.0281296503000508 0.0360776285665624 -11.9946739638243 -3.27935025109049 0.0142690425825062 3.31232089884085 11.9314168193328
"etap[48]" 0.0211669964498902 5.89873583056661 0.0278069073748114 0.0385133252959933 -11.9310095895172 -3.27312553100902 0.0119509938901464 3.30936309011806 12.0187325995717
"etap[49]" 0.034603707459667 5.98523091126869 0.0282146490955029 0.0399836874131573 -11.8168817475545 -3.27257378204007 0.0504608245136373 3.27652999603843 12.2599501625889
"etap[50]" -0.00345945941603217 5.97293669427832 0.0281566936008144 0.0428047158224941 -11.841099726131 -3.34060822670207 -0.0188776793515897 3.29002845314842 12.0174594349047
"etap[51]" -0.0546943072137836 6.04620508030368 0.0285020840848486 0.0398741921201299 -12.232416795194 -3.33622646652981 -0.0211310582400524 3.25104059086883 11.8012673568748
"etap[52]" 0.0219290813225301 5.96721117596691 0.0281297032486557 0.0428757213154121 -11.8988144063847 -3.23358455228321 -0.0168349631284971 3.23293893548872 12.1554574491395
"etap[53]" 0.0114844119135219 5.9790906266813 0.0281857035163685 0.0384104554697786 -11.9482017963869 -3.26680558721518 -0.014808842749445 3.27557366257367 12.1867294702772
"etap[54]" 0.0157483921869616 6.00531470474551 0.0283093250058989 0.0446522767829739 -11.8074827854426 -3.26315653838186 0.0211570548450943 3.28249456024599 11.853333678888
"etap[55]" -0.0028313031036477 5.94960011555095 0.0280466839136956 0.0380013557467851 -11.9831273233809 -3.26895209805682 -0.0206829049277878 3.28559295606355 11.8604490943486
"etap[56]" 0.0553875917284671 6.0331128785471 0.028440366853897 0.0396479600029554 -11.9110913271271 -3.27282687793278 -0.000918129848491132 3.28163623858399 12.3493034904751
"etap[57]" -0.0191640970132975 5.85413963494464 0.0275966788925486 0.0365901536607849 -11.9956015385463 -3.23851187320182 0.00650565952876512 3.25847114573125 11.7631528613101
"etap[58]" -0.00726689912023315 6.00140996208637 0.0282909178724785 0.0456237790491146 -11.9243401409783 -3.34004338838268 0.00903291927437389 3.26305037894119 11.9003415231731
"etap[59]" -0.0582265797161633 5.90410141004899 0.027832200959058 0.0384351049641212 -12.1056512968395 -3.26516710739555 0.00603440833450601 3.23524034645501 11.7013299804394
"etap[60]" -0.0813926597355007 5.92397622238532 0.0279258917229102 0.0381939770372176 -12.1806930193297 -3.3316311012588 -0.0219200374417969 3.20851450710271 11.7566803482668
"etap[61]" 0.13324825005539 5.8864192087226 0.02774884626263 0.0406248058103458 -11.5168449358977 -3.17223363964021 0.0694186633828708 3.32447957742596 12.1896876851313
"etap[62]" 0.0487363857989503 5.91873967682678 0.0279012064104139 0.0381474192143832 -11.7121990199995 -3.2315204266576 -0.000791506035423809 3.28676597473397 12.1194346097529
"etap[63]" -0.0251159148403972 6.0524588469427 0.0285315646235046 0.041262659687793 -12.2806110233209 -3.31248107101694 -0.0101026513562105 3.27499971784303 12.068739774021
"etap[64]" -0.0211364059636961 6.04255366173736 0.0284848711326539 0.0450342885778596 -12.0752022609275 -3.27643894778378 -0.0306462374689279 3.25610787289719 12.1313437028687
"etap[65]" 0.0370467337080524 6.10020417412251 0.0287566382542967 0.0418298206539591 -12.0873485091762 -3.27345870782188 0.029743770943567 3.33379691357159 12.0935391821227
"etap[66]" -0.0557680570234046 5.95284486476306 0.0280619798081699 0.0437643343344258 -12.1548532764678 -3.30317875347856 -0.000472777466699189 3.24155448382924 11.8279578737671
"etap[67]" -0.0156284213372429 5.95744183477043 0.028083650132604 0.0394677964904035 -12.1706961675094 -3.27722325470925 -0.0297585174085764 3.31516252910118 11.9374310290238
"etap[68]" -0.0452076699752753 6.11881681781726 0.0288443790981125 0.0511806456776168 -12.198747987734 -3.34027236392576 -0.0150444738426956 3.28094642786896 12.0127175973975
"etap[69]" 0.0468739666362723 6.11491153194366 0.0288259694039546 0.0446572829786136 -12.0932741944522 -3.28538858578188 0.0354819614270863 3.3489356893902 12.3533350712185
"etap[70]" 0.0331422341532074 5.95701306704834 0.0280816289021783 0.045053027233198 -11.7700974941662 -3.29077030345769 0.00404102268182154 3.27791311036466 12.0680559076382
"etap[71]" -0.0529957288944914 5.95597920736451 0.0280767552408902 0.0385511513301734 -12.2118863974862 -3.30030795427239 0.00318045690197925 3.18935036849767 11.7858005845702
"etap[72]" 0.0227505344580524 5.9268900964384 0.0279396278569265 0.0392104673042922 -11.9627949670286 -3.24018359005543 0.0410707181411934 3.28058099311237 11.7960255529472
"etap[73]" -0.0239846849350751 6.01693705004167 0.028364113267047 0.0419131343403812 -12.1655105022673 -3.32411556808269 -0.0304765613515146 3.29798756000041 12.024468932115
"etap[74]" 0.0395203392751783 5.97343644010864 0.028159049425251 0.0404666825150887 -11.8367565116531 -3.23767998800184 0.0388742746818897 3.24370547667723 11.9349792629006
"etap[75]" -0.0177318285798676 5.87122220306211 0.0276772068909216 0.0388635683994271 -11.935249741906 -3.27755538791408 -0.0273338908066745 3.19917350051952 11.9038686114966
"etap[76]" -0.00382420648009503 6.02090978317233 0.0283828409106239 0.0382475399676978 -12.0207061382052 -3.29551782366218 0.0274459581062492 3.27591145522355 12.0130625730972
"etap[77]" -0.0163572552482188 5.94279329804366 0.0280145962682443 0.0395267391235948 -11.8255244464028 -3.31901605344246 -0.0364726938386015 3.25134290600225 12.0069854412783
"etap[78]" 0.00927909917993934 5.97252660159188 0.0281547604053511 0.0409807211996731 -11.9702919653906 -3.20937114177748 0.0375415280534542 3.27507323112646 11.7634984693616
"etap[79]" -0.00941563683633442 5.93787154354051 0.0279913948950142 0.0366526582933664 -12.0513826029615 -3.30596151156742 0.0141023895541354 3.28971204130385 11.8761686800926
"etap[80]" -0.00599033001235658 5.95417871712836 0.0280682676485205 0.0379229368281007 -12.0001187381099 -3.29831137263262 -0.0158495261012615 3.24525406993702 11.983823800352
"etap[81]" -0.0299014932210953 5.93216144685268 0.0279644772410862 0.0392512475755353 -12.0206416301129 -3.29381177159052 -0.0200499094328361 3.22762383922523 11.9814621145275
"etap[82]" 0.0580906975149574 6.0348437689098 0.0284485263493167 0.042388223155729 -11.8794208876629 -3.24233362695717 0.0288489829727432 3.29518913761506 12.1679515364186
"etap[83]" 0.024243737440814 6.01806932997316 0.028369450885832 0.0391750104955632 -11.8785961506791 -3.22221564865942 0.00350141907959402 3.29807972244331 12.1917358508895
"etap[84]" -0.0343697654799392 5.94159620245125 0.0280089531055035 0.039970432511645 -11.9722133659268 -3.30580562379986 0.0181493017005818 3.25018334822444 11.937508411028
"etap[85]" 0.0138434740795876 6.05649257896509 0.0285505798186148 0.0356950947730356 -12.1003147703378 -3.24556566149363 0.0138712794573545 3.28090302755791 12.0767825886822
"etap[86]" 0.0315010771959611 6.00930059004365 0.0283281146493879 0.0419353796605019 -11.8526981299165 -3.23215376422313 -0.010445608789989 3.30571721091128 12.081210694929
"etap[87]" -0.0168369656516916 5.9512881090128 0.0280546411911855 0.0482479845251685 -12.0085201084026 -3.3044745990982 -0.041713748943543 3.22499578290062 12.0134094386148
"etap[88]" 0.049747358996928 5.99641177256255 0.0282673561811055 0.0387772653467919 -12.0411351865569 -3.22260063199481 0.0502455983072521 3.31148512757035 11.9896725961073
"etap[89]" -0.0412214676245193 6.07047162226347 0.0286164776606867 0.0427078499824854 -12.1231605569862 -3.29105800690767 -0.0160570414088339 3.23831453280645 11.9568574740424
"etap[90]" 0.0143608505354923 5.92772722969997 0.0279435741409666 0.0384434458746592 -11.8564472196974 -3.26088630783825 0.0131304854010396 3.26643323639627 12.0948240960879
"etap[91]" 0.0364272141419934 5.92003925113667 0.0279073326624618 0.0401684234915881 -11.9470888541546 -3.22855739135629 0.0597829868411915 3.31089532319131 11.8640473886965
"etap[92]" 0.0180611221886225 5.94740251109125 0.0280363243069235 0.0390322241925567 -11.8379300091652 -3.24867407591069 0.0240024348788229 3.29391174507505 11.7811954584848
"etap[93]" 0.00406670902619231 5.97722345059491 0.0281769015638861 0.0361507285374434 -12.0111678766755 -3.32695678018463 -0.0256152233478748 3.31812316425314 12.0159677091418
"etap[94]" -0.0587381239214313 5.96027203601525 0.0280969918292196 0.0425285494418091 -11.9280985988865 -3.30273809562192 -0.0411288738637072 3.22387894025853 11.5976046493764
"etap[95]" -0.0462380672016948 5.93101635535265 0.0279590792279879 0.0360113249967982 -11.8961949435505 -3.33060005799669 -0.0190523195422708 3.23658243571114 11.8136751473021
"etap[96]" 0.0356191890525167 5.98076496722691 0.0281935964333939 0.039259691270166 -11.7329506571102 -3.26666104597937 0.0268887488433581 3.30336094560259 12.0833534607496
"etap[97]" 0.0181747523189655 5.92416217786449 0.0279267683254457 0.041067588846773 -11.7586879714985 -3.25700581456043 0.0125493671069935 3.28510391853752 12.0244087356922
"etap[98]" -0.0674620362601013 5.94265297148369 0.0280139347624967 0.0393925836515861 -12.1645433272726 -3.29971384529757 -0.066157613147401 3.17159231418684 11.786100078686
"etap[99]" -0.0258699487828135 5.92703371479436 0.0279403048803493 0.0425047932981426 -11.8419290743322 -3.27517402596668 0.0141960760320321 3.24447150920311 11.6887136385505
"etap[100]" 0.0656528877867011 6.04202703188598 0.0284823885757267 0.0386994272836921 -11.7558508053901 -3.26529666533677 0.0425884255614686 3.37648200942763 12.1535723673783
"etap[101]" 0.0145667512398248 5.89967558309491 0.0278113374107141 0.0388120900647605 -11.755824336957 -3.2400904469894 0.000474203462059141 3.26473903804572 11.9252469791882
"etap[102]" -0.0296815542018896 6.00774680686263 0.0283207900452293 0.0495956106184566 -11.9805419666579 -3.30144422864443 -0.0088198130247653 3.28141295568781 11.8978615558649
"etap[103]" 0.0243261775469468 6.05872429391264 0.0285611002237687 0.0408784347398195 -12.130825153029 -3.29797431753803 -0.0112632137970603 3.28379257437398 12.1443232764601
"etap[104]" -0.0067786798251986 5.96198076435307 0.0281050468518521 0.0397743607609431 -12.0152738375611 -3.22648188423425 0.0247226892399509 3.27077141481403 11.9487693391943
"etap[105]" -0.113207046528553 5.86086597672219 0.0276283871717719 0.0375406992025243 -12.1142548259862 -3.28997006075868 -0.0480562453850985 3.15968795233707 11.4743467473135
"etap[106]" -0.00642600281024278 5.86142848499365 0.0276310388611933 0.0379465726724189 -11.7023331956061 -3.25446889808182 -0.016684337665287 3.21813100173222 11.7829349958608
"etap[107]" 0.0148769164460953 6.03686926728481 0.028458074640225 0.03910667080778 -11.9912262185501 -3.30501866056601 -0.0126118467817589 3.29426074559482 12.1161035195667
"etap[108]" -0.00663494990039934 6.00808339404932 0.0283223767324438 0.0463910909966613 -12.0190402826122 -3.33572542103852 0.000868648602240023 3.31590517454245 11.9621151146282
"etap[109]" -0.0589751174890191 5.99254666080872 0.0282491358695643 0.0447916103615339 -11.9329629014569 -3.33729707120224 -0.031732742500571 3.24885637765971 11.9264194262083
"etap[110]" -0.00941346345852513 5.91563560671174 0.0278865736835631 0.0349538797412288 -11.6626244493208 -3.27260697593843 -0.0664783829417783 3.21420004879595 11.954853507714
"etap[111]" -0.0741824742881026 5.96132469829732 0.0281019541268059 0.041118450480849 -12.0601721771546 -3.27933100268752 -0.0369937169273531 3.23760154767185 11.7344331456685
"etap[112]" -0.011101013109371 5.92808834994586 0.0279452764781312 0.0413378682502103 -11.9212697850318 -3.29987634377504 0.00743023306911862 3.2535217433804 11.8197626502609
"etap[113]" 0.0179557894803829 5.95712535686339 0.0280821582414429 0.0395338358863243 -11.8639718484549 -3.27593944096382 -0.00241936429401053 3.28334516475865 12.1671123007823
"etap[114]" -0.0402994522897763 5.97681296103825 0.0281749664975586 0.0378980671382048 -11.8346613030008 -3.367731193284 -0.0624392303046317 3.20565034416818 12.072700581321
"etap[115]" -0.0269194500295756 5.9764578898929 0.0281732926761274 0.0393683374332528 -12.0146508839493 -3.31311415952098 -0.0315432925359842 3.24906417837182 11.9149270696102
"etap[116]" 0.0367229318136493 6.08062896375493 0.0286643598276696 0.0454034258199776 -11.8831511439124 -3.28729880681392 -0.0144626256247532 3.27109962692829 12.1219287978516
"etap[117]" -0.017588357757472 6.02535104515142 0.0284037772203735 0.0421593492670728 -12.1620021734884 -3.21828160604377 0.00424783687272552 3.24116943344082 12.049450497968
"etap[118]" 0.0310468546110074 5.95115788850005 0.0280540273258013 0.0394039355967987 -11.8388499325924 -3.26681401089213 -0.0061714634535231 3.27697744025468 12.0789001839476
"etap[119]" -0.00653712089758238 5.91693211969077 0.0278926855043589 0.0401711063054696 -12.1674066117578 -3.24353040435073 0.0177681281244673 3.28657544756549 11.652936682415
"etap[120]" 0.0773182771863165 5.96164175121044 0.0281034487285716 0.0378004817502185 -11.6624067536874 -3.21986305663747 0.0594711719070917 3.31212503583471 12.0560447514937
"etap[121]" -0.0169789822773197 5.94804793241893 0.0280393668522403 0.0385078474480505 -12.0048012427383 -3.31757433952132 -0.034230129199221 3.23489640878805 12.0972447126963
"etap[122]" -0.0327595595150424 5.96216972839192 0.0281059376368739 0.0425330320119432 -11.8774240960939 -3.28666968889063 0.00481019165071864 3.27011368566283 11.7059477382904
"etap[123]" -0.000977467449213481 6.00630044003124 0.0283139718065989 0.0455060640911314 -11.8468692514437 -3.31438985959488 -0.00362437923005308 3.27612871741257 12.0084930049027
"etap[124]" 0.0217512796698468 5.99314973108743 0.0282519787701217 0.0438960375324142 -11.9285586250714 -3.21599861845738 -0.0211115916050063 3.25561068829259 12.0974127015686
"etap[125]" -0.00141846952107984 6.00670590479853 0.0283158831858421 0.0380380188643393 -11.9619783332781 -3.30088554914511 -0.0135662089558874 3.23480506639889 12.0434904227858
"etap[126]" -0.0187525520043397 5.95393339148755 0.0280671111723591 0.0360242527437422 -11.8697444471617 -3.31929513686315 -0.0474424614955181 3.25046213232152 12.0367286918723
"etap[127]" 0.00763160558231455 5.95293580696293 0.0280624085138113 0.0387169884386249 -12.074968817761 -3.32237712870384 0.0363892262366466 3.31641971795516 11.9495540827961
"etap[128]" -0.0491820949830741 5.93077452198111 0.0279579392145417 0.0420796397235042 -11.9002692047343 -3.30216995064437 -0.0390508406002439 3.21192655045901 11.7156830787295
"etap[129]" -0.0330157476549664 6.02302288760798 0.0283928021804626 0.0409345986837105 -12.1797297835374 -3.31340174922447 -0.0255033278466665 3.26200169692674 11.9789938898593
"etap[130]" 0.0149289705302653 5.92460839122878 0.0279288717954173 0.040007811006117 -11.8660979502858 -3.25058911145337 0.0104742846861913 3.28526137008178 11.9406711222085
"etap[131]" 0.0282542578554625 6.03834816569118 0.0284650462341706 0.0434598866248148 -12.0165175651924 -3.27483729516323 0.0407327233712546 3.28925565287361 12.1765546096383
"etap[132]" -0.0496503900592138 5.94933839112527 0.028045450132921 0.0399822425208724 -12.1011680837995 -3.32567720923788 -0.0272558934817232 3.29531851057025 11.8500559389867
"etap[133]" 0.00348138549985292 5.9258398666168 0.0279346770260688 0.0411045800710892 -11.9275249447216 -3.24294223522794 -0.0359999096565948 3.24318405009884 12.0611697425547
"etap[134]" -0.0799283382380323 6.00694573579924 0.0283170137600217 0.0427310298493943 -12.2722618885377 -3.31358157786668 -0.056004865044251 3.17533996730642 12.0556339216222
"etap[135]" -0.0311037516031146 5.98411907698261 0.0282094078584146 0.0396428511091091 -11.9837161124495 -3.26085259439334 0.00472812470726852 3.25335898457833 11.87892754736
"etap[136]" 0.00992675920883829 5.90672272402818 0.02784455795166 0.0370966388663684 -11.8636310231107 -3.28108796803174 0.00209933755938836 3.29878258896498 11.8564357436838
"etap[137]" 0.0174802893252003 5.95369541088627 0.0280659893210461 0.0400723354343075 -11.966723704127 -3.2059237779532 0.0314455701572642 3.26927003628626 11.8650457674594
"etap[138]" -0.0627358808148318 6.00918217192878 0.028327556421041 0.0395075639042402 -12.0965646419606 -3.31746365170796 -0.0707083677513896 3.22987733837518 12.0001418442847
"etap[139]" -0.0725484116724826 5.91241831170327 0.027871407209446 0.0400660436809314 -12.1555490922205 -3.31128520677237 -0.0409453449042841 3.22127163259301 11.8646620658617
"etap[140]" 0.0634166312065282 6.01932263416803 0.0283753590184659 0.0442288878113562 -11.9994216436709 -3.25614101427091 0.025268643940816 3.38545421279565 12.0125086669502
"etap[141]" 0.0187889711037489 5.9401733571388 0.0280022457483767 0.0379494604166097 -11.7917295824978 -3.2744361699785 0.0280179917798133 3.29169495824185 11.869511198125
"etap[142]" 0.0375988142229256 6.05428868854466 0.0285401905795396 0.042406877789825 -12.1040411985747 -3.25214457229927 0.0645873744194908 3.36010480639785 11.9538935334515
"etap[143]" -0.0229840775898636 5.94335138002448 0.0280172270919316 0.0386452851920506 -12.0778007318533 -3.2182368093166 -0.00726192302184028 3.22001752750075 11.9324859166554
"etap[144]" -0.00897831653734341 5.94100547681169 0.0280061683981331 0.0392022869390147 -11.8519261457745 -3.31811734609039 -0.0305160080971437 3.24991850794552 12.0341332205235
"etap[145]" 0.0452646081637222 5.92366310736131 0.0279244156845317 0.0443821817648521 -11.5805064785049 -3.26164663791994 -0.00975977568050316 3.27396840481568 12.084545448938
"etap[146]" -0.0600363602580972 5.98127142982784 0.0281959839209908 0.0399627552038854 -12.1153162235297 -3.32124520260699 -0.0282754586774268 3.24644901169709 11.8249313234111
"etap[147]" 0.0736123103784977 5.96170312462354 0.0281037380456156 0.0462520979986859 -11.8615803720294 -3.23253770915798 0.0495950732439247 3.31856391264061 12.1286083934922
"etap[148]" -0.00665026969860406 5.9240877291565 0.0279264173708705 0.0371601957822731 -11.9280849478202 -3.27128176736201 0.0176132416994789 3.30514902589237 11.7858434891581
"etap[149]" 0.00267432966551483 5.98740202307592 0.0282248838147136 0.0433977385153263 -11.8255460873283 -3.29873760010726 -0.014680193321733 3.29131537247308 12.0842873545386
"etap[150]" 0.00238858005779457 5.94611719778825 0.0280302652819068 0.0408039809991739 -11.8983761638374 -3.3240814744896 -0.0015566716558869 3.28107732535069 11.9917238852973
"etap[151]" -0.0071232587665671 5.95824917769963 0.0280874559836705 0.0409900781233546 -11.8126016619113 -3.31000896832952 0.0133335823656316 3.26261936226865 11.9250523796099
"etap[152]" -0.0682510883585144 5.93805943992867 0.0279922806470824 0.0420298778908625 -11.790129686363 -3.30128269272914 -0.0375297437186361 3.20457917628388 11.6919414791866
"etap[153]" 0.111841473259855 5.88202667033045 0.0277281396380719 0.0378089493447003 -11.6912542486562 -3.15840034144009 0.0421737416245628 3.3673796540813 12.1159063762335
"etap[154]" -0.0351771266371761 5.96461513498911 0.0281174653941248 0.0424062173036597 -12.0133723169675 -3.32202109116426 -0.0262442173119263 3.2388819330436 12.0025345299693
"etap[155]" 0.0334145445783249 6.10196543525481 0.0287649409188973 0.0458697221074639 -11.9835539861772 -3.28321856339375 -0.000226962958591545 3.31956723626346 12.2337885502849
"etap[156]" -0.0828599363938728 6.04166992690938 0.028480705166723 0.0456106874591018 -12.2781884555358 -3.3257378821521 -0.0716280890093705 3.20440437655353 11.7208619874992
"etap[157]" -0.041698500210256 6.00073178997471 0.0282877209384854 0.0406707139322234 -12.1859271338301 -3.30657169336995 -0.0131831687915104 3.21629674106716 11.889934290652
"etap[158]" 0.0180579121690718 6.08254492348747 0.0286733917484654 0.0400652837714802 -12.1566839987264 -3.25919908056194 -0.00339297751679629 3.31141851434247 12.2167048234828
"etap[159]" 0.00571270136315597 5.9413063570757 0.0280075867612998 0.0427523654558132 -12.0094287157004 -3.22301359769567 0.00898369387101094 3.29601288366886 11.8050685626702
"etap[160]" -0.0101150064967403 6.02145217121104 0.0283853977523586 0.0404676739428774 -12.0630580322712 -3.27220447574825 -0.0282719070937492 3.2387469393875 12.0029269722097
"etap[161]" -0.0170204436962274 6.00528759400848 0.0283091972046589 0.0402052219233566 -12.040661171029 -3.32006054903478 -0.0377661628088488 3.29198276401395 12.1512049760085
"etap[162]" -0.0824809672186796 6.07138030492551 0.0286207612318352 0.0396441583127406 -12.5409711830634 -3.27099885228361 0.00205633698032175 3.22832865930254 11.8363328368806
"etap[163]" -0.0163541146023584 5.92305186367875 0.0279215342541791 0.0390313614247145 -11.8179968330297 -3.29242517168068 -0.00929056418905544 3.27064772712128 11.8155871681916
"etap[164]" -0.00267039409727222 5.86481345502978 0.0276469957629711 0.0454389745627592 -11.7431474390472 -3.26380104009589 0.00383006486097941 3.23418913998156 11.8109768577561
"etap[165]" -0.044055880306078 5.90542808500182 0.0278384549647619 0.0369464860142156 -11.8905002148242 -3.25823727931405 -0.0572384357049775 3.2231187673404 11.7300985676013
"etap[166]" -0.0560970834512596 5.98473026111365 0.0282122890080387 0.0390497875411775 -12.2581804990893 -3.25615591178591 0.00782592960299997 3.24993379839405 11.6107802504179
"etap[167]" 0.100084087203527 5.9977878896192 0.0282738432591219 0.0407388877139948 -11.598929876018 -3.18488006261101 0.0253997630486623 3.32214426801315 12.1829528917589
"etap[168]" 0.10324911257904 6.01852925566104 0.028371618996317 0.0421425386052997 -11.8673647101386 -3.2102727800955 0.0668039199404812 3.35617242668955 12.2461876319753
"etap[169]" 0.0594972089498275 5.8826738191404 0.0277311903268183 0.040162927038344 -11.7405107717842 -3.25224539629926 0.0413304428782096 3.35195966145005 12.0927378304129
"etap[170]" -0.0609005679851977 5.98072568151183 0.028193411238757 0.0431961002635506 -12.1417929922806 -3.28245307127524 0.0161871679794699 3.24329796971928 11.7100016047838
"etap[171]" -0.00876804489047872 5.98537628130563 0.0282153343764289 0.0433206707299543 -11.8937329705366 -3.32010826907303 -0.0339745599489133 3.32177856973081 11.931517477175
"etap[172]" -0.0213245510156782 5.94830909547773 0.0280405979867061 0.0448764197886271 -11.758747951937 -3.32423088247295 0.0105165182967842 3.29019558969339 11.8033398086138
"etap[173]" -0.0259366052923864 6.04116155826047 0.0284783086939298 0.0443249246872431 -12.2690431912238 -3.29924823294513 -0.0536190814725795 3.26927661194563 12.0638323026925
"etap[174]" 0.0239397781133058 5.98871002674648 0.0282310498031487 0.0435003257982354 -12.0201258452367 -3.2286944024248 0.048068772935067 3.28694467884185 12.0762218465216
"etap[175]" -0.0155313946731884 5.96198207135869 0.0281050530131356 0.0424389273836537 -12.0030318144036 -3.31334855085598 -0.0271412924519231 3.24163042407012 12.0863849066039
"etap[176]" 0.0111555303866658 6.00237792615501 0.0282954808988577 0.0434917506022617 -11.8736145104111 -3.34168048457108 0.0454283536022662 3.33740238618033 12.0003542011068
"etap[177]" -0.0675488944591645 6.02061422991715 0.0283814476592176 0.0434415135604859 -12.2001646708194 -3.32176416127538 -0.0622556360024301 3.18377697243729 11.8999877537607
"etap[178]" -0.038928103579798 5.90974683012672 0.027858813724522 0.040944437301269 -11.8368834382451 -3.32451505796 -0.045402143035293 3.23088284189504 11.9756787094479
"etap[179]" -0.0339385563334263 6.01202480491405 0.028340956721443 0.0398060320058359 -12.1577084446344 -3.26313719090872 -0.0386263634312105 3.23950338134942 12.030454520781
"etap[180]" -0.0251316566565064 6.00453083359561 0.0283056298018611 0.0383902573447795 -12.1167675935779 -3.29399882389982 -0.032531233581203 3.24985126444938 12.1517956737732
"etap[181]" -0.0113889540113439 5.98902306141821 0.0282325254627429 0.0404307316201372 -11.8187837759542 -3.31029599114593 -0.0135871800420962 3.28546213801906 11.9012887476132
"etap[182]" -0.0274418691734766 6.03216302510049 0.0284358892018088 0.039383657859096 -12.0245854538163 -3.2811663509594 -0.0287906598491587 3.27984214446725 11.8219654103959
"etap[183]" 0.00752635754513288 5.92880269177662 0.0279486439178154 0.0387377309635181 -11.8176209719088 -3.25731600725356 0.0138917187156346 3.28953065637339 11.9649292105376
"etap[184]" -0.0314942470576356 5.97988405477727 0.0281894437722821 0.0406384190490177 -11.9479275390553 -3.28743836323528 -0.0344798874395693 3.23530882283208 11.9845777612211
"etap[185]" -0.00598434342452811 5.99383876914619 0.0282552269266807 0.0402947471834083 -12.1740674300357 -3.21469716981744 -0.00528356726409104 3.2565949720068 11.9174037458631
"etap[186]" 0.0226700473167427 5.87704484933461 0.0277046551086798 0.0364559972365806 -11.7700405472939 -3.27365796135971 0.0148679118376003 3.32327050729324 11.9777093534373
"etap[187]" -0.0218769702083567 6.02798344060236 0.0284161864515343 0.0444684807894125 -12.0369421667705 -3.27402567424369 -0.02256281061628 3.25387555121395 11.9743744991808
"etap[188]" 0.00713675146975174 6.01521904795134 0.0283560145275259 0.0394180202791794 -12.0827139839337 -3.25921690618751 -0.00293865847664658 3.29432259649516 12.1024807966908
"etap[189]" 0.0118452443729724 5.95242841764398 0.0280600166576238 0.038545113573039 -11.7246006755111 -3.24413025845061 0.0212660559030876 3.27662524702856 11.973848376542
"etap[190]" -0.0564744382736574 5.9949235597177 0.0282603406784759 0.0392940223789245 -12.1043105980132 -3.35196285743253 -0.0337433465117819 3.24261092898019 12.0606070035756
"etap[191]" 0.0380900288664577 5.94286232674064 0.0280149216726425 0.0432835354265946 -11.8683755659407 -3.17994622949673 0.027437249609155 3.29757165443659 12.0053712000176
"etap[192]" -0.0267269324281508 5.95048919814276 0.028050875089227 0.0387226369300871 -12.1086186203657 -3.31421382993746 0.0134723837820022 3.23652866701183 11.9050208549289
"etap[193]" -0.0637169647915422 6.10004476312165 0.0287558867836321 0.0439412854742789 -12.3173549350046 -3.32847625450772 -0.0334772931480084 3.30673043983411 11.8698031356145
"etap[194]" -0.0451798721308634 6.0098739726751 0.028330817601034 0.0373070195947132 -12.0968088406051 -3.3940342883635 -0.00800198466782841 3.28006825403147 12.04043720698
"etap[195]" -0.021079385403669 5.95730055211253 0.0280829841197676 0.0402695789987179 -12.1323568959425 -3.3297410804552 0.0342002006398511 3.27651294650126 11.9408286399464
"etap[196]" 0.034920575925984 5.89308142363325 0.0277802522449036 0.0380968466223595 -11.7945294620643 -3.21530722877523 0.0520998383640344 3.29782469679752 11.8311304597215
"etap[197]" 0.0530046743288475 5.8475831541969 0.027565771345899 0.0425409393111461 -11.5514939797039 -3.26114825336153 -0.0100161165712344 3.2564806693532 11.9822525687427
"etap[198]" -0.026567031527306 5.96719189667613 0.0281296123652074 0.0396132290246971 -11.909082155964 -3.30167755801319 -0.0118192113477927 3.25988676775607 11.8883826314952
"etap[199]" 0.0293618266562796 6.01442534686694 0.0283522729847325 0.0429731077269962 -12.1764194760165 -3.22621108130902 0.0508628854759937 3.22591668000945 12.0407748331804
"etap[200]" 0.0131189750646674 5.93545362902664 0.0279799967366869 0.03569849820772 -11.6477090380145 -3.29224927172264 -0.014821002878849 3.25518939916972 11.8654132024283
"etap[201]" 0.0432324876815513 5.90209321742664 0.0278227342482501 0.03866204647171 -11.697765678397 -3.21829327277196 0.0145777407247353 3.26442147611995 11.9972196184952
"etap[202]" 0.00368522278115674 5.95945172869517 0.0280931248634283 0.0389459395440885 -11.9663086485918 -3.21925852731775 0.015526152315963 3.28139416661128 11.7618021053087
"etap[203]" -0.0496376596995087 6.03613409084398 0.0284546089852472 0.043841024101783 -12.1917614735394 -3.31933021898389 -0.00329132255263979 3.24009149135177 12.0013341724387
"etap[204]" 0.0338862861421119 5.95704654102185 0.0280817867000028 0.0405816377641658 -11.8990983558491 -3.25542994124516 0.0544590946956026 3.29240145460137 12.0436070742492
"etap[205]" -0.108371184070836 5.96263512705933 0.0281081315472318 0.0405556455460929 -12.1411057622907 -3.31190926524532 -0.0705406705403212 3.13839461584537 11.6935189052478
"etap[206]" -0.0207595662356293 6.06123216749619 0.0285729224532173 0.0464567408266546 -12.1887347771893 -3.25346645562603 0.00508793964473495 3.2195180219015 11.9559265030052
"etap[207]" -0.0376645419433835 6.00526815877285 0.0283091055860796 0.0429725476901112 -12.1704574257902 -3.29970061786209 -0.0158434012032325 3.25330113891944 11.83302928672
"etap[208]" -0.000706351650353456 5.89500522699305 0.0277893211409129 0.0404995263220552 -12.0108016764033 -3.26032322122773 0.0262964472090812 3.24395883638859 11.7481858576454
"etap[209]" -0.0493529759057744 6.03034625179441 0.0284273248503114 0.0404463056898389 -12.2058145120157 -3.34090345403641 -0.05893436457688 3.23775106013837 11.930686135418
"etap[210]" 0.0631314553859673 5.95118822707703 0.0280541703432248 0.0427086509088321 -11.8654665275143 -3.20765940120353 0.0335969245824256 3.40025191675912 11.9566241405422
"etap[211]" -0.024997596276162 5.94329628835497 0.0280169673873109 0.0406989342764801 -12.0626624629158 -3.33211943794208 0.0127136974831489 3.27446100420622 11.8858510565097
"etap[212]" 0.0173721928302312 5.99049610140005 0.0282394694398104 0.0422211465389169 -11.9699953404902 -3.24213998774256 0.0235707126833491 3.2809846289494 11.8608687234764
"etap[213]" 0.0695611780419891 5.97354918954515 0.0281595809311919 0.0417456473219461 -11.7986187713007 -3.23544431617336 0.0499053600163069 3.34213955748124 11.9507855973877
"etap[214]" 0.0561312469357999 6.00985067591866 0.0283307077790709 0.0413801609225369 -11.8427225782647 -3.22436328242359 0.0145933607119664 3.30556580385597 12.1376368045436
"etap[215]" -0.00944338857745889 5.96876103066883 0.0281370093337862 0.0387811220725939 -11.928077804218 -3.28664085264723 -0.0318913911726292 3.31077455868472 11.9989972176059
"etap[216]" 0.0776268778294644 5.96860525785111 0.0281362750136813 0.0389565036055241 -11.9084627088374 -3.22986970633228 0.0390663442382181 3.3413841758535 12.0698163161931
"etap[217]" 0.0107161739062081 6.0868838895251 0.0286938458305223 0.0399493812172487 -11.9458097200512 -3.29034201714156 -0.0277423609141484 3.29109315466405 12.1935486361395
"etap[218]" 0.0809514117352225 5.91270700472674 0.0278727681214098 0.0424508920170298 -11.546724403485 -3.21987502165581 0.0384840884037957 3.33596222567564 12.1493100671145
"etap[219]" -0.0523754616894202 5.9508512290969 0.0280525817195115 0.0404514197367195 -11.9790482769433 -3.25520297214015 -0.0656564211306759 3.18394470091763 11.8375367247344
"etap[220]" -0.00266389128309868 5.95086069680278 0.028052626350705 0.039194121636145 -11.9349474465962 -3.28843685602643 -0.0181262915395372 3.21938007083171 11.9960980069281
"etap[221]" 0.0425281646384396 5.98875917090941 0.0282312814709545 0.0399122071909372 -11.7752688005904 -3.2561502368335 0.0346123496559647 3.31584756107507 12.2056710120608
"etap[222]" 0.0409010045419307 6.0085092896116 0.0283243844233782 0.0359290184272942 -12.0308728532426 -3.27131238529466 0.0545427262480058 3.33271357203366 12.0674276869485
"etap[223]" 0.0217201671228262 6.05019866497774 0.0285209100235437 0.0457532265302197 -12.0861118073855 -3.28597509086723 0.0258446861573958 3.29767596364658 12.1400071879914
"etap[224]" 0.0861811112924308 6.01609710220966 0.0283601537149946 0.0436828547664954 -11.933277652627 -3.1894571075158 0.0844224496836091 3.32066218153431 12.06169618429
"etap[225]" -0.0266241002603335 6.07559503738429 0.0286406296711851 0.0448603354854218 -12.0425387738918 -3.3233028077527 -0.0148538623349894 3.23886815215288 12.1180236587809
"etap[226]" -0.0188693083217127 5.95129884314701 0.0280546917923794 0.0368044406385928 -12.0027878961478 -3.26151128643081 -0.016967596929812 3.26910375416731 11.9135366597217
"etap[227]" 0.0165663231026882 6.04799728399183 0.0285105326140563 0.0391467534377232 -12.08645104907 -3.30864477845393 -0.00810748112497436 3.3055536183997 12.2716470069872
"etap[228]" 0.0122518083017968 5.99593172412194 0.0282650932110545 0.0391883215468861 -11.8101757215434 -3.24576065401883 0.0163562800460174 3.28944543419263 11.9249190895629
"etap[229]" -0.0238210072908244 6.01732554897926 0.028365944668602 0.0426578885897686 -12.0895975790339 -3.30174667796903 0.00204261957854043 3.26235043834033 11.957543925178
"etap[230]" -0.0421637978969846 5.96583846741352 0.0281232322384777 0.0399224031099448 -11.9716161331566 -3.30825046738943 -0.0321786002662752 3.24642707179138 11.8357716566328
"etap[231]" 0.0193680073857861 6.07844304632575 0.0286540553140877 0.0432932439851907 -12.0546460766881 -3.28744486515451 0.0251556831576535 3.29741701292923 12.0395544193587
"etap[232]" 0.0989152218962423 5.98674679306707 0.0282217950308303 0.0381636951971895 -11.6381164941936 -3.24869673659533 0.0643225084244458 3.37083266152871 12.2736277437384
"etap[233]" -0.0045372336440636 5.94605282113263 0.0280299618074419 0.0406987544025061 -12.0074661115318 -3.27008354369077 -0.0219825587390148 3.22718220800311 12.0344445805358
"etap[234]" -0.025629463920778 5.94513536030933 0.0280256368556444 0.0469392926591057 -12.0576284047993 -3.27449296922121 -0.00228562947152326 3.27139523958434 11.7895639539361
"etap[235]" -0.00227397783439156 5.96307348496131 0.0281101979861989 0.0414506091684328 -11.9313673778208 -3.26676678432545 -0.00316171474704166 3.27727948263375 11.9004988586498
"etap[236]" 0.0158254619708989 5.8961964688752 0.0277949367089988 0.0411183121923618 -11.8537089827198 -3.24910172922277 0.00631368964894894 3.29374526859533 11.8254377970186
"etap[237]" 0.106390699209727 5.9318031744895 0.0279627883289694 0.0434122772139481 -11.6210761206441 -3.22976498007478 0.0815555135967523 3.3451011308838 12.2943510784848
"etap[238]" 0.0389922978933343 5.98961455797457 0.0282353138042499 0.0392571603247055 -11.7639156756101 -3.2493797169224 0.0128261341209823 3.32196382730491 11.9960667044853
"etap[239]" -0.111754943877102 5.86944571326688 0.0276688324377155 0.0382496585303124 -11.9727371354794 -3.41897707753226 -0.0612141419661379 3.2415813880512 11.5208898226789
"etap[240]" 0.0514896395420927 5.95469212353806 0.0280706878695459 0.0411461161905552 -11.8915937612477 -3.22516387513406 0.0313256459025365 3.28419147248667 11.9508853309214
"etap[241]" -0.0194161873770048 6.01146248573012 0.0283383059233887 0.037883147249478 -11.9270147226464 -3.32416358634898 -0.0390538757982793 3.27360743163943 12.101493499242
"etap[242]" -0.00378470302482784 5.98180687136888 0.0281985080166215 0.0423214790750208 -11.9388773233788 -3.31830408010107 0.00585166045812757 3.28487024367592 11.8652768846299
"etap[243]" 0.0200891145811468 6.01270185450748 0.0283441483638345 0.0443510499032415 -11.7457931479865 -3.28447652048275 -0.00860250085355647 3.27693428596755 12.1089732359562
"etap[244]" 0.0331295717605263 5.97267474462361 0.0281554587582999 0.0424526216016088 -11.7601989627359 -3.25556944188709 0.0197436036292403 3.27829987812698 12.0142196481112
"etap[245]" 0.0455776684653938 6.0598561906648 0.0285664360362291 0.0375240230147627 -12.0906171327893 -3.23585239085047 0.0304272754974079 3.32268633607385 12.1441816369523
"etap[246]" -0.0429585904355299 5.96226236643057 0.028106374336776 0.0401183392072155 -11.8497111422477 -3.31823692811717 -0.027932823771407 3.28216056463031 11.767178450432
"etap[247]" 0.0451301108556167 6.01495721218467 0.0283547802218847 0.0417712117273385 -11.7911045694819 -3.2522772140149 0.0248103183423895 3.29329007423959 12.1973320917444
"etap[248]" -0.0181979264437318 5.94823066491754 0.0280402282614997 0.0394603530284965 -12.0062675616194 -3.30351752066887 -0.00346344527059413 3.28815346408011 11.840010518642
"etap[249]" 0.0316312129144443 6.01180837654041 0.0283399364683054 0.0410589744072453 -11.6943390610301 -3.3067157410817 -0.0141899434269187 3.23456415286269 12.1551461624509
"etap[250]" -0.122964171684684 5.96807352936637 0.0281337684215659 0.0431613548679166 -12.2830089568859 -3.34857726254414 -0.067827863046181 3.20161953433637 11.649553278697
"etap[251]" -0.0432567704232384 5.99150294495815 0.0282442157458605 0.0425049398065165 -12.0471386309777 -3.3058043964217 0.0146967895640406 3.24484814565875 11.820604401676
"etap[252]" 0.0292044716066714 6.00982259523135 0.0283305754054415 0.0445676671247242 -11.9066393916168 -3.22531002898675 0.0145280045377703 3.2959901406134 11.9769531659598
"etap[253]" -0.00398491051070268 5.99446683276284 0.028258187646963 0.042195278458264 -12.0350827611367 -3.29876023905815 -0.000656290205057845 3.23421419366568 12.1958972688495
"etap[254]" -0.0722698166472837 5.93637373300593 0.0279843341484413 0.0417325029311487 -12.2202363587139 -3.30076582157407 -0.0473638975207725 3.2140063342395 11.6363304508767
"etap[255]" 0.0502030293163068 5.98278389507501 0.0282031137505414 0.0392107487361305 -11.8433112575824 -3.22021791265017 0.0334461570960521 3.30593134583394 12.1530070861721
"etap[256]" -0.0508333839112168 5.91102240342098 0.0278648268346972 0.0409596206703722 -11.8190518196027 -3.27913450981096 -0.06017773531467 3.1999823161875 11.7169798575967
"etap[257]" -0.0370823834965269 5.92894344546422 0.0279493074370619 0.0428358483529341 -11.7962047198177 -3.30779642407821 -0.0319407969042652 3.26541076980954 11.8696821593169
"etap[258]" 0.0476687477013054 6.07853987180236 0.0286545117537617 0.0402801543640845 -12.2398861796562 -3.27640361878579 0.0406093846390622 3.35865384413567 12.2485345434747
"etap[259]" 0.000680166569839621 5.92576516706727 0.0279343248890153 0.0399212487092357 -11.9364800940859 -3.22264214832528 -0.00580330051192437 3.23427754819665 11.9015951421167
"etap[260]" 0.0644956550105522 6.00091406956254 0.0282885802127029 0.0436400338886232 -12.0101073944249 -3.22835321947868 0.0449713781863217 3.3007108838247 12.0878859465134
"mean.p0" -1.92407067216036 0.342173994451759 0.00161302367881684 0.0103334005050555 -2.61694648019034 -2.15107833436137 -1.9026994104076 -1.6954908898044 -1.28527755409445
"mumup0" 0.859075272074472 0.124476461092566 0.000586787664911044 0.00301927945591363 0.476637838371387 0.829260372341352 0.891346833062454 0.934643883643713 0.984223130060885
"mupsi" 5.49656258926251 1.30502731718961 0.00615195777078974 0.0126504061941599 3.15096562893368 4.57913212482796 5.4274444093168 6.33660226511221 8.24457760802139
"ppo[1]" 0.138793476674919 0.059287028025007 0.000279481730352529 0.00111687566685103 0.0450972622762958 0.0985451619029113 0.131891346520444 0.167906423707488 0.281139626190691
"ppo[2]" 0.161568048775547 0.0737305662119125 0.000347569222327781 0.00147531079028568 0.0639732692473045 0.112446196855512 0.146872538558896 0.191846789721462 0.355414499247999
"ppo[3]" 0.13927771965857 0.0607302687526489 0.00028628523238853 0.00118547854560145 0.044764857776303 0.0978876788741578 0.13207300483416 0.168356036183534 0.283649484450092
"ppo[4]" 0.122988522097909 0.0604558751104261 0.000284991728354329 0.00127481763626594 0.0249289342477106 0.0844853405957312 0.117924822681623 0.153217440881338 0.253682151174572
"ppo[5]" 0.139733338627669 0.0605922587084621 0.000285634646801088 0.0011975389733343 0.0461041000536821 0.098626287547204 0.132233464961343 0.168668359550863 0.287123340181303
"ppo[6]" 0.139094144054267 0.059659206784945 0.000281236197852301 0.00114681276598689 0.0444533172159164 0.0984482546978976 0.132195562119814 0.168259092540931 0.283644816060887
"ppo[7]" 0.162033182424502 0.074198674487169 0.000349775905899536 0.00150159676102677 0.0643596185851018 0.112527904671908 0.147430212028089 0.192262252086909 0.357154492215577
"ppo[8]" 0.139282765591454 0.0605856432942392 0.000285603461439372 0.00110131600592073 0.0452541164884704 0.0980689417622309 0.13169450181726 0.168647471443529 0.285683540462331
"ppo[9]" 0.161524971739913 0.0731491420504949 0.000344828362545887 0.0014944423606748 0.0637831011416794 0.112561153213101 0.146906379993935 0.191832790753287 0.352939434505325
"ppo[10]" 0.138832408023506 0.059850088835729 0.000282136024469075 0.00113501350371713 0.0457549960513898 0.0981863953107414 0.131699089365016 0.167539160149955 0.282659144564435
"ppo[11]" 0.121843337505886 0.05832616400021 0.000274952173900981 0.0013434200492291 0.0235843773102087 0.0842304639129765 0.117985866153453 0.152211821370961 0.248482861719839
"ppo[12]" 0.122499189008014 0.0580250929000284 0.00027353291112393 0.00124124899485372 0.0247712163009428 0.0844767146122244 0.118043909334182 0.153323775205628 0.248103219091116
"ppo[13]" 0.122475617942195 0.0573665911491 0.000270428704100565 0.00127910734091977 0.0262123711153564 0.0848854664692792 0.117785463627765 0.152812469075429 0.249803104730694
"ppo[14]" 0.138274846655122 0.0602556542688633 0.000284047878255636 0.00109001041381972 0.0454599913186885 0.0972549997842631 0.131234821423149 0.167171320233727 0.283432943449733
"ppo[15]" 0.16146103036126 0.0737501714319086 0.000347661642221153 0.00146784267507946 0.0638815633339305 0.112248790670794 0.146704392598567 0.191868729914985 0.352847849191927
"ppo[16]" 0.122028376273172 0.0596851361445987 0.000281358430025921 0.00137724869770854 0.0230983414297816 0.0839179605414838 0.117798875223564 0.152481563322277 0.249539017370961
"psi0" 0.991577912203495 0.0118973642614845 0.0000560847129836144 0.000101924977989858 0.958946752298441 0.989840475202048 0.995624913963381 0.998232821376435 0.999737389930245
"sdeps" 0.437847614031117 0.343970665463733 0.00162149326719103 0.0137955068934453 0.0204853927010499 0.175176201393528 0.360232666348717 0.616282679191259 1.29550101231699
