"Mean" "SD" "Naive SE" "Time-series SE" "2.5%" "25%" "50%" "75%" "97.5%"
"N" 47.8248444444444 1.00477121194937 0.00473653691673618 0.0132565704604644 47 47 48 48 50
"betapsi[1]" 0.0224224946679339 2.76856512139672 0.0130511411433078 0.0209185422204465 -6.12119243389315 -1.16879195980894 0.00164294468154963 1.21306962653788 6.14651677969628
"betapsi[2]" 0.0272284279378087 2.81541680411041 0.0132720020936868 0.0226805454348005 -6.15144796852756 -1.18140589395987 0.00106122381391623 1.24730241446236 6.204287526077
"betapsi[3]" 0.0303525156270447 2.79838238066701 0.013191701051484 0.0216435870968512 -6.08993175757688 -1.18760752978748 0.00203358494649004 1.223785303321 6.24263095344413
"betapsi[4]" 0.0129988215551787 2.78350704617304 0.0131215780521966 0.0220005134534907 -6.15112678631061 -1.18841103345837 0.000221241638128293 1.21456963270611 6.03279378145096
"betapsi[5]" 0.0123943834289579 2.80518195593815 0.0132237545567067 0.0223642361538623 -6.18684859960254 -1.18413598535747 0.000195590580547035 1.20233379814503 6.24759326429102
"betapsi[6]" 0.0200281097567816 2.81632968694232 0.013276305464626 0.0221646899335514 -6.09467179526576 -1.1944212637359 -0.000859257356779146 1.20005667907578 6.30779783360408
"betapsi[7]" 0.0102385990803182 2.79131663539646 0.013158392808851 0.0216230749777092 -6.14110915745926 -1.18902635190435 0.000772334357186655 1.20433993188336 6.21402144725079
"betapsi[8]" 0.0107896323756236 2.78026850261594 0.0131063114114607 0.0209476261372485 -6.05751392289304 -1.19917690565448 0.000710502405182669 1.19645901664698 6.19102493272145
"betapsi[9]" 0.0464091901275152 2.7919897012091 0.0131615656715197 0.0221969201861379 -5.92804858074462 -1.18215191648477 0.00113861319694767 1.20521209834474 6.34368092287434
"betapsi[10]" -0.0321303281614122 2.82984081498502 0.0133399975330292 0.0230848934782156 -6.29278677336298 -1.22392995556076 -0.00130457559345261 1.19822864174816 6.06165486379458
"betapsi[11]" 0.0483752250110478 2.81842373543415 0.0132861769038841 0.0219951962389282 -6.03129515292747 -1.18385178554674 0.00232744335437613 1.22949513643429 6.31088471984952
"betapsi[12]" 0.0152516456643494 2.79617863043873 0.0131813124732809 0.0217428701010803 -6.21791976766968 -1.17954564310981 0.00154834653251053 1.22792059349523 6.15563392433338
"betapsi[13]" -0.000848816660815485 2.79656716386121 0.0131831440373993 0.0227331534439057 -6.21413844142418 -1.19569448203985 0.000445379149004382 1.20337898827954 6.10182586684739
"betapsi[14]" 0.00568890700508146 2.8240155669592 0.0133125370504881 0.0219761872557265 -6.19960618474661 -1.19919704017089 0.000359040613216003 1.19472062878355 6.21986231071516
"betapsi[15]" 0.00761052459348487 2.84929230731884 0.0134316927472521 0.0230028716997327 -6.14068909364358 -1.22790309467294 -0.00095247653571455 1.19657263754564 6.35291014323143
"betapsi[16]" 0.0248765479446198 2.77610342274994 0.0130866770366778 0.021559942792306 -6.0896441403866 -1.18549098823795 0.00126382073566607 1.2157074801671 6.21975275218135
"etap[1]" -1.25215089167261 5.82545468112825 0.0274614567234714 0.235810186752713 -13.372808790637 -4.09912904301358 -1.11927831826609 1.7436437207922 10.0158144221541
"etap[2]" -2.60929574413853 8.26043037253956 0.038940042212947 0.728578965100046 -19.1443405035416 -6.81822064754962 -3.03026642936202 2.06455002478625 13.6389496437487
"etap[3]" -0.109081970391178 4.72206255517394 0.0222600163596705 0.0434025676423258 -9.77323592879406 -2.45555771119144 -0.0702249491624961 2.25643675599822 9.49856019136091
"etap[4]" -1.21206882985106 5.84365152764665 0.0275472374806005 0.231480292561659 -13.3601323364384 -4.08583399650351 -1.12750611997 1.7340246852394 10.2460815368073
"etap[5]" -1.26991373839868 5.72467676260467 0.0269863850595921 0.237492119770263 -13.2764503908785 -4.1165267142738 -1.17295732539347 1.75102474923789 9.99769348491204
"etap[6]" -1.32298047175184 5.75931229834358 0.0271496585408655 0.259664149105739 -13.309663449525 -4.14289199501314 -1.181134731222 1.69363065554594 9.89878189867631
"etap[7]" -1.29867751999857 5.86953778939439 0.0276692664887431 0.241406452432526 -13.6582456777112 -4.09082771736976 -1.1420158385487 1.72858787947793 10.1442555432396
"etap[8]" -2.54221969421409 8.12650818046235 0.0383087269451525 0.72336604902041 -18.8959470722457 -6.8555266992715 -3.00038787341229 2.02426741118251 13.7857615524255
"etap[9]" 2.05581906447583 7.12624608954752 0.0335934462288211 0.575323881417959 -12.3731929017149 -1.8187146269008 2.37236338342765 5.76562111552909 16.1826436966735
"etap[10]" 1.00214935998054 5.24359368174774 0.0247185376676717 0.180043954269611 -9.40820432958331 -1.72557423532163 0.920099364927901 3.59909634902644 11.9988342722443
"etap[11]" 2.1137444091899 7.0489213957995 0.0332289341268051 0.609463514678958 -12.1194090648977 -1.74094959047124 2.3927989385672 5.77236376463593 16.4842745750009
"etap[12]" 0.934448649843528 5.38674188921852 0.0253933447891203 0.196508809167178 -9.67329443241263 -1.77141114513319 0.888206563147387 3.56652096785727 11.9307702977162
"etap[13]" 2.07406677772668 7.24178255623351 0.0341380903559411 0.605438028946996 -12.1303128794314 -1.89098105392593 2.33996748027284 5.76216515421117 16.5300021795532
"etap[14]" 2.15685210780717 7.20230398249977 0.0339519865746164 0.617395111155583 -11.9639567248902 -1.85824452796007 2.39389758103698 5.83380196930057 16.8973554650247
"etap[15]" 2.05075103040924 7.11853005700884 0.0335570725026081 0.574222791225775 -12.2554671930645 -1.84476139021235 2.34606725199738 5.69297956482642 16.5388550463006
"etap[16]" 0.995366754799835 5.3283955677345 0.0251182975919294 0.189126150733621 -9.49541046542774 -1.7553310477859 0.893100632898337 3.57309688895448 12.122989512476
"etap[17]" -2.54415137518934 8.28879366438969 0.0390737480529736 0.738289287532185 -19.120981175884 -6.77857896973579 -3.00640713465989 2.12345929672869 14.0026241852747
"etap[18]" 2.12227429373966 7.13128611000081 0.0336172051130867 0.593269706567339 -11.9848117776516 -1.8576357549311 2.43817733689002 5.7556145868305 16.5680153558874
"etap[19]" -2.46382984227163 8.23802854314095 0.038834438976422 0.716226236579363 -18.8286709891337 -6.75910196850779 -2.98217202692542 2.1176400306567 14.2116022819794
"etap[20]" -1.23151547711377 5.85163142002946 0.0275848550540473 0.238726146783961 -13.174932259979 -4.11375574919334 -1.11195531257055 1.75202367722325 10.1586187349777
"etap[21]" 2.08176179671633 7.14911492799377 0.0337012509671091 0.577087497285628 -12.198183029946 -1.81206389710873 2.42011930841473 5.78756785956736 16.3749191777115
"etap[22]" -2.57165400827514 8.22676787853209 0.0387813556943847 0.765744300185677 -18.9340544891324 -6.83233288063073 -3.01413918746534 1.9815642319343 14.2716897797881
"etap[23]" 0.991064592752304 5.45967045123143 0.0257371333273971 0.177265502054183 -9.52579575161334 -1.73592296009175 0.927177764677454 3.63306660224716 12.2092364876628
"etap[24]" -2.53296948318853 8.1230822034098 0.0382925767344456 0.746098644233313 -19.21625469054 -6.79592211888642 -2.9805001898562 1.9714825158822 14.130684416903
"etap[25]" -0.0955583195210124 4.65145331366287 0.021927161203091 0.0370240235945571 -9.60644387701268 -2.42432471208643 -0.0860068804711726 2.24428461029639 9.29247630336147
"etap[26]" -1.30068019522313 5.7809798824239 0.0272518005117664 0.286436512212341 -13.4441662679567 -4.13744104020599 -1.21056971255336 1.73631372228682 9.91711861801895
"etap[27]" -0.190373312656754 4.726529217011 0.0222810724054988 0.0421632271315497 -10.2411307522367 -2.47064692776206 -0.103594732147971 2.19342698704709 9.04227714701839
"etap[28]" -1.28575464725551 5.7414008494496 0.0270652231610401 0.256203015995674 -13.44914535711 -4.12573366933736 -1.15014882568602 1.7477946327782 9.86331812728179
"etap[29]" -1.23444801204502 5.85326839864803 0.0275925718452596 0.239428771639511 -13.5170689857648 -4.05641696779423 -1.13126733077313 1.73254648674771 10.1250286131865
"etap[30]" 1.01182318075602 5.37465978336278 0.0253363891959096 0.173496990257441 -9.29015220507126 -1.73440292808609 0.928906930587845 3.56012594783422 12.1791806109892
"etap[31]" -0.110979901617325 4.73775049937842 0.0223339700378695 0.040946837684204 -9.7217577806886 -2.42478086517955 -0.0668061992148933 2.20589870902286 9.35017590772745
"etap[32]" 0.977933004072574 5.25008491571972 0.0247491376380708 0.170156839826488 -9.16667856347896 -1.74001816942615 0.889370448189612 3.60190886880629 11.9093882149931
"etap[33]" -0.140069226314099 4.76649727557837 0.0224694836404578 0.0440914810213311 -9.95684198435694 -2.46844852250811 -0.0750799564225487 2.25108158480146 9.37374619206747
"etap[34]" -2.63953671659572 8.37675750779865 0.039488413587465 0.715239398974379 -19.2002620867357 -6.8608812685882 -3.01800822037698 1.99406350037927 13.7672901832713
"etap[35]" 0.993816474288748 5.40419017168035 0.0254755967814458 0.176967052905951 -9.24524723159601 -1.77891540538057 0.868668043255562 3.60350657661098 11.9561417716528
"etap[36]" 1.01857374286938 5.43249193728216 0.0256090125839564 0.18228978097704 -9.39903328923914 -1.79485955073993 0.892689620805741 3.58421907455478 12.3606146849432
"etap[37]" -0.10309054329904 4.79993861209909 0.0226271276126294 0.0441291081118033 -9.65934376449593 -2.43384690458895 -0.0843311915706169 2.21800677380078 9.48669811636774
"etap[38]" 1.00017726464333 5.27979717974265 0.0248892025939043 0.174667981185468 -9.12420799816144 -1.74187050715956 0.88656458434234 3.58621752152709 11.9818058705768
"etap[39]" -2.51815896714266 8.23216481452922 0.0388067970946594 0.751538805975252 -18.9724003712533 -6.70218090808544 -2.93653547059005 2.06415920506097 14.1910077850794
"etap[40]" 1.03522326884982 5.25395055318272 0.0247673604278288 0.168903356303312 -9.12533211830582 -1.76238158235695 0.941536261761056 3.63160761326761 12.2359887563881
"etap[41]" 0.946102146805822 5.27908447133924 0.0248858428542705 0.191593798597234 -9.6553177739425 -1.80553321734291 0.872694566207323 3.58608459564731 11.8853835201849
"etap[42]" 0.967215108158976 5.24747842494938 0.0247368505227454 0.175660088084057 -9.40153511648167 -1.77734732742644 0.872035352537155 3.56117544624614 11.7032564291723
"etap[43]" 1.03718255927898 5.44960853176331 0.025689700984146 0.182347865317216 -9.36400011964647 -1.73769650993983 0.893422728675684 3.58843919567136 12.5700196934089
"etap[44]" 0.994147787259796 5.35885241862644 0.0252618725639246 0.198455958085021 -9.58631254503407 -1.76708265126135 0.899278312816381 3.63686250567705 12.115629248275
"etap[45]" -0.0516426482495383 4.78001609257009 0.0225332119549142 0.0442734527777227 -9.69196478392841 -2.39277345111472 -0.0447959513338517 2.2837344956857 9.60702336028651
"etap[46]" -1.29171142584016 5.8656345679938 0.0276508665266043 0.244351098475203 -13.579728380113 -4.1155852971247 -1.12540792302207 1.72754990780698 10.2537548995613
"etap[47]" 2.08540435971293 7.10079824434709 0.0334734839361024 0.592866973482821 -12.0571525801318 -1.85766144905071 2.38122784152054 5.7080611622499 16.2121375935052
"etap[48]" 1.71763459329572 8.59918697732499 0.0405369561623837 0.262176717920234 -15.160286066055 -3.18094057554016 1.94355107199873 6.43232439025868 18.7629418968776
"etap[49]" 0.664967177497393 7.38508783073932 0.0348136378984935 0.10455271615395 -13.9656232897648 -3.30137317294661 0.523519207931088 4.53858083936997 15.969705128451
"etap[50]" 0.19085446527903 6.98594689973473 0.0329320695054105 0.0780530646318342 -13.4756710776007 -3.40258134209877 0.1279773534268 3.73009066943803 14.0834369104879
"etap[51]" 0.0793084174128138 6.66122952690691 0.0314013371301062 0.0595879531477054 -13.3235019583926 -3.38816197130662 0.0776953875434105 3.42419963872663 13.4795359601926
"etap[52]" 0.0350305660951239 6.6265040635193 0.0312376397258314 0.0552306375124343 -13.0615927952855 -3.37356560160547 -0.0316888786453687 3.36216172020715 13.6861861111202
"etap[53]" 0.0723320146805303 6.58585246447215 0.0310460062501493 0.0514874085335192 -12.928773000739 -3.36071957833745 0.0235018104781892 3.37799965496631 13.5405360797593
"etap[54]" 0.0327245741588913 6.66994126614284 0.0314424046627039 0.0515492815244352 -13.3617853751153 -3.34516044819267 0.0133545141092636 3.39452081208479 13.420148031299
"etap[55]" -0.0623001611502783 6.5765010174202 0.031001923105987 0.0545150354985541 -13.7631414869978 -3.337777686897 -0.0135191959288017 3.32084391248032 12.9065949425944
"etap[56]" 0.0434458575606308 6.7160426739907 0.0316597287834471 0.0611926051425055 -12.9210053839964 -3.38281348105558 -0.0186455447484777 3.35641404947138 13.5516140668285
"etap[57]" 0.0269658973127933 6.60909801925146 0.0311555868462619 0.0518187187535121 -13.3438346778749 -3.36217931867553 0.0344154661908516 3.40867200413163 13.2460377816178
"etap[58]" -0.0746702276186168 6.62697401460818 0.0312398550965099 0.0721780808269547 -13.2264623626195 -3.33595169033936 -0.0300006407928884 3.3023742439551 12.9813506374768
"etap[59]" -0.0806406562777409 6.64672733465003 0.0313329731401935 0.0564589596371199 -13.949688359852 -3.34403694614779 -0.0164740452453952 3.31623282622546 13.2221058668728
"etap[60]" 0.0302552882438931 6.5855840660357 0.0310447410077861 0.0526171205281248 -13.2465602370278 -3.32250694204947 0.0390142104618445 3.33396940940171 13.4584040550278
"etap[61]" -0.0839363084670525 6.66388022703573 0.0314138326503461 0.0544509172151594 -13.9183241885778 -3.40289671679493 -0.00402902697323656 3.37470354855014 12.8621646206272
"etap[62]" 0.0263706265285525 6.53512592093151 0.0308068790306577 0.0547659608728674 -13.3689093032925 -3.32667297137063 0.04102744898415 3.39040146286532 13.2074486248327
"etap[63]" 0.0686102538017284 6.51795021517853 0.0307259119772604 0.0502933766939826 -13.1609283580558 -3.33386075298544 0.013385864406104 3.37562355467438 13.8004503918407
"etap[64]" -0.046903165947936 6.58367768156009 0.0310357542251845 0.0546645756939371 -13.2862404130978 -3.39366086205615 -0.0311157493730796 3.33366253057204 13.1311566200247
"etap[65]" -0.0489968764436211 6.67238095422798 0.0314539054626305 0.0571174484624986 -13.6244122230999 -3.35424837993295 0.0000676147223415984 3.31022455771319 13.3076979493962
"etap[66]" -0.0178640033579968 6.64613065411985 0.0313301603611996 0.0561228910490093 -13.2333375975873 -3.37596703551361 -0.0375529537993708 3.32856164231354 13.3796142857063
"etap[67]" 0.0259868179104807 6.6243792149885 0.0312276230937973 0.0568710571967866 -13.02419933697 -3.36371709485408 0.0369483501204096 3.37590014409464 13.3439871872799
"etap[68]" 0.00286684580810619 6.61767735946447 0.0311960302438801 0.0537210428346256 -13.5534861130516 -3.32326795474812 0.0185742223399515 3.35279938737429 13.5327865221261
"etap[69]" -0.0631274893449557 6.55585852826265 0.0309046134788945 0.0508595858149271 -13.4181242220579 -3.43307376798848 -0.054677336224303 3.32767291483526 13.0491827024149
"etap[70]" -0.0403854683349734 6.62147953705922 0.0312139538809502 0.0570843613755603 -13.4181334366189 -3.43054254065132 0.0119269097836454 3.35938296533282 13.2864371306062
"etap[71]" 0.112782849115538 6.60916352770743 0.0311558956560849 0.0522867249980529 -12.8769686093378 -3.28703120325435 0.0617201948651813 3.39472085119485 13.3904716847287
"etap[72]" 0.12274218399572 6.66592650079338 0.0314234788773474 0.0603431492215507 -12.8564282952755 -3.31097457845727 0.0228135448206628 3.37851300376549 13.6640588492274
"etap[73]" 0.0114740001539802 6.48481797265418 0.0305697250881611 0.0517209623872205 -13.4764316932877 -3.31917429808148 0.0617700270044488 3.44223065889563 12.8721513276226
"etap[74]" 0.0135396620610882 6.495625701788 0.0306206732118928 0.0469769326994239 -13.1014879012124 -3.34355683445137 -0.0216158129533887 3.36709577021598 13.1307517964122
"etap[75]" -0.0146906066661048 6.70728984111038 0.0316184675335519 0.0563194744547928 -13.3950723252631 -3.41749773427749 -0.0425199388586042 3.33992175474069 13.7900249940711
"etap[76]" 0.0345688125638658 6.52643886822408 0.0307659278714714 0.0510047599666379 -13.2049728230717 -3.31497886227196 0.0368558168726289 3.40097121621608 13.218909368272
"etap[77]" 0.0471047990828581 6.54862139529765 0.0308704973069219 0.0534799727984113 -13.4453350786579 -3.3022530102048 0.0695242709740259 3.39854914254308 13.2751128561424
"etap[78]" 0.0490344131961328 6.62055643903411 0.0312096023551285 0.0553986828423478 -13.1583661518892 -3.32347524992902 0.0274282156236098 3.40298448682848 13.3728436304381
"etap[79]" -0.0497289000702137 6.58527548551445 0.0310432863452587 0.0503967070572893 -13.4921710478707 -3.38802676689979 -0.0321242002114125 3.23695538000213 13.353248415594
"etap[80]" 0.00265462396307768 6.64889918512946 0.0313432113415383 0.064282118763988 -13.3657862755786 -3.34158781656094 0.0113703115206256 3.34428047828004 13.3391035581727
"etap[81]" 0.0611902923546946 6.72903848749157 0.0317209916358037 0.0527771380034023 -13.1913029609092 -3.31526380317747 -0.00246395195862907 3.35069492057573 13.9436839717932
"etap[82]" -0.0772027095471264 6.79518457886231 0.032032807300852 0.0694628703822832 -13.8007337057042 -3.36246002397838 -0.0182426968706471 3.32950427701637 13.0521956366802
"etap[83]" 0.0757094266033028 6.55587277595417 0.0309046806431565 0.0560229103959867 -12.901592057781 -3.32412423259083 0.0597572862311094 3.36365831925351 13.5373117648546
"etap[84]" -0.101361471601467 6.50581625321024 0.0306687119319908 0.0507604905556124 -13.3883701743514 -3.40430162771323 -0.0587143293949252 3.25130273119555 12.9251349828204
"etap[85]" 0.0165234609006418 6.54476807094588 0.0308523325617269 0.0580559795295756 -13.1580501589758 -3.3090538658744 0.0102179780569668 3.37881152386313 13.0827596816112
"etap[86]" -0.0376856751892193 6.55589321029913 0.0309047769715824 0.0491467819637726 -13.5098089586087 -3.32933560770251 0.0390039525204155 3.31781343077731 12.9791575199323
"etap[87]" 0.0558826788796779 6.49668126692199 0.0306256491936543 0.0544040484416153 -13.0708828674823 -3.30226518957899 0.0351060295370203 3.34626743102249 13.3349701743412
"etap[88]" 0.00258923081471035 6.66139530844155 0.0314021186317552 0.0523937146596739 -13.3363500285701 -3.38312411931382 -0.0270640165231783 3.34570110454606 13.5277599766615
"etap[89]" -0.0106728847795089 6.73350359472964 0.0317420403531821 0.0588001698232738 -13.2726392699863 -3.399766022959 -0.0324227033036116 3.37338950069772 13.4154358118133
"etap[90]" -0.0188694908965669 6.73303708160104 0.0317398411892039 0.0571701227826651 -13.5236009217659 -3.42826092483968 -0.00252642109458819 3.35958146782951 13.3843925617037
"etap[91]" -0.00865434998054236 6.60811206265518 0.031150939002294 0.0707422891558827 -13.3259016217882 -3.37082254888143 -0.00664885340142726 3.30367581256176 13.3757478146877
"etap[92]" -0.0490391642810541 6.58526329846538 0.0310432288949584 0.0498744338769389 -13.6616170747447 -3.35411079280629 -0.0352101061409222 3.30499728188487 13.1492470400443
"etap[93]" 0.0840164906944193 6.51191172117151 0.0306974462435236 0.0509160982750938 -12.8507032274751 -3.28477518197775 0.0293097482699842 3.41422804958391 13.4539009634733
"etap[94]" 0.000126140429907285 6.58602660908013 0.031046827175704 0.0503115596754111 -13.1993054956652 -3.36046571970234 0.00776016061126183 3.29083416959329 13.5126985894814
"etap[95]" 0.0996178678569425 6.67444864915628 0.0314636526699986 0.0502060248232612 -13.0858378583714 -3.2766150579865 0.0260735499634759 3.41371765987978 13.8862633837334
"etap[96]" -0.0608950299346778 6.58426400961414 0.0310385182021379 0.0531608077340956 -13.5057570723029 -3.4000830052911 -0.0318481699295954 3.33373364592099 12.956468111792
"etap[97]" -0.0586096204880476 6.64094336852293 0.0313057072623893 0.0568044570757468 -13.5555035804227 -3.3601752005337 0.0222013691511098 3.36231558787465 12.9938406646511
"etap[98]" -0.123469260991628 6.57742052452689 0.031006257704057 0.0511499159030499 -13.5441405206039 -3.39253839093874 -0.0626519976900006 3.26024259113477 12.7166233437681
"etap[99]" -0.0178867523463304 6.43491754806114 0.0303344922307356 0.049593467774525 -12.9671116320291 -3.36314534370351 -0.00815463494001253 3.3126190209786 12.9238846105257
"etap[100]" -0.0596364197330015 6.62066553256542 0.031210116626967 0.0547996370686303 -13.4048269773431 -3.39497430337264 -0.0601131172732657 3.27358318376021 13.5545111126492
"etap[101]" 0.00126500423120811 6.43780630383156 0.030348109956032 0.0475160552627202 -12.9485463727883 -3.29802731105032 0.0127071118486817 3.32420530056958 13.116663044576
"etap[102]" 0.105674466428847 6.56382701947523 0.0309421773067095 0.0515747589692113 -13.0969763739233 -3.31679641015918 0.0409678463401525 3.43684888655532 13.6335124678886
"etap[103]" -0.0250155161953289 6.57701910272062 0.0310043653835148 0.0590926972086624 -13.1885571000757 -3.35166514028061 -0.0363957561443228 3.31828591968794 12.9246645050665
"etap[104]" -0.0328613780510396 6.56281281844429 0.0309373963171997 0.0548571597134512 -13.3837031927012 -3.33629616301212 -0.00435474312435074 3.34248895446377 13.2973300835072
"etap[105]" 0.0260308697053502 6.63071006384855 0.031257467001528 0.0517897939727783 -13.2561259914721 -3.37397032061601 -0.0253702840367168 3.35434190833353 13.5577937764073
"etap[106]" -0.0383616068834985 6.65481414975874 0.0313710947522039 0.0525112450811742 -13.395057484478 -3.37736529086781 -0.0206047892773934 3.34587618648304 13.1454028418602
"etap[107]" 0.0289514604786836 6.54043307378321 0.0308318971891259 0.0542048217863368 -13.1330730851768 -3.34362478951059 -0.000954418811619404 3.36612261211079 13.5126854823583
"etap[108]" 0.0635674238420358 6.50224071001422 0.0306518566597219 0.0527272876569933 -12.9472754681989 -3.27060275897677 0.022351603461454 3.35897934618323 13.3277017136897
"etap[109]" 0.0108169106273999 6.6324113904563 0.0312654871320703 0.0583359053124387 -13.0697368868221 -3.36012482927299 -0.017597175815569 3.35937579507192 13.7552529245505
"etap[110]" 0.0660511527468711 6.64976625261947 0.0313472987368845 0.0569033062785787 -13.0884924939123 -3.35886934651894 0.0198688576521744 3.34470552493116 13.8041986464943
"etap[111]" -0.00280165541455489 6.58717341421086 0.0310522332669349 0.0595159326374254 -13.3992726843462 -3.31699105568435 -0.0115465319436817 3.3280537686768 13.2872321645818
"etap[112]" 0.00674122175206457 6.52878331124044 0.0307769796818379 0.0482059647649181 -12.9422989513961 -3.32387088083463 -0.0171985266914424 3.29280767114802 13.1198589587105
"etap[113]" -0.00262045217491899 6.53047864361681 0.0307849715553025 0.0511394752428642 -13.2682734521731 -3.31080786986521 0.0104456764271125 3.33394795137892 13.1979207632553
"etap[114]" -0.0752991291538155 6.52688228260354 0.030768018146902 0.0500436366444322 -13.5480571552644 -3.36881589295821 -0.0242932350968986 3.32436495344246 13.0060842353456
"etap[115]" -0.00472472902890954 6.50553359002241 0.0306673794449447 0.0494382437912372 -13.0661304955179 -3.35459461847305 -0.00921191020009417 3.32373304622188 13.2580003653652
"etap[116]" 0.0386142621642054 6.61474684264618 0.0311822156551161 0.0513938479995567 -13.3119680617525 -3.27214145304964 0.0246223255958895 3.35711314430262 13.4659891123059
"etap[117]" 0.0564359792027204 6.60348394761959 0.0311291218587888 0.0601511765139537 -13.3509726606338 -3.34952108889537 0.0299039967019263 3.37422002945179 13.6520451574596
"etap[118]" 0.0187042593390798 6.49243256871509 0.0306056206382323 0.0565627559313604 -13.4093343949416 -3.28516790281153 0.038155970509995 3.3681635468065 13.2270776600556
"etap[119]" 0.0319507565161746 6.65155253369854 0.0313557193466453 0.0603497802494295 -13.3555016720307 -3.30250912737053 0.0395705872960743 3.39312659442858 13.2322684820856
"etap[120]" 0.0563526308047712 6.74217443283334 0.0317829150759934 0.0531784983998785 -13.3623698322737 -3.31093456346108 0.0581826859116598 3.38952552921894 13.6348457522769
"etap[121]" 0.088360209472713 6.63180550189322 0.031262630945993 0.0610569867866368 -12.950052539271 -3.33560920945246 0.0260671646643935 3.33589351871741 13.7373732358668
"etap[122]" -0.0162563517043626 6.64485774054314 0.0313241597890531 0.0514535865378684 -13.288290269508 -3.37234866729782 -0.0428980488476632 3.3446423256078 13.2980420035018
"etap[123]" -0.0999407118480674 6.57860003348093 0.0310118179625894 0.0592012987141551 -13.5068473120266 -3.38578379793123 -0.0348797191591639 3.26856310946393 12.9491950241649
"etap[124]" 0.0117003016442271 6.54141538077768 0.0308365278287059 0.0511063754662924 -13.1336592322488 -3.41998892744644 -0.00997593439107926 3.38042016297889 13.3558382344043
"etap[125]" 0.0347670244418704 6.58390619501094 0.0310368314479224 0.0525949008287949 -13.3392793843304 -3.26730902168014 0.0172844128311578 3.38515206584033 13.452050936822
"etap[126]" -0.0842005834241318 6.6524541376175 0.0313599695482789 0.0549716421788184 -13.3071398425412 -3.38912793058917 -0.0461803536682056 3.29236120544535 12.6475123202096
"etap[127]" 0.0763026351066505 6.59446329452096 0.031086598092277 0.0468212138639919 -13.1962510962031 -3.26430553847256 0.0437297878116474 3.3868880518663 13.5601600842947
"etap[128]" 0.0511454300659152 6.6858092111729 0.0315172068729323 0.0582618670158676 -13.4521177941437 -3.33145013052451 0.014358944684403 3.38675358617621 13.8717459638503
"etap[129]" -0.00337190676791429 6.64942504939229 0.0313456902894465 0.0506417231686904 -13.6881351216279 -3.32888121201605 0.0201711761368978 3.33899555185965 13.3840536929775
"etap[130]" 0.038851291062018 6.43609270441832 0.0303400319709297 0.0543625324438271 -13.0084177449956 -3.279789803978 0.0510900222340719 3.37816456199167 13.0220558745956
"etap[131]" -0.0601266140629525 6.5825343584756 0.0310303645484769 0.0569317789992632 -13.3409139343023 -3.37794278005983 -0.0496154520779235 3.33355500233532 13.1520144315416
"etap[132]" 0.00202931219838762 6.69905404350799 0.0315796436113311 0.0506940901214162 -13.5104220621942 -3.31145999924398 0.0249375015300041 3.32575536763864 13.2374150088497
"etap[133]" -0.0544380402644843 6.62939176982048 0.0312512525038823 0.0734059804666828 -13.5176516263025 -3.34226465431293 -0.00154748940066223 3.32147234898313 13.1339038013688
"etap[134]" -0.0384624009986285 6.49333143998066 0.0306098579580142 0.0499056312382877 -13.1580687260335 -3.32016792034671 -0.00887854069330424 3.30821186611723 12.8139331968549
"etap[135]" 0.0120403869370095 6.51609416174533 0.030717162457468 0.0507887664148128 -13.1993713839549 -3.30142854671989 0.017565481567416 3.37742067053592 13.1114208329378
"etap[136]" 0.0186879425751606 6.5818400294362 0.031027091449996 0.0541817064822 -13.0696046032813 -3.38291620279411 -0.0250957523969121 3.30005901487488 13.4219998898112
"etap[137]" 0.0177448544392684 6.51858401352454 0.0307288997313162 0.0533473550323312 -12.9673322692716 -3.36297031359642 0.0196207437250011 3.36420381854177 13.0525646535389
"etap[138]" 0.0187605279246186 6.42174738474728 0.0302724074854785 0.046657996769074 -12.8286282087199 -3.33312534399427 0.0309313946737498 3.34350564987419 13.1958550153703
"etap[139]" 0.0470107150678479 6.67327948332541 0.0314581411694164 0.051419802620094 -13.1940982859754 -3.35412990430034 0.0540414728478104 3.37481360627075 13.6517178033593
"etap[140]" -0.0234375939834983 6.54396137049113 0.0308485297393139 0.0559289165222956 -13.3501241350084 -3.36762924451105 -0.0545485639793461 3.32870584602503 13.3131270409825
"etap[141]" -0.00258348550118599 6.6239069021021 0.0312253965894985 0.0559819978497217 -13.102639073674 -3.38276024788921 -0.0430827639778688 3.32619685478513 13.2754132953685
"etap[142]" -0.0507563056880131 6.62947305104897 0.031251635667268 0.0568546886228853 -13.6356734580817 -3.39302162624647 -0.028024919142424 3.32184831285101 13.1553173448419
"etap[143]" -0.00673197587414479 6.5184419862102 0.0307282302081356 0.0536707667951314 -13.2085376822902 -3.30945842442328 -0.0172065956967005 3.31608914156018 13.3587540191287
"etap[144]" -0.0209381363715758 6.57255634094378 0.0309833277227466 0.0569464429684387 -13.2773322118652 -3.34393697665082 -0.0036479859216013 3.32553664398869 13.2215202957179
"etap[145]" -0.00239388406734214 6.52491336450038 0.030758736577953 0.050522262113637 -13.4300474892254 -3.2783416049299 -0.0171379072910964 3.32328173969198 13.4050938806258
"etap[146]" 0.0388622604732327 6.5360863557954 0.0308114065640253 0.0507216588932619 -13.1007816692135 -3.28217854710673 0.0343964601997562 3.38195537427631 13.4722455973749
"etap[147]" -0.0872768441659463 6.58389716907389 0.0310367888992471 0.0514904948352805 -13.3433514236338 -3.38348650503907 -0.0339354642691729 3.25109251628161 12.916453365647
"etap[148]" -0.00975639518311609 6.67470140577246 0.0314648441761139 0.0486396420773269 -13.616438511089 -3.37460632542767 -0.00855233757874891 3.35131820037439 13.4758719411161
"etap[149]" -0.0503973635823123 6.56715632518856 0.0309578718043531 0.0604846426386861 -13.400565816568 -3.34614160343759 -0.0135050559642782 3.3227576847945 12.9611748351177
"etap[150]" -0.0351326801262328 6.65426510900447 0.0313685065492673 0.0654789437316738 -13.3841807661609 -3.34770743692639 -0.0419797284838695 3.38266825106999 13.3572422005774
"etap[151]" -0.0753281038251468 6.55745714770963 0.0309121494432378 0.0502261608750237 -13.514176833933 -3.37219132157266 -0.0102584009431192 3.27638752137733 13.2892223888313
"etap[152]" -0.0251644468349603 6.72345535129101 0.0316946724793523 0.0549848684668434 -13.9051964964006 -3.39313073482064 0.0344794257074732 3.36693014052793 13.5733944737673
"etap[153]" -0.00469279175359201 6.54727992442015 0.0308641735525602 0.0532614499852576 -13.3633903986556 -3.38273814112467 -0.0136556600248927 3.37906750223467 13.1374889805805
"etap[154]" 0.0272814614859111 6.55865187930375 0.0309177814619838 0.0549590444282586 -13.1368597328703 -3.34576559349853 0.0163158864704186 3.36125659165848 13.3331968819793
"etap[155]" 0.0123933917718888 6.5224387505442 0.0307470711358914 0.0522702361339525 -13.0838307063657 -3.36637391409093 -0.0258163033194615 3.33830769030695 13.1518024798242
"etap[156]" -0.0250361772738009 6.55805820661905 0.0309149828621094 0.0458184879498958 -13.4856456342283 -3.33840485979079 0.01424155647186 3.36106463080573 13.0946855905547
"etap[157]" -0.0955820097682924 6.65354822049806 0.0313651271044391 0.062635351003375 -13.5648834276789 -3.40546405493207 -0.0425184790896037 3.33277622111208 12.9795887368064
"etap[158]" 0.0763198361326008 6.62813042662356 0.0312453064750294 0.0660126003997805 -13.0956279219533 -3.32497717801152 0.0289709973204223 3.39455950678462 13.4902749792125
"etap[159]" 0.00755284604374256 6.62638203604043 0.0312370644827794 0.0583118368223839 -13.2186083707442 -3.36839325817252 0.0012960566930113 3.36491194021653 13.3427800822693
"etap[160]" 0.0751514673805009 6.58293759219163 0.0310322654104436 0.0652588783918845 -13.0048595989599 -3.28551709636673 0.0205430863212325 3.37256578074563 13.8938062688229
"etap[161]" -0.0352761850051938 6.71720474430753 0.0316652068354554 0.0555101784074404 -13.4052342479924 -3.39814306469128 -0.00504115053942976 3.35972743217943 13.1405516853858
"etap[162]" 0.0103102680791513 6.53859126684083 0.0308232148279353 0.0482440111693907 -13.1815739367311 -3.36367708443446 -0.00703969113744119 3.34261610515895 13.3155794623273
"etap[163]" -0.0678439961119436 6.58279030766733 0.0310315711045376 0.0530864226561112 -13.6660855680574 -3.34603337043354 0.0109608363994748 3.3261202152453 12.8078353484795
"etap[164]" 0.0354008934255345 6.6501800812502 0.0313492495437581 0.0525170244825197 -13.0072845787354 -3.34979663208516 0.0140048532203756 3.29774913439719 13.6347735290955
"etap[165]" -0.00409600880781941 6.64387532449733 0.0313195286354002 0.0548632265400391 -13.5203126348496 -3.33024727059219 0.0138810087672738 3.38722334301885 13.45036699637
"etap[166]" -0.0190712908279356 6.58968660575987 0.0310640805655131 0.0490584910662569 -13.5286912293776 -3.33716088530509 0.0147033690573039 3.32074450310641 13.2630681872656
"etap[167]" 0.0222433482573415 6.66924634293708 0.031439128763296 0.0514724372170685 -13.416445713629 -3.31500617443422 0.0424794330824937 3.43316245379763 13.187391395917
"etap[168]" -0.0349508642074018 6.62337636715155 0.0312228956237572 0.0497855989428646 -13.5263007845233 -3.35027268283418 -0.0100889152642184 3.37291768222417 13.0889603515797
"etap[169]" 0.0985772491942267 6.56140727369669 0.0309307705157178 0.0650556190907231 -12.8480260717071 -3.36629240037366 0.0429483807611961 3.41655971486433 13.6028801473631
"etap[170]" 0.0552288716993717 6.62438614445358 0.0312276557596089 0.0513569121618918 -13.1550164603341 -3.33445768607369 0.0204222275690739 3.40401648662767 13.5989760341561
"etap[171]" -0.0558476613394992 6.61367063960983 0.0311771423853499 0.0588731740504627 -13.6772112604682 -3.34643355792365 -0.0329051493363084 3.31481506990334 13.0960594808862
"etap[172]" -0.036149839491216 6.65543824469614 0.0313740367639529 0.0582204428151592 -13.5274236251158 -3.34966821447061 -0.00136738579370231 3.31143402107215 13.3879251659198
"etap[173]" 0.0159068037552196 6.62299435323213 0.031221094792871 0.055032388668197 -13.0571176973657 -3.31034995285516 0.0387916194209627 3.41259285956405 12.9316950595534
"etap[174]" -0.0711204485675003 6.47712512209292 0.0305334606428376 0.0553590451342601 -13.2459812844103 -3.3414523189413 -0.0469868604720432 3.26095260284245 12.9065134760569
"etap[175]" -0.046935188464973 6.51753584948541 0.0307239586386504 0.0570395107467817 -13.1861446777208 -3.33181805281904 -0.0244117320502365 3.32462985739069 12.9881089452603
"etap[176]" -0.0136409741422375 6.52563781313011 0.0307621516615443 0.0566216342847333 -13.3161445740516 -3.34856868080265 0.0657338242569159 3.37145414482513 13.1805816631807
"etap[177]" 0.0112513902166787 6.63305444172614 0.0312685185048274 0.0570816207042137 -13.2557494471376 -3.3123303809562 -0.0115543435333754 3.32256995019087 13.367403444863
"etap[178]" 0.0160037517235605 6.65936940202641 0.0313925684173272 0.0696722880821082 -13.5335836536569 -3.36658190519537 -0.0199883038788033 3.351999601264 13.4502389529092
"etap[179]" 0.0792625051654539 6.61831361217459 0.0311990295679193 0.0591101936960692 -13.1495140207903 -3.30562484297038 0.0363642072583541 3.41266070818657 13.7203497918235
"etap[180]" -0.0660012986933306 6.66861519725766 0.0314361535140304 0.0529129991155121 -13.4963462316788 -3.3598713551132 -0.0174656611141486 3.32089167949706 13.3086123732731
"etap[181]" 0.0315429923262928 6.63616216435645 0.0312831684498003 0.0544528151518797 -13.1228980645862 -3.36880454783006 0.0292867191478421 3.36240065420133 13.4443339072952
"etap[182]" -0.0534333809526511 6.60252151406449 0.0311245849035005 0.0560547294076603 -13.4576366641793 -3.35283093378788 -0.0379991461352786 3.33834351287885 13.1835732061394
"etap[183]" -0.0342357279820392 6.52222007421797 0.0307460402858037 0.0511838171776562 -13.4416960688955 -3.37604735465597 -0.0414659611877285 3.31343385032144 13.3977399236445
"etap[184]" -0.123907639390819 6.6298752570665 0.0312535316846175 0.0633288805614482 -13.8385767810786 -3.33613654145447 -0.0145629130167939 3.22053331965137 12.9722639629397
"etap[185]" 0.0465033182557567 6.85942506019765 0.0323356398340447 0.0707661886197636 -13.4223256694244 -3.32032654524788 0.0655796763950665 3.40333902982536 13.5604200455268
"etap[186]" 0.0143728829570052 6.71613331329197 0.0316601560612109 0.060620676499066 -13.2530845986049 -3.34543433683465 0.0124738238082641 3.38970990763006 13.2812648964294
"etap[187]" 0.0195806270532036 6.59599269857899 0.0310938077721477 0.0520019015850444 -13.3024664856687 -3.32070788286652 -0.00682578663225392 3.34478103960916 13.4468320666295
"etap[188]" -0.0462028108211557 6.51644986136073 0.0307188392415354 0.0519045704306476 -13.4529525490497 -3.31743903184021 -0.00418803554283091 3.30981557570796 12.8890782802827
"etap[189]" 0.047802583987056 6.57172286008511 0.0309793986562989 0.0571526857956791 -12.9638634317078 -3.28121452057055 0.0468377985763112 3.40425619044798 13.2499348446248
"etap[190]" 0.0252791012357185 6.60855180298985 0.0311530119581114 0.0576378334677151 -13.1678090499523 -3.32127497471641 0.0346847400584181 3.34911433469366 13.3306128147617
"etap[191]" 0.00882751853218537 6.46080174905578 0.030456511524395 0.0524418568320303 -13.0817314703887 -3.30706281699378 0.0291770141763074 3.32976707741282 13.2724724641909
"etap[192]" 0.0223195448797728 6.54255917752881 0.0308419197382993 0.0546334754453466 -13.0282108427812 -3.31741682896979 -0.00951027978631847 3.35349119463102 13.1118652553073
"etap[193]" -0.00733624572436557 6.70566000436719 0.031610784409463 0.0605410856129468 -13.3107828946523 -3.39894790896224 -0.0208327414621189 3.34956094833899 13.5089967308276
"etap[194]" -0.0721801945886747 6.64710142887585 0.031334736637286 0.052163393665118 -13.4565025082767 -3.39606789691802 -0.0394733434421254 3.32842123322293 13.3333883394115
"etap[195]" -0.113728189013429 6.66297638383076 0.031409571892617 0.0574995615980469 -13.8310003553485 -3.43402894666902 -0.0243341359943407 3.30933821904284 13.0613210274549
"etap[196]" -0.0513345990427958 6.53872477938265 0.0308238442120932 0.0514734467210312 -13.5771536015592 -3.35386622014854 -0.0548447326659273 3.30918292082321 13.2040886229016
"etap[197]" -0.090007096499313 6.56567819756362 0.030950903843906 0.0528804284751186 -13.5834950318917 -3.40303809743501 -0.044050580301431 3.29408908186522 13.0055977717188
"etap[198]" -0.0866756035113472 6.62558537630852 0.0312333089927879 0.0623155564885745 -13.7658891456885 -3.45067150137445 -0.053454414244583 3.32133543571568 13.3017349321495
"etap[199]" -0.0827926432188142 6.62822507357442 0.0312457526450345 0.0634236045622725 -13.7633495985586 -3.32794345926389 -0.00701266387750231 3.29653962566708 13.2059276441812
"etap[200]" -0.0214820916985827 6.69940183637716 0.0315812831226393 0.0549510803362426 -13.2849405483408 -3.36871134701791 -0.0301536923757398 3.34243675532555 13.3765013556639
"etap[201]" 0.062577735788532 6.50497127576645 0.0306647286701211 0.0489347850065692 -12.9783800252711 -3.28521131996818 0.014909219940339 3.39025609862689 13.6060944687149
"etap[202]" -0.0646774530032097 6.64832309578651 0.0313404956303319 0.0559303509550887 -13.5721466510004 -3.35702690612232 -0.0284060393001361 3.31779815382988 12.9332342334882
"etap[203]" -0.00861027824101153 6.6371117394647 0.0312876447897889 0.0562198285591492 -13.4077747920912 -3.30807496371749 0.0151064698732616 3.36114710065513 13.0590446371055
"etap[204]" 0.0411827553398178 6.59777330247044 0.0311022016193894 0.060187564278024 -13.3979464408074 -3.25475627433088 0.0550475144515257 3.40162536130633 13.3361742902096
"etap[205]" -0.0234348373208851 6.61027234405661 0.0311611226664822 0.0591401281689416 -13.4920108698322 -3.33305639212726 0.0191160120245583 3.35830209029648 13.2394932413773
"etap[206]" -0.0241176056715325 6.44306805469293 0.0303729140874652 0.0495407611588794 -13.1875164622613 -3.40825721918575 -0.0194103383477337 3.34025796200482 13.2284681183082
"etap[207]" -0.04674664987211 6.58220841446072 0.0310288280336555 0.0538066341503708 -13.2352209197301 -3.38903011866583 -0.0414418626485906 3.27983525470904 13.3006003280904
"etap[208]" -0.057647487512804 6.68593467842324 0.0315177983312225 0.0646357016249956 -13.8965005921693 -3.33184200268782 -0.00889701067932624 3.35971512437359 13.2196599994992
"etap[209]" 0.0434342189270413 6.57734042484409 0.0310058801105311 0.0481881389835358 -13.30070220349 -3.32355938575857 -0.0185877680311695 3.38465334397617 13.3793218359312
"etap[210]" 0.0842718432379497 6.39373309655612 0.030140346864478 0.0453805676441649 -12.9479683821701 -3.26201413741229 0.0306302453366211 3.36007321243413 13.3836980429853
"etap[211]" 0.0692377907997178 6.5788368534828 0.0310129343427844 0.0523213392303455 -13.0426560413279 -3.31506459400376 0.0460361784832743 3.37902719490112 13.7423765005807
"etap[212]" -0.0517478476871076 6.6350360312196 0.0312778598072831 0.0561069756002525 -13.3288179369162 -3.38597184380897 0.00711025553446367 3.32828201279892 13.0513526583362
"etap[213]" -0.015769239323444 6.59260837166417 0.0310778539020729 0.0552362012246976 -13.4322824814239 -3.39247817913182 -0.000182035170329486 3.35954228437067 13.4977517766131
"etap[214]" -0.0473735792918945 6.51621583498193 0.0307177360306059 0.0538892406647496 -13.3423782726143 -3.36542021958749 -0.00982141138577588 3.32526792007758 12.8881957502763
"etap[215]" 0.0546193456859585 6.58742663619101 0.031053426966797 0.0578380620226432 -12.9875339438471 -3.37367973541454 -0.0178987420522648 3.45173466657833 13.6380590175661
"etap[216]" -0.0758495629250713 6.58833136283773 0.0310576918891105 0.0570519038886254 -13.6470308591123 -3.44800894015118 -0.0488200894413763 3.30965801957455 13.324121181938
"etap[217]" 0.0392054702885985 6.68181569399242 0.0314983812524049 0.0488055659882836 -13.1303426244925 -3.3316412032641 -0.025937847172627 3.34254120617962 13.8317610661149
"etap[218]" 0.0193814810669327 6.68995402383896 0.0315367457072184 0.0651939417948663 -13.5005554237582 -3.28838907654116 0.0377248825424187 3.37518613026725 13.5302890053965
"etap[219]" -0.0670894370346598 6.61091973043075 0.0311641744751168 0.054623412716074 -13.7435486781392 -3.40813104310147 -0.0180968016945739 3.38115951368051 12.8895830947967
"etap[220]" 0.0299948977380157 6.51184984417966 0.0306971545525867 0.0486574598693217 -12.9190694419781 -3.33814587359667 -0.0166564476361349 3.37250217101174 13.1631983285941
"etap[221]" 0.02277861894988 6.5673693222309 0.0309588758820398 0.0588638912275468 -13.1824703844869 -3.32650772063073 -0.0269079785293463 3.34667877208033 13.3840261890126
"etap[222]" -0.0346815337193605 6.61345100387838 0.0311761070125825 0.050450040585737 -13.174024809142 -3.3783120404188 -0.0416227088996432 3.32286426067783 13.3290884959072
"etap[223]" -0.0405497536822174 6.66204527283899 0.0314051825933082 0.0546459467999418 -13.5906236782858 -3.38015448629439 -0.0293790788847767 3.35226290016221 13.2388436111334
"etap[224]" 0.118069969996608 6.58376697000957 0.0310361751349718 0.0495941734269248 -12.9856372839059 -3.24349752232729 0.0656832424219323 3.40422098301348 13.6067023869711
"etap[225]" -0.0519296536603131 6.62704186711808 0.031240174956309 0.0551647812673619 -13.2852318569762 -3.42093505626061 -0.0647958496661855 3.33622046754236 13.1301151094982
"etap[226]" -0.0901061710579592 6.55365838468709 0.0308942419026154 0.0649274001883476 -13.3072436205578 -3.41707209411012 -0.05394300865103 3.28749110463367 13.0436499728394
"etap[227]" 0.0137970575675765 6.61274927953126 0.0311727990522867 0.0563510987452948 -13.1749489742317 -3.35594812309144 0.003097909985014 3.37872961189239 13.3889860809693
"etap[228]" -0.0112685293129923 6.67837472453976 0.031482160366846 0.0529877470725812 -13.6720531348471 -3.3652490738604 0.0462830797820685 3.36390337909977 13.2920287466323
"etap[229]" 0.0536116537518551 6.55737734554135 0.0309117732522089 0.0510166946582337 -13.1354983554675 -3.32336980313173 0.0623618327510398 3.41822280545244 13.3745116350106
"etap[230]" 0.0483065579757863 6.61215374835533 0.0311699916914007 0.0515133416928255 -13.2113350897167 -3.36209877842839 0.0134989511048417 3.37942169399925 13.4486587946611
"etap[231]" -0.0774042588625184 6.56426745468803 0.0309442535382137 0.0560328271419948 -13.4185057134991 -3.35122846333596 -0.0390702062774666 3.27649777122431 12.9658818272181
"etap[232]" 0.00595992325061663 6.6474744166378 0.0313364949184578 0.0550954709011338 -13.1888961127936 -3.38821142182743 -0.0200457829231533 3.34899322997057 13.5270289970879
"etap[233]" 0.0466086987739228 6.56363088158209 0.0309412527038142 0.0523068202975997 -12.914630749137 -3.32914348412214 0.0141400609500079 3.33892122356568 13.2298413434252
"etap[234]" 0.03022873905335 6.73230400719496 0.0317363854433128 0.0549585922990191 -13.5877423169387 -3.34386340672472 0.0183641233756494 3.39904058928214 13.5603254747276
"etap[235]" -0.0494743551297021 6.51694734504661 0.0307211844021208 0.0532336490477327 -13.5721890016838 -3.37883786353049 -0.0210978768090586 3.34840295993203 13.0444022865306
"etap[236]" -0.0572446378436434 6.51966086129916 0.0307339760404077 0.0461286789994214 -13.249924332708 -3.42932021160667 -0.0427966346487702 3.34154687749944 13.1804465589086
"etap[237]" -0.0297450097843219 6.56043706727485 0.0309261969187842 0.052177600257502 -13.5841551363994 -3.30528303341123 0.0124543008197071 3.33531802233896 13.3129954779498
"etap[238]" 0.00303978026272769 6.58998325006285 0.031065478960168 0.0601908052525527 -13.3599742601069 -3.3669478573001 -0.00338046220012574 3.38358546717195 13.1832565296097
"etap[239]" 0.0294780995087023 6.6603793573776 0.0313973293925107 0.0609989616176672 -13.140416346264 -3.35416551171403 0.0282343610932222 3.38990473962309 13.2906236565435
"etap[240]" 0.110975215791076 6.69071639050641 0.0315403395381537 0.0497189336650308 -13.2498784009676 -3.3456097014522 0.0583641463471698 3.4895798161997 13.7143737605348
"etap[241]" 0.0260631458493466 6.54428028765536 0.0308500331292437 0.0546320214611803 -13.14535070046 -3.30287724367374 0.0167248872302015 3.36246446511923 13.43512024363
"etap[242]" -0.0885115905905777 6.58313058197786 0.0310331751730206 0.0511813819009271 -13.5008840427092 -3.42129034787387 -0.0128517223468735 3.30971072792435 13.0823037142395
"etap[243]" -0.00916067256303856 6.65899710639262 0.0313908133988788 0.0571178438966063 -13.6858988307277 -3.3424328766111 -0.00963782312045023 3.39370658922998 13.4395148631334
"etap[244]" -0.00585734969250326 6.52940287622869 0.0307799003392017 0.0508777533308016 -13.4809895693455 -3.35182176269673 0.0231886931158116 3.2613157457223 13.4329937464963
"etap[245]" -0.0419963563310246 6.41567559128578 0.0302437847766079 0.0478174038825102 -13.0236005966368 -3.40745851605791 -0.0144727712771943 3.33128705296739 12.9175149307524
"etap[246]" 0.000541100196432722 6.66684707982582 0.0314278185285238 0.0561019691705478 -13.5587388976902 -3.36423389647878 0.00920077277799262 3.32978548798385 13.5452450485427
"etap[247]" -0.098908333719277 6.4938183916612 0.0306121534702503 0.0509617503667906 -13.6295451580063 -3.4131834670492 -0.0313827176620186 3.32445384479478 13.0356495636453
"etap[248]" -0.0124043328683871 6.632619121044 0.0312664663834518 0.0559097090115064 -13.2852978173077 -3.34241015535706 0.00826905580760731 3.30440020039924 13.1279796296527
"etap[249]" 0.0473364761794518 6.58344050751674 0.0310346361760219 0.0626995109477078 -13.022175806838 -3.31947395664901 0.0299614904843051 3.33146309896081 13.4174930710906
"etap[250]" 0.0299910011973671 6.62142338649941 0.0312136891846728 0.0490030866479137 -13.1997168143694 -3.26978674357722 0.0337692695740632 3.35627135683906 13.2404684859155
"etap[251]" -0.0000890716361446574 6.5457720264784 0.0308570652534939 0.0503079625362641 -13.2380797302157 -3.40808938266263 0.0153212231300168 3.39892871615668 13.1759524487591
"etap[252]" 0.00934419223733685 6.48414157486604 0.0305665365184093 0.0544839620542697 -13.0398376827927 -3.33179638057296 -0.00911058316354271 3.30113122893184 13.11546265957
"etap[253]" 0.0564245236295909 6.50317615894712 0.0306562664082813 0.0531804834682051 -12.8733984536563 -3.33729596159388 -0.01692662690171 3.33920055539162 13.337581541851
"etap[254]" 0.0411880333748487 6.62000298831903 0.0312069933634373 0.059027176693823 -13.1287030779383 -3.29058838480365 0.0317961816426211 3.35096579149421 13.3011871678527
"etap[255]" 0.0119978462363683 6.59579952582833 0.0310928971470682 0.0578772529721518 -13.2333207361369 -3.37718863382935 -0.0261601062409701 3.37748440412685 13.244910548994
"etap[256]" 0.0368933990197526 6.49702379864382 0.0306272639036762 0.0470055390564204 -13.2350031101821 -3.36165908225099 0.0320030783815972 3.40307982385393 13.4804180975484
"etap[257]" -0.0827943971457684 6.50668111693585 0.030672788938692 0.054295060721997 -13.4318889791657 -3.35966513635549 -0.00473485618713203 3.30714700375699 12.7047545189711
"etap[258]" -0.0216097827884142 6.55544715262199 0.030902674235527 0.048670999702945 -13.3803098447869 -3.38122079675885 -0.053343241503863 3.36088287894846 13.2779362398282
"etap[259]" -0.0810413448479943 6.63504656898248 0.0312779094827736 0.0528743635034509 -13.7879309444146 -3.43887569192849 -0.043686377369385 3.33509536316867 13.1672460573831
"etap[260]" -0.110831236923757 6.68536837790639 0.0315151287649848 0.0580561149963788 -13.9220520302917 -3.39030948467011 -0.0474443633942884 3.2432041557341 13.0088654425781
"etap[261]" -0.0386008072204362 6.61370735451519 0.0311773154610736 0.0557741384443007 -13.312375014402 -3.40395173286155 -0.0433761562116723 3.31822647779677 13.3402180618263
"etap[262]" 0.0729021905507183 6.57328802177943 0.0309867768992836 0.0538612868281344 -13.1015461628558 -3.32944337489136 0.018524464362985 3.38927581879373 13.5355292006794
"etap[263]" 0.00383383530550436 6.54430904546087 0.030850168694839 0.0531965357638433 -13.2538930828654 -3.34781281471272 0.000569271146020297 3.366313484841 13.3244151550118
"etap[264]" -0.0709740569100094 6.60691173655865 0.0311452806108107 0.0582413401182932 -13.7087084819693 -3.4041108484036 -0.0307577839783466 3.30902533433415 13.2423563266328
"etap[265]" 0.04637809865149 6.64351473572646 0.0313178288036329 0.0532124350651152 -13.5451439704241 -3.3008683201803 0.0464103317762962 3.37833549750317 13.6967600438921
"etap[266]" 0.00991555977935009 6.46770919494947 0.030489073536609 0.0510745823075321 -12.8397236637499 -3.43434919460576 -0.0460043361905664 3.37943953422863 12.9951077177119
"etap[267]" 0.0536829332047248 6.73563339331221 0.0317520803199841 0.0495779008619523 -13.280836922491 -3.30316689869643 0.0391200197347825 3.33270138742511 13.6530164737557
"etap[268]" -0.0274067401179415 6.55588423408449 0.0309047346573008 0.0559536433460075 -13.2486874326761 -3.36853597405572 -0.0345172386100878 3.30890932786562 13.3853993627644
"etap[269]" 0.112400953253796 6.63297466787695 0.0312681424472958 0.0543123692883034 -13.0014697829979 -3.34757650615279 0.014211687072124 3.41898889947103 13.6850992753715
"etap[270]" -0.0506633829670875 6.64214926344289 0.031311391905558 0.0642740277578533 -13.5753116551785 -3.35873218618397 -0.0285937918453746 3.29249585264342 13.2997588400845
"etap[271]" -0.025255615852527 6.57432045715057 0.0309916438462974 0.0479726995027927 -13.461009840859 -3.35145990025007 -0.0476247926564154 3.31398276762902 13.2462409980594
"etap[272]" -0.0105983694643454 6.58451538611993 0.0310397032023504 0.053465519214343 -13.2335973301328 -3.37514698071137 -0.0218380330573477 3.32459548848468 13.1941956948073
"etap[273]" 0.0644122896674669 6.72477470499974 0.0317008919723805 0.0712129145781614 -13.035989240052 -3.32657798486036 -0.0526229984988007 3.33428935435775 13.7794616245977
"etap[274]" 0.0282454219159919 6.56222879287461 0.0309346431942616 0.0571043449062939 -13.1258398294217 -3.3026579267834 0.0300891784040363 3.35744276545146 13.2461380399756
"etap[275]" -0.0322181887686199 6.51454772473316 0.0307098724834814 0.0504908938485997 -13.2960120150526 -3.39509918609387 -0.0723719548493641 3.30300095254923 13.0398670705058
"etap[276]" 0.0881636067437032 6.58813120234806 0.0310567483235133 0.0519419006354977 -13.1099391662321 -3.28924307365216 0.0473930861372323 3.39447593279524 13.7596585663111
"etap[277]" -0.0486891523923195 6.67763524738519 0.0314786744381092 0.0546280468902915 -13.6985730059143 -3.43605766639018 -0.0223123756134883 3.28908122885133 13.6421720815645
"etap[278]" 0.0494227425426153 6.62275381487004 0.0312199608841579 0.0636147063859262 -13.487978775882 -3.29720331906945 0.0501721809927518 3.35437447283043 13.6867393646823
"etap[279]" -0.0432905264901308 6.45395884196407 0.0304242537510112 0.0494409664879941 -13.3377137700006 -3.37188535129079 -0.0511449751598782 3.32595800949787 12.960227432082
"etap[280]" -0.0829610529180632 6.5428171542216 0.0308431358520918 0.052509739835819 -13.5661649507117 -3.39144030546975 -0.0205415200303483 3.28830810451043 13.0870339848028
"etap[281]" -0.0580151949978689 6.51387031257813 0.0307066791319582 0.049113652377579 -13.3696688514704 -3.35995348708717 -0.0252445569623467 3.30653345165483 13.1134873768336
"etap[282]" 0.0505740182693324 6.52811538843692 0.0307738310635466 0.0510915606095279 -12.9432090829671 -3.32062636843981 0.00248892065120552 3.4209300870605 13.2483389378649
"etap[283]" -0.0144374233494873 6.45592630324065 0.0304335284524137 0.0507980487662624 -13.5599997904248 -3.3091182291453 0.018928712805652 3.37531366090832 13.0665740991534
"etap[284]" 0.0127909094333376 6.47840026758128 0.0305394717363165 0.0578782632697841 -12.8732255712185 -3.31548512572466 0.00924696930631099 3.30676990239215 12.9599706424906
"etap[285]" 0.0101543978111936 6.46770867298057 0.030489071076024 0.0456310239674799 -13.1046105085208 -3.33427793468097 0.0121839721664587 3.33867296200664 13.2575780376398
"etap[286]" -0.0692332815818338 6.67063922321979 0.0314456948639179 0.0616872524687004 -13.6755358640424 -3.41118544582242 -0.0231712775278129 3.35299355229791 13.3167674408478
"etap[287]" -0.0897361603775097 6.56060142908896 0.0309269717278064 0.0507182089952189 -13.4113734084705 -3.43569895590544 -0.0366117527891974 3.32070765905774 13.0048354022628
"etap[288]" -0.0322638398720183 6.64001066938876 0.0313013104765054 0.0557906075742019 -13.5968861005563 -3.37851838238602 -0.0069810251300181 3.32475817991358 13.412445741024
"etap[289]" 0.0387050724365939 6.60005634168442 0.0311129639694555 0.0534337083619403 -13.2883484543362 -3.31955377868775 0.0358482328018384 3.38739385015113 13.2064555300038
"etap[290]" 0.00217239558335026 6.62234545715036 0.0312180358674063 0.0553532117239246 -13.3751769994675 -3.38832193873734 -0.000309768443445179 3.38919005308457 13.5065123754188
"etap[291]" -0.0428555310764059 6.59759488504615 0.0311013605515854 0.0503397322293274 -13.3023207769538 -3.43069151469914 0.0000919971582056546 3.3236469489565 13.0463874429006
"etap[292]" -0.0840177140040913 6.57761670924083 0.0310071825276675 0.0516809819008103 -13.6813021562289 -3.40300781159688 -0.0406755872691015 3.27331171715221 13.1058077607518
"etap[293]" -0.0440699883228672 6.46301852923033 0.0304669615263538 0.0581452810016192 -13.4508457099387 -3.3252038490822 0.0137335166468223 3.3288498473244 13.1087785554699
"etap[294]" -0.0423156538553414 6.727619011023 0.0317143001595593 0.0484808418138575 -13.5445097986288 -3.42146463504916 -0.0404876075636655 3.35005878337194 13.5366068376145
"etap[295]" -0.0574868562254129 6.64407753664556 0.0313204818726086 0.0529156516140654 -13.6531809338907 -3.41685514787188 -0.045953520566441 3.32453473444293 13.3825601826101
"etap[296]" -0.0416608855860389 6.48443513543015 0.0305679203761798 0.0474207027967867 -13.2253523663896 -3.37322280772396 -0.0273730687224074 3.33639507040284 12.8154007205034
"etap[297]" -0.103974444478077 6.78896037587608 0.0320034661265916 0.0663682863397654 -13.6640052720658 -3.39608188780797 -0.0280298595210321 3.26680018926344 13.0024251416875
"mean.p0" 1.76316747029464 0.333055034948758 0.0015700364914706 0.00773459221837806 1.17517881770109 1.53834029989116 1.73877586340069 1.96184035101759 2.48084215231025
"mumup0" 0.587236063180049 0.0511501722585615 0.000241124224419259 0.000590806318493776 0.484401245757327 0.553589356540634 0.587341374478625 0.621134552564948 0.687487182116367
"mupsi" 13.2808482663632 1.46142851610841 0.00688924009306434 0.00905696924770207 10.5188829585292 12.2726772382503 13.2498475628309 14.2454046438477 16.2341910646011
"ppo[1]" 0.843499947104581 0.068458074246738 0.000322714456845604 0.000848878071999082 0.679266308409651 0.808847200447697 0.850139812454987 0.888415665693324 0.956283905027619
"ppo[2]" 0.87072560226951 0.0623908122260654 0.000294113109391916 0.0014484294439759 0.738144220804299 0.832060051694778 0.872473440727759 0.914464031262426 0.980166954738069
"ppo[3]" 0.776038410901895 0.106272288146585 0.000500972370671072 0.00244860014544293 0.496202500176255 0.730106588807266 0.804588786951778 0.848499234837729 0.908937481917114
"ppo[4]" 0.810514800395314 0.0845011469553916 0.000398342226867989 0.00122880338916195 0.590947102092053 0.774928654900171 0.827286914834286 0.866395966716032 0.928977998656498
"ppo[5]" 0.843026389420019 0.0693870137145806 0.000327093519492426 0.000878463419925981 0.677035486684341 0.80818728916047 0.850249673442348 0.888950194469123 0.956171496099445
"ppo[6]" 0.843310744053422 0.068841751504329 0.000324523128783135 0.000896842771544804 0.67918088239817 0.808284442381719 0.849816707065371 0.888732720032867 0.957201596155052
"ppo[7]" 0.871037964058803 0.0627196893556509 0.00029566345104863 0.00143546067810496 0.737051567512376 0.831967109291424 0.872679535564785 0.915206684479768 0.981336288443028
"ppo[8]" 0.812830090713639 0.0825191340702364 0.000388998928524707 0.00122620272553401 0.59764240949914 0.777302078049592 0.828423795976095 0.867074884520681 0.930448922949554
"ppo[9]" 0.843686665150499 0.0690260308418444 0.000325391829911066 0.000899290592630627 0.679577960521754 0.808125363689686 0.850270433635468 0.889428315435776 0.957639557974739
"ppo[10]" 0.870209951706444 0.0636683911760159 0.000300135674318657 0.00140550925606802 0.732917921985181 0.831290425883333 0.872251075202622 0.914407238836392 0.981305788168657
"ppo[11]" 0.870542935215815 0.0631093544420861 0.000297500349882029 0.00139709672104091 0.736213967820831 0.831476941130803 0.872084007517945 0.914743872716143 0.980542163402093
"ppo[12]" 0.84306041356693 0.0692142025099292 0.000326278879661266 0.000884181281766632 0.678160509538839 0.808582100326015 0.849631566041191 0.889038866172776 0.955853364324726
"ppo[13]" 0.843398559269143 0.0694783253893898 0.000327523966855487 0.000930548882652676 0.675633990123993 0.809099840697406 0.850462381047462 0.889028679045455 0.955934043367737
"ppo[14]" 0.843205956911789 0.0703947109533302 0.000331843849831778 0.000891883940726885 0.67358146054326 0.808805548221444 0.850345505603813 0.889509236443842 0.95737187700617
"ppo[15]" 0.843576278054261 0.0690577868192715 0.000325541529024279 0.000904539646590928 0.679866979520597 0.80897662396356 0.850560269778013 0.889052727360907 0.956172003745263
"ppo[16]" 0.776295094230735 0.104848085408337 0.000494258614577741 0.00221502947832613 0.500110660623436 0.731329608148375 0.804165439405612 0.847508091776708 0.90792447911574
"psi0" 0.999995358976839 0.000010065983892383 0.0000000474515031307904 0.0000000640698670633804 0.999972979371823 0.999995322196595 0.999998239388425 0.999999349422426 0.999999910960982
"sdeps" 0.548198831866438 0.41274612209223 0.00194570387893244 0.0166073186923503 0.0233671768908967 0.231478130912946 0.471413665563076 0.769472396384162 1.55965950587187
