"Mean" "SD" "Naive SE" "Time-series SE" "2.5%" "25%" "50%" "75%" "97.5%"
"N" 25.9710444444444 1.1364913112403 0.00535747141958406 0.0193333453600198 25 25 26 27 29
"betapsi[1]" -3.63260791887959 4.95210837483049 0.0233444627534222 0.143312135969139 -12.5950936540462 -7.920680316556 -2.68446322993111 0.138462482774817 4.93137067914295
"betapsi[2]" 0.15783789191806 3.23473625762706 0.0152486929541206 0.0220612190894733 -6.35344376828633 -1.63506848487095 0.0310651107802655 1.86148038977298 7.25929599474644
"betapsi[3]" 0.146856659165451 3.24702192042314 0.0153066081239505 0.0223592981858046 -6.3280522284044 -1.66990061811524 0.0297356207580613 1.883063624683 7.21790982601991
"betapsi[4]" 0.147931465056929 3.17823470754165 0.014982342092701 0.0207884958400592 -6.33072844970058 -1.64856498119861 0.0345593532658814 1.87398568950158 7.09927485145036
"betapsi[5]" 0.158552271143328 3.22551434178685 0.0152052204259463 0.0222762892287082 -6.30714630297187 -1.62362747455655 0.0374454717238402 1.81995087861147 7.27988138572882
"betapsi[6]" 0.181285361619278 3.22099306725432 0.0151839069334026 0.0219087376269833 -6.2139026086366 -1.63574055129181 0.0381476985936158 1.88117081969282 7.32779276048547
"betapsi[7]" 0.132964933719291 3.21322032244165 0.0151472658629661 0.0216181893593136 -6.39142697574508 -1.66330943489266 0.0251196279163353 1.84872830419262 7.13398173861793
"betapsi[8]" 0.164737480006115 3.22031686533831 0.0151807192870008 0.0222485197833207 -6.2641018822965 -1.63058704832833 0.0350006237382759 1.85095982873111 7.27722700586435
"betapsi[9]" 0.133406493876473 3.21103944875163 0.0151369851257986 0.0220136378471588 -6.37397421695268 -1.65506661063898 0.033264743362268 1.83671285164407 7.14704660933183
"betapsi[10]" 0.180617534492549 3.2352351611627 0.015251044807942 0.0218296569709519 -6.25193433887232 -1.63287546000092 0.041109937797233 1.85226351366114 7.3023909383348
"betapsi[11]" 0.155945548789061 3.22716016805007 0.0152129789253555 0.0217856591507655 -6.29222763287043 -1.66077762598918 0.0289203747371067 1.85731301441706 7.30015531452162
"betapsi[12]" 0.166951422778688 3.20137061643777 0.0150914058131634 0.0212755032819839 -6.20936745557545 -1.64715206105928 0.0317504129623754 1.85692609876239 7.2800550575907
"betapsi[13]" 0.133448646936935 3.19616399598389 0.0150668615689633 0.0215961319765438 -6.3081767972693 -1.67160115608174 0.0347463060629991 1.81519952632174 7.07597655899891
"betapsi[14]" 0.152226078739407 3.18494623679649 0.0150139805450225 0.0207422079394572 -6.2915849855113 -1.64517842688517 0.0374374357686764 1.83300407682816 7.1306789213155
"betapsi[15]" 0.186916458689834 3.21214907489581 0.0151422159536061 0.0215735708783404 -6.23383355708945 -1.60317450382357 0.0547021748660018 1.88228769183139 7.195580147221
"betapsi[16]" 0.166715026564629 3.22812005034423 0.0152175038538844 0.0224451776948198 -6.33678138397142 -1.64080537622596 0.0421246058344342 1.85686582286282 7.28545537289787
"etap[1]" -2.26226098635408 7.11365012654142 0.0335340682897732 0.321635433515351 -16.6392436805898 -5.72754196778208 -2.8145534289224 2.68361306335042 10.1713256717211
"etap[2]" 0.609578494669809 3.82983871082664 0.0180540328218417 0.047231774887937 -6.39913226131247 -1.4084111001578 0.403929516093527 2.39574560394193 8.81723326919339
"etap[3]" 2.12193727734108 7.0404924509913 0.0331891996999243 0.181833251193324 -10.8938157408759 -2.22638772518409 2.28407423396558 5.7619133329468 16.7125575201176
"etap[4]" 2.21588755931428 7.41003908969198 0.0349312592611906 0.230670722855128 -10.9364315457837 -2.34117016909761 2.26452024339845 5.84149885584806 17.7095134501871
"etap[5]" -1.27935248864797 4.58682584426797 0.0216225043906906 0.109848028197151 -10.8641381784626 -3.61809214099741 -1.24619413947843 1.49319990115547 7.08466127838522
"etap[6]" 0.634218402856899 3.94670324765833 0.0186049375316678 0.0439432725410077 -6.54165303080244 -1.41585414068028 0.417718023928775 2.39795762390444 9.15714597446303
"etap[7]" -0.436013104078329 3.44677478679136 0.0162482521664199 0.0443011268853009 -7.69524081204602 -2.08314280838854 -0.297232053298348 1.4075585443117 6.02012879735013
"etap[8]" 2.14967233791338 7.1493881448686 0.0337025389238087 0.163915473266031 -10.6536211669376 -2.28959851907678 2.23163724957442 5.73276006300436 16.5881805757842
"etap[9]" -2.21801239258844 6.90633389518565 0.0325567702028285 0.275786962223011 -16.1154890333777 -5.70469181829068 -2.8254764179293 2.69438506454864 10.1604165662548
"etap[10]" 0.626505004131421 3.87249085740048 0.0182550969690052 0.0548004683166009 -6.51516597115019 -1.42809942862315 0.399498390445976 2.41510139184019 8.86492506896393
"etap[11]" 2.15503297773349 7.03629603368347 0.0331694175990239 0.209365505760283 -10.6910112814515 -2.28003089610993 2.27707098002463 5.81582546169835 16.8888824909104
"etap[12]" 2.19685103999643 7.27733384799982 0.0343056807525271 0.235327883315334 -10.859101682254 -2.20393455673599 2.2786173754708 5.73891254129665 17.3355717832803
"etap[13]" -2.24701799347298 6.84281494685194 0.0322573390088245 0.256463813160942 -16.4066210761887 -5.75531368359637 -2.82041459117803 2.72845964241025 9.94756532002359
"etap[14]" 0.63136020410441 3.87297341595936 0.0182573717718673 0.0569153342586002 -6.48770304322275 -1.41166757852824 0.445918451113563 2.39824593276223 8.83775043430368
"etap[15]" -1.20990953268669 4.69455182126545 0.0221303295163231 0.0959542435418219 -10.8891714106242 -3.58634971077114 -1.19190495606914 1.58206584761309 7.33530196371873
"etap[16]" -2.21658427537623 6.72169568779029 0.0316863773460593 0.239093816909064 -15.981068142772 -5.77925894942446 -2.84355883753965 2.67641019103047 10.0100167381246
"etap[17]" -2.19879490201311 6.7933187897849 0.0320240118867926 0.252539497476753 -16.1761889327228 -5.77096592321052 -2.8013167836501 2.70145130944454 10.0826481457264
"etap[18]" 2.16061186880692 7.14949057977357 0.0337030218065815 0.18361344648588 -10.7710607392359 -2.2554364653326 2.2675199137997 5.80554046404113 17.0275118235729
"etap[19]" 0.580630970120491 3.90349878288844 0.018401269731559 0.0447023756582702 -6.64499239085933 -1.42989504705755 0.395203355282709 2.38010033627374 8.71970096163384
"etap[20]" 0.664491930802797 4.04395967738949 0.0190634087381805 0.0721696791484389 -6.442076719534 -1.42333879508344 0.392251874972351 2.37502444744768 9.27383417705774
"etap[21]" -2.19566268081905 6.80854644246733 0.032095795729948 0.250923812674434 -16.0264762954573 -5.79028664100513 -2.78936632487104 2.7032352758536 10.1180635334093
"etap[22]" 2.14709634998827 7.16126808633842 0.0337585415049647 0.226790066528643 -10.8575294422732 -2.29281731752397 2.26390152933679 5.74040093739514 17.0867412159583
"etap[23]" 0.626341386229671 3.97936741864525 0.0187589179103791 0.0541563362324639 -6.4698279717551 -1.4027930916124 0.410639612128202 2.36483967057185 8.90677798374631
"etap[24]" -0.33647165517041 3.44206635148778 0.0162260563895403 0.0499346303828898 -7.32800989252345 -1.98287752761816 -0.281299227778402 1.44910058903144 6.17757665347939
"etap[25]" 2.13606438118828 7.07272427533925 0.0333411419770339 0.214520374812786 -10.656677534465 -2.27501436633675 2.26261858458936 5.81309644474146 16.5427480983323
"etap[26]" -1.74153400372287 8.46204370324586 0.0398904565684138 0.151776447703217 -18.3647700510023 -6.53877123952617 -2.18961548029625 3.93891073574761 13.5262310807403
"etap[27]" -0.782460048075053 7.44120677651523 0.0350781851459014 0.12917563595775 -15.2018041441094 -4.67819413131504 -0.619905458175639 3.48719379374574 12.6382066884514
"etap[28]" -0.178353557656873 6.69843941300958 0.0315767462153754 0.0638039249752514 -13.3731352931052 -3.76164629818415 -0.155526145200408 3.39346024590496 12.838379277095
"etap[29]" -0.0202499072521113 6.55028639150924 0.0308783461743343 0.0630946429080256 -12.7542586592166 -3.38032775068735 -0.0151900088049544 3.32425678555448 12.7328256525273
"etap[30]" -0.00936424661923104 6.45803702982028 0.0304434785129317 0.0615873439582542 -12.4371798704181 -3.39106856132494 -0.0109218814296015 3.35005159105796 12.7521945441481
"etap[31]" -0.00650038753304675 6.34923044502131 0.029930559353271 0.0484192600041151 -12.4701306703079 -3.34073489405789 0.0104292698941376 3.30771185220429 12.5625264824465
"etap[32]" -0.0209071790927684 6.47429670480062 0.0305201273558549 0.0630501297195217 -12.5622573787634 -3.33503208380533 0.000553801117693066 3.30258831565217 12.3203503247271
"etap[33]" -0.0219686147808671 6.58074697200054 0.0310219387278295 0.0721069431707311 -12.5208065137992 -3.33000380770014 -0.0177778892597811 3.30133563198865 12.3196041037457
"etap[34]" 0.029789072718179 6.56512022541682 0.0309482735379813 0.0736554504541107 -12.3333601606897 -3.30078929827518 -0.0170594112772202 3.27723289635917 12.4345386268907
"etap[35]" -0.00823461341141543 6.31374221039496 0.0297632662108935 0.0514896256021935 -12.5413298111108 -3.29981327920242 0.0175651332198972 3.2934120222306 12.2913678671732
"etap[36]" -0.0130814757033755 6.25712176019238 0.0294963548489463 0.0529366180802199 -12.158975987778 -3.36533208549755 -0.0343290857410283 3.26966044832755 12.4269867817993
"etap[37]" 0.0250501766918884 6.40996987487633 0.0302168877715103 0.0481812345423863 -12.2994919139594 -3.28376050421179 -0.0130080301765572 3.27134951189932 12.6659245794893
"etap[38]" 0.0559459734577674 6.4140044925131 0.0302359071414466 0.0566033430846994 -12.0518171709678 -3.26133886427592 0.0312531217979018 3.33910107833034 12.5332682526548
"etap[39]" -0.000435806761533643 6.28931067565455 0.0296480948516285 0.0477010707394556 -12.4696160313343 -3.27900105466798 0.0193352710301538 3.31664428108022 12.437428197631
"etap[40]" 0.0377193576121536 6.56890310059869 0.0309661061826045 0.0589075441506299 -12.5931099997105 -3.27291477996624 0.0600635096255951 3.355268048787 12.4328167334246
"etap[41]" 0.0444028895229225 6.3356196745499 0.0298663975659543 0.0530748587154174 -12.3091230791308 -3.24755858636618 0.0271595864874108 3.30511423246319 12.4071826669725
"etap[42]" 0.000142087312267927 6.3158004959106 0.029772969061865 0.047925713800229 -12.3357620252472 -3.2875664523051 -0.0154646082500345 3.31450427611166 12.3422313755697
"etap[43]" 0.0160506622735207 6.40118114363365 0.0301754572951121 0.0501126365241638 -12.4583144015043 -3.28831337849203 0.0226746859178496 3.28371448268778 12.5940623382749
"etap[44]" 0.0179776025795214 6.30926893754263 0.0297421790004403 0.0530944030231007 -12.0884088216942 -3.35839782518483 -0.0508614769789225 3.28577889067109 12.4565223665996
"etap[45]" 0.0319755506820552 6.53524806686042 0.0308074548320885 0.0621050652976454 -12.1003116405066 -3.33444191802224 0.0493294294746504 3.32969349811209 12.550919997268
"etap[46]" -0.0115002057235334 6.41546440708247 0.0302427892447263 0.0572526643161407 -12.4341915784588 -3.34295217295591 -0.00710187311237215 3.29480883952827 12.4305719951572
"etap[47]" -0.00314587032922716 6.34000983234624 0.0298870929682761 0.0427653434169092 -12.1758610774078 -3.27817841831426 -0.0249248057074804 3.24896806051114 12.329750208361
"etap[48]" 0.0502500035265118 6.42159857571152 0.0302717059929566 0.0591530756979652 -12.3166314190844 -3.30419315293422 0.0101587922232358 3.30964907287004 12.3856881003185
"etap[49]" -0.100592735866659 6.59914066918362 0.0311086474478911 0.0762415981880618 -12.6083873526293 -3.3056922767932 -0.0206425020691931 3.24285168768589 11.8174548828143
"etap[50]" 0.0635208244380517 6.47866992005361 0.0305407428902614 0.0664517110731403 -12.1204897947307 -3.26337868225431 0.0295127832914258 3.36363559441524 12.3225585588064
"etap[51]" -0.0158028287406186 6.32579978764176 0.0298201061751327 0.0584334909222373 -12.4185983982418 -3.29474964933697 -0.02468338405936 3.28432836154939 12.2607648375779
"etap[52]" -0.0661198921562164 6.25779431330463 0.0294995252947221 0.0545731813609069 -12.3125058448085 -3.32227686892407 -0.0429834406370396 3.21133234126531 11.9315534626543
"etap[53]" 0.0192557365137845 6.47037633651655 0.0305016465625322 0.0558040752557139 -12.3705819525704 -3.31957072013593 0.0142772191992053 3.29455910320423 12.4317114610454
"etap[54]" -0.0199370220233732 6.31366336767692 0.0297628945427563 0.0515832117030967 -12.4276948984222 -3.31815857266932 -0.00485563803983743 3.25207879879039 12.5446668771999
"etap[55]" -0.043246984809224 6.27808367330872 0.029595170255021 0.0550574585906931 -12.6053805872691 -3.28832794419671 0.0267838279991739 3.24346057207252 12.3406512960998
"etap[56]" -0.10083264852148 6.58129549604098 0.0310245244949537 0.073259487433894 -12.6222049642368 -3.31109333610659 -0.0481901934329398 3.2580049316087 12.2390217746892
"etap[57]" -0.0827565165078719 6.42699422744776 0.0302971413391674 0.0531449667808073 -12.8482122685731 -3.33087038740274 0.00911982830212357 3.24479504175352 12.1571798413176
"etap[58]" 0.0269035406744373 6.32134025742278 0.0297990837480744 0.0562180538775114 -12.2049420019362 -3.23386732896252 0.0331781071793018 3.25431561184872 12.1930551401425
"etap[59]" -0.0905003097623644 6.40959174735909 0.0302151052612996 0.0561491881527417 -12.5044571548681 -3.34779027233852 -0.0591022835258735 3.24395568832353 12.1701017361196
"etap[60]" 0.122377227926401 6.51441010330873 0.0307092237298651 0.0851197961523192 -11.9929046459683 -3.277414415142 0.0358311758406754 3.31621907731556 12.7989323977445
"etap[61]" -0.0222165687661594 6.52370508631257 0.0307530406999519 0.0589744586258179 -12.4615422019534 -3.30283767603656 0.0224879466661205 3.28738422751773 12.1673929703824
"etap[62]" 0.0264300695123127 6.23549958143195 0.0293944269207761 0.0485994945773368 -12.133125433503 -3.23108769757859 0.015129102903831 3.27612293656905 12.2293873950278
"etap[63]" -0.00232965104341402 6.23780420225134 0.0294052910075058 0.0480990847793191 -12.3176215688547 -3.22420740704116 0.0217260833778201 3.31286026921762 12.0902329463655
"etap[64]" 0.0139899538206465 6.45175410307787 0.03041386051223 0.0588502689611458 -12.4719633746743 -3.33851655984131 0.0420272129337968 3.36623831178675 12.4030649769952
"etap[65]" -0.0168274379469143 6.36374213822539 0.0299989681310784 0.0534573641446351 -12.2582940692112 -3.30409346754291 -0.027776125388526 3.21951595277339 12.311115886243
"etap[66]" 0.0257871710211455 6.31204298253947 0.0297552559739641 0.0571390144076667 -12.3429714920896 -3.31618396537534 0.0166757926918346 3.31294774277037 12.3534760216321
"etap[67]" 0.0167128749610505 6.35894626727238 0.0299763601785946 0.0552288759838791 -12.2303100105411 -3.30238074874745 -0.033940993617038 3.29119499763758 12.3967178377148
"etap[68]" 0.127817182304097 6.62084390485927 0.0312109574820241 0.0776375800874161 -12.2379475751927 -3.26648293197612 0.028478425947832 3.36121959202185 12.9061759617094
"etap[69]" -0.0189874463152807 6.45630148281464 0.0304352970658867 0.0629136639766625 -12.5530494491517 -3.335044483749 -0.0772892297971116 3.23980277040306 12.4342075619456
"etap[70]" -0.0401016603802505 6.58544197153051 0.0310440711678649 0.0960506145060836 -12.2422720566979 -3.33793863641072 -0.0134095637557098 3.28017698156527 12.4108329439842
"etap[71]" 0.0768318576818563 6.48864922139952 0.0305877857679494 0.067713942877281 -12.1797160036742 -3.32603344008644 0.0275608654511228 3.36734188415929 12.527264824866
"etap[72]" -0.0126446832111347 6.47192670244468 0.0305089550576062 0.0736743247731035 -12.222451367531 -3.28612331612372 0.0522235070445923 3.35004231551547 12.1753377865441
"etap[73]" 0.0130372644638192 6.44438443561635 0.0303791195666491 0.0531111857827866 -12.1028021841233 -3.30728241744458 -0.0266010339898806 3.30192660447883 12.2841329551402
"etap[74]" -0.060663268689334 6.5202513225278 0.0307367595013331 0.0566252525002673 -12.9700138685449 -3.32235727077926 -0.00486386181109617 3.29896504298216 12.3252958488538
"etap[75]" 0.011729965282631 6.33431551869893 0.0298602497163146 0.0468195863159602 -12.2465583163932 -3.31854885672363 -0.00882488372120291 3.28306312675354 12.487089394803
"etap[76]" -0.00490401308836024 6.38091058327313 0.0300799009571829 0.0547340556880176 -12.4826685672767 -3.25565966754264 0.0283226909494849 3.32219857051274 12.2506717819216
"etap[77]" -0.0199133710118634 6.29193723778411 0.0296604765842486 0.0508405951149615 -12.3177080343827 -3.29649853516416 -0.0160867220665398 3.23897247954621 12.2316521245191
"etap[78]" 0.0143189258535551 6.34403882546873 0.0299060858239978 0.0464753551919399 -12.2290726958341 -3.32221665930139 0.00705226447678474 3.34752089722485 12.3650320224723
"etap[79]" 0.0220760514827457 6.36231251766152 0.0299922288351101 0.0537506445570901 -12.1316554870209 -3.27689206881937 -0.0106415709136007 3.31823717124933 12.2675958297635
"etap[80]" -0.0341880562262806 6.21873253874389 0.0293153863235416 0.0494959654213904 -12.2130196004439 -3.2412361865568 -0.0120668742282098 3.26187495635458 12.2239958437376
"etap[81]" -0.015596576426812 6.60025436381867 0.0311138974547485 0.0587267144348848 -12.5392611067262 -3.34544410211759 -0.0259306102321333 3.33182155634854 12.6260721444993
"etap[82]" 0.0408813268179921 6.30077881962261 0.0297021562007448 0.0462229424835651 -12.5961502646764 -3.28151828297956 0.0380309608503751 3.36321956437906 12.5824060433939
"etap[83]" 0.05469594144975 6.41914097819347 0.0302601207671537 0.0573527811968542 -12.1566132476058 -3.23666855681712 0.00673166411452695 3.29869761437289 12.377878046506
"etap[84]" -0.0219775758960541 6.48175287305716 0.030555276070094 0.0608058703757532 -12.6288407620723 -3.25765689242431 0.00500353322143133 3.31673858558104 12.2408805425233
"etap[85]" 0.00573351683998996 6.32424561247527 0.0298127797231369 0.0504670182029612 -12.2356652691683 -3.32216433683318 -0.00479991714955134 3.30037527387824 12.267147900075
"etap[86]" 0.0847210219980102 6.4707491301805 0.0305034039287172 0.0485952435651302 -12.0388351568266 -3.26681405609422 0.0656617662938862 3.35167129788158 12.6433520096068
"etap[87]" -0.0779488942714896 6.48042356305271 0.0305490096426377 0.0703813188391208 -12.5009219537774 -3.36532352420099 -0.0555597526857737 3.24066278671619 12.5043038939862
"etap[88]" 0.0354343698597366 6.50184864369928 0.0306500084413888 0.0556880181630901 -12.4256714304137 -3.30404601885245 0.00414076458644371 3.39080939848874 12.6303957716166
"etap[89]" -0.00332406379657205 6.34070604979531 0.0298903749688055 0.0521621599787716 -12.4174331555261 -3.35395028204861 0.00888778439536463 3.36136147818783 12.4835623568308
"etap[90]" 0.0604703400308437 6.65251284990435 0.0313602463206534 0.0681936565696803 -12.4099493014504 -3.28787435424791 0.0230888572112417 3.32251730585232 12.7371618822168
"etap[91]" -0.0499354050494793 6.29385069756909 0.0296694967201786 0.0567764502792929 -12.2413423593424 -3.27573608115248 -0.0441065188126278 3.25093576797806 12.1717377613649
"etap[92]" 0.0244491526418969 6.48131511626568 0.0305532124647889 0.0557128072442868 -12.1542250175627 -3.26237396514176 -0.0054233879698742 3.30761114644918 12.2864626106195
"etap[93]" 0.0143433817996345 6.25821380154994 0.0295015027812747 0.0577662807955709 -12.3281939712731 -3.27612773483796 -0.002486372784644 3.31023910454182 12.3371713269431
"etap[94]" -0.021209340048516 6.36328513244256 0.0299968137851578 0.0647466057554736 -12.5723021081357 -3.24706726407075 0.0217850344950106 3.32710618897473 12.0990809181904
"etap[95]" 0.0289336984842828 6.26790037984505 0.0295471657492678 0.0535786677739858 -12.1328006124634 -3.28349871533585 -0.0188182623706248 3.25094956497898 12.4353918561639
"etap[96]" -0.00294014917902993 6.44891325929425 0.0304004686462054 0.0612674238774005 -12.4241750573401 -3.24682089387338 0.0294179768630581 3.27475032146199 12.3203986653998
"etap[97]" -0.00590596128958008 6.43824961382584 0.0303501997393861 0.0467011824828147 -12.3865954154374 -3.33584806115897 -0.0479091076976598 3.27567175637394 12.5727719893276
"etap[98]" -0.0196806856952299 6.49292689676962 0.0306079509230288 0.0554397010305698 -12.5856673515525 -3.30217826208601 0.0198400671528885 3.29996077533682 12.2613678209478
"etap[99]" -0.0816154353445896 6.42522868773851 0.0302888185051616 0.0735048072336508 -12.8343122370672 -3.29333523661211 -0.0430217004140061 3.2480038565739 12.1412463055932
"etap[100]" 0.019279956791685 6.64258761422774 0.0313134583109747 0.0604303298603679 -12.3665406138301 -3.31528680140671 0.020889046242709 3.3770011989009 12.5157527752291
"etap[101]" 0.00144136777071227 6.35694595550758 0.0299669306185054 0.0565850111934223 -12.3896118816163 -3.27658348061524 0.0144228254949468 3.34128004784229 12.3342659542247
"etap[102]" -0.0206172144663638 6.33656798127523 0.0298708679267284 0.0497335150890957 -12.4161473432229 -3.29705157856527 -0.0237771369919959 3.2788222254996 12.2168638533707
"etap[103]" -0.0163885442311405 6.42830824171569 0.0303033356618302 0.0584125315894653 -12.4732146498201 -3.28870415318596 0.0236390839345451 3.32349860196159 12.192300894562
"etap[104]" -0.049711373621166 6.30838179109302 0.0297379969519708 0.056562420378072 -12.3351578979802 -3.28239765104207 0.0270869599759494 3.26407988270498 12.2751857044873
"etap[105]" -0.018790016510236 6.56132784563513 0.0309303960882448 0.0876932396811057 -12.4433646316402 -3.29345646462584 0.0242841662650621 3.32035013878911 12.4437794916662
"etap[106]" -0.0624660803531643 6.49050852954328 0.0305965506305945 0.0707811409038662 -12.4842603893693 -3.30637588765219 -0.0494134643689972 3.28195970813962 12.1716801015143
"etap[107]" 0.0136450171524519 6.27784686464159 0.0295940539282585 0.0515808803949584 -12.0923364236269 -3.28773616389671 0.0157298729590153 3.26635314437877 12.1608271657401
"etap[108]" 0.0869626456465477 6.56557972332435 0.0309504396318903 0.064559515492747 -12.4780306247096 -3.24961888523504 0.0513676896764921 3.34119990563439 13.0345180771056
"etap[109]" 0.084226000882493 6.37013611773267 0.0300291096395341 0.0491516290685078 -12.2423638951249 -3.30269666185707 0.0498654581062107 3.3803162341227 12.5441343902816
"etap[110]" -0.0636029546574927 6.27529124409463 0.0295820066174659 0.0465547919968173 -12.2017290649948 -3.31186358636241 -0.0699837546079613 3.24416472420607 11.9653580760147
"etap[111]" -0.0437590368305425 6.24372864128026 0.0294332190809196 0.0454477311694719 -12.5371703550734 -3.28396049343056 0.00183817651864075 3.26063182045359 12.0741101045157
"etap[112]" 0.0320772021375731 6.33644011846361 0.029870265175654 0.0483580875605627 -12.1565385840476 -3.26643570314084 -0.00455623135961414 3.30292000505561 12.4926438797181
"etap[113]" 0.0263036012922931 6.36351040531498 0.0299978757316625 0.0573272953142356 -12.3057545572429 -3.30323719263379 -0.0244225591295326 3.30004560135824 12.4904320654134
"etap[114]" 0.0975146012411755 6.52815814787538 0.0307740326334726 0.0632938497077561 -12.1351342736766 -3.27696640961259 0.0349266595374457 3.31290006406443 12.3123372416356
"etap[115]" 0.0708394346996342 6.37303820851581 0.0300427902266833 0.0560835461209437 -12.145833340453 -3.25640806250357 0.0150970113757754 3.32403709133173 12.6809657752037
"etap[116]" 0.0275719111193233 6.35863596995319 0.029974897423004 0.055957374538138 -12.5100305967558 -3.23865874414624 0.0500611336920595 3.35553479489228 12.4091792670584
"etap[117]" -0.00697349704400543 6.43598463670822 0.0303395225348588 0.0475354679115629 -12.4811346097151 -3.30773544131248 0.0178614924529513 3.39487046807832 12.1934042142204
"etap[118]" -0.0464840827339875 6.40479743025603 0.0301925046337348 0.0537392231415328 -12.4062063995202 -3.26574250423787 -0.00718652015312338 3.27246088719341 12.2060798547959
"etap[119]" 0.0211473767769937 6.26581709313774 0.0295373450415485 0.0512484713229477 -12.0391696299392 -3.28386853736899 0.0270842438321937 3.32324508796286 12.2042707531931
"etap[120]" 0.0254396029794621 6.43951415545253 0.0303561608457817 0.0501457631692523 -12.5291416207993 -3.30952414085885 0.0304607158387601 3.3675461755437 12.2611879736173
"etap[121]" -0.0184002000157876 6.33428841990094 0.0298601219713558 0.0558696210948124 -12.5850758286829 -3.32767127962767 -0.0378019445361415 3.26612350722543 12.3949742364623
"etap[122]" -0.0763788054591733 6.38911921439774 0.0301185968153994 0.0524517877064372 -12.7147264034669 -3.36966403153943 -0.0177670629681561 3.27307261370637 12.269025585639
"etap[123]" -0.0112550865319318 6.39073156871305 0.0301261975265329 0.0519096386862626 -12.3949716511423 -3.30837367935922 -0.00176460564588652 3.27755149653412 12.3366380001978
"etap[124]" -0.0159859509621844 6.48746622476518 0.0305822090683343 0.0662341702079217 -12.570829559908 -3.37102027694779 -0.0602013646299829 3.25966373734323 12.7368551445113
"etap[125]" 0.00629487800544087 6.45465124623086 0.030427517776027 0.0577712391939243 -12.2308784216817 -3.32269558724726 -0.045295472803355 3.32163791096966 12.4518135963032
"etap[126]" 0.0773919761702203 6.5183477428866 0.0307277859408476 0.0759963939230851 -12.2587063215141 -3.24723633686847 0.0160828726004127 3.32042005823018 12.6013988537723
"etap[127]" -0.0326310273855729 6.38930660293415 0.0301194801734315 0.0526729038303664 -12.347937067669 -3.31818229068858 -0.000343387154105667 3.25701066381609 12.3746208449246
"etap[128]" -0.0239814938045115 6.24263431584577 0.0294280603813493 0.0497581378638722 -12.5204192937241 -3.25605761328906 -0.0196601993324527 3.22229088785897 12.1980683967054
"etap[129]" -0.0229107657476377 6.38326766559109 0.0300910123497885 0.0542626241231931 -12.514559375413 -3.33529773008607 -0.0371536726895645 3.27268277049847 12.3236625771641
"etap[130]" 0.0101552779216663 6.31385928376129 0.029763818100035 0.0529150010833616 -12.2531503339814 -3.32397859436758 -0.0139231746373966 3.31968820694244 12.246948252138
"etap[131]" 0.0735524951491582 6.3599639025379 0.0299811573572414 0.0677513518060845 -12.1339525630522 -3.28857864881685 0.047602484983542 3.3170126800429 12.3425284303134
"etap[132]" -0.102039805464514 6.42727501307337 0.0302984649753002 0.0594129818409395 -12.7183770017372 -3.33761197470154 -0.0446261005697168 3.24136950905905 12.2294181019512
"etap[133]" -0.108355622185263 6.50524397853272 0.0306660142032896 0.0590867085401462 -12.4012518418037 -3.35643426190517 -0.0390973602949753 3.1746537756317 12.2290739416927
"etap[134]" 0.0692805702799394 6.45395170756777 0.0304242201191445 0.0628352613391154 -12.1366927518239 -3.2706680213152 0.000263877506911034 3.31742537909218 12.5159721416466
"etap[135]" -0.103606309699094 6.5000896424934 0.0306417164301835 0.060101885319221 -12.7638422115445 -3.36018250296088 -0.0530306820490047 3.241087728895 12.1203958368269
"etap[136]" 0.0584108183586031 6.34203793096132 0.0298966535168337 0.0572381717157317 -12.2119141777284 -3.32012133515424 0.0412507550899344 3.39120766720871 12.4478112838103
"etap[137]" 0.00268949693969365 6.39595444074951 0.030150818381428 0.056613231552128 -12.0043943082887 -3.24192916715388 -0.0124564923647773 3.2669577618349 12.3389257754023
"etap[138]" 0.0682903176427628 6.55952999384542 0.030921920933631 0.0756095237719163 -12.2276252031662 -3.31572761238673 0.0398522120004505 3.37969888112266 12.5740476892175
"etap[139]" -0.0347579119648247 6.33044563345721 0.0298420069023357 0.0453452214515104 -12.5523564507742 -3.3442890461415 -0.0438065946225933 3.32390722379745 12.3982532136907
"etap[140]" -0.00506980980772511 6.48009752396916 0.0305474726796583 0.0616301380905792 -12.4674001345615 -3.27579449802845 -0.00652989108947652 3.29004788820122 12.4395270329307
"etap[141]" -0.0222846299760104 6.33661787319335 0.029871103119486 0.0504166746916685 -12.5138403280744 -3.28777882440261 0.0130206237184808 3.28893623031931 12.3537332614575
"etap[142]" 0.0037293800495238 6.39773931968115 0.0301592323814024 0.0613457918847288 -12.3676739135666 -3.31245170845947 0.00153237294675297 3.32460226664304 12.5808860028369
"etap[143]" -0.0392956776388565 6.53485350036458 0.0308055948277896 0.0613461613055108 -12.6562270816497 -3.33043337809716 -0.0202606325167231 3.27265836920203 12.5337883249224
"etap[144]" -0.0258944226721794 6.25858444764538 0.0295032500237247 0.0493920813402314 -12.5077237865686 -3.24971251009516 0.0457198886135159 3.3081716788685 12.1465266921648
"etap[145]" -0.0243659793298976 6.46257427312398 0.0304648672829846 0.0551146181079356 -12.6275660000325 -3.34981432979808 -0.0123404203518178 3.28857497199184 12.4398039846798
"etap[146]" 0.227523937875181 6.41859386310541 0.0302575416418946 0.0644088853707621 -11.9527227314681 -3.17140959133739 0.119593194291697 3.4761368863832 12.8999018000003
"etap[147]" 0.0666573000611707 6.50651495683091 0.0306720056524456 0.0710080203152133 -12.2214890961798 -3.26571601653883 -0.0104288094675291 3.3026707529597 12.5555191039724
"etap[148]" 0.0703274533145665 6.35530613674986 0.0299592004387487 0.0551184418089581 -12.15522378572 -3.30178162062462 0.0257671176962471 3.30804138503985 12.7218836426626
"etap[149]" 0.0572129841046508 6.40780684855203 0.0302066911676316 0.0557258870340419 -12.0304866346534 -3.3304431409089 0.0424355784425195 3.40689399235281 12.4362497614795
"etap[150]" -0.0633268886606739 6.43573017414776 0.0303383229868451 0.0526153171777952 -12.4887742021995 -3.31279048585977 -0.0436063504719269 3.27355435430125 12.1101280103981
"etap[151]" 0.015001768300941 6.27945057043975 0.0296016138698912 0.051304021484777 -12.4258777265198 -3.27298647995734 0.0645684607800792 3.36184920018586 12.3607232999442
"etap[152]" 0.0442406923768909 6.47143026511314 0.0305066148295824 0.0634002090650973 -12.220158305968 -3.2544859400306 0.0193724715218085 3.31131680634699 12.2676346197262
"etap[153]" -0.0630192819987158 6.40999662687639 0.0302170138816479 0.0470035517574258 -12.5319690719331 -3.37885149487779 -0.028011795042162 3.25972543687698 12.2447213093728
"etap[154]" 0.0683010993612445 6.43287157941133 0.0303248474420265 0.0531001794973266 -12.1439921382231 -3.21475634146249 0.00987548234368849 3.35395326432304 12.4196529720874
"etap[155]" -0.047282876781886 6.26635167182034 0.0295398650696255 0.0548083419743339 -12.3380346104999 -3.36260734937989 -0.0440825536772925 3.26048035290544 12.4582599376159
"etap[156]" -0.0120590134632131 6.6219711232706 0.0312162712405743 0.0686760010308624 -12.4390959090618 -3.32263004453437 -0.0202912077932111 3.28231353826908 12.4436238998893
"etap[157]" 0.0544164685786336 6.26296326086632 0.0295238919472053 0.0582465578505473 -12.1295739448179 -3.30445670488373 0.0452228155849624 3.35957316380925 12.3394407843016
"etap[158]" 0.0611476896591779 6.40912697462825 0.030212914301635 0.0539118160424295 -12.1314673889482 -3.30810804487557 0.00692867370244211 3.33509007053813 12.7507456143768
"etap[159]" -0.00916763056062505 6.36980999252598 0.0300275722705664 0.0492935872825541 -12.4513325147101 -3.32255451733099 -0.00828684148284907 3.32431143054598 12.2101512772332
"etap[160]" 0.0503583974740456 6.2517088774546 0.0294708382750153 0.057452311162755 -12.1564508081682 -3.25402646735676 -0.00711843551230204 3.2842814991084 12.2382648722692
"etap[161]" 0.0375364751073532 6.28375818460967 0.0296219201578264 0.0553868493678589 -12.2616923335444 -3.23674804582396 0.0512384115191518 3.33094882708667 12.2051416419102
"etap[162]" -0.0639663912438507 6.45474008771993 0.0304279365788227 0.063937166127148 -12.4803209462931 -3.3181536289979 -0.0308442851874616 3.23881297799816 12.2919475518958
"etap[163]" -0.0684095349263101 6.64863187037311 0.0313419512076922 0.0664089333865668 -12.7478859364917 -3.28844965034727 -0.0136067477086269 3.31126701925725 12.308224002552
"etap[164]" 0.0274860812050759 6.50521729403227 0.0306658884113481 0.0788291618857931 -12.113921006902 -3.32343002607962 -0.0177538826441759 3.33827738160136 12.353602003867
"etap[165]" -0.0537261502748559 6.45340745647555 0.0304216544948913 0.0550505783537532 -12.549197823777 -3.32826311700089 0.00110735394527052 3.29831134796666 12.2411605318319
"etap[166]" 0.0510325829583928 6.48821453956251 0.0305857366581187 0.0539388079413509 -12.5222348229071 -3.29762221188262 0.0274192659553638 3.34033130723958 12.7162260630701
"etap[167]" 0.0557023171366558 6.46314136080664 0.0304675405599575 0.0473278560478618 -12.2551892659719 -3.30296203598738 0.0232025341492123 3.35521315178213 12.5064909358113
"etap[168]" -0.0156038818688387 6.39901072683161 0.0301652258521873 0.0498887936182354 -12.3474207313808 -3.29293846065129 0.0040592512278851 3.28425131775942 12.3781458895385
"etap[169]" -0.0548460026057153 6.25328338800366 0.0294782605889238 0.0439445389315226 -12.4320741217822 -3.31395297042747 0.00417404760598445 3.24237759576248 12.0327014986128
"etap[170]" 0.0526517320267694 6.46469515099774 0.030474865197162 0.0497954296345904 -12.4860501352706 -3.27890306278009 0.0401969111201564 3.39490865463503 12.7372508399685
"etap[171]" 0.0264987290006408 6.46053569618988 0.0304552573391574 0.05150464564361 -12.3156409026991 -3.32201114560902 -0.0125868299401181 3.32685601612102 12.5645717274316
"etap[172]" 0.0683661940449975 6.52793392735939 0.0307729756478237 0.0483661597289513 -12.2121233511769 -3.29002576434009 0.00718982510488497 3.32806770595197 12.6164517692034
"etap[173]" -0.0527020248001132 6.31394036770609 0.0297642003334164 0.0544984240536883 -12.6532110888917 -3.32847102732808 -0.00397257427168708 3.34108432740282 12.135869194884
"etap[174]" -0.112928730701717 6.46801858466715 0.030490532013725 0.057428363394519 -12.8170138168004 -3.35037181799482 -0.0323796329064755 3.25285906809072 12.1008711445046
"etap[175]" -0.0488988412163821 6.33704115108168 0.0298730984705871 0.0488841484192238 -12.3710187049184 -3.34622750766032 -0.0474344892458446 3.26658737410373 12.4437052569205
"etap[176]" 0.023800858909488 6.37912496542746 0.0300714834739344 0.0576759482913807 -12.4727462244428 -3.314962286364 -0.013992862625221 3.32131614648121 12.6253936606259
"etap[177]" 0.0854694019612863 6.57751841423959 0.031006719160588 0.0575937686162684 -12.1487036309982 -3.22203119841654 0.0410460541776836 3.34823105935818 12.7198435266346
"etap[178]" 0.0548393218379586 6.39469477363234 0.0301448802536907 0.0562118226545079 -12.1737943523318 -3.27791861110467 0.0198198868251406 3.28895375345323 12.6617523767587
"etap[179]" -0.0409467881365598 6.61871253147492 0.0312009100915353 0.0713207299205948 -12.2944392084173 -3.3127054526848 0.00313739343965745 3.28415280826943 12.2803174044193
"etap[180]" -0.077290112867927 6.23135999839463 0.0293749127391962 0.0475955942205392 -12.4303456467468 -3.34547051694598 -0.0110388455313531 3.24510707625893 11.9402563737124
"etap[181]" 0.0154299927156441 6.31388821341399 0.0297639544757256 0.0537602601190308 -12.3216797437947 -3.32535463425351 -0.0305833885320147 3.29891070389904 12.4489054880843
"etap[182]" -0.0510382429359703 6.49204364644437 0.0306037872410657 0.0505776187301068 -12.5458440873106 -3.26631767329593 0.0029405177131062 3.30321531808137 12.1385699434218
"etap[183]" -0.0189656341771596 6.32509477531153 0.0298167827151359 0.0484991286109279 -12.4747705763924 -3.30362036835355 0.028888465749361 3.30986112791328 12.2184989658285
"etap[184]" 0.0278001290728806 6.49693888287044 0.0306268636068816 0.0528194141468778 -12.2998669268683 -3.26678841586385 -0.00895286606062104 3.35124085189514 12.8753606703097
"etap[185]" -0.0463336001586979 6.38944022458377 0.0301201100719285 0.0432738015523774 -12.3936893243187 -3.31279438167411 -0.0115472311898783 3.29004074569606 12.1556846189615
"etap[186]" -0.039734373029435 6.60945336090924 0.0311572619429009 0.0703971557870213 -12.416291983669 -3.32404074735498 -0.0311279806403825 3.281005979444 12.2375177233374
"etap[187]" 0.0748968709595393 6.37319306452748 0.030043520224923 0.0606886529759791 -12.1399448005458 -3.30425468346768 0.0202067537945417 3.32401001378739 12.8810112657402
"etap[188]" 0.141933401935356 6.40521678111167 0.0301944814726262 0.0583461050583663 -12.085878797379 -3.22874454736969 0.0458400262406686 3.36693169869007 12.7818524261993
"etap[189]" 0.0137831172678034 6.42726238429688 0.0302984054426769 0.0668597898136072 -12.2631696594715 -3.30727796921728 0.0117757122955828 3.26972021135103 12.3133537747505
"etap[190]" 0.0151889666342499 6.56865515294787 0.0309649373461693 0.0577906781499004 -12.3449637035142 -3.34577215555571 -0.0298517496575865 3.25550477135182 12.5468513918678
"etap[191]" 0.00251434601294329 6.3530331811641 0.0299484856233619 0.0602434122996209 -12.2287158456439 -3.30076972991983 -0.0432935390292083 3.26727697605429 12.2215070541875
"etap[192]" 0.044868176322219 6.32945902607546 0.0298373559905357 0.0544477750789914 -11.9681195852295 -3.30905005361829 0.0122286835148935 3.28520124513969 12.2831107570183
"etap[193]" 0.0145298931181799 6.1878629247353 0.0291698655675544 0.0445251793598277 -12.1876089027614 -3.26103418628043 0.0144611771342069 3.26138169854998 12.3132141869873
"etap[194]" -0.00964125220961511 6.45985865519356 0.0304520657372932 0.0519252437487602 -12.2083986671066 -3.33498075562184 -0.0452497508730081 3.24131041243029 12.4388549430514
"etap[195]" -0.0469391552523009 6.53831533683286 0.0308219140814035 0.0586849926718268 -12.2886808849192 -3.2824978225162 -0.0565220256441753 3.26560594784437 12.1534156924085
"etap[196]" 0.0297588428511374 6.41911240227612 0.0302599860589874 0.0493048253047955 -12.2180268216127 -3.31223026750567 -0.00942664700559125 3.26621304030646 12.5548603178704
"etap[197]" 0.0366375420414144 6.42874315285667 0.0303053858526102 0.0515305468382924 -12.1502444038643 -3.22794148511125 0.0311610043757721 3.30685048729564 12.337638660172
"etap[198]" 0.00931114014713791 6.39940769332968 0.0301670971702052 0.0468219581648272 -12.2434561838423 -3.2625905543872 0.00428595690279812 3.25706530752804 12.3551152827508
"etap[199]" 0.094478981319898 6.62649611373028 0.0312376022501666 0.0668154030321051 -12.1753066664516 -3.24820113656027 0.0305043240379856 3.34721385559483 12.6550640454976
"etap[200]" 0.0014173740767986 6.33939795939205 0.0298842085715085 0.0653668980426309 -12.486104444131 -3.28962369819331 0.0361677817960342 3.30707422488629 12.17965789946
"etap[201]" 0.0955242688514267 6.25981823064462 0.0295090661325599 0.0486967029379794 -12.0736532305539 -3.18729983537144 0.0501707125847212 3.3837110728371 12.4405267326472
"etap[202]" -0.0325900278269094 6.46952500230205 0.030497633334558 0.0529032583117534 -12.5200791565842 -3.24781948720804 0.0259124602768387 3.27744989593819 12.173800555647
"etap[203]" -0.0548497628237678 6.50244573870199 0.030652823174225 0.0700544935121282 -12.5402463231329 -3.3611409941714 -0.0311454814149908 3.26260094836682 12.3381625332315
"etap[204]" -0.0616100905207142 6.3114391820214 0.0297524096310254 0.0548698969872651 -12.5701069777907 -3.30709030233287 -0.0762687326066835 3.16169630037821 12.3735098047667
"etap[205]" -0.00155303276046266 6.34235827531873 0.0298981636346166 0.0456730813454434 -12.4961904740964 -3.33692208047658 -0.023074857297466 3.26983561999818 12.6000477186832
"etap[206]" 0.040668485896529 6.33396819664654 0.029858612424458 0.0579845386543598 -12.2035736020802 -3.26046608122255 0.0285094393603628 3.36006407206261 12.3762592144175
"etap[207]" 0.0142412168741292 6.3107784872334 0.0297492950859261 0.0494172163412414 -12.2492338169908 -3.25923332397433 0.0108962029106874 3.29752020250333 12.084749878393
"etap[208]" 0.0522859737663763 6.44906630176692 0.0304011900953403 0.0460843942223867 -12.3341260599684 -3.25321778397446 0.00788664535039446 3.3753627918519 12.8278099619541
"etap[209]" -0.0413998444755063 6.30807354566275 0.0297365438690773 0.0497516147862314 -12.4417815250229 -3.27540494825366 0.00172010813393414 3.28707062913753 12.1509946068617
"etap[210]" -0.0404807346287409 6.469673527354 0.0304983334883674 0.0556383915501002 -12.5798106438544 -3.34270125436018 0.0198383013690362 3.33638047983893 12.3918603966952
"etap[211]" -0.0596163935959489 6.27104520936229 0.0295619906177833 0.0640101622612407 -12.2537501385692 -3.26970109734994 0.00109013318457608 3.24298689056925 12.0758652474172
"etap[212]" -0.0182663476209444 6.36940038030572 0.0300256413400423 0.0883394824963609 -12.1882260404892 -3.30268242137729 -0.00115872236232772 3.29491826263877 12.2040988579027
"etap[213]" 0.0585836897400218 6.45926745356427 0.0304492787860857 0.0795911122444303 -12.1514649595035 -3.2721689462103 0.0494834447397556 3.33010641114738 12.3164819272327
"etap[214]" -0.0441992465994607 6.35495050767381 0.029957523987207 0.0673237940999486 -12.3196174378961 -3.28206685389824 -0.00856225731456023 3.26776747099308 11.9630607922147
"etap[215]" -0.0238729058076203 6.30093546318643 0.0297028946255861 0.0501633580802139 -12.1588460156396 -3.34738499753107 -0.0394497904622872 3.29178751670488 12.3760529188396
"etap[216]" -0.0344268420651257 6.32718358478333 0.0298266294574167 0.0594210318212778 -12.552593816895 -3.28129686265374 -0.0253535518265333 3.26750222531384 12.35207886477
"etap[217]" 0.0956644360834081 6.37514246324509 0.0300527097786061 0.0511597995895283 -12.1775983087983 -3.27467433273854 0.0349342828392282 3.36471683266929 12.5886621160321
"etap[218]" -0.0932880269510591 6.46686594912048 0.0304850984376498 0.0754269928388205 -12.6942393069935 -3.32648005551928 -0.0226361293667246 3.27212180071925 12.0400144448804
"etap[219]" -0.0578989906457705 6.32677728529558 0.0298247141432635 0.0472223076678502 -12.674877900175 -3.36320844954506 -0.0102542204977128 3.2961378205382 12.1909908386309
"etap[220]" -0.0188506298865294 6.27534106324061 0.0295822414671723 0.0462148589510455 -12.2905145138749 -3.31679948679513 0.000718618117270252 3.33604264860613 12.2120481956604
"etap[221]" 0.0259799833794683 6.4389770224112 0.0303536287763421 0.0487250776931206 -12.4077712727691 -3.30829736757987 -0.0119526601232638 3.32010851388493 12.6874358042746
"etap[222]" 0.0620943844062224 6.26617643227594 0.029539038982491 0.0507287444907625 -12.1216856889738 -3.26758435909175 0.0426784012057522 3.3137899767222 12.5051726116338
"etap[223]" -0.0203939777634419 6.39060032258298 0.0301255788263424 0.0518674899427476 -12.3743071132813 -3.33091385955585 -0.00363244875225541 3.35482934304224 12.3373674462939
"etap[224]" 0.164814306706411 6.349378229719 0.0299312560170169 0.0786710467429583 -11.9006948606518 -3.19850484896373 0.0537426283686004 3.35162533576455 12.6896622126881
"etap[225]" 0.0277761027397716 6.30692218431506 0.0297311162996337 0.0475976436271716 -12.4210464773644 -3.30031105440125 0.0436271265632898 3.29492875577325 12.5918620667642
"etap[226]" -0.0584975141661425 6.48695961171823 0.0305798208715281 0.0641077376695501 -12.6787860195778 -3.311461880967 -0.0220634117136196 3.28351932010984 12.2729815141641
"etap[227]" 0.0665280334556202 6.36132933473327 0.0299875940663387 0.0560954497861651 -12.0925238869615 -3.28188361353563 0.0088193376375447 3.28816191458627 12.5996875053197
"etap[228]" 0.0632940316543916 6.56579160820537 0.0309514384667983 0.0653611603896019 -12.3295588387561 -3.27710324798632 0.0552680160218205 3.37491874237118 12.4576798472092
"etap[229]" -0.00122391669643355 6.34946112381198 0.0299316467835187 0.049274335455324 -12.2348559389912 -3.30212522376729 -0.0185817750966916 3.25280082303162 12.5701760858544
"etap[230]" 0.00521555911719978 6.38020081795338 0.0300765550913786 0.0494008246067516 -12.2130242416209 -3.2935726571996 -0.0168579323757652 3.250537223773 12.4586813405674
"etap[231]" 0.00159208854212094 6.42214119487812 0.0302742639242386 0.0539249597086403 -12.434705350024 -3.3000252067581 -0.0179795122113053 3.32703399217044 12.4300564920202
"etap[232]" -0.0283885798034768 6.34286747468239 0.0299005640234367 0.0507875670066182 -12.5641136268433 -3.29365326685709 -0.00610447802800749 3.31802248155431 12.4218389234685
"etap[233]" -0.0871973999837817 6.4290295272788 0.0303067358345825 0.0550507388192812 -12.6331482541434 -3.3038144529937 -0.0360925266965949 3.193248812872 12.2200598623873
"etap[234]" -0.00978883942696142 6.43004760296455 0.0303115350893903 0.0648518198166423 -12.3019281573119 -3.38516881568406 -0.033495524483543 3.2896258056322 12.2690587130113
"etap[235]" 0.14972702726851 6.5792757424762 0.0310150032853405 0.0709814464511132 -12.1524718431337 -3.27715530481413 0.057437166505415 3.3469105857552 13.0538044503868
"etap[236]" -0.0795819459057351 6.32007878498636 0.0297931371099806 0.0493903577775032 -12.5312335899807 -3.38828190203171 -0.0448454286760004 3.27702291827499 11.7806287904799
"etap[237]" 0.0156498464691958 6.26814775827418 0.0295483319023662 0.0561510774997605 -12.4984481099945 -3.26651164899425 0.028707359412885 3.32287536135249 12.4006475633988
"etap[238]" -0.0497668104912432 6.24925786304489 0.0294592840822826 0.050356511720866 -12.4262373233591 -3.28478522391738 0.0302594791418 3.2652557288142 12.154221875806
"etap[239]" -0.117404521930927 6.43052869352186 0.0303138029720265 0.0439565399319606 -12.541241586271 -3.37028202041748 -0.0592971062930699 3.28138789669829 11.9487194604482
"etap[240]" 0.0522827420840506 6.50075594050538 0.0306448573891339 0.0536188580827494 -12.406106219323 -3.25019180390078 0.0313247799867478 3.34378764993209 12.6059822511143
"etap[241]" 0.0612628369343646 6.32436495775737 0.0298133423221921 0.0564505116455455 -12.1949962209074 -3.27280679639435 0.0103990972759439 3.3360657258017 12.3275874842423
"etap[242]" 0.0563418688690948 6.49329504960157 0.030609686412122 0.0716430783232642 -12.1804515523436 -3.28873421776028 0.0260719322535503 3.28184195158104 12.4341656327145
"etap[243]" 0.0380195765400855 6.43179493535296 0.0303197720932625 0.054511581814282 -12.5011836506672 -3.35455992832094 0.0365564335037925 3.34659265589931 12.5779199702813
"etap[244]" 0.0473837197075894 6.38552377576705 0.030101647755152 0.0589954638289461 -12.3969883350489 -3.23873094825406 0.062799847079424 3.34701282209203 12.4092450535814
"etap[245]" -0.0260734263767556 6.34808153671745 0.0299251433475869 0.0594885477468338 -12.4629458281138 -3.30481180268975 0.0210362182147591 3.28134204765198 12.2389810884672
"etap[246]" -0.0610184980004769 6.35569208170991 0.0299610198007381 0.0515701472478817 -12.5727204147986 -3.32124472858298 -0.022915321287034 3.23116753043173 12.3428490718538
"etap[247]" 0.033435109946234 6.68602862421143 0.0315182411959151 0.0493650588690767 -12.7572078162513 -3.28733034204521 -0.0156881083781019 3.29469483424023 12.9566542979728
"etap[248]" -0.134244944378136 6.32885765037102 0.0298345210782781 0.0505739658126118 -12.5748682517573 -3.38535581599147 -0.0523231234240719 3.23781122767493 11.9546008298418
"etap[249]" -0.0330348965479525 6.37763727353209 0.0300644704270842 0.0603262782154718 -12.4426402994899 -3.30407578228027 -0.0251008501211465 3.25770771114382 12.2911900796068
"etap[250]" -0.0437552406894467 6.36643301325268 0.0300116530376059 0.0609626288414715 -12.4926942456215 -3.34747712752482 -0.0460246652155635 3.19993996858176 12.0459277226748
"etap[251]" -0.113029583835453 6.42908713267884 0.0303070073890425 0.0542300936305928 -12.5773100495009 -3.33551362649535 -0.0324937191821947 3.2369027278932 12.0918593825664
"etap[252]" -0.0107470232499151 6.19262279036362 0.0291923037893098 0.0442464963193 -12.2458894921097 -3.30610553134323 0.0275212400011682 3.35508962157445 12.1693011077805
"etap[253]" -0.00592085076478544 6.49790546135748 0.0306314201015665 0.0769229920308458 -12.6080503146511 -3.27755298194773 -0.00197881753293519 3.30256925065166 12.3937526424124
"etap[254]" 0.0164851035378503 6.2786001180199 0.0295976047987368 0.0457275741970599 -12.1879680010297 -3.30373115578124 0.0252462394482279 3.29938688632654 12.2318649111459
"etap[255]" 0.0329001043527356 6.26265021044497 0.0295224162133666 0.0436014406428235 -12.1084613012457 -3.27744451256704 -0.0127205353649309 3.30352089602292 12.3064992714837
"etap[256]" -0.0479652749485621 6.46322312929023 0.0304679260202857 0.0533366579457665 -12.6683005515278 -3.34103985217252 -0.0431394902203113 3.28208287813122 12.1559226453595
"etap[257]" -0.0362778780075481 6.68188010927161 0.0314986849089431 0.0539072414691124 -12.8775688864221 -3.32727747839527 -0.00959001061229653 3.27995423758089 12.7598804680078
"etap[258]" 0.0553558141695619 6.16510511333289 0.0290625842157703 0.0401696224497141 -12.1720891465344 -3.29985639867472 0.0458211595091557 3.3491867242992 12.4268721731463
"etap[259]" 0.0231816839886115 6.53776247300816 0.03081930785634 0.0669515577730173 -12.4112038258255 -3.28579377900486 0.0321105173566766 3.31570732856754 12.2108082411489
"etap[260]" 0.0504108936684333 6.47540715578278 0.030525362071986 0.0570480668068137 -12.3155087276218 -3.26375846190544 0.0078989527944971 3.29436930469702 12.5663357422999
"etap[261]" 0.0630968121623685 6.41023597175331 0.030218142164218 0.0577973508463907 -12.1069526124492 -3.22809077574326 0.0294920035163885 3.2844461822521 12.3474853004692
"etap[262]" -0.0195390779337128 6.38430594234251 0.0300959068333331 0.0521781751319129 -12.6160733264537 -3.27788761182926 0.0554421683183829 3.32084211037047 12.2585344822271
"etap[263]" 0.0113052353146556 6.46307208717066 0.0304672140009058 0.0491510489840659 -12.3309136715654 -3.31353351223872 -0.00938506810885477 3.3455869358792 12.5137425226222
"etap[264]" 0.0171665806719108 6.38177122820026 0.0300839580762774 0.0489382275922371 -12.2298938828954 -3.31747951690211 -0.013279929175099 3.30266989468844 12.5275529434838
"etap[265]" 0.0462207821319418 6.39991000006931 0.0301694650668841 0.0654241931074621 -12.4119334958913 -3.30910317022587 0.000543317729463708 3.29988306118372 12.573756042554
"etap[266]" 0.0285346840974829 6.4297358786493 0.0303100656068757 0.0590318619952622 -12.3148401728642 -3.21548118972191 0.0388787802839145 3.32887855352765 12.4074281032573
"etap[267]" 0.0144323074172549 6.4798769067619 0.0305464326801697 0.0562784504513638 -12.3189351940132 -3.29958087877563 0.00636625529654028 3.30067020587684 12.4075461906238
"etap[268]" -0.0475075553961417 6.43749167573419 0.0303466267849573 0.06567050735015 -12.6749879586198 -3.31342432702295 -0.0151061019323967 3.29619764293658 12.256511432961
"etap[269]" -0.055412062546092 6.46037459901 0.0304544979197686 0.0584970660103325 -12.466311537656 -3.32444528549857 -0.0387864216431825 3.23025902791358 12.1656199365856
"etap[270]" 0.0046969776158766 6.32545140226405 0.0298184638707125 0.0475144138252279 -12.2433319619622 -3.29575250900623 -0.00417137703035661 3.30741358555504 12.1554640004267
"etap[271]" -0.121697221463017 6.37789425759807 0.0300656818615889 0.055758061587188 -12.7158832317297 -3.39406114299562 -0.0556026782370804 3.25531916513324 11.943410675986
"etap[272]" 0.00895545828194982 6.38289781338759 0.030089268849781 0.0492794435997924 -12.3797848196648 -3.27556085142722 0.0133061257191157 3.31260591038716 12.3422009740756
"etap[273]" 0.0333287981851779 6.35342654252012 0.0299503399465772 0.0578338577129315 -12.1001590286837 -3.26417938917979 0.00234835188282965 3.32411966584553 12.2221068134491
"etap[274]" -0.0357940303785819 6.26906995196403 0.0295526791651106 0.0525730899496785 -12.3386828742735 -3.41825974435663 -0.0257432247213823 3.26852544049365 12.2394924148341
"etap[275]" -0.0285275813829024 6.39413301198801 0.0301422320839032 0.0472030132713501 -12.395293640707 -3.27258469784965 0.00215595289953154 3.28655660929762 12.3893617108065
"mean.p0" 0.143461717578635 0.242180827122427 0.00114165136754424 0.00617702514381622 -0.343691471512924 -0.0123717830343354 0.146632221041331 0.302452084027508 0.611497275851651
"mumup0" 0.7054508381466 0.0966075681757334 0.000455412443806685 0.00162383748197665 0.492071253002095 0.64623636602696 0.713592868097116 0.774002994079575 0.869289950441973
"mupsi" 9.06412992184747 1.39541480110226 0.00657804845618325 0.0129077541813772 6.49285748577793 8.08757419054464 9.01450012258888 9.9762696835787 11.9629309935559
"ppo[1]" 0.456052998557793 0.150177435761868 0.000707943221389494 0.00520313052906589 0.118858123417586 0.363886061089788 0.488016038079894 0.559142476519836 0.702713274233979
"ppo[2]" 0.544482918669322 0.0949345273451835 0.000447525653696793 0.00135634266897734 0.346801195409027 0.488090210855517 0.545031451339147 0.599528446168517 0.743717057822642
"ppo[3]" 0.54467419718018 0.0962896152938581 0.00045391359954754 0.0013622937150639 0.343411844887516 0.487670141509597 0.545939411098464 0.600747594810085 0.744793150169208
"ppo[4]" 0.544564435850947 0.095715401014956 0.000451206727477768 0.00137032469330598 0.345329572686813 0.488122294226602 0.544991729751071 0.600375615047181 0.745220786468216
"ppo[5]" 0.543812048970947 0.0951248713183789 0.00044842294379149 0.00139764344653477 0.343181594191973 0.488539001190076 0.544768612142442 0.598997841250088 0.740463837114862
"ppo[6]" 0.574690682158759 0.0987230043760132 0.000465384705689254 0.0018161531161298 0.393461348138009 0.510301092523858 0.565702480903911 0.630862033176806 0.796973567001318
"ppo[7]" 0.575004038342959 0.0982524265433344 0.000463166380512166 0.00177347819367165 0.394177694450387 0.511221282494134 0.566553335248127 0.630136217739382 0.796602931613414
"ppo[8]" 0.605751445641162 0.107075996271171 0.000504761087104339 0.00300985119886255 0.432358397760424 0.530787053529952 0.588594170815975 0.668318427636239 0.853291319988096
"ppo[9]" 0.573661234083319 0.0987763810874728 0.000465636325920124 0.00185617445789104 0.390108603644474 0.509617825670865 0.56551459128934 0.629512670438111 0.795283895607455
"ppo[10]" 0.544229193751783 0.095774814936082 0.000451486807387935 0.00139697141423954 0.346297850776103 0.487927328885329 0.545080472566076 0.600844527604136 0.742710982513926
"ppo[11]" 0.54437315771528 0.0947251997221642 0.000446538873818616 0.00125555199808869 0.344279710394625 0.488212258913516 0.545521830644973 0.599686753760363 0.740596478866205
"ppo[12]" 0.512293471382784 0.100024439796971 0.000471519731098826 0.00195580055686924 0.282296802860702 0.458633303217838 0.521198114702937 0.576628091441911 0.692138715328615
"ppo[13]" 0.512366113791062 0.100044769439528 0.0004716155659529 0.00187200659119292 0.286171330841927 0.457574659919936 0.521071228250505 0.576304917690092 0.695049065971137
"ppo[14]" 0.512460743441301 0.0990968774994641 0.000467147160495224 0.00196020035384044 0.286624802204175 0.458577498184775 0.520901118994397 0.576687781905294 0.692305326722986
"ppo[15]" 0.481075375011355 0.108077241319836 0.00050948100152794 0.00295861805678039 0.227182611484796 0.420005119702084 0.498972726288644 0.556645895784114 0.655359659408391
"ppo[16]" 0.481823971107326 0.108172465848399 0.000509929894260487 0.00302614178995606 0.228002278640537 0.4209446226556 0.49927647234551 0.557465346130241 0.656109268039876
"psi0" 0.999721973278174 0.000498396413372662 0.00000234946322409909 0.0000040607382437778 0.99848807341376 0.999692760037116 0.999878381534397 0.999953511992071 0.99999362379439
"sdeps" 0.400308563555176 0.313100109149957 0.00147596806913455 0.0142972350898903 0.0133001635330523 0.143642522228175 0.340756972276778 0.58175961248606 1.14508105907787
