"Mean" "SD" "Naive SE" "Time-series SE" "2.5%" "25%" "50%" "75%" "97.5%"
"N" 50.5556888888889 0.817028643320123 0.00385150996076869 0.0173595331553341 50 50 50 51 53
"betapsi[1]" -0.026624160520041 2.91822284723421 0.0137566344286188 0.0206076149963016 -6.37563456719672 -1.39925363019262 -0.0126083449621512 1.35393744966164 6.3333285422411
"betapsi[2]" 0.00217315548632381 2.89578915370539 0.0136508809831436 0.020441656580684 -6.27955135101657 -1.36725429212559 -0.00410866338235897 1.37486156420124 6.32442357803685
"betapsi[3]" 0.0304199214710429 2.90761159547187 0.0137066125080986 0.0208147705604942 -6.28731765808337 -1.34779527362149 0.00106921297915358 1.39572365562023 6.37515301551191
"betapsi[4]" 0.0113135364271139 2.93180975317804 0.0138206837174737 0.0211287813773735 -6.35560672256612 -1.36628467210676 0.00362405504145784 1.3766040414241 6.34603711619778
"betapsi[5]" -0.00487664142279279 2.89168401866072 0.0136315291909584 0.020712183642003 -6.27911693523603 -1.37430367838612 0.00232317269666867 1.37295901960224 6.25126334341285
"betapsi[6]" -0.0185811823517677 2.94457501110896 0.0138808597204507 0.0218525469235484 -6.40268740621487 -1.40111127271603 -0.00490359059419683 1.395645814941 6.33125559440227
"betapsi[7]" 0.0245481748614406 2.90367189587799 0.0136880405861075 0.0213103123250573 -6.28548251369498 -1.36266983339486 0.00183255388920368 1.38075032547436 6.37939761250738
"betapsi[8]" 0.00827880207850463 2.96174761955625 0.0139618121730089 0.0220648897314818 -6.44944999763811 -1.39912569711869 -0.00470168801475984 1.36292886709502 6.55487817904337
"betapsi[9]" 0.00894860456222531 2.92783528820648 0.0138019479099205 0.0208267471348365 -6.34071538728868 -1.3744106313758 -0.000340842707147954 1.37872949644716 6.40841771812219
"betapsi[10]" -0.00240540660981006 2.87271070427552 0.0135420881292027 0.0201666808770627 -6.16838271543586 -1.36930189118878 -0.00628383677776114 1.32236197560867 6.25839784906476
"betapsi[11]" 0.0256340689755939 2.88322851206622 0.0135916695506162 0.020842373186507 -6.18444288132799 -1.34080817696236 0.00194021097849406 1.37132152269183 6.33071532776309
"betapsi[12]" 0.0526785885063161 2.87410158613081 0.0135486448091474 0.0205570959199926 -6.08945478755469 -1.30815852643503 0.00478889674734858 1.39847044484858 6.36761257563272
"betapsi[13]" 0.0304336816316766 2.88381778576732 0.013594447413483 0.0204289287747134 -6.15614925926806 -1.34297762260706 0.000709738720634119 1.39663306445557 6.38056470708545
"betapsi[14]" 0.000780794664471857 2.9230718478184 0.0137794928365859 0.0206488877765934 -6.27338472010271 -1.38072889582713 -0.00323946465301801 1.36236851879195 6.34828845623623
"betapsi[15]" 0.0121099947089073 2.89751121731396 0.0136589988688453 0.0208265183981164 -6.18144688771347 -1.38455431169619 -0.00136697427555263 1.37955513162138 6.37931035874206
"betapsi[16]" 0.00772341659033733 2.89876046815884 0.0136648878938041 0.0203521594226275 -6.27604651541913 -1.35149126837762 -0.00251045651589584 1.36961819303891 6.3592157846377
"etap[1]" 1.28981977856185 6.3204710843609 0.0297949864269672 0.102119655991507 -10.3207663559509 -2.07187905618158 0.87419985680568 4.15255492069134 15.0984862774623
"etap[2]" 1.24345548828017 6.13745095788769 0.0289322212768151 0.099621679979732 -10.1151535564164 -2.06292951069845 0.859691639503977 4.07761062259173 14.8791379083301
"etap[3]" 1.2451722553628 6.1693892846661 0.0290827799931135 0.0823699874666005 -10.2464868406198 -2.06244245817716 0.893411604159827 4.09528091528428 14.7514287688057
"etap[4]" 1.26904824172425 6.12677147551945 0.0288818777141341 0.0969571619195328 -10.1679980626583 -2.03036837070447 0.869591315663991 4.13943961867384 15.0481413390828
"etap[5]" 1.32960339597712 6.33920947253009 0.0298833200359202 0.110603876131909 -10.1352164752385 -2.02046829959347 0.85293830127314 4.13120754456921 15.2784765838929
"etap[6]" -0.878225270339046 4.22923321040822 0.01993679654866 0.0601133004536095 -9.79733178875479 -3.2790719691953 -0.874017921425522 1.81563837699634 6.95566890024577
"etap[7]" -3.71403017069524 10.2340827750954 0.0482439288632961 0.417443119604894 -22.6414541485843 -9.86926232897823 -5.97884808738375 5.94662928656274 14.485585542161
"etap[8]" 1.2708549868014 6.16215162626628 0.0290486613442173 0.0913331381921666 -10.2394715760183 -2.09370401209504 0.854607440808759 4.15485624059906 15.3763797225201
"etap[9]" -1.96634817115085 6.07442183424264 0.0286350991385373 0.174664653932941 -13.8481390135945 -5.55953929714766 -2.82086444592615 2.91202250750735 9.05706815608953
"etap[10]" -0.923223872821359 4.28838986680522 0.0202156637012643 0.0720045481404776 -9.83115848147004 -3.29413711904546 -0.933365951642287 1.7532596651258 7.00458438725252
"etap[11]" 1.27838202539402 6.22926543718512 0.0293650388829639 0.127316280714046 -9.89677873921894 -2.07154363749599 0.865103070658316 4.05505194394167 14.8836244301441
"etap[12]" 1.3417261183645 6.16553580434753 0.029064614512684 0.0956340206793046 -10.0556775350348 -2.00425246333879 0.917533641184602 4.16129504503546 14.9838452712794
"etap[13]" 1.29202228436247 6.13392379103451 0.0289155940528133 0.0966932097543985 -9.95484608691779 -2.01118486213249 0.911984211788898 4.10454684940975 15.0785210180524
"etap[14]" 1.32570724693885 6.27558426459121 0.0295833879293336 0.110232593483137 -10.3605523706239 -2.02073788147931 0.877546157753751 4.2048396579699 15.1173308332017
"etap[15]" -3.72913378661652 10.1743798592375 0.0479624866188978 0.415697412441322 -22.4588513890521 -9.88143017487734 -5.92144069370647 5.89656100326311 14.1612891852581
"etap[16]" -0.832949198721435 4.17355274792038 0.019674316331295 0.0572664230340734 -9.56216478671627 -3.23399991516191 -0.893115390272148 1.80614076754464 7.09810688106134
"etap[17]" 1.21691990271072 6.10116439773121 0.0287611647917979 0.0850122549132398 -10.3689096304793 -2.07487185478978 0.863752933085344 4.0725293810067 14.8204759173838
"etap[18]" 1.31773148333711 6.19968476486244 0.0292255942563544 0.0939727258044915 -10.1772331761189 -1.9876900269371 0.923385566158841 4.17890358138098 14.8011955665325
"etap[19]" 1.26721912393053 6.12996295097452 0.0288969224737092 0.0931424701173897 -10.1698377344952 -2.03460892154433 0.859799464165721 4.12373596811636 14.9435131612989
"etap[20]" -2.83917699743364 8.0003052217464 0.0377138004923935 0.291079696791555 -17.9322062835308 -7.68728712616654 -4.39860940206914 4.4020432852403 11.5149924796416
"etap[21]" 1.23047066542104 6.12357524769524 0.028866810551676 0.0906430976192925 -10.1250395773465 -2.04945999349449 0.833716401710548 4.06701465521247 14.7207966244353
"etap[22]" 1.30727946753394 6.22983375766847 0.029367717971415 0.106692826317782 -10.1863540228853 -2.02554768556099 0.885970998202653 4.10971054216474 15.2128239454335
"etap[23]" 1.29722600118116 6.13960992616096 0.0289423987508577 0.106756813529689 -10.0446474354401 -2.03838268876892 0.870169106422728 4.11979629287651 15.2487039947027
"etap[24]" -0.874329452563491 4.2352957168954 0.0199653754783139 0.0616593954570511 -9.6633743626558 -3.27975675280014 -0.909985917448882 1.79142653526237 7.02948011037022
"etap[25]" -2.84893029078823 7.97750332837617 0.0376063113362203 0.256364969562697 -18.0127790003136 -7.65980033886862 -4.4454116343719 4.42145967156437 11.3984831634985
"etap[26]" 1.36013843653547 6.34664475434418 0.0299183702905253 0.123470859856991 -10.1154186850928 -2.01383852620478 0.900553906399332 4.13926836233587 15.0980826687692
"etap[27]" 1.39196715458505 6.30502844370613 0.0297221891207911 0.105460229225936 -9.93638027202626 -2.00495198408505 0.892358752725896 4.13148480776944 15.9654136864659
"etap[28]" 1.32981868582554 6.27167438129081 0.0295649565626978 0.10390353749213 -10.217586009114 -2.02607395465891 0.919906966098958 4.18553467920524 15.4631425164779
"etap[29]" 1.2733336086741 6.13744334822762 0.0289321854045335 0.0910026992450913 -10.0670795841958 -2.04958173452622 0.88709667307261 4.09826443412222 14.9542265359264
"etap[30]" 1.25889491879816 6.03915646202199 0.0284688565796154 0.0826516939639016 -10.1778557562958 -2.07591933728106 0.883472674240213 4.17069167633928 14.5071063307495
"etap[31]" -3.73782854903299 10.2359974132244 0.0482529545539929 0.427614143002319 -22.8723460691638 -9.928273366574 -5.97794092964503 5.91813256477961 14.4483784400086
"etap[32]" 1.23984294886381 6.15749941626042 0.029026730615933 0.0844004147056503 -10.2148956533128 -2.13225947998448 0.826601509087712 4.1343628870273 14.8018615201943
"etap[33]" 1.25932375513411 5.9710003530469 0.0281475656007115 0.08454538941667 -9.87977077892249 -2.03535480246094 0.905257825395291 4.12360225701734 14.8132449341615
"etap[34]" 1.29203256774243 6.26558642974689 0.0295362576838962 0.083703623968319 -10.2630875667742 -2.08244064999481 0.863291766835156 4.11767683081961 15.2381304138535
"etap[35]" -2.0193370192505 6.06019591527637 0.0285680375134063 0.178310140449487 -13.9406020572664 -5.56935387823386 -2.84222023116222 2.86833311064299 9.0523972827423
"etap[36]" -2.01398061085106 6.06432475204581 0.0285875010365935 0.169872784355925 -14.0313289609032 -5.56920016321489 -2.82953111214116 2.86276070774798 9.04147832185655
"etap[37]" 1.25779284495525 6.10940437576806 0.0288000084207758 0.0981941569635179 -10.1930694130137 -2.03737884363634 0.867302260800114 4.10510547062554 14.7934417904487
"etap[38]" -0.886887580589185 4.25577482829615 0.0200619149352748 0.0652048269361724 -9.92621534144125 -3.26850060324147 -0.861735638397682 1.79979439027176 6.97100072869437
"etap[39]" 1.31064007810637 6.07987815619906 0.0286608204869088 0.107356135675492 -9.94538292102737 -2.01387750575468 0.926863798937335 4.16867166117378 14.7115331345701
"etap[40]" 1.22629797533717 6.24139822932526 0.0294222334136107 0.103520980332424 -10.2242430504472 -2.08274895623261 0.856002150245299 4.09233896163513 14.708526802092
"etap[41]" 1.23612388697771 6.17056384056292 0.0290883169027103 0.0932277992478576 -10.2084178673072 -2.09661611512075 0.860813817103215 4.13814995854957 14.6538327904611
"etap[42]" -0.840128745064183 4.33162746437162 0.0204194876908737 0.0582471444824628 -9.78583805025442 -3.25481397533608 -0.883240067259335 1.85766312415275 7.16327738432924
"etap[43]" 1.25355686111925 6.1950033889514 0.0292035260386745 0.0974482548177613 -10.0835204100972 -2.03272537902729 0.849740772198322 4.02561567886218 14.9573539155255
"etap[44]" 1.33430412880283 6.11696259950001 0.0288356382291397 0.0983579197442595 -10.0107502676976 -1.9916346401283 0.926435398344272 4.21180760009465 14.8372482279633
"etap[45]" -3.71679620722989 10.1646230745694 0.0479164926948887 0.401283493923456 -22.7974605784981 -9.95005548115597 -5.96042763134353 5.92719774441018 14.3232094824139
"etap[46]" 1.39422028047979 6.24486634532134 0.0294385822692025 0.117522499726517 -10.0981411365747 -1.99005307863781 0.936963810410085 4.22152778480322 15.5166481990282
"etap[47]" -0.938817318596427 4.31596102040273 0.0203456353657572 0.0755355490684727 -10.0419023931635 -3.33784834924595 -0.959335120195568 1.78335946659777 7.01309113921088
"etap[48]" -0.873694871027629 4.26566504219367 0.0201085378507036 0.0704919126623845 -9.85891723163564 -3.22833363347138 -0.842157800084121 1.80338219497131 7.06898595022138
"etap[49]" 1.27162195792917 6.09673372012627 0.0287402783772665 0.0758647846448986 -10.2363703939217 -1.99688706103779 0.886474315539351 4.13979311725945 14.7991160723647
"etap[50]" 1.31142046556217 6.07908712099753 0.0286570915112077 0.0978636922022068 -9.90814867707259 -2.03382328637257 0.886132273177154 4.11063277984427 15.0879335048415
"etap[51]" -1.85954787309207 10.0312052272325 0.0472875549310002 0.203247142500212 -23.2685494324867 -7.71131150771347 -1.47702882732806 4.6340389020666 16.1224960322174
"etap[52]" -0.560708452202672 8.18668110798457 0.0385923848457846 0.125989627493907 -17.8649122038891 -4.56086585036287 -0.265688584456008 3.88164778895761 14.4887677029186
"etap[53]" -0.127467794454327 7.09035599188927 0.0334242586859438 0.0711423938693209 -14.2884862221079 -3.84971226016461 -0.0459559404730921 3.66916334643484 13.8674504129771
"etap[54]" -0.00355336037594119 6.85133927973992 0.0322975230994257 0.0667298614830819 -13.8803814431635 -3.69662467765108 -0.0179611028889042 3.71460435582346 13.4314956185388
"etap[55]" 0.0230321677507876 6.70687400260857 0.0316165072520552 0.0502838417469991 -13.1268054851511 -3.69984352428375 -0.0129991940570918 3.64330548520699 13.6388890197812
"etap[56]" -0.0139175286158161 6.8003701941963 0.0320572525259672 0.0482786812997207 -13.6341545030462 -3.7028615174892 -0.0515777694610607 3.62543754993273 13.8159802234374
"etap[57]" 0.0849413760641697 6.88271237525447 0.0324454172899933 0.0543790761324687 -13.3403548633443 -3.56007117428667 0.0384018586964225 3.67730064464862 13.9116133137998
"etap[58]" -0.0222939227025729 6.8819237496151 0.0324416996730773 0.0701128843183305 -13.6967643407532 -3.6099030576892 -0.01449416303858 3.6152379279197 13.7618137436754
"etap[59]" 0.00619629395647172 6.81176962179447 0.0321109899430093 0.0463379543365105 -13.7365072801048 -3.66621054905872 0.0556660327813078 3.65675655093374 13.4699295966403
"etap[60]" -0.103606683639021 6.88004185076258 0.0324328283168097 0.0558982943741715 -13.6693901258685 -3.73641902170467 -0.0990015063909357 3.54253172862575 13.4186282308665
"etap[61]" 0.0209473738851353 6.90274166665921 0.0325398362751577 0.0583602222086353 -13.5444732110233 -3.70279400611238 -0.014722577227846 3.6434661770748 13.9476055390533
"etap[62]" -0.0777518626994026 6.74302692958116 0.0317869337842023 0.0502298859313314 -13.7540035357219 -3.69259645693234 -0.0536300234864929 3.6096549533853 13.4736327328759
"etap[63]" 0.00798921454117777 6.78065089165076 0.0319642948422991 0.054390259574725 -13.741851329422 -3.5884735362604 0.0373033303400445 3.74923060481698 13.4658776307622
"etap[64]" -0.0230419245661955 6.78206282330069 0.0319709507519273 0.048546192313099 -13.5714225531791 -3.67944224375407 -0.0181082337281816 3.619924153527 13.7424107180672
"etap[65]" 0.0668930189072271 6.69651916614798 0.0315676940848595 0.0494999010749463 -13.3415226076364 -3.5590676261609 0.104164266133743 3.69825789114722 13.6052054453089
"etap[66]" 0.0518843778009072 6.77582464849164 0.0319415437138626 0.0544677501276477 -13.32802958389 -3.61569455433911 0.00178248944705896 3.65423085174339 13.6093858754533
"etap[67]" -0.00168642157313443 6.83131182759116 0.0322031127845972 0.047059655140056 -13.4882100818795 -3.6610584954544 -0.055830386616948 3.58355723898645 13.784657272996
"etap[68]" 0.00751348088959046 6.86725653643177 0.032372557767057 0.0652858310021867 -13.600824273848 -3.68625981658768 0.0444855170731812 3.65338324005487 13.8121633894086
"etap[69]" -0.0844554969479997 6.66375298278818 0.0314132328152107 0.0490197845263074 -13.5031051977273 -3.70621750755988 -0.0657742840250545 3.55187597791348 13.2112884297977
"etap[70]" 0.0436514712783086 6.8067762140808 0.0320874507933055 0.0512149041718127 -13.6322036160439 -3.59625425316642 -0.012135480016334 3.6224223149946 14.0097001071064
"etap[71]" -0.0213922288038066 6.88989219218173 0.032479263271573 0.0656422731966031 -13.6256783922624 -3.66385494272182 -0.0283892936393748 3.5756990619476 13.7133544112485
"etap[72]" -0.0400774342762299 6.66401847779111 0.031414484370657 0.0495478862798607 -13.4610181994653 -3.71241293635313 -0.0227458474679474 3.60826042005837 13.347460559022
"etap[73]" -0.0517542106062174 6.81056060058007 0.0321052905623473 0.050672105238159 -13.6462658934027 -3.69698658345116 -0.0423874976888139 3.53220972857571 13.5672902958249
"etap[74]" 0.0949950192702161 6.89449323050188 0.0325009527742175 0.0563044827590546 -13.5768780406594 -3.63309969019645 0.0711003709341721 3.7451126445139 13.9903995512285
"etap[75]" 0.0696788108702947 6.76526554696948 0.0318917676319323 0.0532699246614381 -13.4920979721863 -3.54793706105174 0.0672436108418954 3.66671247506491 13.8040279071854
"etap[76]" -0.0371152274593743 6.78451777884007 0.0319825235233234 0.0539257850279979 -13.7563714487673 -3.66810106916057 -0.0376027607156159 3.62420892916537 13.6945071513223
"etap[77]" -0.051090484133644 6.90048759712206 0.0325292104894578 0.0614759438095109 -14.0022765923053 -3.66234371139454 -0.0688476993487402 3.5862588275152 13.529202424591
"etap[78]" 0.0452342015114123 6.6679611144777 0.031433070138236 0.0478905595947255 -13.3816652121317 -3.58871704449265 0.0283678136210264 3.68875598680072 13.501438061097
"etap[79]" 0.00394295639057555 6.77712767676246 0.0319476862480385 0.0543234495137976 -13.3414567243433 -3.63699466957675 -0.0213988222426936 3.60066512049126 13.4521270967568
"etap[80]" 0.0205004699541132 6.81503199345828 0.0321263689105175 0.0541196367443241 -13.4928139620398 -3.63349404278783 0.0208094423036573 3.64355359513738 13.3998488997181
"etap[81]" 0.102524006278013 6.95404413153558 0.0327816784138621 0.0559676949418312 -13.2488298400657 -3.6394352471687 0.0412874965643498 3.72206306744421 14.0004079960634
"etap[82]" -0.0883342629107874 6.81842994280146 0.0321423869973354 0.0566032115107464 -13.9031429785261 -3.66381452160173 -0.0460871607995495 3.56551713229181 13.3362889584406
"etap[83]" -0.0396775123005443 6.899226239167 0.0325232643910343 0.0655225973888249 -13.8657050526136 -3.67165033417875 -0.0412768383722087 3.67504616246373 13.4921302349873
"etap[84]" 0.0982390478340191 6.87149423570267 0.0323925344729976 0.0596405425289596 -13.3019477198138 -3.61646228613928 0.0117394691863929 3.64896934704833 14.1225056667809
"etap[85]" 0.0101508825115712 6.84257177049536 0.0322561926644861 0.0547087162654718 -13.5560655934445 -3.62363507740326 0.0369271573983215 3.6259350874411 13.5204290125359
"etap[86]" 0.0247249301464908 6.91681219433762 0.0326061653787329 0.0536121605144032 -13.5629392620651 -3.60866892919409 -0.0345609911731101 3.6516019475625 13.636610391903
"etap[87]" -0.0440699493997984 6.82770051602279 0.032186088898604 0.0553726189539874 -13.9699089392094 -3.59925460920369 0.0215764762058747 3.61874457391856 13.2849227110932
"etap[88]" -0.0324073618142938 6.90555132866818 0.0325530811488869 0.0581952285364941 -14.1562409808449 -3.64985810656154 0.0262499162220856 3.67860813527703 13.5840691966431
"etap[89]" -0.0171841832898893 6.77277795019235 0.0319271814403449 0.0509269741261019 -13.9281377927186 -3.6567367782818 -0.00172268187759243 3.63263432764288 13.6058017139435
"etap[90]" -0.0771500745604934 6.87149302546052 0.0323925287678613 0.0585296798298545 -14.0317564614006 -3.72858696189688 -0.0397084786026964 3.5733132501325 13.5357694842105
"etap[91]" 0.0374659007058566 6.88099010116842 0.0324372984120913 0.0484163065892723 -13.6556534868216 -3.59590769627698 0.0230783189281256 3.69497330239692 13.6297776304103
"etap[92]" 0.00764003000969461 6.81292479621979 0.0321164354874733 0.0569962432841373 -13.6459687029442 -3.6100795210251 0.0339865480519676 3.67867770061422 13.7096026589757
"etap[93]" 0.0748573145809537 6.83882002040024 0.0322385067449289 0.0561698675374395 -13.5745116195705 -3.66257415405119 -0.00143229781372102 3.66288117984972 13.959995575611
"etap[94]" 0.0278614046497573 6.86241043147678 0.0323497130092169 0.0566438534679416 -13.4835024410806 -3.65589239074921 -0.0169850398220526 3.65226423891056 13.5398648762147
"etap[95]" 0.0881131315656617 6.90393136085251 0.0325454445473685 0.0611939971785035 -13.5396696687534 -3.64478226186009 0.08294024891409 3.76419561489223 13.7693524653031
"etap[96]" 0.0463644316092459 6.84691323149435 0.0322766585079037 0.0611765897604138 -13.6084211144965 -3.58480483751949 0.0736801694730806 3.68841241973581 13.5439993935859
"etap[97]" -0.0758082772722359 6.82640149344431 0.032179965247443 0.0521009214696136 -13.8272352560552 -3.74319760489405 -0.0130370419329976 3.67756426029481 13.5436832845677
"etap[98]" -0.0197188873803368 6.72071332433226 0.0316817464403075 0.0525001091233137 -13.5677719487321 -3.64123270775118 -0.0407690981870505 3.56697952722438 13.7011030987609
"etap[99]" -0.00602091277912325 6.74940258767346 0.0318169889246796 0.0497808159501353 -13.5358431918485 -3.65776327745505 0.023803515192953 3.69732579770116 13.3598003672762
"etap[100]" 0.0165886122073612 6.83641583341574 0.0322271732987957 0.0496020206139989 -13.6576724766065 -3.62810630723298 -0.00318424691833866 3.66426537514106 13.7345948285508
"etap[101]" -0.0237399995217557 6.82084537246734 0.0321537734419769 0.0529247779924136 -13.7800131924595 -3.63275956754556 -0.0419360906461716 3.57752948133988 13.8813233663455
"etap[102]" -0.0216939945843036 6.76143614256769 0.0318737156464629 0.0566402045248227 -13.6376883105784 -3.6016878917581 0.0132293908031024 3.64895101819378 13.3284570155484
"etap[103]" -0.00324303243315018 6.77816291017857 0.0319525663851627 0.0505811753832915 -13.4166323407942 -3.66296955719192 -0.000357047976107471 3.65700106959349 13.8209861737501
"etap[104]" 0.0387016206212581 6.88805507667321 0.0324706030260137 0.05453737379913 -13.4371922780026 -3.65178247866504 0.00901380032450959 3.67194504225853 13.7483120810694
"etap[105]" -0.0332405639868422 6.81196714293241 0.0321119210665831 0.0581385336410995 -13.5689780458938 -3.68824455276869 -0.0148430086950812 3.64354552794973 13.6563533156054
"etap[106]" -0.0274872680980214 6.82042818640429 0.0321518068080156 0.0486235732959441 -13.6819317826049 -3.68105314247851 -0.044476044817909 3.5995828253747 13.7037434330352
"etap[107]" 0.0642938536272681 6.77195660189813 0.0319233095673545 0.0585296643623206 -13.5519907776371 -3.63746311909653 -0.00362916170996754 3.68040491328011 13.6657321954415
"etap[108]" -0.0939396128316256 6.98880108232428 0.0329455242511692 0.0503159451398073 -14.0095926403358 -3.70259653592574 -0.0291832413833414 3.57618765628526 13.3326128428694
"etap[109]" -0.00150190388601553 6.88545606455847 0.0324583511654089 0.053002605653941 -13.6168807664577 -3.67723418626476 -0.0101767299801728 3.68459193961726 13.7195457085907
"etap[110]" 0.0015381321123344 6.77939055097009 0.031958353539353 0.0593793820693617 -13.4735416106321 -3.63851996548908 -0.0236006942674547 3.63746950935194 13.5151506173735
"etap[111]" -0.0427465508354333 6.88494422472022 0.0324559383292721 0.0539507395353941 -13.9872862974346 -3.67260033898451 -0.00374501791098947 3.66542837903077 13.5352703841974
"etap[112]" 0.00598223208156916 6.90816488736609 0.0325654015827424 0.0606769295670113 -13.9562794303964 -3.62440362662552 0.0323317740289991 3.62991450769447 13.75529229487
"etap[113]" 0.00797844007882245 6.88194726330872 0.032441810517692 0.0540626495163059 -13.4449776367728 -3.71889650679302 -0.0241249785009959 3.65769015280859 13.7935591887854
"etap[114]" 0.0456389619711993 6.81904084237014 0.0321452668055197 0.0506967452588728 -13.3600500510177 -3.56737764595131 0.0433406720668253 3.67297471395414 13.7191769062754
"etap[115]" 0.0324497568493234 6.7552467942811 0.0318445387788324 0.0512576965074991 -13.418758563056 -3.62011477158886 -0.00382812572400069 3.67484020753121 13.8433181674823
"etap[116]" 0.00156168903783677 6.73286163696559 0.0317390141352608 0.0560460193229687 -13.5696061901211 -3.62062109253689 0.0290533318635243 3.61926002665135 13.3595505100803
"etap[117]" -0.0608236333146762 6.78090229689577 0.0319654799779896 0.0534396578099537 -13.6511763713857 -3.70934861714713 -0.065777676231329 3.55074475182337 13.4620213087161
"etap[118]" 0.0595655628384474 6.72429292527151 0.0316986208409614 0.0486269324416523 -13.5109292098169 -3.5557517049545 0.0309828816355622 3.71372456626089 13.5872117595391
"etap[119]" -0.00405204879559509 6.82391085207656 0.0321682242514387 0.0527485693314614 -13.6153548073348 -3.62986999561997 0.0112551936875333 3.61785563582439 13.5722094671216
"etap[120]" 0.0346418239037758 6.94468101551698 0.0327375402616636 0.0556922468854328 -13.3691973609958 -3.68087894281493 0.020396794714123 3.69753811993576 13.8064066998468
"etap[121]" -0.0787638188188867 6.90838349997173 0.0325664321324485 0.0548976968042101 -13.9040536415294 -3.66381046055801 -0.0424754782152273 3.57547195336449 13.4297894317901
"etap[122]" 0.0223768296553327 6.84219744199555 0.0322544280630153 0.0521164984380127 -13.6114514385864 -3.65834855930853 0.0273119078884872 3.67480651570777 13.8860353449046
"etap[123]" -0.0452602119868974 6.8679332990727 0.0323757480567413 0.05288227069472 -14.1091736925583 -3.70877552289105 0.00393692952945137 3.68835330079108 13.6995252819685
"etap[124]" -0.0129088908751972 6.89612402206746 0.0325086403993823 0.0552310118929939 -13.6486388147229 -3.66462930907708 -0.000187256137497826 3.64017770134249 13.948863952561
"etap[125]" -0.0000406493543125927 6.77222801541619 0.0319245890229487 0.0481709518606113 -13.5601960916358 -3.58506229123728 0.040047376469544 3.6527616116116 13.4187091778965
"etap[126]" 0.0103805116271903 6.72105950081541 0.031683378331899 0.0481295958685258 -13.6358044959576 -3.67830963658387 -0.0166430212055736 3.66657921966818 13.6227308772284
"etap[127]" -0.0716407447711444 6.74920031274801 0.0318160353915366 0.0500847598145956 -13.3492172588869 -3.69196291379207 -0.05065685774541 3.5688721726908 13.2103298279102
"etap[128]" 0.00527676254624459 6.84032577847338 0.0322456049565579 0.0623552168053528 -13.6349677352269 -3.71204758728292 -0.0266000378377704 3.61962413439077 13.7467206551091
"etap[129]" -0.0667502546705375 6.86389910803208 0.0323567306977985 0.0600132070070616 -13.738921915507 -3.6863132485275 0.0033006688334885 3.62771716904365 13.6216627752693
"etap[130]" -0.0278637594663271 6.69493498239851 0.0315602261710468 0.0557204537434332 -13.7022434879629 -3.59699045348254 0.0429952550718984 3.65272565335476 13.2595280184761
"etap[131]" -0.0756102596230244 6.79179220194895 0.0320168154827201 0.0511996266841206 -13.8817614519283 -3.70429152465478 -0.0150315563990984 3.63441317656092 13.4722464765799
"etap[132]" 0.00302340063786916 6.75421522106312 0.0318396758960475 0.047670847485648 -13.5655886527795 -3.62090377954707 0.0150621978006582 3.67185354505436 13.4710436006743
"etap[133]" 0.0335826431604605 6.73490374506171 0.0317486407251454 0.0447502864896856 -13.377826823821 -3.62453758945588 0.0159641335997228 3.68565873257251 13.6110799073294
"etap[134]" -0.00815846409795449 6.82726842252598 0.032184051990326 0.0456879547434508 -13.9739682819462 -3.62216119879592 0.00164081840136134 3.62331542724267 13.7469323919646
"etap[135]" 0.0259452168341712 6.80604539004135 0.0320840056557445 0.0543203207439174 -13.6055570941203 -3.68336031251677 0.0118532182753751 3.62818292819158 13.7468624265782
"etap[136]" 0.0463639976932935 6.85120385780361 0.0322968847142958 0.0507022526161437 -13.6915603325137 -3.63227449529975 -0.00966825980454683 3.67156164997266 13.8331138549337
"etap[137]" -0.0182189503384478 6.8372192700716 0.0322309607355131 0.0514883560494442 -13.6162732268618 -3.7214545799882 -0.0568915675473749 3.62387020574421 13.7183341428114
"etap[138]" -0.0206050208068446 6.87573805806621 0.0324125400434736 0.0559554352163429 -13.775104438809 -3.68666708455815 0.0245858697357022 3.62716957455228 13.3603676861186
"etap[139]" -0.0195175963712934 6.92683189610925 0.0326533987058542 0.0580758229524426 -13.6747470030428 -3.64120099482457 -0.00247635414634312 3.67792978748932 13.5738279958008
"etap[140]" 0.0439969443542461 6.91270382690986 0.0325867983489477 0.051012218177848 -13.2529954922074 -3.62844755190067 -0.0212340767759008 3.66796275621567 13.9145849140503
"etap[141]" 0.0386406727925297 6.84131135338657 0.0322502510012544 0.0547618202283092 -13.7761145316829 -3.62849148823863 0.0575447898481783 3.70672759800847 13.7079448670344
"etap[142]" -0.0207847397516965 6.83476691446314 0.032219400220309 0.0517935372427204 -13.6587231517146 -3.64851326161698 -0.0362660583716163 3.53793810706971 13.6482687486131
"etap[143]" -0.0065818392586154 6.8806978424509 0.0324359206912845 0.0579631628452639 -13.8774855678268 -3.65264391772342 0.0142519196235521 3.6672866167228 13.4437854414665
"etap[144]" 0.00413422338030965 6.77640506455908 0.0319442798214439 0.0522039700496852 -13.7344380596628 -3.63304008509762 0.00137309236735769 3.64319542652535 13.6464993333205
"etap[145]" -0.0553466552033126 6.93759870339873 0.0327041539221616 0.0525914834190501 -13.8323835257529 -3.67285970479833 -0.0344922976205696 3.58662489650086 13.6445558174573
"etap[146]" -0.00399125471973511 6.80346585836089 0.0320718456267876 0.0500426568073574 -13.421266394266 -3.68642100938808 -0.0373556325407 3.6096445145603 13.6030261888746
"etap[147]" 0.112811777604527 6.84060038149243 0.0322468994476039 0.0585339978319108 -13.3080319948522 -3.63270123861006 0.011698682826874 3.74839013073499 13.895712335042
"etap[148]" -0.0332359275790074 6.76620130967625 0.0318961788596358 0.0523391883941733 -13.5251516960222 -3.67077340665871 -0.0358883295886195 3.60169871288955 13.6467399356864
"etap[149]" 0.0351928787184715 6.83265842506455 0.0322094607059636 0.047725410888053 -13.8010999271976 -3.60537357525932 0.016629990368528 3.62812234355681 13.8662144399215
"etap[150]" -0.0178054773157399 6.85549798437337 0.0323171274210741 0.0540958588033379 -13.6705100191369 -3.65435598114521 0.038870515709881 3.62965282938446 13.5515880729882
"etap[151]" 0.00332340057275951 6.82753528025002 0.0321853099697012 0.0540469923655631 -13.6723432717094 -3.67520575561284 0.0140724244400071 3.73068882008377 13.4567831218599
"etap[152]" 0.0096416212204586 6.84056851982163 0.0322467492502473 0.0535110613986989 -13.5323835851316 -3.64615151042934 0.0103227902833981 3.63900155917651 13.8876316382573
"etap[153]" 0.0533724371079532 6.88216447453712 0.0324428344612424 0.0677379050212602 -13.6842292847009 -3.63267857478357 0.03105890545098 3.6757504715046 13.5717019195559
"etap[154]" 0.0899074419249209 6.69938113217491 0.0315811855220939 0.0532787078493748 -13.2662214460706 -3.55442467689244 0.076905389267045 3.69399966937961 13.7756809255767
"etap[155]" -0.0235845649958997 6.70123603076041 0.0315899295978821 0.0514145474951403 -13.5948820043595 -3.64507763133764 0.0395762308617774 3.63534009638497 13.2084541303369
"etap[156]" -0.0609305216958202 6.86968090665149 0.0323839863578735 0.0549747085720694 -13.7766556146268 -3.66433400496573 -0.0415431714442803 3.60546893580508 13.5714180087095
"etap[157]" -0.0489859600748509 6.74404915993173 0.0317917526242878 0.0462130833070095 -13.7055692671431 -3.70889445409744 -0.0324964631997899 3.65810422961175 13.3156161693571
"etap[158]" 0.102691446167203 6.8047781031071 0.0320780316078451 0.0557141571046788 -13.1173886860899 -3.61522349930165 0.00177455119121576 3.6548325731017 13.9587645965602
"etap[159]" -0.000320250594868808 6.88536215967301 0.0324579084935336 0.0520936654536501 -13.3943392674354 -3.63872455629978 -0.0247531047285787 3.63054251535608 13.8080807678902
"etap[160]" 0.000669509069778479 6.83762011986182 0.0322328503595458 0.0530613995535485 -13.5952812147755 -3.6626796503324 -0.0168118858835304 3.66515938765728 13.7384921362264
"etap[161]" -0.113881347216673 6.84574306557067 0.0322711422928387 0.0564613552763816 -13.8420845235698 -3.70920874151754 -0.125178506087141 3.56399516422128 13.588586682674
"etap[162]" 0.0108200619393378 6.90988887245578 0.032573528526393 0.0584290757294656 -13.663589330415 -3.67533793743384 0.0180589199282992 3.67859703118964 13.7402545475846
"etap[163]" -0.0416958490157525 6.86292221748757 0.0323521255916085 0.0544921749252242 -13.6398995955648 -3.63196812634862 -0.0127819186473026 3.6070247017538 13.41186344927
"etap[164]" -0.0306815995334243 6.78631934953395 0.0319910162090196 0.052272805847048 -13.5702607579465 -3.70788706495843 -0.0186833731510749 3.61422976709732 13.2326895619427
"etap[165]" -0.000193689547730279 6.8535854623938 0.0323081117060013 0.0598267113594169 -13.8210407765804 -3.61143650643545 0.0371669851514092 3.6600641163786 13.8348381853333
"etap[166]" 0.0691368699733558 6.88274235950664 0.0324455586371136 0.0576569572035729 -13.3478377945451 -3.55121624593733 0.0402644887846395 3.719681003929 13.7455975518926
"etap[167]" -0.0480329285408193 6.7280073926074 0.0317161310079061 0.0512919364395801 -13.4845875858078 -3.68347868130457 -0.0377158043217099 3.56972578702221 13.2550781487099
"etap[168]" 0.0507638243435819 6.77233550600122 0.031925095738426 0.0554728662205053 -13.5994530674865 -3.56735384478372 0.0101079336217326 3.67392542209414 13.7186061838378
"etap[169]" 0.0707455420251618 6.84961522853299 0.0322893958440955 0.0519003513926921 -13.391480529256 -3.63659047461169 0.0417816120457245 3.71548002698885 13.7963296996186
"etap[170]" -0.0725612873179268 6.77347569221706 0.0319304706277929 0.0537907767297143 -13.6351587054289 -3.69623775806975 -0.0204345324000294 3.53788599735343 13.6029451323094
"etap[171]" 0.0314460991149782 6.82494733468733 0.0321731102773231 0.0545546604402732 -13.330793674771 -3.64980420225803 0.0108319688235122 3.7079259164117 13.7555527325319
"etap[172]" -0.012191821402017 6.77252967538954 0.0319260110617005 0.0516345001540739 -13.3335491473182 -3.66236075549804 -0.0195501450097583 3.66093897187013 13.6774531562991
"etap[173]" 0.00899069460289632 6.86924200135406 0.0323819173384594 0.0623760022176879 -13.6443840023698 -3.63114056041945 0.048624477702644 3.66532856867737 13.6114360970134
"etap[174]" 0.0433829270742514 6.76640831813236 0.0318971547068563 0.0512134600783716 -13.5352680833068 -3.6365664296881 0.0279876351180683 3.67672827760821 13.7843563123187
"etap[175]" 0.0493714323964138 6.81646313411237 0.0321331153722598 0.0517971209825673 -13.4357314222475 -3.54426332796691 0.0665662283212203 3.69185845267622 13.6653143640604
"etap[176]" -0.0450354050630217 6.8384523474779 0.0322367735181512 0.0474451755065193 -13.7070818628645 -3.75006722698973 0.0108391449308917 3.65115353634763 13.4948028488583
"etap[177]" -0.000384083329396812 6.88659159724539 0.0324637041178301 0.0541711711867943 -13.7166555483717 -3.7408709185459 -0.0203665928894179 3.63248132462006 13.6994790755773
"etap[178]" 0.000129020169491699 6.78300436286394 0.0319753892119935 0.053751847136622 -13.4253695252802 -3.65648751131366 -0.0197546603324471 3.63582820267461 13.3257485398414
"etap[179]" 0.0448279118159279 6.7363872909566 0.0317556342275619 0.050336426254125 -13.258807719333 -3.58328467362468 0.0175238849682702 3.67463130954896 13.6238691630238
"etap[180]" -0.0161648647438886 6.77216103222838 0.0319242732611732 0.0531338610131235 -13.4676403906638 -3.68241677469787 -0.0205285562343696 3.61954145385512 13.5651966350494
"etap[181]" -0.018053608552126 6.81601387703408 0.0321309975540827 0.0518169205875776 -13.7172279939639 -3.68433877559702 -0.00061714134886199 3.65629183291901 13.3998303536355
"etap[182]" -0.0552435228305283 6.83265989252702 0.032209467623648 0.0521138492345078 -13.9332420628692 -3.66672526019575 0.0164732643581006 3.60007477342419 13.3355834089802
"etap[183]" 0.0464150939097297 7.01085643765843 0.0330494941932909 0.0662477077027285 -13.5734345133175 -3.65782716379239 0.0215951300069235 3.64416229037457 14.1222420962902
"etap[184]" 0.0076090823504364 6.87579772588023 0.0324128213202463 0.0528292725083696 -13.8535923144528 -3.64198895689601 0.00376157195073464 3.66494434579359 13.7350877620899
"etap[185]" 0.0267908490935245 6.81048477617196 0.0321049331226596 0.0496712203329968 -13.6253880134757 -3.68005842397878 -0.0264265322982432 3.6049769524696 13.9509597494739
"etap[186]" 0.030167483976342 6.78310407614963 0.0319758592649301 0.0521696005799784 -13.5776239741891 -3.62713722373562 0.027353768233169 3.65388211928826 13.6637645071331
"etap[187]" -0.113564091289519 6.79200932316825 0.0320178390019635 0.0560326675033353 -13.8958966353322 -3.68763120123067 -0.0547925165803065 3.57579671844619 13.3751990347638
"etap[188]" -0.0255630306163694 6.66219427914509 0.0314058850157715 0.0476840587341374 -13.3102898864665 -3.63434856270554 -0.026563683498834 3.59661895218251 13.3234635401077
"etap[189]" 0.0108579740871603 6.71789563298518 0.0316684637159154 0.048948109523332 -13.4921185443465 -3.62079583339168 -0.00618340156363459 3.61969695341251 13.4950686110879
"etap[190]" -0.00477101273516074 6.84385616736694 0.0322622473694036 0.0525409968277531 -13.7607749430924 -3.59868840018971 -0.0304236594235698 3.62367704714813 13.5832305391799
"etap[191]" -0.014784774279099 6.91509162862388 0.0325980545541752 0.0513773573491405 -13.8303559234543 -3.69126876584852 0.0170686486733305 3.70736401034624 13.8289958520427
"etap[192]" -0.0322870537795097 6.81215506282326 0.032112806929444 0.0537000329936943 -13.615017421553 -3.67461764544841 -0.0138449821874186 3.68436211926479 13.7272377419418
"etap[193]" 0.0654605827865761 6.74102201487651 0.0317774825256466 0.0500882853467928 -13.4188660530752 -3.55762568330991 0.0401808011142569 3.7316960232217 13.4796366884693
"etap[194]" 0.0666933787280388 6.8641176471013 0.0323577609008505 0.04679859392845 -13.5534170767118 -3.60622602242945 0.0883573646830477 3.7364992218102 13.7592467104051
"etap[195]" 0.0308861417663929 6.83787549337144 0.032234054201815 0.0528805636422478 -13.5559081121048 -3.64777575989673 0.00531628120757525 3.6888101986356 13.7054390993884
"etap[196]" -0.0687252458424896 6.82088126111724 0.032153942622695 0.0489942023484722 -13.7195555260209 -3.71524967569108 -0.0457101462778312 3.5786461369243 13.4585061696848
"etap[197]" -0.0824511771173466 6.86112632849939 0.0323436596897299 0.0528620347400927 -13.9201584810678 -3.63334577670378 -0.0534262310428 3.55610580847799 13.4140425613177
"etap[198]" 0.0553544716969085 6.96134408785545 0.0328160907379698 0.051746860519357 -13.8987126693192 -3.56132542517121 0.0497433170771855 3.74909084256613 13.8348002533656
"etap[199]" -0.0114902706552827 6.79700640895258 0.0320413954902586 0.0516049846303796 -13.6224304764507 -3.63924598031803 0.00920736918706386 3.61909587566973 13.4465812725083
"etap[200]" 0.04677985533046 6.75852415237859 0.0318599883930664 0.055146440370125 -13.5213255937907 -3.62474688626615 0.039895219307954 3.63803926209772 13.5183478477744
"etap[201]" -0.101910992387659 6.80872615378403 0.0320966428972192 0.0492030378893804 -13.6436073121574 -3.67950866766956 -0.0588421124978451 3.57824999650031 13.1192824013407
"etap[202]" -0.0366509250930874 6.76266080212424 0.0318794887469767 0.0568144631285622 -13.6376723099782 -3.5664117964637 -0.00748235162634484 3.6071483763472 13.3835237435059
"etap[203]" 0.0347189255297684 6.81731103633136 0.032137112421652 0.0549844093316351 -13.484621033559 -3.67144906856258 0.00732959528798439 3.6648542420267 13.5923639635112
"etap[204]" -0.0779877705027272 6.75582280459663 0.0318472541175 0.0491204132972166 -13.7451499031109 -3.73148920853408 -0.0418022081508619 3.61175316124919 13.4132885482197
"etap[205]" 0.040377454987158 6.87534246028714 0.0324106751776589 0.0520160327025002 -13.3130568508323 -3.62441250433152 0.0326195062028696 3.629690037341 13.7219832114671
"etap[206]" 0.0136438240236372 6.78879487187394 0.0320026859332435 0.0520101234267159 -13.4060185768925 -3.66387936189691 -0.0137117600535373 3.63116448702801 13.7184293217917
"etap[207]" -0.0299348221773072 6.83264874057102 0.0322094150528233 0.0549588820329977 -13.6410668150593 -3.63652450345483 -0.0123891675756162 3.60480920886594 13.5690420804532
"etap[208]" 0.0135925361506 6.70906674119317 0.0316268439208721 0.0525239619236141 -13.5239050926872 -3.59652269253007 0.0273525264494576 3.6338331475656 13.3979926444684
"etap[209]" 0.0235961291005463 6.71860050605846 0.0316717865194487 0.0503658263858234 -13.3902056480866 -3.67561486933122 0.0000973950531214992 3.6246385131964 13.6744804866449
"etap[210]" 0.04989822577717 6.92526094974167 0.0326459931936582 0.0572315402669846 -13.397755167569 -3.62750430968659 0.00448028817017372 3.64425047653331 13.7214803299687
"etap[211]" 0.0952943924577857 6.91322602197212 0.0325892600000786 0.0507164017574942 -13.3272973443114 -3.56826693428454 0.0504861143416431 3.71653315518086 13.9875617330214
"etap[212]" -0.0787837204985443 6.76399448395777 0.0318857757834329 0.0497722609681715 -13.9860559901056 -3.68587984369937 -0.0414551475406381 3.59314468528822 13.451276428155
"etap[213]" -0.0138970107811256 6.7083494749491 0.0316234626953715 0.0516517763017696 -13.7514112232734 -3.62146895576805 0.00705025849977356 3.61753611290498 13.7043075923289
"etap[214]" 0.0233965041193276 6.84911736077817 0.0322870488729917 0.0523555961154203 -13.7499818561756 -3.68051503719174 -0.00265835691139384 3.71944042498135 13.8219935840474
"etap[215]" -0.0636723273036834 6.79579650509857 0.0320356919487936 0.0582505676369084 -13.3322821739097 -3.71077616729301 -0.0359409063192398 3.61218063061867 13.5134557799829
"etap[216]" -0.119081132383877 6.76501554663882 0.0318905891190715 0.0528079331240617 -13.9978598144697 -3.65513248935317 -0.0801004096169548 3.55057715898022 13.2899024749728
"etap[217]" 0.00333921178386026 6.72928464150617 0.0317221520169567 0.0496446903011036 -13.4080488778176 -3.61228984728181 -0.0170641988928045 3.6251195826777 13.3643523766588
"etap[218]" -0.0176342790236525 6.89558934924272 0.0325061199275151 0.0501483924391198 -13.8303081033398 -3.65218311886695 0.00682656820224836 3.61618272217043 13.6891824921417
"etap[219]" -0.0144236643977315 6.8749084146233 0.0324086290667773 0.0521704756479492 -13.6666840895076 -3.68864052542185 -0.0269286655877136 3.64364201751619 13.5427372242916
"etap[220]" 0.00601222414098068 6.81831503554729 0.0321418453193446 0.0641915412164871 -13.7435455540657 -3.62200850242865 -0.0291217730813101 3.62190101676741 13.4973349858833
"etap[221]" 0.0183787801976974 6.88949249628012 0.0324773790870234 0.0564218693593932 -13.7818172390083 -3.70012703754646 -0.0334193623841269 3.67342565619919 14.0247700486074
"etap[222]" -0.0482021770722441 6.84048802655887 0.0322463698013678 0.0551874241494194 -13.7390253850609 -3.61998074550942 0.0366135336173239 3.63375834952438 13.6405779059291
"etap[223]" -0.114975641819226 6.76766160920317 0.0319030627776228 0.053337802953996 -13.8494105086065 -3.66543296022149 -0.0363950267397007 3.54798465075798 13.2311010388928
"etap[224]" 0.132710091861456 6.86995091298473 0.0323852591799348 0.0569121763282088 -13.2684715286923 -3.62978933526948 0.0523930110028094 3.77470986302082 13.8799943997965
"etap[225]" -0.0278788970114025 6.79882542257283 0.0320499704026983 0.0534773748303081 -13.4253553723002 -3.66226582866566 -0.0304264525304506 3.5527263647236 13.6038890056697
"etap[226]" -0.0946339807867549 6.7572112603429 0.0318537993606571 0.0524850527411732 -13.7290936109927 -3.70971910846788 -0.0654507610382421 3.57284952150299 13.2573570193832
"etap[227]" -0.000439387287301253 6.73107086834017 0.0317305723710037 0.0519697335664944 -13.6048556936413 -3.6584223802472 0.00620313557101856 3.63114218500711 13.4616590529519
"etap[228]" 0.0519079511684891 6.67928309499164 0.0314864424662217 0.049453665028769 -13.3835088423238 -3.6080683603806 0.024027929333337 3.62034332735905 13.6985182122673
"etap[229]" -0.108841232813547 6.77761090074407 0.0319499641877333 0.0473716757280843 -13.6684823164649 -3.73099468163087 -0.0672722437268806 3.59869980741609 13.2692899420999
"etap[230]" 0.0039659669633522 6.97120343339964 0.0328625681385855 0.0585385713242269 -13.6709333400516 -3.69185606803665 -0.0333636697936203 3.65275520700869 13.6159871399789
"etap[231]" -0.02530341106523 6.694375798928 0.0315575901548873 0.0509890543154313 -13.2105276617857 -3.65748334406349 -0.0250108590296694 3.58904058979649 13.4988413184211
"etap[232]" 0.0885982105728461 6.90347833742226 0.0325433089744381 0.052491883425683 -13.4580104346123 -3.57588156106078 0.0348942946581598 3.65023944239332 13.7733899979167
"etap[233]" 0.0639687360648463 6.84962704153923 0.0322894515311409 0.057293396392969 -13.3868979053557 -3.57628657869375 0.010790845134201 3.65459374742077 13.9242605313068
"etap[234]" 0.043587210306786 6.89536533337834 0.0325050639066031 0.0543793766163407 -13.6395584286565 -3.61681804307255 0.0556179526573469 3.71452735901668 13.6920840655972
"etap[235]" -0.00106963229191504 6.8184911478862 0.0321426755208719 0.0559373128557198 -13.6683727632197 -3.6406031540863 0.03552395746642 3.66376313404663 13.629913399425
"etap[236]" -0.033269180465292 6.70557533102847 0.0316103852555164 0.0469488234063148 -13.5934797147561 -3.68879298702703 -0.0222424547951037 3.61568454704074 13.6923820825249
"etap[237]" 0.0238494177793287 6.69018667911178 0.0315378424546923 0.0530387540529677 -13.3947423845882 -3.63918422143963 -0.0201895858732045 3.62579955356672 13.7090677861454
"etap[238]" -0.0400860127604279 6.90224087827499 0.0325374755360749 0.0553520849365091 -13.7130793394969 -3.67635613185933 0.00554981074731651 3.6259845554822 13.4405785386296
"etap[239]" -0.0391097103338559 6.87293568328306 0.0323993295220563 0.0588352555669855 -13.5858076419199 -3.64059598931666 -0.0271354767400933 3.62243584909656 13.6432079036719
"etap[240]" 0.127500789702234 6.78374113403256 0.0319788623845903 0.0569046431265927 -13.2743884443339 -3.52545615397875 0.0726340827104864 3.70477446702096 13.860547065819
"etap[241]" -0.021068891732833 6.93763665022076 0.0327043328051961 0.0561430410703273 -13.7396555604725 -3.65597672617478 -0.00107000672647406 3.64871635485857 13.6408122596944
"etap[242]" -0.0502625455389858 6.82069739773686 0.0321530758824078 0.0481379482945901 -13.9084706665328 -3.71026517773154 -0.039738562059425 3.65057546575577 13.4971887948347
"etap[243]" 0.0870925924764668 6.79854059187735 0.0320486276979232 0.0550487896634654 -13.2553414709612 -3.57850740980275 0.0397926777382786 3.69273142946908 14.0004963074947
"etap[244]" 0.0513169404028279 6.94428199554963 0.0327356592634986 0.0537637965290675 -13.5767149731236 -3.57043298648952 -0.00112711967773288 3.61577822741396 13.7521812378349
"etap[245]" -0.101561091615124 6.83630716187795 0.0322266610162537 0.0558359850195884 -13.7255592778847 -3.70666479983862 -0.064997548457119 3.59354083679554 13.3385560212567
"etap[246]" 0.0649996533537159 6.8884429174441 0.0324724313249411 0.0583730483789518 -13.5662396200103 -3.59880047651978 0.0282374578842421 3.66516133110596 13.5663854839282
"etap[247]" -0.00833937351246689 6.87321104495655 0.0324006275894337 0.0509952502128634 -13.6342888437762 -3.61550155615287 -0.00471982427228262 3.65862022581017 13.457135608181
"etap[248]" -0.0461712179718814 6.85454439358854 0.0323126321510046 0.0545996001697742 -13.7816562143407 -3.6786536891877 -0.00269265264110179 3.66389460756274 13.4626108287646
"etap[249]" 0.0094371378387973 6.70245716875293 0.0315956860975839 0.0546139510491617 -13.2452749820164 -3.61416993315944 0.00452572790354318 3.5772514500058 13.5449489023511
"etap[250]" 0.0756135268148842 6.85863780671623 0.0323319286855431 0.057703308022691 -13.4716821781001 -3.61762875921498 0.00214091153119176 3.65120863179894 13.6237025124805
"etap[251]" 0.0212866447012335 6.82742517826186 0.0321847909439516 0.0590339570139358 -13.4428840811444 -3.66573136191978 0.0439746813805713 3.68537292646338 13.6536447142565
"etap[252]" 0.062096965491479 6.7625903741259 0.0318791567462087 0.0492804721950139 -13.5212015742089 -3.57212452723528 0.0154504922552068 3.65192451423151 13.6633404287442
"etap[253]" 0.0376965152803035 6.74453019355177 0.0317940202385192 0.0482633448472418 -13.3621433291889 -3.60342318052927 -0.00281405760575313 3.69618790180983 13.4667894050666
"etap[254]" -0.0165446817105807 6.93920417029329 0.0327117221656823 0.0573772546482415 -13.7591352660938 -3.68701991510848 -0.00985676820438052 3.63399203405458 13.7881017687846
"etap[255]" -0.0284614364633999 6.72526245824715 0.0317031912632391 0.0487598137183789 -13.6800173337154 -3.65239316467218 0.00503187616033547 3.61212249402261 13.5543438557777
"etap[256]" -0.0151758765862017 6.83766318093695 0.0322330533514006 0.0523125632601843 -13.8871698899034 -3.67616268872874 0.0218791863765697 3.68533621758118 13.7717677019924
"etap[257]" 0.0156292591804386 6.81675422534216 0.0321344875894766 0.0572045462511533 -13.4919107729053 -3.65347393633741 -0.00607561486432083 3.62609107157418 13.6191681364799
"etap[258]" 0.0336339127805445 6.82111296076565 0.0321550348653123 0.0515179236622857 -13.7005159230637 -3.60050373277208 0.044557165082683 3.65138185435131 13.5710392918487
"etap[259]" 0.0420241638641708 6.94655521797409 0.0327463753367752 0.0573633469586143 -13.6270069437968 -3.62817178612812 0.00855551170093351 3.68750921860278 13.6186965117284
"etap[260]" 0.00368810166582202 6.9314011332015 0.0326749382960727 0.0552535992100182 -13.8608362508313 -3.6355411197135 0.0016746394877589 3.68846563137944 13.9872680606281
"etap[261]" 0.0701606436153067 6.91446477465061 0.0325950995362064 0.0551766231720761 -13.4692569393794 -3.58416643133182 0.00869586716693426 3.66915057835129 13.8393150245277
"etap[262]" -0.0584966110263078 6.81422244055378 0.0321225526415275 0.0489765768204087 -13.9484819864945 -3.68179221343214 -0.0149188843974781 3.65718029570928 13.4039615784656
"etap[263]" -0.0426150869218519 6.71049986132113 0.0316335997139437 0.0504154992935455 -13.4569336423579 -3.68066749489426 -0.0428105355553374 3.57511855472656 13.3441097612176
"etap[264]" -0.00249711090314682 6.79958730329084 0.032053561942846 0.0537597453259981 -13.493994336675 -3.67815277497627 -0.0169052136585569 3.62173011914418 13.768697331157
"etap[265]" 0.0799731536877433 6.74135553929872 0.0317790547748508 0.0528765235876945 -13.3316533448774 -3.55604830159189 0.0623586834009517 3.73233058220985 13.547221775234
"etap[266]" -0.0170704771079803 6.78612515898272 0.0319901007859821 0.0456595754815258 -13.4800399505727 -3.63632455786715 -0.00168818737261974 3.60978456508794 13.7629136898079
"etap[267]" 0.0670066591181912 6.85357854532347 0.032308079098619 0.0555355897327521 -13.5373000993002 -3.61089311171292 0.0152921904138935 3.65490302187742 13.8648556201661
"etap[268]" 0.0203962835546589 6.87879942254522 0.0324269714540255 0.0518825707079907 -13.716411147027 -3.61468987777733 0.0308622610259178 3.62363302833289 13.6652534067495
"etap[269]" -0.0562635373441318 6.69438312549337 0.0315576246926477 0.0500295275481125 -13.6832254142253 -3.61249320076113 -0.0109449323728932 3.50572212227392 13.2963607536874
"etap[270]" -0.0100572230464223 6.89276565820541 0.032492808920312 0.0549365703649887 -13.5635159406366 -3.6254263834244 0.00500013730703168 3.65778979525442 13.2876636106491
"etap[271]" 0.0269505043196712 6.94583921309764 0.0327430000574185 0.0586867607373477 -13.6118218358125 -3.61969767799644 0.0155791329095717 3.64552914638358 13.8180491193344
"etap[272]" 0.0569706025884192 6.71295608384359 0.0316451784579553 0.0501436809098204 -13.4653438032951 -3.59532735439079 0.0551555375997775 3.67346594109256 13.628151922091
"etap[273]" 0.0377201553298641 6.98135489288441 0.032910422577523 0.0605901834525612 -13.3955893644329 -3.64083700295715 -0.00930055618363066 3.62751693273147 13.8245897138173
"etap[274]" 0.00629460651134933 6.7245857127915 0.031700001054567 0.0560865205823017 -13.4675633871158 -3.62254492070459 0.0287048317461205 3.63924562152844 13.5720240964202
"etap[275]" -0.00319745974574462 6.95044447782526 0.0327647094835389 0.055553125356456 -13.7734027124158 -3.65931046261432 0.00491481851335157 3.70365622755704 13.7657244537675
"etap[276]" -0.0488101028775761 6.92838853686791 0.032660736780763 0.0522415964038882 -13.7151239341944 -3.6983738708885 -0.00325147088053876 3.62982574507335 13.5463903265357
"etap[277]" -0.0332565251999093 6.90260893630486 0.0325392105782668 0.059267328649618 -13.6106344095144 -3.81399643970339 -0.0639461744604748 3.59035673020668 13.7863665059695
"etap[278]" 0.0519035612511794 6.71932897818694 0.0316752205699951 0.0521452576953305 -13.4592846600246 -3.5885871610428 0.0255974723262099 3.6549698508725 13.4435431091212
"etap[279]" 0.0735055587308747 6.68305885204324 0.031504241555657 0.0510123637480182 -13.3497348803476 -3.57887829492221 0.0797475078954691 3.68002645383065 13.46025231154
"etap[280]" -0.042778890777944 6.99087274157257 0.032955290146521 0.0562355707619893 -14.0781376301306 -3.67599223946634 0.0203802424189066 3.6317241569818 13.6570756032633
"etap[281]" -0.0128954754241863 6.73132502955248 0.0317317704984486 0.0523482535330734 -13.6391760786114 -3.66553682189473 -0.035274301238879 3.67208890618774 13.5760926902138
"etap[282]" 0.0589122615708306 6.8437367506396 0.0322616844335523 0.0514371306787041 -13.547301245747 -3.62252000941066 0.0308436888293792 3.6813602127359 13.8497559062302
"etap[283]" -0.0102435183505059 6.8693924898308 0.032382626747942 0.0586190615303841 -13.4674842999554 -3.70506006443346 -0.0295015091708241 3.65672889962775 13.419069999188
"etap[284]" -0.138272497806483 6.70607558756238 0.0316127434874328 0.0491686647523388 -13.6411036608971 -3.72902502834345 -0.101113397821789 3.54802449248483 13.1191688445065
"etap[285]" 0.00636602341634697 6.72888100290052 0.031720249246322 0.0528218177963214 -13.4680773048477 -3.61560534784023 0.0483749523918069 3.63166986515346 13.4224610049199
"etap[286]" -0.0811322243974299 6.88020589160231 0.0324336016127442 0.0602390268943157 -13.9098570841746 -3.65927659325793 -0.0305740536964611 3.61496163161267 13.3561877690885
"etap[287]" 0.0807762631348378 6.83495592850252 0.0322202912410355 0.0527281190619439 -13.5066119917032 -3.55266671453843 0.0849809283829581 3.70094493175676 13.9153135864195
"etap[288]" -0.0844375184489902 6.93182267449501 0.0326769254607873 0.0637039734654826 -13.7703211067197 -3.77115165267123 -0.0796326808565073 3.61770580026661 13.6234024821361
"etap[289]" -0.0560853352543979 6.82530725999391 0.0321748069814898 0.0602739999095685 -13.7555215040847 -3.63141538976783 -0.0426949107562813 3.60645570410014 13.6304246186503
"etap[290]" 0.0049344913475864 6.84891942732435 0.0322861158057422 0.0472406914960533 -13.6666960150974 -3.62037900723758 -0.0231647425534054 3.60767905424566 13.8077829530031
"etap[291]" -0.00589384261020437 6.73453099324382 0.0317468835562245 0.0486417572584526 -13.4454233365525 -3.68094485480583 -0.0212677069554809 3.6656021125393 13.3843702282981
"etap[292]" 0.0321382524146633 6.75992145013975 0.0318665753178815 0.0544883399064971 -13.5529225200201 -3.62010064756594 0.000305534841643748 3.63470749001233 13.6544402223628
"etap[293]" -0.0472229822590955 6.76185513149751 0.0318756907792196 0.0522093934569825 -13.6047257520069 -3.68552919530735 0.00384866712561473 3.61166159275393 13.3810549762383
"etap[294]" 0.075473984738706 6.84457797463432 0.0322656500014934 0.0550932366310519 -13.4847335424275 -3.62368694788347 0.0332648678968509 3.6560866019621 13.8387325455415
"etap[295]" -0.031426208850045 6.82857991118616 0.0321902344071597 0.0541122821088378 -13.5975894616851 -3.6629262624284 -0.0325017587006973 3.60919072211111 13.4596031046583
"etap[296]" 0.0537244495377837 6.98789719178328 0.0329412632702959 0.0617152676250995 -13.5972545743102 -3.64163574585773 0.00777532377331047 3.64117459664221 14.187818067253
"etap[297]" -0.0260045939492121 6.86462719680513 0.0323601629411901 0.0475611826479968 -13.7419128204465 -3.64512298744285 0.0234120482943679 3.63513743890817 13.567473541488
"etap[298]" 0.0880162018521976 6.77030564149357 0.0319155268653709 0.0519500637482709 -13.4394494971143 -3.58722897219611 0.082549139688981 3.68971350038926 13.897199870757
"etap[299]" 0.0160478627985801 6.85753816901839 0.0323267449437232 0.0483866128421595 -13.8242225659263 -3.64682504796437 0.0349002447354168 3.70394936811672 13.5978926408305
"etap[300]" -0.063649162820472 6.71672827832758 0.0316629607532859 0.0506910890935457 -13.4802436185263 -3.67166202758896 -0.0385076329033869 3.55231810469188 13.2001112797477
"mean.p0" 0.479420001699785 0.271620540920423 0.00128043150929593 0.0035347509735932 -0.0460620999405277 0.30542988230219 0.47588814660375 0.647222901029741 1.03574607911758
"mumup0" 0.94490301593851 0.0272550857181776 0.00012848170622096 0.000500367948479141 0.880700417476415 0.929449518913518 0.948818391392551 0.96487831375347 0.985982446002171
"mupsi" 13.695049172992 1.44536704479101 0.00681352559116856 0.00907157795986924 10.9507388977053 12.705951230432 13.6666512181533 14.6626847540306 16.5834861737964
"ppo[1]" 0.597475843012772 0.113283960290546 0.000534025710140751 0.00100912495404784 0.350953494678921 0.530605995378321 0.604528002426893 0.671452005315308 0.810261211976249
"ppo[2]" 0.695752228209843 0.111675801493431 0.000526444776869654 0.00201009183803933 0.481895184272302 0.617622146057698 0.690429736637626 0.774631995943827 0.911406971515547
"ppo[3]" 0.493044341432704 0.136262676057652 0.000642348415086609 0.00283176691013909 0.196885647588919 0.402679246305696 0.510772391108119 0.597012303057729 0.710731949014521
"ppo[4]" 0.646254444644171 0.110584285480159 0.00052129932103793 0.0012389919482358 0.417861712582162 0.578136974056183 0.645220322417421 0.718572000939939 0.862674636511675
"ppo[5]" 0.695665414608075 0.111194937805371 0.000524177963705294 0.00197024354450664 0.485811268693744 0.61728737194528 0.689237678326624 0.774617868254011 0.912947513751988
"ppo[6]" 0.64694040814562 0.111283008471879 0.000524593132808705 0.00128325358702937 0.418630930770446 0.577424596572793 0.645423420271481 0.719069024156359 0.865696224821915
"ppo[7]" 0.693642894246768 0.111709575841632 0.00052660399067394 0.00192740649749149 0.477904387870271 0.617172837222322 0.688489072221877 0.772696639246213 0.911159886862232
"ppo[8]" 0.545496262577647 0.122134233651573 0.000575746298866997 0.00176699422733884 0.273851126050182 0.470029649971799 0.561061987306212 0.630832699881796 0.753666207855811
"ppo[9]" 0.738914291968707 0.116731376399092 0.000550276985526914 0.002821244905006 0.52955140626681 0.648779912144262 0.733710108891534 0.829381282199208 0.953017763730038
"ppo[10]" 0.544989309881731 0.12314401225927 0.000580506440873662 0.0016801589289322 0.270921958925572 0.468772099291749 0.560738313285289 0.631191044766122 0.754352042144109
"ppo[11]" 0.544532751946269 0.122935034803954 0.000579521311701869 0.0019176828482201 0.268497486770922 0.468386168407368 0.560269402372295 0.631309801647193 0.753961087076042
"ppo[12]" 0.647098983977363 0.110007142606774 0.000518578643441371 0.00117275553435999 0.420814503312079 0.578105059173036 0.645486765958226 0.718920967156306 0.864257135096932
"ppo[13]" 0.491652238800696 0.135872455129411 0.000640508895989808 0.00298615208022724 0.19722050897701 0.400322985751983 0.509348462229545 0.595219807404952 0.708131641705997
"ppo[14]" 0.596441925930538 0.113313420607057 0.000534164587404622 0.00108170581016913 0.347916870441583 0.529538253589231 0.603530177520111 0.670441533951265 0.808003102159618
"ppo[15]" 0.545703151797242 0.123628361467664 0.000582789684938447 0.00170632684660748 0.270312798192738 0.470364076340564 0.561367325757767 0.632013070254834 0.757907503866228
"ppo[16]" 0.597890072047631 0.113392008932159 0.000534535056321969 0.000992514428602965 0.348459991106816 0.529923802373112 0.60577924926647 0.672594485362501 0.808734480333512
"psi0" 0.999996982144715 0.00000636688560356953 0.0000000300137865688201 0.0000000394692591253457 0.999982455261286 0.999996966987666 0.999998839491606 0.999999571375752 0.999999937211018
"sdeps" 0.629246754741345 0.369820601742132 0.00174335103542901 0.0123775827802363 0.0422741643283263 0.35274939286657 0.594958763124882 0.859108666431115 1.450388019381
