"Mean" "SD" "Naive SE" "Time-series SE" "2.5%" "25%" "50%" "75%" "97.5%"
"N" 50.1378 0.411951235081157 0.00194195674562706 0.00782791792769233 50 50 50 50 51
"betapsi[1]" 0.00680618936657892 2.77678931156579 0.0130899103475633 0.0199002168932675 -6.07199393033037 -1.22449907046082 -0.00124258078856924 1.20879278698209 6.17826935069387
"betapsi[2]" -0.0107585581344759 2.7916907471823 0.0131601563887223 0.0196288576229388 -6.04596151962038 -1.24154206276997 -0.00122368538922528 1.20705977107504 6.07950420013235
"betapsi[3]" 0.054241530365116 2.75542419301411 0.0129891942128383 0.0195131526549671 -5.95534286214133 -1.17551534436495 0.0103597280020435 1.30563247128277 6.11423144716009
"betapsi[4]" 0.0260407219132944 2.79213107103667 0.0131622320952779 0.0201895550972919 -6.04932393016977 -1.22175181761411 0.00128470483017927 1.24037332031067 6.18704732239349
"betapsi[5]" -0.020898237201583 2.82181649490616 0.0133021705254147 0.019964494269289 -6.2086232867486 -1.2657881259702 -0.00765296388389008 1.21657805836427 6.12299275234791
"betapsi[6]" -0.00657421771073431 2.75608983739213 0.0129923320905287 0.0190786353464063 -6.10401665324128 -1.22915240428083 0.000578749411287159 1.22129769963334 6.05637064161507
"betapsi[7]" 0.00566561687105764 2.75690441862814 0.0129961720633008 0.0192349186485198 -6.03923074843463 -1.21268311070929 -0.00142040831052202 1.19439740909373 6.12246288089007
"betapsi[8]" -0.0235841530229842 2.78989007502712 0.0131516679387782 0.0207678219081666 -6.12829318707203 -1.25095920938223 -0.00526371037956721 1.21403214187889 6.11058024131098
"betapsi[9]" -0.0117205079371323 2.78316143980174 0.0131199488481382 0.020151956850339 -6.08719278220851 -1.22408041102977 -0.00164541852737156 1.19295848413905 6.06947741540838
"betapsi[10]" 0.00313467005589525 2.7596900405497 0.0130093036109711 0.0196717806497262 -5.98032339937369 -1.23739932090378 -0.00037525968830861 1.22766075227842 6.07259617217268
"betapsi[11]" 0.0111248173694084 2.80543267232693 0.0132249364450978 0.0198202600068558 -6.14022021387157 -1.22225909767042 0.00476408191353686 1.25507579829885 6.17168834260031
"betapsi[12]" 0.0315957971201722 2.8063894249856 0.0132294466203836 0.0200278379737134 -6.05254021112529 -1.19627181946512 0.00483078854477232 1.21549231761194 6.26523256191662
"betapsi[13]" 0.00633613068653357 2.80719997684603 0.013233267598497 0.0200688155382708 -6.09848504742966 -1.2319741522043 0.00149366619218407 1.25861350771563 6.13658648907648
"betapsi[14]" 0.0167481419594753 2.76182465726167 0.0130193662906529 0.0188022066857372 -6.01533685039538 -1.23130118279299 0.00459579838725631 1.25483050177866 6.09361958770398
"betapsi[15]" -0.0142665471059812 2.77490920110081 0.0130810474218355 0.0193867163957631 -6.0313065799272 -1.25959563541223 -0.00470110690324081 1.21856945972208 6.07710043436765
"betapsi[16]" -0.00742582399405102 2.79266917626283 0.0131647687476406 0.0191066713285737 -6.12886960119616 -1.23447050764197 -0.00240153923510758 1.21839200353762 6.12115748215031
"etap[1]" 0.496176604983142 5.14232839359691 0.0242411685213367 0.132412712599089 -9.86003814228641 -2.37908676569436 0.414356929964624 3.30943989747266 11.1144692167967
"etap[2]" 0.52862023801181 5.1933740363685 0.0244817999890288 0.133641171810657 -10.0891695544815 -2.33186072596045 0.459917473921931 3.36034340966613 11.382413606019
"etap[3]" 0.594658194060775 5.1592513465564 0.0243209440866391 0.140998626180556 -9.76641088646113 -2.26478918993569 0.523691276422911 3.40526664558688 11.2990798027449
"etap[4]" 0.534868950243112 5.09693670347888 0.0240271900420568 0.136481265399098 -9.63899416490743 -2.31588379711427 0.443001320464276 3.34287623559035 11.0450605932198
"etap[5]" 0.614678015124009 5.21313071282778 0.0245749338550159 0.130810415294076 -9.80322221148177 -2.30296659917991 0.486458305408074 3.41251764157274 11.5164624360229
"etap[6]" 0.578541555311098 5.14355239298151 0.0242469385097701 0.147265706658285 -9.68953514466131 -2.34482445026394 0.499399390197982 3.40495651202108 11.2143337511409
"etap[7]" 0.546366964335081 5.20239708903802 0.0245243350672263 0.140219437929433 -9.92378091216948 -2.3414597989739 0.457918623144822 3.37074471558339 11.6521047044778
"etap[8]" 0.573095716595636 5.19103321343785 0.02447076524391 0.142995297796873 -10.0689342903103 -2.26797236196831 0.483181071715929 3.42782019135485 11.2751919678908
"etap[9]" 0.566207739705156 5.14495983231054 0.0242535732423946 0.135726026980821 -9.78822117400985 -2.296455461047 0.470458584394125 3.3833353538062 11.3902841138014
"etap[10]" -1.70827216361924 6.95289949301838 0.0327762825361454 0.865073741031595 -14.1403061693684 -6.30655839386387 -3.14178279237394 3.72879893590829 12.4831744112479
"etap[11]" 0.561867167730419 5.1278644617483 0.0241729848927182 0.128902364527324 -9.66813611733944 -2.35183928018175 0.467069820494222 3.41274566439286 11.2081779324536
"etap[12]" 0.519201731969281 5.12190502620145 0.0241448918441367 0.134919055819597 -9.91865642246865 -2.34739792223661 0.458624502053193 3.31515186106881 11.1417011874754
"etap[13]" 0.592287024719063 5.18785942797421 0.0244558038757542 0.142410905312234 -9.73287213731331 -2.30679872421799 0.495376597584914 3.41250872775616 11.382189225359
"etap[14]" -0.797094711679988 4.87509241348469 0.0229814060299074 0.242689015347307 -10.355182256484 -3.81605308351678 -1.03960528687693 2.30459327792962 9.07221674599087
"etap[15]" 0.555870801464058 5.10569553771481 0.0240684795826136 0.140824827414615 -9.72385580071545 -2.31038184131159 0.502638566232013 3.40708302381467 11.0686191722548
"etap[16]" 0.592518296391745 5.16152198802367 0.0243316479931667 0.140852509186923 -9.83242314026873 -2.27280785063307 0.458405786452374 3.39249472948079 11.572963789277
"etap[17]" 0.511333305412096 5.18283172251375 0.0244321030449215 0.141606181654055 -10.1510264465113 -2.32732337704551 0.452244676653341 3.37719301017962 11.1814094733772
"etap[18]" 0.586236377898212 5.18026822915166 0.0244200186213224 0.140623606382425 -9.89531322089888 -2.29580543040108 0.505920896339997 3.39787304372414 11.417740694823
"etap[19]" 0.586586235616551 5.22164256218101 0.0246150590976699 0.144618443132269 -9.96642651670076 -2.30759620406806 0.471120957245246 3.40948317748287 11.5989586886902
"etap[20]" 0.551158005294702 5.19432435797415 0.0244862798480399 0.156145468130389 -9.92834477699849 -2.33621087969667 0.443990935482443 3.38121171761742 11.4485335961457
"etap[21]" 0.588277097855964 5.14981771945427 0.024276473542005 0.137620596863877 -9.76485870376072 -2.28342569729453 0.499149151181399 3.41830517195663 11.2544824069912
"etap[22]" 0.56917447154661 5.13096140831494 0.0241875840388398 0.139408682553585 -9.58516898628717 -2.3591486692221 0.462881575020154 3.38564766370438 11.4047711108987
"etap[23]" -0.823761883758112 4.86057672034992 0.022912978396246 0.245324645661781 -10.3691608986982 -3.82509884475037 -1.0800664591718 2.23438531872894 9.15227337978862
"etap[24]" 0.529180083408486 5.19072795102625 0.0244693262231014 0.145440000909259 -9.84302263332492 -2.38759965463959 0.456191052224731 3.36128137031351 11.3549316773363
"etap[25]" -1.67412786014768 6.97410654890672 0.0328762535563297 0.853672439384704 -13.9971195012382 -6.28867186428842 -3.14037136628218 3.71973107211639 12.6002900044245
"etap[26]" -0.783848046403773 4.81419364392432 0.0226943264770938 0.244954598798517 -10.1434884183531 -3.79764438945714 -1.03068486565275 2.23980282202002 8.96388708776612
"etap[27]" -1.70220542017995 6.89969129285121 0.0325254566751258 0.82662727467731 -14.0651866810992 -6.29563549313461 -3.13286334155159 3.7412855140974 12.1581581483341
"etap[28]" 0.655330847838335 5.17071376579262 0.0243749784491106 0.132922444921917 -9.49703872826504 -2.30268904086181 0.524952974297066 3.45308322711262 11.6544665040533
"etap[29]" 0.592284927207391 5.15339591333307 0.0242933413097124 0.145571202912758 -9.89146341804123 -2.32659777357177 0.501516007305479 3.48728735620751 11.3640677386144
"etap[30]" 0.606371092643665 5.16940080554839 0.0243687890951631 0.140199414093807 -9.73604948352175 -2.28951404959231 0.487731916219853 3.39686305148852 11.5301346112997
"etap[31]" 0.598467309239491 5.14251520937171 0.0242420491793446 0.146743164539944 -9.82975754030964 -2.28781090898673 0.502523852770285 3.41955235643437 11.3355360769818
"etap[32]" 0.501216781891916 5.17948350671391 0.0244163194042752 0.142013215617788 -9.91585490168208 -2.36344060770134 0.442668482501782 3.35655495010623 10.9900264325401
"etap[33]" 0.589701835264829 5.18386928323484 0.0244369941530667 0.138468230566025 -9.85310047739109 -2.29698398585724 0.478234501027233 3.40685970910516 11.2348488950994
"etap[34]" 0.541051817996293 5.1775922534788 0.0244074039510253 0.140804898933368 -9.90498738217116 -2.34257778405849 0.444532979904053 3.38543146058322 11.5045576293516
"etap[35]" 0.5600426791553 5.17549788956889 0.0243975310248722 0.1412865120474 -9.82449628210392 -2.33427337354413 0.486750690913712 3.42006560646004 11.3684764529528
"etap[36]" -0.79017275707981 4.85472011511433 0.0228853700944005 0.243286995373066 -10.1658031572318 -3.83093261372027 -1.0473457575961 2.22739002348989 9.23427760358143
"etap[37]" -0.818666041002852 4.88106110707677 0.0230095427213327 0.238800222582617 -10.2778943034602 -3.86365037747331 -1.04817077720658 2.20913498316043 9.18995635228334
"etap[38]" 0.567274773435051 5.19268738182356 0.0244785630684617 0.140197994006585 -9.8666665717551 -2.33933936966878 0.483412692243265 3.42487986356288 11.3997775047947
"etap[39]" -1.72671830358907 7.01056821743971 0.03304813551015 0.8620056665173 -14.2398153614039 -6.36237824377589 -3.19309209255286 3.72507094468967 12.4090209769627
"etap[40]" 0.568840374953393 5.15401772250238 0.0242962725462472 0.142284365729876 -9.82951376433179 -2.30840507243214 0.457718592019666 3.3804445426681 11.4034808920942
"etap[41]" 0.586957390461545 5.14431294056951 0.0242505237654827 0.137744083339943 -9.51110516548525 -2.31523057917933 0.473751460499325 3.41711006702834 11.5038234018772
"etap[42]" 0.547414588337511 5.12480074414349 0.0241585423894248 0.137434856652206 -9.95761812639902 -2.28070762343848 0.463434346588108 3.37082639362143 11.148735654203
"etap[43]" 0.553921837442157 5.16994404520619 0.0243713499514687 0.13997784663565 -9.92690474300905 -2.33807225151197 0.484838218510122 3.38160105990301 11.436374942243
"etap[44]" 0.619850613973215 5.24296191671441 0.0247155594987439 0.141124308633367 -9.9576354887469 -2.27838971169851 0.504016328190003 3.46892474402214 11.597469099536
"etap[45]" -2.34461376090002 9.13244613840644 0.043050763955254 1.29706084679686 -17.503168159417 -8.53571214551578 -5.00182678011068 5.61438094496327 15.7949104189126
"etap[46]" -1.71027928574432 6.95086529633052 0.032766693240997 0.819699942434943 -14.1661172919125 -6.30700390655097 -3.15599389983636 3.77473236273754 12.1374510070315
"etap[47]" 0.625068211620569 5.16184196414712 0.0243331563750781 0.131962818519626 -9.70694703499331 -2.33657020499056 0.531699335969024 3.43454730783069 11.4759867261225
"etap[48]" 0.628370737387594 5.17912382135306 0.0244146238312236 0.137128186221732 -9.80846453154888 -2.27798708924307 0.525966357672289 3.45690942318175 11.4313308035111
"etap[49]" -1.68979561528153 6.98451065520737 0.0329252989837788 0.865734434836294 -14.1096055705517 -6.3023287154252 -3.1502650749749 3.69448078786737 12.617786942291
"etap[50]" -1.69744801022065 6.95748036710397 0.0327978769836766 0.854494985872492 -14.1270145791047 -6.31581961257806 -3.12719551321274 3.73536783883514 12.4310373194538
"etap[51]" -0.277057638103662 6.95627930530519 0.0327922151240596 0.111273406299334 -14.5519599034053 -4.07374341789456 -0.212499744142882 3.53334186009028 14.2700823252822
"etap[52]" -0.0691548455987185 5.90605403431286 0.0278414057181119 0.0509956212999882 -12.0448853782181 -3.46708565212553 -0.0315111891449519 3.29128581600989 11.9714530113026
"etap[53]" -0.00162253830386971 5.71757201662219 0.02695289296584 0.0396937663745008 -11.5416695681906 -3.28691646605331 -0.0161966182513613 3.27580632337908 11.6791626599901
"etap[54]" 0.0618353126911311 5.76485705544474 0.0271757967765073 0.0401298457290688 -11.73761548532 -3.20425401312918 0.0518706225262895 3.33515822965675 11.7211118043475
"etap[55]" -0.028701562817988 5.69593418150321 0.0268508912328878 0.0420371568416638 -11.6837821262282 -3.28018959564236 -0.0343786330510021 3.2412494837956 11.538913097208
"etap[56]" 0.00228401492283127 5.69417069762142 0.0268425780901456 0.0358219324638955 -11.809275201868 -3.29320903301186 -0.0114271529532866 3.26669126266872 11.6542836085111
"etap[57]" -0.0527664546771691 5.70302385839711 0.0268843122902751 0.0387523191859354 -11.6002454235186 -3.33923819942242 -0.0357466654694385 3.20896266237104 11.51873866582
"etap[58]" 0.0642457673265454 5.65285686454825 0.0266478228133266 0.0385639028377396 -11.5688498616374 -3.14828418170193 0.0770256387339494 3.27966363361665 11.9081424049422
"etap[59]" 0.00853614275336404 5.66227490336548 0.0266922198740809 0.0379786518849817 -11.5146418641394 -3.23495154242047 -0.0218872332961668 3.20814034884805 11.6560890749246
"etap[60]" 0.0502118962032702 5.7138572485975 0.0269353813814347 0.0376297532502967 -11.6785849832224 -3.20387776960253 0.0578154901468231 3.27460258923747 11.7423815858275
"etap[61]" 0.0380965665722481 5.66522401752233 0.0267061221315396 0.037872971735717 -11.6371064248334 -3.21963160145936 0.0263932433825229 3.25767409973377 11.718611775927
"etap[62]" -0.0248417227078407 5.6644216779631 0.0267023398665853 0.0372201649747519 -11.7258080292392 -3.26494562583453 -0.0144957293878246 3.26115554726494 11.4356895665868
"etap[63]" 0.0404046881528294 5.74721024853978 0.027092608930982 0.040288354507335 -11.6259366882201 -3.23172904317553 0.0512608725464911 3.29306549748664 11.6899768125078
"etap[64]" -0.0514981334767221 5.68355034592228 0.0267925132721119 0.038207115688498 -11.6982366378685 -3.29491868764421 -0.0303190914550648 3.18907835036467 11.3022065276597
"etap[65]" -0.0581219532021985 5.76152342790301 0.0271600819055692 0.0391702439842409 -11.9540036870417 -3.29797196266761 -0.0480492950811861 3.23725427654869 11.6156127576525
"etap[66]" -0.00728728696320962 5.74524847982593 0.0270833610645774 0.0369903057440425 -11.7109809517962 -3.25294761724272 -0.00976264853541239 3.25806569841957 11.6993999446467
"etap[67]" 0.00157746731603867 5.70940279093728 0.0269143828666477 0.0388273364466268 -11.5639548753969 -3.2735734125003 0.0148716610594571 3.27388406378403 11.782343378233
"etap[68]" -0.00365403326452001 5.69646220499745 0.0268533803595104 0.0387549359294064 -11.5343603415982 -3.27951563797502 -0.0226530208674255 3.28058060663185 11.6798952560758
"etap[69]" 0.0231405645732867 5.691681025832 0.0268308416647774 0.0372714557851258 -11.6405101467663 -3.23245864723608 0.0307298275713664 3.25361241193649 11.7987582611795
"etap[70]" 0.0233277652224772 5.74786117144805 0.0270956774109985 0.0387737751201918 -11.6786207982173 -3.26184905602159 0.019068226128407 3.29135834601469 11.7071599765745
"etap[71]" -0.00185765157028192 5.76668054487768 0.0271843927881303 0.0389088187618186 -11.7685132794025 -3.28788047803175 0.00123094172236242 3.27119744522812 11.7661041975791
"etap[72]" -0.048830579248613 5.69052109972386 0.0268253737206658 0.0371908642426373 -11.6726372531553 -3.32160313889927 -0.0472898247936187 3.27107016216472 11.6434564974118
"etap[73]" -0.0181379011517809 5.67934262699917 0.0267726778948862 0.0375210800862837 -11.3728953648213 -3.34213309190723 -0.0151300292430041 3.25151507621211 11.6916487351281
"etap[74]" -0.0781962038413622 5.70779607612604 0.0269068087403913 0.0384349254445134 -11.7400386435994 -3.38523672127005 -0.0523301126877503 3.21031524749534 11.5325474549675
"etap[75]" 0.00428868722307191 5.68797006137044 0.0268133480105407 0.0386063451268405 -11.5920968332794 -3.26368935541943 -0.0233837308839888 3.26242339395611 11.6315238623374
"etap[76]" 0.0246180158737673 5.74455266711736 0.027080080972013 0.0413087287317898 -11.7616619824267 -3.28092952984719 0.0305015255803235 3.31692053583959 11.5962037493243
"etap[77]" 0.00434101276635697 5.63773296452711 0.0265765280649071 0.0377575972692155 -11.5247628182851 -3.27116318059329 0.0146897116787663 3.25971127862622 11.6057789735274
"etap[78]" -0.065563204045825 5.69533097037808 0.026848047668374 0.0396007313794135 -11.8019956677437 -3.32245832032517 -0.0593862901084317 3.19884213501498 11.6563497404298
"etap[79]" 0.00247875708209275 5.65099787577423 0.0266390594562049 0.0375573689960594 -11.3295736986591 -3.2686547236753 -0.00255628219865131 3.26851966712929 11.5097669185958
"etap[80]" -0.0464409091733828 5.67328832738686 0.0267441376528116 0.0383527465629218 -11.817604141117 -3.28332504101032 -0.0088707165229495 3.23466240938836 11.4722814776311
"etap[81]" -0.0209042887119922 5.64233827458426 0.0265982377047129 0.0375100344808835 -11.6153507557882 -3.26251295800659 -0.000630175483599461 3.24460770885427 11.396279181342
"etap[82]" 0.029031676803126 5.66153993868106 0.0266887552173323 0.0369664931562846 -11.3802718879439 -3.26475815299169 -0.0143635198624717 3.28523956086536 11.766424998565
"etap[83]" -0.0439491834372746 5.63063066374387 0.0265430474979347 0.0353043924693771 -11.5890670586515 -3.30057976547283 -0.0574493022627017 3.21695488704626 11.391885086058
"etap[84]" 0.015785330850302 5.63266135212876 0.0265526202547842 0.0392915859902937 -11.5676775042705 -3.24563144960163 0.0286035764144231 3.25846100999557 11.4365161882184
"etap[85]" -0.00482513149236038 5.64645045972637 0.0266176227313761 0.0381344084014173 -11.6061370101318 -3.25791605754754 -0.0131881118206765 3.24144584973276 11.5513329341611
"etap[86]" -0.0245212417520238 5.70006552226527 0.0268703665600094 0.0412094784163226 -11.5527403177224 -3.26580508978597 -0.0469503531989456 3.20974118976792 11.6461834360061
"etap[87]" -0.0508622007204077 5.65367042747854 0.0266516579857595 0.0400656079378993 -11.7025836000152 -3.29702223287802 0.00105377734488535 3.24315232916603 11.2612632764997
"etap[88]" -0.0432277377847889 5.66156633268811 0.0266888796398748 0.0365255125377833 -11.5227707358637 -3.29186706383074 -0.0209507601397715 3.23829963486922 11.4324599768154
"etap[89]" 0.0515559649189626 5.74760254171648 0.0270944582187517 0.0390523033142522 -11.6959238322381 -3.23562650774548 0.0253933559704603 3.34701704371572 11.817728808158
"etap[90]" -0.0765651365351672 5.69990339151706 0.0268696022683328 0.0384675762158747 -11.7198093007394 -3.30409417203014 -0.0400327702053878 3.23675889163915 11.3537010561355
"etap[91]" -0.00159834007996584 5.6999058305758 0.0268696137661659 0.0417551626188318 -11.6632173530727 -3.25124252979676 0.0145386277366857 3.289776639021 11.5357436350383
"etap[92]" -0.0138356273533903 5.75005625060918 0.0271060251133989 0.0387304186552497 -11.6437794373074 -3.32623922985889 -0.0331386642629137 3.25619055193572 11.7255666390157
"etap[93]" -0.0370918691292079 5.68899378378511 0.0268181738842838 0.0377285754998247 -11.7231483937828 -3.31778214743513 -0.0205913173754563 3.25451420923823 11.5525632796425
"etap[94]" -0.00510471097279724 5.74093764128196 0.0270630395767972 0.0391957622973911 -11.9008503141228 -3.24984960006683 0.00388746330786347 3.24852463000358 11.6665375716373
"etap[95]" -0.0242227926519885 5.64996113904102 0.0266341722323758 0.0364503955007207 -11.6537649351591 -3.25291354682701 -0.0040780675884502 3.24565487569952 11.4517089545861
"etap[96]" 0.0220359849297996 5.75308626310378 0.027120308729279 0.0401321841263963 -11.5878294366176 -3.27228772130381 0.0372427169923879 3.31008251832979 11.8613737137378
"etap[97]" -0.0116965815704174 5.74358419455384 0.027075515548566 0.0385861115975845 -11.8603512975317 -3.27706261253046 -0.0145845266607623 3.26458534453303 11.9356417875762
"etap[98]" -0.018178349181283 5.69146802799156 0.0268298375833284 0.0392150781740596 -11.6093528637175 -3.28329378427338 -0.00816297021063256 3.21188465289186 11.5628565486855
"etap[99]" -0.0604970299271071 5.67492700372589 0.0267518624471549 0.0374810514550251 -11.7881645834119 -3.33478323009972 0.00382427371176042 3.21155202051205 11.3556540104376
"etap[100]" 0.00461564062476718 5.74768266478052 0.0270948359224978 0.037654796504183 -11.8111981480638 -3.27632084681067 0.0173467091823303 3.30813143562268 11.7167251020649
"etap[101]" 0.000681264109448156 5.73154498523684 0.0270187621715781 0.0375080479887811 -11.7158250233456 -3.26805466048316 0.00758914337978623 3.32666647958661 11.6381055423879
"etap[102]" -0.0575834727953623 5.62198955611093 0.0265023129259066 0.0366915617133287 -11.624139112163 -3.31896885615007 -0.0519915612329793 3.20517543056339 11.3888815146137
"etap[103]" -0.0163282033155829 5.65200940906912 0.0266438278698863 0.0376839168754399 -11.5548029623662 -3.26250418714908 0.00641028453739002 3.2707500108924 11.4433959066136
"etap[104]" 0.00295647618084609 5.71668558272145 0.026948714276358 0.0388951824728884 -11.7726147920183 -3.25050440475952 -0.00728792241395577 3.24662296740076 11.9063139092763
"etap[105]" -0.0325226686825094 5.74281867423444 0.0270719068511727 0.0381096100619358 -11.6383724386303 -3.29317238282453 -0.0307452095867106 3.20779754605274 11.8150565045458
"etap[106]" -0.0446932868354392 5.66723985461303 0.0267156248787169 0.038057905212658 -11.6001517435491 -3.2970256083386 -0.0376571820144772 3.2500789204727 11.3761834258611
"etap[107]" 0.0170437299491803 5.74386402432137 0.0270768346787406 0.0394276017523797 -11.5589788476412 -3.31001718098253 0.00491196213149112 3.31908814694719 11.8122545746992
"etap[108]" 0.0470106343895577 5.73340268900617 0.0270275194711297 0.038543719929225 -11.5985777608802 -3.21584451578591 -0.00490119537311888 3.2860932042666 11.8421585145317
"etap[109]" 0.0522531135219596 5.70452940028873 0.0268914094828146 0.0387839810118861 -11.6501194853653 -3.19085708518523 0.0371912625698082 3.33856005632109 11.7084629041891
"etap[110]" 0.00507793536022119 5.69498973815783 0.0268464390842613 0.0377432716025957 -11.5229865814237 -3.28924479969878 0.0272592618077814 3.27408222018128 11.6511089488948
"etap[111]" 0.0176816025158246 5.66551392361993 0.0267074887619897 0.0384008753117475 -11.5850364126902 -3.24941399077296 0.0142962684121355 3.2318898485641 11.6351937452911
"etap[112]" 0.0223960893168925 5.67388167008152 0.026746934697098 0.0383989714327773 -11.5341245077108 -3.27549829945173 -0.0171871485156256 3.27107356021298 11.8455287730889
"etap[113]" -0.0319656546627763 5.70772954076865 0.0269064950897086 0.0384356025860926 -11.6164253108583 -3.27689491857294 -0.0199928360767629 3.22850332639382 11.5967777847773
"etap[114]" 0.00972865444028843 5.79958215038044 0.0273394924438831 0.0382846935475451 -11.8483377536943 -3.26794692984299 0.0555905394608788 3.26216501866109 11.8309606602078
"etap[115]" -0.022458227686391 5.66725968486019 0.0267157183593985 0.0363722047431263 -11.5926387038198 -3.26854819564355 0.00878340549705216 3.23913197742381 11.4530304503855
"etap[116]" 0.0123766001983005 5.66360381942529 0.0266984844444643 0.0396998343833238 -11.3826234876239 -3.24260557400984 -0.0149186570045214 3.25329182025495 11.5714337848594
"etap[117]" 0.0316162484842335 5.67654786065876 0.026759503240012 0.0395362766218002 -11.2208725304734 -3.22854890507852 0.0183676498484431 3.27802431085126 11.5624074077184
"etap[118]" 0.0182991395230756 5.66709627897189 0.0267149480566538 0.037534608865295 -11.3342374666519 -3.25026927397803 0.0135641368768315 3.26664008227106 11.4254250944419
"etap[119]" 0.0533135508254357 5.6864440284019 0.0268061542221382 0.0370751364485792 -11.5162159519874 -3.22791171878084 0.0366201414742846 3.30231931762171 11.7950977342742
"etap[120]" -0.0481197590898129 5.63150625771776 0.0265471750875114 0.0363314589225372 -11.5419812930989 -3.3092302072722 -0.0528075103744756 3.20126201880335 11.4409280996454
"etap[121]" -0.0367719744986476 5.71866038204498 0.0269580235696457 0.0385205019285219 -11.8406544232375 -3.29189636472808 -0.018891806196092 3.25057728051114 11.5734692533667
"etap[122]" -0.0321381493137125 5.70719640134271 0.0269039818463526 0.0379800224372888 -11.5767807987574 -3.33595707675083 -0.0729044417916841 3.26245337057803 11.729158715167
"etap[123]" -0.0534944419616971 5.67648896169735 0.0267592255876452 0.038066894258697 -11.5906363281088 -3.31065896919985 -0.0310180436180653 3.20368003743359 11.4366197573749
"etap[124]" 0.0134524961601244 5.73907681789012 0.0270542675712041 0.0384871284211232 -11.6254688125671 -3.30755536288441 -0.00255351290512293 3.27984560362076 11.8647320001581
"etap[125]" 0.0128397411458441 5.66713797717774 0.0267151446238813 0.0368372992619428 -11.4687546862211 -3.25646019969791 -0.00232946015283315 3.29092453807487 11.7065457494534
"etap[126]" 0.00278786758183555 5.70237248367714 0.0268812416803979 0.0368697846924029 -11.7335605314633 -3.22169892027926 0.0324363963817245 3.2023403918334 11.5433696906637
"etap[127]" 0.0371214482219119 5.62357310269256 0.0265097778360812 0.0369697939539505 -11.4235679276701 -3.23451379454004 0.0398417670013922 3.28699881771783 11.470207795046
"etap[128]" 0.0549138191805487 5.65598422732455 0.0266625653428357 0.0377719037022725 -11.4657865107892 -3.19470075921826 0.0227733197389261 3.31243566881466 11.6913614683551
"etap[129]" 0.0314194274739082 5.7285317910424 0.0270045578379253 0.0383565906742549 -11.6395446559599 -3.22085522641164 0.0128284138071444 3.24119231120779 11.8477699330898
"etap[130]" 0.0446283580611565 5.67821330569255 0.0267673542231926 0.037956332916298 -11.6288875662884 -3.21576169336427 0.0343203938103225 3.31190626772697 11.6267242100779
"etap[131]" -0.0846458945456801 5.61571897865012 0.0264727531402766 0.0352474621236036 -11.6520072159928 -3.32751407837915 -0.064126187658712 3.15478340202002 11.3698526863296
"etap[132]" -0.00434054895421127 5.66216282998422 0.026691691555095 0.0369541215933972 -11.6008606924199 -3.27022348223554 -0.0230527298606489 3.24202650759003 11.5777095724512
"etap[133]" -0.0554693529418363 5.66892034787756 0.0267235467999375 0.0370943075956448 -11.7198554051757 -3.28668579229035 -0.0408211122502846 3.20635238739019 11.411565547807
"etap[134]" 0.0124941543063283 5.71650862816032 0.0269478801045571 0.0408733266151661 -11.7433790247572 -3.28028031874958 0.0224972798674997 3.27619476298909 11.7835383843401
"etap[135]" 0.0657695147979502 5.71187226659808 0.0269260240865525 0.0395677788454655 -11.2870584908165 -3.28684624042368 0.0206494426206077 3.29560803664123 11.9164719146761
"etap[136]" -0.059291628191974 5.76962588205975 0.0271982772407591 0.039888697823467 -11.8165274139167 -3.34409164582233 -0.0282844580392697 3.27961991413538 11.6762414512078
"etap[137]" 0.0199882981660548 5.71188145034114 0.0269260673791325 0.0366327787904112 -11.579212113388 -3.21662739879553 0.00680631161200892 3.27672976921618 11.6745240376897
"etap[138]" -0.023908049585348 5.61507482310529 0.0264697165619173 0.037663481656546 -11.4818026178839 -3.24286310653761 -0.0263773569020557 3.22181329685007 11.416443916146
"etap[139]" 0.000577956126464684 5.72185285042262 0.0269730730099027 0.0382422026273817 -11.8278798734042 -3.26121125197593 -0.0220735179045895 3.27939258462683 11.5806076498088
"etap[140]" 0.0194598637377795 5.67338557358195 0.0267445960757715 0.0367927382870494 -11.5401276161359 -3.29138789754768 -0.0155996751199682 3.31892927281355 11.6442342436814
"etap[141]" 0.0193208305043687 5.64462454999486 0.0266090153103562 0.0375734828830598 -11.4304670004383 -3.21308920111527 0.0285249478863183 3.24076116308855 11.5278829986096
"etap[142]" -0.0170302626502749 5.6700523913825 0.0267288833041971 0.0377833655275592 -11.5653162702832 -3.28225682679262 -0.0178316160816883 3.24689085680303 11.481419162364
"etap[143]" 0.00618036517069104 5.62743219981134 0.0265279697943609 0.0359633515643356 -11.5435359382653 -3.23863812576377 0.0487938443699284 3.26633063256982 11.2493568857591
"etap[144]" 0.0596714739871948 5.6571567826344 0.026668092821575 0.0388450648156739 -11.1859029410552 -3.22512384949899 0.00902095751889444 3.25272380596229 11.8022449535779
"etap[145]" 0.013200753416442 5.65005649556754 0.0266346217473527 0.0359032568267059 -11.4616160024941 -3.27425342671611 -0.0121678521650135 3.22875497946123 11.5555320017682
"etap[146]" -0.0405860686469767 5.71074959434873 0.0269207317588154 0.0390112028586104 -11.785455691134 -3.34207838223815 -0.00827786421147678 3.28867940222756 11.5679489324631
"etap[147]" 0.0390565684530253 5.7408840487366 0.0270627869391156 0.0393490152320472 -11.7132150313644 -3.22621351817362 0.0264889839613639 3.30326688024208 11.6425164177295
"etap[148]" -0.0328727303276228 5.72531848915649 0.0269894101875685 0.0373410396123381 -11.7476065687479 -3.29540199048936 -0.0745799734078815 3.26517676978042 11.8517542968312
"etap[149]" -0.0248867251858446 5.61064771873881 0.0264488469917936 0.0365533868365555 -11.5336409758429 -3.28971876227941 -0.0147222335413195 3.20672316987658 11.4690435376819
"etap[150]" 0.0414496623261833 5.67591347687588 0.0267565127261803 0.0383700086599156 -11.3008985699065 -3.25485788889155 0.0389891222033692 3.29231783597741 11.6037929723891
"etap[151]" -0.0590584457409638 5.67225518252002 0.026739267361203 0.0382121078881503 -11.8622174155105 -3.26479294681514 -0.00832604578734215 3.21767035270357 11.334885520726
"etap[152]" 0.0301534092293277 5.68281762076239 0.0267890591725833 0.0373996034702586 -11.4221612732319 -3.26882616951674 0.0283610139062411 3.31412907530608 11.7346108968573
"etap[153]" 0.0496493892698261 5.73107526723139 0.0270165478996655 0.0388316359954046 -11.5998523531988 -3.24742781525975 0.0199136446845531 3.31139541869646 11.8960817523901
"etap[154]" 0.0206104352095551 5.69484377250895 0.0268457509955937 0.0357612344385862 -11.7730937191892 -3.23470194487606 0.0353111201547446 3.29203754289958 11.6750965237312
"etap[155]" 0.0057615541266025 5.69583121950928 0.0268504058653937 0.0399580729469085 -11.6487043198839 -3.26382766100204 -0.0131778975646527 3.28235315251081 11.6159722964772
"etap[156]" 0.0222082681380948 5.73138931623372 0.0270180283408599 0.0377721487685021 -11.510535943361 -3.33411292585268 -0.0107036103449536 3.2856039777571 11.9596056662272
"etap[157]" -0.021290897196923 5.68897129774001 0.0268180678840506 0.0380703960021126 -11.5719534504797 -3.3108674159226 -0.0193343575023405 3.22847692993118 11.5028031216656
"etap[158]" -0.0168499555200103 5.62071365842097 0.0264962982865155 0.036074671108037 -11.4765851810825 -3.28394194865507 -0.0106056877608174 3.22192587079626 11.4769215832143
"etap[159]" 0.00219394708316896 5.70589625284301 0.026897852887548 0.037470544957877 -11.4481397661633 -3.25390098633172 0.0242452479164283 3.28017849146795 11.590857393799
"etap[160]" 0.0154121080877804 5.72469876950555 0.0269864888011177 0.0383089693135081 -11.6706894050843 -3.26904695403518 0.0137938286524998 3.30885090709233 11.7584907292688
"etap[161]" -0.00449061992283984 5.68414083377083 0.0267952968585248 0.0380216069470944 -11.6540516435704 -3.24940285971014 0.0114836124078573 3.23097746611535 11.5195443837816
"etap[162]" -0.0319947126710398 5.69423133837776 0.0268428639534124 0.0368113272449584 -11.580580344808 -3.29236432125329 -0.00511188231698504 3.18213846685952 11.4975479307705
"etap[163]" 0.00931316044326414 5.74040033097036 0.0270605066716976 0.0386291459444473 -11.7423405108514 -3.27403347474623 0.016894911141629 3.26051569129733 11.6878439732772
"etap[164]" -0.00431211913127257 5.61087992281244 0.0264499416122942 0.0358199269713995 -11.599662289959 -3.23577967421727 0.0407583482656603 3.27026175993515 11.3917834146707
"etap[165]" -0.0230393395966842 5.67314263623005 0.026743450858112 0.0386370230420146 -11.4062043470324 -3.30575492568351 -0.0261216325594692 3.23122206662549 11.5313275285875
"etap[166]" 0.0508057291138847 5.66500059864927 0.0267050689248717 0.0381900860445423 -11.434345237595 -3.17972735948255 -0.00190002435486838 3.28111995380308 11.7352650756697
"etap[167]" 0.0569439100049477 5.63267511604565 0.0265526851385107 0.0384455227346632 -11.2854634760819 -3.17709906441596 0.0382308412769232 3.25603663989135 11.6617148439639
"etap[168]" 0.000608841271775923 5.62904736165592 0.0265355837403143 0.0364572889608008 -11.6148884462422 -3.25007983740117 0.0526169589402605 3.28926357874806 11.4099730097465
"etap[169]" 0.0745599257681083 5.66956788853145 0.0267265993358539 0.0383708761773347 -11.485593862429 -3.21701770540509 0.0608449435375368 3.31077365425308 11.8294945781657
"etap[170]" -0.0383837726025223 5.74458143620292 0.0270802165907829 0.039546597684209 -11.9373821584295 -3.33966674153246 0.0266526430194803 3.21683803492785 11.6042024541657
"etap[171]" -0.00450205636045283 5.70227250931933 0.0268807703967555 0.0371875638365774 -11.7913991314759 -3.2435083320979 -0.00123693963740085 3.24061121923415 11.7088399488285
"etap[172]" 0.0438256809137352 5.64567566775955 0.0266139703270178 0.0367910440815375 -11.4195771194045 -3.20278514338958 0.0419482048132644 3.29970572474663 11.6195971644052
"etap[173]" -0.0217954367684597 5.70611676532394 0.0268988923933521 0.0390447389484493 -11.7199683293575 -3.2552173831694 0.0278433444578263 3.25266263839157 11.5578493199614
"etap[174]" -0.014084750151906 5.62415986994998 0.0265125438834592 0.0368294978780459 -11.5926156011151 -3.25134838233169 0.0223074111930844 3.27629401183506 11.2699683175595
"etap[175]" -0.0483304166474792 5.71442783262682 0.0269380711403438 0.0383620239740603 -11.824530672 -3.31943686682331 -0.0249319358341381 3.24988558727665 11.6454831622764
"etap[176]" -0.000438146159657455 5.73378798870206 0.0270293357913147 0.0383440343241116 -11.686030070652 -3.28269697757286 0.0165407292316073 3.31237156091356 11.6392103183531
"etap[177]" -0.0326077321684433 5.7063734224001 0.026900102286412 0.038160205696279 -11.8829544169077 -3.27553980772347 -0.0223294218409117 3.26352504186193 11.5421941588843
"etap[178]" 0.000912398688049129 5.66488026024725 0.0267045016442043 0.0365377329944117 -11.5592791801559 -3.24746948241807 0.0325438665768197 3.29497524116638 11.3900951202963
"etap[179]" 0.0169832480395443 5.69789344914865 0.0268601273091428 0.0369841329822139 -11.4886084369793 -3.28078936991137 0.00660684384193244 3.26291058381832 11.6635822595523
"etap[180]" 0.026266845112397 5.70998929913735 0.0269171476928176 0.0382374025394325 -11.5138155443609 -3.2595671926873 0.0478563413724766 3.29036377841246 11.7580162659754
"etap[181]" 0.00215763460091125 5.68609131972604 0.026804491537495 0.0378649958000446 -11.5733986517706 -3.30172023349781 -0.00386305107661345 3.29749460081556 11.6362258265843
"etap[182]" -0.000205595540242977 5.66973956009321 0.0267274086033569 0.0385470619907914 -11.5613790734878 -3.22678338930104 -0.00166996734119604 3.22103732076691 11.6184372431073
"etap[183]" 0.0564585075168052 5.71690121997248 0.0269497308001079 0.0369613573197702 -11.5470082255794 -3.23613761522205 0.0432601074197661 3.33231894631922 11.7120676603657
"etap[184]" -0.0212968886814124 5.64997510195419 0.0266342380541798 0.0383183453236189 -11.56154092474 -3.25759367653766 0.0117534855901696 3.22582377012033 11.2081636121602
"etap[185]" 0.0296659702240239 5.67817834689757 0.0267671894258526 0.037996754189741 -11.5377509764033 -3.23085972857923 0.00955351759691219 3.31039722120406 11.6068254291095
"etap[186]" 0.0172206691376085 5.6420058076542 0.0265966704405745 0.0370322349731253 -11.4546400110489 -3.24879988328043 0.0132168926899861 3.2541455552375 11.6216812812515
"etap[187]" -0.0201231589311588 5.67274976862244 0.026741598862449 0.0373302658941526 -11.6825626870488 -3.286009540988 0.0215684203530499 3.24619393089523 11.4789821305751
"etap[188]" 0.0183801774575495 5.71022452626682 0.02691825656414 0.0371340261788893 -11.578538030327 -3.3125272176301 0.00289079208521193 3.24525203120737 11.780151477933
"etap[189]" -0.0828316541236305 5.75364972027206 0.027122964891843 0.0390861780324738 -11.9663322355951 -3.34064142613928 -0.0494994777386916 3.20361487089971 11.6630064464809
"etap[190]" -0.0036762538301217 5.68390201665456 0.0267941710638422 0.0375486529862347 -11.705396922302 -3.25810392135365 0.0512141439620765 3.27243573525448 11.6608492714408
"etap[191]" 0.0052880915260208 5.69142717623919 0.0268296450063209 0.0383468068555523 -11.7146172493238 -3.26651763276756 0.0527023783975458 3.26991951175926 11.5912875529937
"etap[192]" 0.0301932448489203 5.66273303297656 0.0266943795177786 0.0369802208089513 -11.3611007915762 -3.24823478937112 -0.0414421297856951 3.25267718750094 11.756070768487
"etap[193]" -0.0624512730501387 5.7262136152148 0.0269936298522741 0.0406069191900424 -11.6792581771837 -3.32539278734056 -0.0569097740088129 3.24037056221897 11.753954849778
"etap[194]" -0.0406572730527603 5.69747072457753 0.026858134566404 0.0382831023429719 -11.7970163916767 -3.25759391880925 -0.0380500101755863 3.21569161798956 11.5199349006882
"etap[195]" 0.00474840442468379 5.65285969526493 0.026647836157453 0.0385215929295747 -11.517853708126 -3.25061130047888 -0.0130723908527254 3.29219793058376 11.4898699051893
"etap[196]" 0.0129346321419018 5.6475843254475 0.0266229678256452 0.0360650169540329 -11.5053444047515 -3.22792607466702 0.01318529839527 3.25379276962104 11.5554318979849
"etap[197]" -0.0179675193941192 5.66521061982605 0.0267060589741936 0.0384557093970798 -11.6691985993018 -3.25072095627631 0.0164866691191731 3.26045071213578 11.4104592908386
"etap[198]" 0.00211017486248074 5.66532706102371 0.0267066078832635 0.0389497401350952 -11.5357703443972 -3.21381918858166 0.0204802637950791 3.21757179430715 11.5578555881477
"etap[199]" -0.0134725605710609 5.67360837422572 0.0267456463680786 0.0363466609606043 -11.5232682698554 -3.298498130916 -0.0150400062023114 3.29757334878625 11.5840405260513
"etap[200]" 0.0475552039910333 5.72158971616864 0.0269718325831337 0.0382700983317045 -11.5285115371269 -3.21448211897117 0.0334521484185849 3.33531599126465 11.6663218240032
"etap[201]" 0.0020685826977413 5.72283833424381 0.0269777186251875 0.0380651851080149 -11.6357147178806 -3.28861144880146 0.0199120118987385 3.25352990161481 11.7899861418422
"etap[202]" -0.0246311900692276 5.64603587943809 0.0266156683811548 0.0370641965926959 -11.7493110754801 -3.23756588227944 0.0129055634009267 3.2795816464927 11.5000064936464
"etap[203]" 0.0196558876037862 5.70863433600498 0.0269107603353566 0.0386353644184121 -11.5404186678398 -3.26479566512726 -0.0035746409458619 3.26684347822876 11.7377227219782
"etap[204]" 0.0149186227786015 5.69552053238802 0.0268489412722585 0.0367455881911924 -11.4570440420456 -3.24956881082077 -0.0407079653509664 3.2454202844366 11.8140059992046
"etap[205]" 0.0397097399217899 5.71693390173436 0.0269498848634109 0.0396219562417555 -11.4923679298912 -3.24988461055287 0.0495404210088376 3.30459346107382 11.5091286410173
"etap[206]" -0.0137124109470119 5.73874733552787 0.0270527143764532 0.0385215099727194 -11.8402965164231 -3.25450215554676 0.0222079066706656 3.2623711780237 11.7318200499913
"etap[207]" -0.046997359721206 5.69218458215958 0.0268332154520704 0.0383546212736454 -11.6961054278021 -3.30632798340962 -0.0848248245859015 3.26440413712316 11.4702288274498
"etap[208]" -0.0139451408695255 5.66520449591744 0.0267060301058116 0.0368359618329021 -11.5863957749003 -3.26705765323212 -0.000337691984333055 3.19865482762052 11.4209144398404
"etap[209]" -0.0201664786661201 5.66867006302243 0.0267223669458156 0.0384118952694992 -11.422077446249 -3.30611567096486 -0.033776560481373 3.25341386536926 11.5396355226716
"etap[210]" 0.00717204814051758 5.73388235378814 0.0270297806325965 0.038671857937019 -11.6214652112896 -3.24627221444474 -0.0168552521307833 3.2583485636392 11.719029089746
"etap[211]" 0.00245847096439679 5.70859718878795 0.0269105852216961 0.0391284227731992 -11.5078436015976 -3.25770958117635 -0.0169237170318677 3.25368299806525 11.8290520350956
"etap[212]" 0.0259486804447574 5.62771912844695 0.0265293223889205 0.0363329564323966 -11.4283322041302 -3.21570335811603 0.0166201066563119 3.25842122458566 11.5038768656353
"etap[213]" 0.00874517656231359 5.66611754730222 0.0267103342713166 0.0380870821408869 -11.5090502034885 -3.26998191736008 -0.0139225107381071 3.24043857352683 11.4980482138411
"etap[214]" -0.0223392150835477 5.73595244092836 0.0270395391169598 0.0380984650664207 -11.7210438868765 -3.29225599776324 -0.0235699544965266 3.27728146996302 11.6131602959768
"etap[215]" 0.0247961729160414 5.73615285894331 0.0270404838965428 0.0389122774652154 -11.7678397887975 -3.24802601434592 -0.00469394363928396 3.25667394670686 11.9215432626304
"etap[216]" 0.0250809112569372 5.63247289217228 0.0265517318460295 0.0375856843305228 -11.6050506761295 -3.18276767057415 0.0431032206554526 3.24706227424896 11.530104604841
"etap[217]" 0.0461123459596509 5.63783349219565 0.0265770019568812 0.0385199916172739 -11.330630175547 -3.2172417505929 0.0246157949158272 3.26429571081935 11.6427145321363
"etap[218]" -0.0303626391204105 5.70252819974302 0.026881975732972 0.0368858436942618 -11.6563781509423 -3.28913160583308 0.0160271910420132 3.24850412226317 11.416587225271
"etap[219]" -0.0824599770805791 5.70566742271158 0.0268967741719635 0.0374018119158419 -11.7827564132604 -3.35879973491435 -0.0749103112998162 3.14810398279662 11.4821860846428
"etap[220]" -0.0275803384843018 5.65035651181084 0.0266360360374868 0.0375036459830431 -11.5621560073492 -3.24941052056823 -0.0288209692169608 3.21626259269495 11.4698365133624
"etap[221]" -0.0173512563583011 5.6561443998099 0.0266633204031726 0.038428754971761 -11.5734414381307 -3.29298896557548 -0.0130812095541638 3.22438749243662 11.4659906241832
"etap[222]" 0.0299908748253965 5.66682958713696 0.0267136908592874 0.0378019907921095 -11.4345790347866 -3.20404117074776 0.030535072204752 3.2649528470684 11.6590247262045
"etap[223]" -0.0156405893892557 5.72734073900734 0.0269989431647871 0.0400863570523564 -11.6922404049149 -3.27842453926785 -0.0309632693836099 3.24180778085631 11.6893503321098
"etap[224]" 0.0158532566800833 5.6138628911607 0.0264640034599417 0.0365469623532844 -11.2366403352069 -3.23803154174266 0.00823048369040529 3.24584094729047 11.6216059554431
"etap[225]" 0.0394208342913301 5.7289578714763 0.0270065664003529 0.0399497584662176 -11.5948180667473 -3.22122267565307 0.0325817198690213 3.27239001254632 11.8090047685038
"etap[226]" -0.026838403473211 5.7060351951512 0.0268985078678701 0.0380130231393024 -11.7932134224369 -3.27543818798901 0.0000581612883154495 3.22889018613201 11.5825077545326
"etap[227]" 0.00845081954157997 5.73313250990732 0.0270262458346435 0.0414280352647991 -11.6959317054138 -3.26980130084606 0.0193825621508671 3.24620746222302 11.864257185835
"etap[228]" 0.0079704453553981 5.78841554369617 0.0272868525551545 0.0397536203942157 -11.7683712704057 -3.30763330445887 0.0516924842239618 3.35986897181873 11.6599874559759
"etap[229]" 0.0455892083361864 5.6836857657306 0.0267931516472104 0.0377983402603638 -11.5043585264036 -3.24147578716201 0.05659746267238 3.27755139705441 11.6238941150875
"etap[230]" -0.0106089325756955 5.65650372150527 0.0266650142618888 0.0385728135288507 -11.6582245750033 -3.2409206702472 0.0258212428493874 3.20581691654971 11.4103417156803
"etap[231]" 0.0373957439938944 5.70838210608514 0.0269095713121117 0.0387416072255637 -11.6505973211331 -3.2416112875925 0.0531378027427024 3.32972060663199 11.7405668802353
"etap[232]" 0.0290173982711797 5.71581339148501 0.0269446027274395 0.0378874026555814 -11.6616124604857 -3.26309704713671 -0.00151325844519797 3.29864877076416 11.6787745364201
"etap[233]" -0.00919404812913725 5.69285162265248 0.0268363599111094 0.038420532710222 -11.5555503907532 -3.27919511312773 0.012881739157053 3.3093341897422 11.5864293933193
"etap[234]" 0.0146060047291661 5.72168888249348 0.0269723000576721 0.0371018482579143 -11.5679965656163 -3.28504283057156 0.00780470480884965 3.2710282074943 11.9344753900264
"etap[235]" 0.00340909850537559 5.68602742037833 0.0268041903130811 0.038340275290485 -11.4646822660874 -3.24679585010441 -0.0333121421636915 3.26795436272668 11.657872927957
"etap[236]" -0.0523968575076931 5.68837660854744 0.0268152644923122 0.0364075661021485 -11.7522888759604 -3.34776162654498 -0.047733220956029 3.26962750519907 11.5602622261797
"etap[237]" -0.0235458152865466 5.73002163079862 0.0270115810098887 0.0380589467960011 -11.8050514581272 -3.30887757716639 -0.0066725024226429 3.24714306905659 11.6158902495383
"etap[238]" 0.0463416139711848 5.71925417594061 0.0269608227409139 0.0396687838251188 -11.4985716511231 -3.23033594866394 0.0485445214329115 3.32497121593315 11.7472480792789
"etap[239]" -0.0182422058130891 5.72113813726108 0.0269697038197486 0.0379696628959777 -11.630848861775 -3.27874184654138 -0.00764118192149339 3.21567338058595 11.6456370594347
"etap[240]" 0.0213269414149394 5.65997899486673 0.0266813968576245 0.0377171619074569 -11.5892577091781 -3.20621047518503 0.0248013248802564 3.24177644422771 11.6549269476452
"etap[241]" -0.0501701711456608 5.69259850202524 0.0268351666890295 0.0351296326531455 -11.7874210039653 -3.34958483089842 -0.014646467988554 3.25281668417417 11.4730731590371
"etap[242]" -0.0543897326028825 5.72642719203298 0.0269946366630504 0.0413375954325185 -11.889543169546 -3.31331983240389 -0.0559311688558834 3.20328533440765 11.5321575506593
"etap[243]" -0.00679905192239436 5.71614444742865 0.0269461633401242 0.0384867541673604 -11.7344881451689 -3.27209566480512 0.0525991255254142 3.28452796215656 11.4912466752437
"etap[244]" -0.0507926354245611 5.74860934149489 0.0270992043184225 0.0413425361031492 -11.6914582235512 -3.28518139513472 -0.0224464794432336 3.20574058189881 11.7588687208346
"etap[245]" -0.0446016364192525 5.66356696103612 0.0266983106923515 0.0397896715499871 -11.7569091444844 -3.33624874722504 0.00259218945482093 3.22304388372641 11.4310765101807
"etap[246]" 0.018689120806094 5.66412827276412 0.026700956741213 0.0372705206017233 -11.4814731239944 -3.26192148902579 0.0150345880251715 3.26791897591217 11.5862294313746
"etap[247]" 0.0276806016332841 5.60776352669779 0.026435250780124 0.0370706741013367 -11.3566969926003 -3.20125983406107 0.00930472717474565 3.21640177113761 11.5476706383699
"etap[248]" -0.00455252689108879 5.73511355417318 0.0270355845668716 0.0406498522423106 -11.803121515808 -3.23950624635588 0.0193935340395132 3.20787967575986 11.5897135663813
"etap[249]" 0.0136699850907015 5.67121787206442 0.0267343774328206 0.0349676235487037 -11.6953847987116 -3.2388379831901 0.0310764448169163 3.26847488426424 11.6326813957128
"etap[250]" 0.0102778768636973 5.64868988717879 0.0266281794936267 0.0384618258287842 -11.3750895457953 -3.24828435238656 0.0242071805914317 3.28309972078522 11.4974538647625
"etap[251]" 0.0183265132896311 5.62128262333965 0.0264989804128638 0.0372648141871438 -11.3341277354476 -3.26101498734417 0.0142941454180344 3.30155439416629 11.3736663167185
"etap[252]" -0.0316819983387405 5.77866214058893 0.027240874571976 0.0409085031296367 -11.7033883038777 -3.3319175232997 -0.0297734176700972 3.30024460614382 11.7918167669994
"etap[253]" -0.0238894560822474 5.66599447437605 0.0267097540999787 0.0368527276128616 -11.5217081131205 -3.32470840059847 -0.0422838861439006 3.23572604132455 11.5847398680553
"etap[254]" 0.0223209767355231 5.63600276713528 0.0265683718361833 0.0364985650750011 -11.3693278423788 -3.20088508378183 -0.000113111612594807 3.25096617541651 11.5067912532878
"etap[255]" -0.0169546434879882 5.73367702976676 0.0270288127258774 0.0392780378149615 -11.6433901618219 -3.27420129143536 -0.0101359691765884 3.20881032515696 11.6783057496965
"etap[256]" 0.0147371518438608 5.70612178841372 0.0268989160724243 0.0391666522958061 -11.518764651238 -3.2374149166566 0.0174999319881337 3.25813163344639 11.6983554086676
"etap[257]" 0.0462850306428094 5.68791974621933 0.0268131108226437 0.039355931651819 -11.4612476074222 -3.21822370189894 -0.00896112747119611 3.26099721938648 11.7655895882728
"etap[258]" 0.0474242839575734 5.65426998115681 0.0266544843089034 0.0365881825551701 -11.4692439156506 -3.23366586270201 0.0427067498733017 3.30786796125224 11.6615819058101
"etap[259]" -0.000147377659294787 5.73723793838937 0.0270455990101057 0.0390337322422543 -11.6785455763326 -3.29574933253421 -0.00936380880521994 3.26302771460265 11.748721218379
"etap[260]" 0.00509758304733573 5.71801549160081 0.0269549835269378 0.0380191438879596 -11.5737813016058 -3.26765823209591 -0.0286526873697662 3.23729785480635 11.6671606253873
"etap[261]" -0.0431828086942161 5.70420878975588 0.0268898981102686 0.0395889143375031 -11.7188868194249 -3.23878132589775 -0.0454590699524279 3.27897156058828 11.3914961864907
"etap[262]" -0.0228419219845559 5.66635426477869 0.0267114501682022 0.037750347413206 -11.6020445163957 -3.27437039317888 -0.0246652635669961 3.25225374513228 11.4592683401917
"etap[263]" 0.0262052050581604 5.64408085308735 0.0266064522985548 0.0370007011436753 -11.4193059014967 -3.21493168621216 0.0154115248688592 3.22703702104156 11.7728435540399
"etap[264]" -0.0839889999113612 5.70496902866182 0.02689348191084 0.0399475258119 -11.9219679421838 -3.29951239326575 -0.0544492300490043 3.23569250590934 11.3300969026874
"etap[265]" -0.00305305032508017 5.68500719865247 0.0267993809417433 0.0369054040435898 -11.6930732899693 -3.26885040491951 -0.00240202373672535 3.30830134466148 11.6778882665713
"etap[266]" -0.00739617584572468 5.66680675882435 0.0267135832455897 0.0366807024657457 -11.4648686455326 -3.24222049855106 0.0154039225223085 3.2145483406116 11.5603733852319
"etap[267]" -0.0181843644548984 5.67225763340976 0.026739278914808 0.0372151956864935 -11.5385760521545 -3.27676354541408 -0.0151569227907719 3.22870378482779 11.5911188495642
"etap[268]" 0.065578480567726 5.68269952932122 0.0267885024841909 0.037546688586933 -11.4993075605582 -3.21393525609037 0.0548274214784803 3.29736171995168 11.7671502263807
"etap[269]" -0.0332239208840224 5.65930124421378 0.0266782019104069 0.037802652890385 -11.6612544063729 -3.26681173672126 -0.0477595734185572 3.24829291051182 11.6068402128768
"etap[270]" 0.0363378522058374 5.66935025464598 0.026725573399879 0.0383696721780368 -11.4986218636709 -3.26925668723146 0.0616901623910637 3.28654339904027 11.6416532832508
"etap[271]" -0.021346343743639 5.72448891020637 0.0269854995148941 0.0372939541877675 -11.6307678272908 -3.25366348148072 -0.0237306928349181 3.21303355138026 11.6471887193451
"etap[272]" -0.0243126136808368 5.68894230805415 0.0268179312253609 0.0393283199393158 -11.7689328074333 -3.22329277453287 -0.00323965112058342 3.21367015556631 11.4413452456336
"etap[273]" 0.0568508926464149 5.67391288425546 0.026747081842125 0.0374606640310358 -11.4826832897287 -3.21843498119241 0.0317259683423317 3.32231002940576 11.5966139600898
"etap[274]" -0.0156999031941329 5.65845344216745 0.0266742053332331 0.0387782436755399 -11.5000435993613 -3.2740003795083 0.00889272056493479 3.26089683665539 11.4996882028882
"etap[275]" -0.0483704481846263 5.69250799197247 0.026834740020549 0.0372020025908725 -11.8017383457279 -3.30443225301971 -0.0125860659202554 3.24420212535971 11.5931593431657
"etap[276]" -0.0117949743241234 5.71005365076625 0.0269174510493054 0.0404986268594778 -11.5614378979032 -3.26163254455113 -0.00288427723599746 3.20925521624587 11.609466896824
"etap[277]" -0.0253355273707379 5.65534429330074 0.0266595486649173 0.0369328591244485 -11.5904503136625 -3.25371895730349 -0.0470218482814589 3.21555977484455 11.500192821842
"etap[278]" 0.0466184099052531 5.7363179318799 0.0270412620578285 0.0384901517097778 -11.4973444386563 -3.23804055494605 0.0190956077838373 3.31700615352413 11.7849171851349
"etap[279]" 0.00663772765259678 5.69919531607607 0.0268662643686933 0.0381869763933489 -11.638581602472 -3.23716375846118 0.0327871785199131 3.29728994997448 11.5776592291523
"etap[280]" 0.0147572191664001 5.6885987217851 0.0268163115441558 0.0355570882567587 -11.6277106381088 -3.22386131382046 -0.00437344448898658 3.23598468910835 11.535140380271
"etap[281]" 0.0429176482194914 5.7350692198229 0.0270353755727401 0.0393304745357613 -11.5416439011775 -3.23074398699076 0.00835287061851143 3.28535123426831 11.8019494250383
"etap[282]" 0.0628664566213545 5.65626734559703 0.0266638999751713 0.0373968206851473 -11.4218412198354 -3.16188719658229 0.0575787706665612 3.31705441409323 11.4511756219822
"etap[283]" -0.100521492439179 5.66494188364356 0.0267047921396804 0.0401162428667304 -11.5707777116218 -3.32463547066936 -0.049471138247922 3.16368870975184 11.3949914664167
"etap[284]" -0.0683600077857672 5.671887689413 0.0267375349820829 0.0383753817750871 -11.7447247398744 -3.29615525215602 -0.0417841566929653 3.1785776767491 11.4589771670461
"etap[285]" -0.0531554868801906 5.68923290995893 0.0268193011358776 0.0366133423360994 -11.7632932337992 -3.27244008703775 -0.00929200170659555 3.2181704412053 11.4195437348296
"etap[286]" -0.000701462730952171 5.66122169020706 0.0266872549796385 0.0368791894486431 -11.5807759622548 -3.2407455665508 -0.00168230045360621 3.27455139689486 11.5379336974052
"etap[287]" -0.0178110594427678 5.71200156403933 0.0269266336005359 0.0414993591348358 -11.6353500532778 -3.29246303898764 -0.0312773174370305 3.25254391251375 11.4802855615368
"etap[288]" -0.0896537376337351 5.77159547728971 0.0272075620017144 0.0401580818983558 -11.8972141468517 -3.36201487887108 -0.0516152871264203 3.17284743088275 11.6411090161625
"etap[289]" -0.0717482809303356 5.72327136406898 0.0269797599473597 0.0389794020682952 -11.8392343047513 -3.33214669892343 -0.0759638782637348 3.20683474074173 11.6062767989466
"etap[290]" -0.0776895782914242 5.73579883209792 0.0270388149979888 0.0375275335545845 -11.9070440339371 -3.34384860217689 -0.0689511346860884 3.2126891357608 11.5558968444274
"etap[291]" -0.00112355077445865 5.71417472482136 0.0269368779787064 0.0400663387039039 -11.613800184207 -3.27680018012515 -0.00622891811890876 3.26656043572142 11.5641177880796
"etap[292]" 0.0327862071799527 5.60946645860951 0.0264432784781418 0.0361568866107792 -11.4303032224269 -3.21288671540164 0.0179099668634645 3.22941990878755 11.5580668409725
"etap[293]" 0.0765118796895376 5.71173413917642 0.0269253729476424 0.0381132456035545 -11.3306620501162 -3.21125154568093 0.0108599248792565 3.29398383497968 11.7864491392066
"etap[294]" -0.0175199522821858 5.6539592267249 0.0266530193984628 0.0371101022985918 -11.5591179395979 -3.29898534209991 -0.00628406533943919 3.25078525851339 11.4968878997512
"etap[295]" -0.0731805815850141 5.72153831292912 0.0269715902659388 0.0372930828630566 -11.8239634999239 -3.32047181738757 -0.0220109976827675 3.18690205471276 11.4462355720032
"etap[296]" 0.0429332986138701 5.69455401112186 0.0268443850473155 0.0395192875448189 -11.5223831655782 -3.2294412250122 0.0308889969864281 3.31403557071615 11.5904020912186
"etap[297]" -0.0409119054138248 5.72572043552166 0.026991304980905 0.0373144712803519 -11.8890415188909 -3.2905652273879 -0.0259609151184225 3.26676862314655 11.5548633138358
"etap[298]" 0.0108452556850043 5.71211052848509 0.0269271472638592 0.0377091219314099 -11.6297708103509 -3.27573811768815 -0.00250864522035846 3.279161485623 11.7252853693614
"etap[299]" 0.0200392254485855 5.67280168418146 0.0267418435947412 0.0387468603907039 -11.5154640167616 -3.19107973995322 0.00315282973113249 3.2201063614943 11.6276172929819
"etap[300]" 0.00439886583075143 5.68807505815589 0.026813842970134 0.037086264731626 -11.6099866277776 -3.29638084425172 0.0182912149364152 3.27664894452366 11.6298951078253
"mean.p0" 0.237211389349505 0.267008020900907 0.00125868788140154 0.00351977447633405 -0.280559457651598 0.0694827549165827 0.232492633800852 0.401344341375159 0.77680964391291
"mumup0" 0.954904698457429 0.0220111464988762 0.000103761539673639 0.000409286780428048 0.905582145896412 0.941298742382164 0.957644558193533 0.971256612079547 0.989460937635851
"mupsi" 13.6289948780525 1.45261294975969 0.00684768311476316 0.00866426555743033 10.8549380834894 12.6412051951703 13.6055285279155 14.5922358922743 16.5558670421254
"ppo[1]" 0.458368989922904 0.126070909543331 0.000594303966989635 0.00218440617633037 0.189564113912882 0.374166011591213 0.472929351204083 0.54956607463573 0.676159661529043
"ppo[2]" 0.458000480488343 0.128224236277848 0.000604454846563551 0.00231400172343658 0.181885101536257 0.373814999567642 0.473156564690927 0.551443156003941 0.676725329988069
"ppo[3]" 0.457354327104095 0.126908033873375 0.000598250208926102 0.00219027495659489 0.186359692740118 0.373092880061221 0.471071073069968 0.550046337777899 0.676538907887073
"ppo[4]" 0.457981803912276 0.126998570637186 0.000598677003323686 0.00214922955052218 0.185840937193512 0.373049082577719 0.472739901281599 0.550625789706082 0.674854601590122
"ppo[5]" 0.508551866153716 0.118289521361839 0.00055762215132178 0.00128004418970896 0.252052749571966 0.435541726352404 0.519375669172881 0.587659219200604 0.726064374270054
"ppo[6]" 0.611279767765605 0.115433644458176 0.000544159418489689 0.00154552052098683 0.389505343925741 0.53393976540543 0.604469372439078 0.687719275801552 0.844915912855215
"ppo[7]" 0.610164623464913 0.114120952608501 0.000537971329766264 0.00152409461468797 0.388453147665457 0.534151611063277 0.603901168147457 0.685399165784862 0.842844819477969
"ppo[8]" 0.611120369056295 0.117024455045187 0.000551658571514081 0.00148161443028766 0.385833517461003 0.533316645088866 0.603810838142838 0.688709716251714 0.847936586693117
"ppo[9]" 0.560963773232231 0.113815535802823 0.000536531581137043 0.000989101073119828 0.3262409790966 0.491508734547644 0.561575058232781 0.634166928551354 0.786256049980211
"ppo[10]" 0.510738546427791 0.117812331254695 0.000555372655583938 0.00136310293966233 0.256299482580254 0.437282241189853 0.521255823134452 0.589347610382418 0.72930898463889
"ppo[11]" 0.704011466519976 0.129936158949494 0.000612524927430134 0.0032072037506909 0.474793114459035 0.601976414092994 0.698621908628016 0.804468717070149 0.947569059868662
"ppo[12]" 0.561151001475748 0.113897030516693 0.000536915750902433 0.00100045676228814 0.325425627701339 0.491219874341025 0.561635434019904 0.63413241545206 0.786080551176888
"ppo[13]" 0.65962300791047 0.121556908916198 0.000573024763964793 0.00237018849403947 0.441412097410566 0.570174828852082 0.650854140338541 0.747166176311909 0.901352181735571
"ppo[14]" 0.612451488818255 0.114776529933694 0.000541061750914507 0.0014849814083896 0.391289711126914 0.535596043414995 0.60538809481729 0.689034234320908 0.84515518727147
"ppo[15]" 0.509589535695069 0.118836611130312 0.000560201157223149 0.00131632340683317 0.25548187722502 0.435234320900677 0.519727945690027 0.58901423900725 0.730038301031643
"ppo[16]" 0.560804579502482 0.114212817181449 0.000538404383516147 0.00105810145014805 0.32371983221613 0.490674664469477 0.561546593699239 0.632949559258303 0.788239514093257
"psi0" 0.999996753532567 0.00000667641097870891 0.0000000314729031802226 0.0000000427441103321999 0.999980691350298 0.999996764116081 0.99999876634563 0.999999540090613 0.99999993545267
"sdeps" 0.622867076785701 0.371745480395453 0.0017524250004205 0.0121609611176243 0.0534503609344662 0.348933049342791 0.583018358615361 0.838925346378981 1.47079273570303
