"Mean" "SD" "Naive SE" "Time-series SE" "2.5%" "25%" "50%" "75%" "97.5%"
"N" 47.9531555555556 1.08273752058433 0.00510407362033526 0.0191694981322755 47 47 48 48 51
"betapsi[1]" -0.00330409512955406 2.75879559987111 0.0130050871771765 0.0201695194826808 -6.00117804489327 -1.29104349785377 -0.00217795823004143 1.24831182553178 6.09457947306703
"betapsi[2]" -0.0146038187961572 2.77410909861002 0.013077275702523 0.0207119788067976 -6.1319416969741 -1.2650139580814 -0.00104780959559854 1.23858049404579 6.04786204407523
"betapsi[3]" -0.00550222253013562 2.79926986503209 0.0131958846929023 0.0206505013192235 -6.13740862261158 -1.27726793132216 -0.0020852958237577 1.25806954577426 6.11556274077367
"betapsi[4]" 0.0154022560791803 2.7994348995648 0.0131966626731503 0.0198934141564046 -6.11959300094049 -1.26365151687988 -0.000906524935421127 1.26753368823125 6.19488017805522
"betapsi[5]" 0.0123149859899744 2.8056799873995 0.0132261022995305 0.0204978774455911 -6.11144046912421 -1.26560172877843 0.00591177793556186 1.29044423394253 6.11920066784087
"betapsi[6]" 0.0282553373392755 2.79273113132203 0.0131650608065906 0.0207375314075326 -6.001644014154 -1.25272622556462 0.00367835128580802 1.27856047659588 6.2976830235029
"betapsi[7]" 0.0115330981281254 2.78836625076458 0.0131444845623157 0.0202974406246617 -5.98258730081527 -1.26242809443648 -0.00273097433714686 1.27782029400549 6.10434540610074
"betapsi[8]" 0.0307859611614342 2.78770763257355 0.0131413798063883 0.0201986675320736 -6.01868436007305 -1.24005297988031 0.00506297273531743 1.27354882366524 6.21258503302944
"betapsi[9]" 0.0265346837759982 2.77210121525492 0.0130678104496148 0.0203852223050727 -5.94995109478317 -1.25933218384014 0.00850381726418964 1.24726967031667 6.13774255448319
"betapsi[10]" 0.0258727714410594 2.76633983945302 0.0130406510636249 0.0200183048518659 -6.00141586533814 -1.21520670206972 0.00573162193552871 1.26949001359708 6.10521813917089
"betapsi[11]" 0.00433493174848763 2.75839112784683 0.0130031804777687 0.0191441369108616 -6.09222015444839 -1.24823478390558 0.00507265701726909 1.26907999111473 5.98263487267073
"betapsi[12]" -0.00711873589579705 2.78914664473001 0.0131481633747487 0.0199776271075386 -6.14276544627987 -1.27669581928601 0.00103125168033875 1.26898202089757 6.05453246766914
"betapsi[13]" 0.0352572484965119 2.79354488730467 0.0131688968890809 0.0203126975397816 -6.14363879924587 -1.22176891796033 0.00785077956012954 1.29935278848576 6.13564444740105
"betapsi[14]" 0.0428140304407714 2.81313558338463 0.0132612483160563 0.0205842649569468 -6.0545871438386 -1.23350083642109 0.00697863859904824 1.28962068956808 6.29888445237025
"betapsi[15]" 0.00540743681326749 2.74246550138219 0.0129281063546501 0.0194258798438967 -5.94414710903005 -1.24893697065203 0.00301225917622734 1.24153258241779 6.10281195064621
"betapsi[16]" -0.0194880109349406 2.78124543506946 0.0131109167152116 0.0195817817830824 -6.14284625140721 -1.27936411132437 -0.00560796384389971 1.27031021125256 6.05927666977603
"etap[1]" -6.17259229842074 4.26998333913802 0.0201288944977205 0.218218262067757 -17.1536321687211 -7.88738238315906 -5.28162118255545 -3.39556618434387 -0.617662187566329
"etap[2]" 0.993746753747832 3.61569553558325 0.017044552212779 0.0409779251744792 -5.32362306951667 -1.03886273628195 0.663527179778885 2.65967349073415 9.14892960384362
"etap[3]" -1.65127826429096 3.23516770122712 0.0152507267987559 0.0488669721976341 -8.778295166515 -3.2370836383884 -1.45288743889435 0.131345210581931 4.35394910753061
"etap[4]" -1.62325073172585 3.22342927278101 0.0151953913163911 0.0406141119232842 -8.70010223384553 -3.20836413304317 -1.45769698589444 0.146200584885932 4.38894895532994
"etap[5]" -6.22974068026918 4.39955833382505 0.0207397168804899 0.219307792468469 -17.3825994226998 -7.94221335458246 -5.2860069951707 -3.41844551456083 -0.633354206740141
"etap[6]" -1.63448175468452 3.21265281008319 0.0151445905840523 0.046072059042338 -8.73484153121231 -3.1997138985108 -1.45766712925288 0.141856411352229 4.41741461941788
"etap[7]" -6.18046724687572 4.33785388618417 0.0204488393247816 0.232777612020865 -17.3465364595434 -7.88151873340765 -5.25081126827942 -3.40168024824324 -0.634478016634223
"etap[8]" 0.957797553737866 3.49941511052537 0.0164964010322611 0.0357148739146198 -5.36759475724248 -1.02961405858577 0.668673167593638 2.63729303463391 8.91123473179075
"etap[9]" 4.7336884451289 4.83787821583229 0.0228059766197979 0.146793397310026 -2.01643942892055 1.66854063394465 3.87121521416476 6.76399443593225 16.7478939081297
"etap[10]" 4.729055477737 4.8640146640124 0.0229291850180932 0.155132495674831 -1.97294047840356 1.69099692208958 3.84558910875 6.71978061347213 16.8609769166074
"etap[11]" -3.84090164606552 3.49865776311875 0.0164928308623482 0.107517429540725 -12.3731573193501 -5.38510031011687 -3.30192724748132 -1.6887950302813 1.47834487824747
"etap[12]" -3.89997317078339 3.59511445523833 0.0169475320696054 0.133026265448656 -12.8433317433175 -5.41728322369089 -3.32238541892654 -1.70639225436113 1.477471343718
"etap[13]" 4.75019751071457 4.93854308971457 0.0232805153861276 0.148306664025492 -2.079164390218 1.68100536466543 3.8338344977754 6.79459464980261 17.0094356425901
"etap[14]" -3.86626966719643 3.55373853432087 0.0167524841078815 0.118443285790763 -12.5536931104666 -5.35943710617583 -3.29402307030668 -1.69963730019571 1.40228618913871
"etap[15]" 4.75283455649325 4.84635295461655 0.0228459269215521 0.149947895071784 -2.06905580763894 1.66698574662905 3.88314382230865 6.81861100273275 16.7641087948787
"etap[16]" 0.969423132125546 3.62899636038456 0.0171072529021948 0.0423516784731877 -5.34647479339359 -1.06616172893484 0.661200340829537 2.61008929374779 9.12449406850335
"etap[17]" -1.65586931690613 3.23109720951311 0.0152315383167977 0.0442160946992881 -8.78051654391151 -3.22186136129808 -1.46196052434969 0.0966642338894562 4.36702933320446
"etap[18]" -1.60028586935144 3.30208129394029 0.0155661604998295 0.0436445672454052 -8.85850439061651 -3.17528682396651 -1.43376273548722 0.160346570886743 4.48695865005456
"etap[19]" -6.1954210935416 4.34838123039567 0.0204984657013139 0.227809829786313 -17.4548033996679 -7.87393101356428 -5.24475290361014 -3.39602326231802 -0.648857973587066
"etap[20]" -6.16795085572021 4.28481720785162 0.0201988220254446 0.223722128870782 -17.1593508554228 -7.91489536704701 -5.26632173904615 -3.37743022789485 -0.602754120484246
"etap[21]" 4.75041564660457 4.87550127151453 0.0229833334051437 0.148927548294995 -1.89171731438741 1.68348154610231 3.85804838304543 6.74301159911757 16.8539057738831
"etap[22]" 4.77238587992563 4.79894351296013 0.022622436670302 0.153404407767021 -1.97005139176072 1.70641354743922 3.89220411197685 6.79655250641253 16.8961019177395
"etap[23]" 4.72777856656155 4.89368233981122 0.0230690397830224 0.158269082680988 -1.94806710000632 1.66170244968376 3.82222556638253 6.71173150420203 16.8180243508719
"etap[24]" -1.63343422693499 3.23829864366492 0.0152654862029511 0.0402227152011507 -8.81827626162783 -3.19184414886172 -1.47543590009815 0.10216154000035 4.51032252404899
"etap[25]" -6.22055813983588 4.38026856022819 0.0206487840157039 0.235937352217272 -17.7337781215887 -7.91028613343428 -5.26228056252267 -3.38114296481254 -0.634339030888392
"etap[26]" 4.74818079233894 4.79205957642769 0.0225899854822797 0.148970044683325 -1.9456924198307 1.71690978991598 3.85859105707519 6.74655828771454 16.8983496307486
"etap[27]" -1.60285614271472 3.31678060402877 0.0156354537121117 0.0438456443997468 -8.55896977109612 -3.23381707337885 -1.46728398458141 0.139524269044246 4.51846281627841
"etap[28]" 4.77729682612295 4.85029109855162 0.0228644915100973 0.146742847411283 -2.03815520235806 1.70830727944716 3.9122676160463 6.78398567283981 17.0542615269191
"etap[29]" 4.79047376368968 4.92669088312502 0.0232246435484509 0.161496222909772 -2.00085996537811 1.73291274461388 3.90453915338291 6.74893627910563 17.0225010797798
"etap[30]" 4.73353554901051 4.78399966768838 0.0225519907081109 0.143738133738767 -1.97631450592556 1.67088420877994 3.88083252833493 6.78646655717537 16.5113522734332
"etap[31]" 4.77367659527376 4.82582748951399 0.0227491689511453 0.151893190508278 -1.95227884806496 1.70457359665271 3.88967999900918 6.76815666149582 16.9443018274252
"etap[32]" -3.87695071154011 3.54481223696014 0.0167104051385838 0.108693350939728 -12.6407697769106 -5.37708743693081 -3.30248338256155 -1.70455771889388 1.38609774580536
"etap[33]" 4.74407116992702 4.81398261074361 0.0226933316571395 0.155762552552377 -2.02161497837519 1.72023193122029 3.87959257184786 6.72617065921503 16.6895898499022
"etap[34]" -1.63994727031302 3.16019407139565 0.0148972977183293 0.0443687392580975 -8.63332341441188 -3.20647174883336 -1.46723714373368 0.130103384466334 4.31955343911157
"etap[35]" 4.790728461477 4.9756032593263 0.0234552187010901 0.149782942787369 -2.01844393479849 1.68674899027694 3.89707157691344 6.80388641329824 17.1453195086152
"etap[36]" -3.88297787823056 3.52459432796773 0.0166150970015842 0.115356863654608 -12.6257052305472 -5.42411320077253 -3.2958591688193 -1.70669069597134 1.41127748202048
"etap[37]" 4.79371581728792 4.92774033039176 0.0232295906903097 0.160248523001147 -2.03769717166351 1.67909117519266 3.90745434786501 6.81494869253842 17.0890594635233
"etap[38]" 4.74950656781546 4.79430129506858 0.0226005530452962 0.148788559307449 -1.94570388227923 1.70218858265817 3.87688713229613 6.76577618529673 16.7097462744415
"etap[39]" -6.18339605113268 4.27376023037645 0.0201466989337638 0.212475359490223 -17.4039287720604 -7.88812945959103 -5.25030483612111 -3.41248551880664 -0.653334586511329
"etap[40]" -1.55725102638658 3.23367024339739 0.0152436677148496 0.0388629231935123 -8.48873459328959 -3.1506460536048 -1.42890222911931 0.171196312193276 4.57130739366275
"etap[41]" 0.974013920761612 3.51881550338947 0.0165878553612737 0.0357350234166883 -5.33238392870714 -1.02990044635131 0.674136133268497 2.63472187086744 8.93591719075189
"etap[42]" -1.62432452557161 3.20801620442793 0.0151227334153821 0.0429346016064411 -8.65409897760837 -3.2058707445809 -1.45005523232401 0.158420868346777 4.39657985663885
"etap[43]" -1.63231124179424 3.17777092670501 0.0149801558088705 0.0398503312793814 -8.51870351473284 -3.19342316015611 -1.46352704166804 0.104896766060099 4.31129688744284
"etap[44]" 4.75687593299916 4.82336527782167 0.0227375619739163 0.149350782707098 -2.00511375398488 1.71491518552092 3.88868176797606 6.79096220204019 16.8117142215963
"etap[45]" 0.987450530777648 3.52758105957383 0.0166291765893992 0.0333097571893535 -5.26000609814632 -1.01290189445332 0.71321991538472 2.6639854588679 9.0567328820998
"etap[46]" 4.68301903669452 4.71518463728538 0.0222275935438075 0.129384798293771 -2.09062515296318 1.66998579399135 3.87420895145954 6.7040925433356 16.5871725086431
"etap[47]" 4.77095350967211 4.84201125305027 0.0228254599440895 0.155673727891787 -2.025924590008 1.67879117092812 3.84524350223532 6.79154909470053 16.9636784953208
"etap[48]" -5.04739965758794 7.33301368333816 0.034568158013481 0.167695060433763 -20.3099271206429 -8.78552510581757 -5.17825818340775 -0.896380776882275 8.95068881903173
"etap[49]" -2.15496913290208 7.00475487451352 0.0330207311487869 0.100708057537548 -17.0130443274647 -6.06180019068958 -1.9275386164573 2.04358298950115 11.2246725758223
"etap[50]" -0.73526270908249 6.47453988723609 0.0305212737288495 0.0622816758835783 -14.0475035742474 -4.25611387030041 -0.547496789561511 2.90895074548981 11.8572097120724
"etap[51]" -0.30107912975912 6.15728082035664 0.0290257001449603 0.0520910854427421 -13.0440399004756 -3.56170310033696 -0.172516480229889 3.11101229021719 11.87570914572
"etap[52]" -0.0329569699446355 6.03601484243066 0.0284540468428358 0.0459621304218858 -12.3417708602314 -3.30905553997796 0.0225922001489344 3.2949653167063 12.0787829711639
"etap[53]" -0.0288519956154317 5.98692233266017 0.0282226225324079 0.0423255665401943 -12.2527985994254 -3.28729278430415 0.00368469745006258 3.23501679595176 11.9660134102144
"etap[54]" -0.0818934291525358 6.12261309067386 0.0288622748999801 0.0446223845875201 -12.7572971740836 -3.32528319349877 -0.0681867730586087 3.21090489154015 12.3972388846766
"etap[55]" 0.0364857050906048 6.13066545342998 0.0289002341020429 0.0509308912360768 -12.3880898257954 -3.29857487930276 0.00439753015720322 3.24435829479997 12.6359958646
"etap[56]" -0.0357581542152295 6.10531466025348 0.0287807293169525 0.0439603249205194 -12.3089720620651 -3.28419035030353 -0.0669879123883727 3.22271882300329 12.0998629585851
"etap[57]" 0.0668589061658521 6.00980451164365 0.0283304901585916 0.0449592332109701 -11.9496178404557 -3.23849713565384 0.0426094448566014 3.31267329398093 12.1961227427367
"etap[58]" -0.00123629358129424 6.07442800344067 0.0286351282204157 0.0486317294655418 -12.2717458489935 -3.23303246764249 0.0162895276446057 3.29490917816927 12.0826841394203
"etap[59]" 0.0378639015986284 6.07239441855662 0.0286255418093382 0.0434987567922972 -12.1120392693148 -3.26218700125548 0.0148184111215779 3.28788460498708 12.5641271343342
"etap[60]" -0.0421574424907947 6.16448211185614 0.0290596473586443 0.0541748247478796 -12.4205551990836 -3.30224767208236 -0.0334850538697078 3.20194936226642 12.5499763098296
"etap[61]" -0.00915727307430092 6.04745474335244 0.0285079750529551 0.0403508029198471 -12.5258530561104 -3.23165340068928 0.00167211347100515 3.2730873102822 12.1966003105836
"etap[62]" -0.0347352011210032 6.04229180428721 0.0284836367247959 0.041072909774272 -12.4935396552448 -3.29199944105173 -0.0278352671715801 3.25530482284584 12.145160387423
"etap[63]" -0.0261164749539375 5.98668368259592 0.0282214975252162 0.0445318137880827 -12.1896828511126 -3.22562002901564 0.0257763158646693 3.209990430585 12.0145561075325
"etap[64]" 0.019632266127901 6.03755061635745 0.0284612865505558 0.0440999950605176 -12.2536765841086 -3.2619745829135 0.0302802878124394 3.31006460284061 12.3035767980909
"etap[65]" 0.000476124796423831 6.03526080979172 0.0284504922988876 0.0466446884903152 -12.0680523979552 -3.27370906960947 -0.00254009461456466 3.2441375468709 12.069625517987
"etap[66]" 0.0572315776071765 6.05634935885323 0.0285499046725328 0.0421508977293661 -12.097088506589 -3.23643760440658 0.0418090568288963 3.31280499733646 12.2619864474609
"etap[67]" -0.0179228056037478 6.05683600570789 0.0285521987478059 0.0448960256816375 -12.140078324441 -3.22262350368259 -0.0428862929464739 3.20138641944067 12.3940143989472
"etap[68]" -0.0180925938925325 6.05547180698635 0.02854576785336 0.041543988620536 -12.3063393516557 -3.29927189339459 -0.00699387505357793 3.27198553932682 12.1848532699843
"etap[69]" 0.0273674797144465 6.08028609491058 0.028662743528437 0.0448275888352053 -12.2484861416981 -3.20564626308893 0.0196366799659618 3.28606678230334 12.2123336991545
"etap[70]" -0.0680724076613018 5.99229898577648 0.0282479683182655 0.0426157355422247 -12.5386039670675 -3.27383588440663 -0.0393932679954967 3.19006570201306 12.0232502373194
"etap[71]" -0.0276716923418912 5.9871303171354 0.0282236029806267 0.0445202094012427 -12.1742778584743 -3.29121084350057 -0.0493936811460626 3.25048102989019 12.1480855948839
"etap[72]" -0.0113312492067232 5.95929860634149 0.0280924030377307 0.0408537942099891 -11.9902880529669 -3.26514285527176 -0.0158610469807772 3.19723236349547 12.0848892675586
"etap[73]" 0.0249641090398649 6.10957473973605 0.0288008115242227 0.0474036648713459 -12.1715095142275 -3.24417512013142 0.0242737588865797 3.30238993143568 12.3958719695564
"etap[74]" -0.0205375685559022 6.13279614247301 0.0289102782665158 0.0430295172809888 -12.5390851939783 -3.29746545343466 -0.0206618445029554 3.29156103826901 12.47370055372
"etap[75]" 0.0423146498074671 6.04242305836792 0.0284842554624661 0.0563815891666846 -11.9989147688627 -3.24031369136136 -0.011070998931282 3.23727086313292 12.4592534223149
"etap[76]" -0.0253788338828472 5.99497118516512 0.0282605651869881 0.0422656120113394 -12.2159018219894 -3.29367717108559 -0.0305425589258582 3.24848878071222 12.1791981624251
"etap[77]" -0.0184209590315232 6.04567720248169 0.0284995956449314 0.0444284323890939 -12.2627266218729 -3.24805036488045 0.0139952375161497 3.23187245011639 12.2778571114696
"etap[78]" -0.0678609728715823 6.01957743622656 0.0283765601668889 0.0455414238310547 -12.361747687828 -3.28080630038476 -0.00583847010369937 3.19163405329037 12.1521737236824
"etap[79]" -0.0149138179142059 6.12797645875434 0.0288875580595781 0.0473893284414971 -12.5550071189497 -3.23597781226651 -0.0122932389524247 3.23495582855109 12.4777540234853
"etap[80]" -0.0176502153887623 6.05631684904023 0.0285497514198046 0.045576028170481 -12.2252756042588 -3.26170304471632 -0.0127847892210298 3.23439117398828 12.2427420870976
"etap[81]" 0.033001742794753 6.12190718585721 0.0288589472327619 0.0445518743168103 -12.2708294038356 -3.25386984614996 0.0123562569064083 3.301347124786 12.5411231417944
"etap[82]" -0.0119246483413085 6.01178394593302 0.0283398213013177 0.0406308966890919 -11.9316771322981 -3.2759506723562 -0.0643349967569295 3.21259696220033 12.1807929492711
"etap[83]" -0.015868340605425 5.97286853317998 0.0281563722863154 0.0422363407467245 -12.2706596188834 -3.27778487969091 -0.00914505221069198 3.25300697903508 12.3028539747087
"etap[84]" 0.0696024697962048 6.02503332967825 0.0284022794952697 0.0421038467647814 -12.0477217008854 -3.22898406575551 0.0464278880382127 3.3343211187394 12.3394979149225
"etap[85]" -0.0570825130552138 6.08199189926184 0.0286707847672646 0.0462696853678306 -12.3601367149791 -3.2878155182383 -0.0159964209061078 3.21851001131772 12.187188201597
"etap[86]" 0.0728708607690617 6.0603769185865 0.028568890771193 0.0471181247642699 -12.3279497647643 -3.17513179949852 0.0640537627554648 3.3482980281704 12.2880939702563
"etap[87]" 0.0318196479631173 5.95202270540702 0.0280581041117973 0.0429675588712015 -11.9129067766963 -3.20210503084265 0.02196083555675 3.22716516596622 12.1874512058892
"etap[88]" -0.0568125978148483 6.01068003721292 0.0283346174257057 0.0439510693694803 -12.4144287579643 -3.24739791791812 -0.028595085396635 3.19053650863321 11.9700890589487
"etap[89]" -0.0217763934356727 6.02543767668838 0.0284041856053551 0.0414076970968402 -12.2266742680993 -3.30869732845853 0.00669371565747875 3.28189185768271 12.0067688437332
"etap[90]" -0.0151211869102611 5.96524023781813 0.0281204121571204 0.0440395456964541 -12.1754350850259 -3.25666189031213 0.0252678085005424 3.24842526878185 12.1352152528755
"etap[91]" 0.0185601705156869 5.97492588049362 0.0281660707145603 0.0423448087213978 -12.1324082104811 -3.21284763488881 0.0286369953055622 3.2243089135863 12.1421695288495
"etap[92]" -0.0306555212158643 6.10540301722053 0.0287811458356896 0.0461912557505327 -12.3587909712758 -3.29950033877679 -0.0470455669757714 3.2568866747545 12.4530777301
"etap[93]" 0.00977381836309576 5.8865056679754 0.0277492538354564 0.0416216370853891 -11.8847771215339 -3.20217478494406 -0.00305950529528125 3.18841915302785 12.1021007342411
"etap[94]" 0.0257394129655889 6.06126192589616 0.02857306273566 0.0431710242937221 -12.1084348145149 -3.24224431304711 -0.00217651859170186 3.23714025588199 12.2611547838571
"etap[95]" 0.0186493212921004 5.91164696836794 0.0278677710620924 0.0415671846992856 -12.0850951851314 -3.25205523471736 -0.0090151075394536 3.24815572313925 12.2039983848362
"etap[96]" 0.0371872890585122 5.97998854231364 0.0281899363312522 0.0427130336994904 -11.9190090576015 -3.18974492310181 0.0253989987604214 3.28250916777897 12.1964142094304
"etap[97]" -0.0837936003785221 6.11128147883168 0.0288088571694776 0.0456737562485411 -12.49333804296 -3.29592768793255 -0.0541972394600427 3.2066331453893 12.1437560818428
"etap[98]" 0.0480818368908392 6.0238730214442 0.0283968097497993 0.0436587461773797 -12.1364664071781 -3.24325255139967 0.00830394047926341 3.27867013496926 12.5069246982376
"etap[99]" 0.010528553376997 6.06120097576796 0.0285727754140003 0.0473777498733758 -12.1753992616714 -3.24217101789324 0.0144240705299888 3.25646850010957 12.4505301786933
"etap[100]" -0.0218715804243308 6.02072144168829 0.0283819530603536 0.0416483582556564 -12.2601873226616 -3.24560827207388 -0.0367067525700347 3.17323280713536 12.3173093430985
"etap[101]" 0.000820838852571748 6.13509572588337 0.0289211186066716 0.0440844418573916 -12.5505155896334 -3.30070608598937 0.00930758916487622 3.26560296151734 12.5576771148787
"etap[102]" 0.0582595476007431 6.13272808597151 0.028909957445091 0.0521736121576568 -12.1446799260208 -3.20671977668038 0.010668835419746 3.26410789055875 12.6050060230144
"etap[103]" -0.0438064079797272 6.05981529969463 0.0285662432743471 0.0497466051155431 -12.614705058285 -3.28002704845957 0.0140412081031328 3.28673084799159 12.0844769050629
"etap[104]" -0.0377313288100539 6.10529631860479 0.0287806428535914 0.05106799913183 -12.2708125179621 -3.26441653806471 -0.00295228594160588 3.18854293396381 12.3772401525685
"etap[105]" 0.125532332721854 6.12431409825732 0.0288702935266275 0.0526701299871537 -12.0196592369581 -3.23398200536588 0.0852468900533532 3.3793695156048 12.6237865333475
"etap[106]" -0.0696964099764169 6.00547134777436 0.0283100634282184 0.0421467197151456 -12.5244112354628 -3.30063523990768 0.00595284758165307 3.21606357498273 12.0074763744001
"etap[107]" -0.0183206333139844 5.96770871252323 0.0281320486584748 0.0433047093873937 -12.2055515096733 -3.20857765835595 0.0107922501271614 3.20577790616174 12.1913624269685
"etap[108]" -0.0084527439220162 6.06463375248967 0.0285889576786551 0.0488781154349493 -12.4537534866139 -3.27393354748772 -0.0269937701679839 3.26048214316269 12.3766135492526
"etap[109]" 0.00604121839776902 6.17784998065618 0.0291226640965011 0.0490249528466656 -12.4592786182279 -3.25473782809498 -0.0131727543630764 3.33179934588675 12.2311789727814
"etap[110]" -0.0542253994230445 6.08786297443205 0.028698461281036 0.0427869183569509 -12.3392298861677 -3.32718366453308 -0.0566766508016963 3.22362532468704 12.3130125449432
"etap[111]" 0.0348371445290702 6.03026409591652 0.0284269375637889 0.0422302090474972 -12.1926228722157 -3.19712119476474 -0.0100000894108249 3.28962004185016 12.2458057232994
"etap[112]" 0.0157352497956997 5.9801405705959 0.0281906529994476 0.0454786493393265 -12.0733233634883 -3.24985853213442 0.00688567851426871 3.19736756562114 12.1890354228077
"etap[113]" -0.00755603726611091 6.01048185100238 0.0283336831669497 0.0461725097356651 -12.2424224845461 -3.27065405584965 0.000919762470030207 3.28294400632656 12.1345725734381
"etap[114]" 0.0242019156207788 6.14934881321508 0.0289883083047056 0.0435509845724182 -12.2722494933914 -3.27335250785517 0.000115451227842821 3.24447956835184 12.4111894028369
"etap[115]" -0.0197412834570616 6.02616617082493 0.0284076197596485 0.040627895263479 -12.3009442804465 -3.20868239054945 0.0186988912731705 3.23078807875721 11.9838104187063
"etap[116]" -0.0554950209255264 6.06136679519171 0.0285735570942602 0.045418516753874 -12.3327187401464 -3.34050728839046 -0.0423442234081047 3.22932017361044 12.1396281289629
"etap[117]" -0.00157259644920276 6.04358898568489 0.0284897516965474 0.0464482371106093 -12.4031803087404 -3.22761292423622 0.00143370898802827 3.25737497625866 12.41125939905
"etap[118]" 0.0953087631660447 6.1058508585563 0.0287832569799924 0.0441147044553122 -12.2386587765161 -3.19296723171398 0.0598796159586198 3.33515215904764 12.6419632605796
"etap[119]" -0.0710068815212643 6.04341065606085 0.0284889110426378 0.0435744653339219 -12.5600563859162 -3.30380456259314 -0.0256748160480828 3.22552978233519 12.035933258048
"etap[120]" 0.00513223715455036 6.06763455522665 0.0286031035984173 0.0477282030319561 -12.1210064626957 -3.29002477823376 -0.026429920839375 3.24281386630014 12.3341883615711
"etap[121]" 0.0237041753960397 6.14488734230246 0.0289672767291297 0.0492528806930569 -12.427091055089 -3.23236241464074 0.0041064971301445 3.28520158418976 12.3361986305947
"etap[122]" -0.043931496764773 6.00769561957033 0.0283205487460193 0.0433303138231079 -12.4278714834618 -3.29774827596758 -0.047421031374114 3.24401973015894 11.9687608472936
"etap[123]" 0.0547161378018736 6.02278775257252 0.0283916937432754 0.0433927336929154 -11.8492083562056 -3.22085719635437 0.0202125906680332 3.29739537803021 12.3254933094677
"etap[124]" 0.0207041607566631 6.16860107699429 0.0290790643465154 0.0475905591356712 -12.1543183958223 -3.30419280201898 0.0111853289348081 3.30673753967864 12.4173792471158
"etap[125]" 0.00213357605496829 5.95788278638482 0.0280857287984487 0.038908106065991 -12.1426954679034 -3.22665635593326 0.0023614032088629 3.25647252866293 12.1137775201444
"etap[126]" 0.100431533037563 6.12275591238842 0.0288629481679992 0.0425604402452902 -12.0975805071934 -3.2665395343953 0.0150703645593903 3.34816068170876 12.6484342314247
"etap[127]" -0.0140460995001625 6.03722425184474 0.0284597480534886 0.0429688977537666 -12.3243036048468 -3.22311171557011 -0.0155370337458621 3.24779968650806 12.128634786448
"etap[128]" 0.00555188632670735 6.07783410556653 0.0286511847398198 0.0437838245632777 -12.255490014538 -3.26183604755725 0.00638862660234634 3.20613737556005 12.3215240756348
"etap[129]" -0.0880063534455049 6.07961949207348 0.0286596011325271 0.0438317375498178 -12.5914676522236 -3.32716728639549 -0.0445793289937268 3.20189672224323 11.9891330302802
"etap[130]" -0.0361153072771647 6.079329546874 0.028658234317749 0.0463186604154029 -12.4725684426758 -3.29884121684671 -0.0111023178688761 3.26606713581803 12.0795861782931
"etap[131]" 0.0504964144870489 5.97823577653834 0.0281816737141486 0.0446480823028798 -12.0120194336391 -3.24742950557341 0.0348796495655041 3.20420348704563 12.4732775686029
"etap[132]" -0.00872049861091176 5.89821420055549 0.0278044483873572 0.0403409220820335 -11.9541418882493 -3.25933301052912 -0.0179402906024721 3.22525796073675 12.1092889606703
"etap[133]" 0.0901086546925937 6.13461986089968 0.0289188753576256 0.0445293495133079 -12.1036016830808 -3.22254443259052 0.0299773103184519 3.26846546889399 12.605495595639
"etap[134]" -0.0511323616761008 6.06702447527192 0.0286002276539302 0.0459082700332902 -12.3936210084698 -3.26859969786972 -0.0540551254570666 3.21271284304263 12.2008210110641
"etap[135]" 0.055691788680276 6.11811401115254 0.0288410660357226 0.0483379426413608 -12.138042972691 -3.22907856274484 0.0184092250306596 3.30306496714425 12.4645555159056
"etap[136]" -0.0524217689805171 6.04010869221443 0.0284733454357909 0.0471099923169383 -12.2036105706876 -3.3145973659334 -0.0198028022561202 3.2183799182977 12.0585938579223
"etap[137]" -0.0745543483996153 6.08734262916577 0.0286960083499271 0.0479077808755169 -12.410492783954 -3.3042030527999 -0.0431488956375993 3.25518534146137 11.9857952650441
"etap[138]" -0.0310084422090352 6.02179391854817 0.0283870087647555 0.0438773656354097 -12.0610265810031 -3.24683448377019 -0.0194252982325384 3.186652778804 12.1604692958144
"etap[139]" -0.0175059521486793 6.04583818079052 0.0285003545039568 0.0447496449566316 -12.3476871725062 -3.30179426695406 0.019858198737043 3.27970399742661 12.3811175001498
"etap[140]" -0.0322585474327881 6.05941965792841 0.028564378201175 0.0415394906413535 -12.3553037392207 -3.24570591346964 -0.0508504156488506 3.24356851199204 12.297899486737
"etap[141]" -0.0527742865778959 6.06463752989941 0.0285889754855354 0.0469230870772623 -12.3912579248891 -3.33201997014993 -0.0658268845380458 3.18852309831966 12.4264719879665
"etap[142]" -0.00671910787055936 5.94128742061749 0.0280074974939797 0.0440731117103077 -11.9728151741157 -3.21183210054772 0.00719618043511547 3.20600298463776 12.0628394484137
"etap[143]" -0.0590676335455956 6.07461275884986 0.028635999165767 0.042477943946583 -12.8381365230684 -3.23021798514637 0.00639836571098034 3.25459432823067 12.1190067709863
"etap[144]" -0.0294243965932455 6.06706237793821 0.0286004063288126 0.047068907070827 -12.4099622485686 -3.23144541134449 0.0125554234368733 3.24945496869496 12.0269329542095
"etap[145]" -0.076647416460279 5.98662553452276 0.0282212234125706 0.0429990486632267 -12.5537813512185 -3.32267254384649 -0.0394616266641296 3.22457863720522 11.8434322819501
"etap[146]" 0.0962907082938491 6.00357679091592 0.0283011324015388 0.0415939350145076 -12.0264224878967 -3.16652493482884 0.0816532621935898 3.31456799477941 12.560284391509
"etap[147]" 0.00817439020893226 6.0683521406664 0.0286064863286207 0.0436191511442925 -12.1186833404665 -3.2557415625926 0.0056676995807481 3.27767046781915 12.2959520419665
"etap[148]" 0.0124473195680865 6.07293586747425 0.0286280942240137 0.046083380401625 -12.3439652369531 -3.26860115656245 -0.0107381419409947 3.26322226093437 12.4349109129548
"etap[149]" -0.052530584427716 6.0806808702503 0.0286646045172354 0.0460583635036627 -12.2909079513187 -3.26735626569752 -0.0491312055906516 3.2443105942707 11.9385867088564
"etap[150]" 0.0553317902077943 6.03190978535333 0.0284346954181922 0.043997769392576 -12.1452367287523 -3.17684933706368 0.0718380032601276 3.31018185945164 12.2392345869232
"etap[151]" -0.0562809430617921 6.03694246283847 0.028458419687374 0.0487255846563509 -12.3086041602286 -3.28860699368058 -0.0188687318477252 3.25306857364731 11.892831171401
"etap[152]" -0.0166452943262098 6.10512494301987 0.0287798349813366 0.0441540552591023 -12.3661996955671 -3.25449422554029 -0.0230864977706913 3.23548765939683 12.490168017646
"etap[153]" -0.0274852985252081 6.07979731480824 0.0286604393969378 0.0415035720833468 -12.5412454711511 -3.21803235258783 -0.0153911822321765 3.22458676577046 12.1989378088091
"etap[154]" 0.013601260973641 6.10598688291173 0.0287838982049533 0.051020889258338 -12.1478409119631 -3.21218936689268 0.00620707905723363 3.2696106301168 12.2810115210583
"etap[155]" 0.0310609813809316 6.01744306882284 0.0283664986624575 0.0463234622140575 -12.0309591472732 -3.26445640231445 -0.0267133643329168 3.22975846231288 12.2663101486095
"etap[156]" -0.0474427331654688 6.12426264254047 0.0288700509620521 0.0512510126392627 -12.2140525872001 -3.30675440550881 -0.000982756400935332 3.23972973410122 12.1792822727429
"etap[157]" 0.00392202386141982 6.03357471489722 0.0284425439713301 0.0429820037278749 -11.9607152997949 -3.25097864595615 -0.0111169147676037 3.20672157794815 12.3169713915027
"etap[158]" 0.0564942624359712 5.9888414719743 0.028231669441895 0.0412638441245321 -12.0682307729089 -3.21357486977288 0.0275324885607312 3.29199888439581 12.3224941867272
"etap[159]" 0.0196722341156501 6.03995526474647 0.0284726221717708 0.0412987697687155 -12.3704171954605 -3.21623166233063 0.00649771312221685 3.25783767061418 12.3509184735236
"etap[160]" -0.001185994125751 6.03758792000952 0.0284614624016581 0.0452692371279191 -12.4130945098442 -3.24345950157704 0.00778557033726655 3.2724745709812 12.3238614462569
"etap[161]" -0.0566839986046116 5.98008687790546 0.0281903998896776 0.0444139185999722 -12.1839010524892 -3.30653307015782 -0.0376607721326309 3.21229649430591 11.9667197919013
"etap[162]" -0.0394291144824519 6.12176758019817 0.0288582891253739 0.0423847998625664 -12.5422138686759 -3.27766556520795 -0.0195919855276409 3.24230902052142 12.2874663125145
"etap[163]" -0.0440326730547984 6.01050119358488 0.0283337743487581 0.0456916606100038 -12.2025708901503 -3.25498996852408 -0.033267332502246 3.1969043925673 12.0924248457039
"etap[164]" -0.0504848897283187 5.99324993484324 0.0282524511351566 0.0462318800788571 -12.3319210265431 -3.24873960312039 -0.0370663389199855 3.22733664630839 12.0783924650365
"etap[165]" 0.0485858599652753 6.01962035185894 0.0283767624731201 0.0439774223688723 -12.0276318163159 -3.19994270579166 0.0366676525554991 3.22306800203871 12.3907030166449
"etap[166]" 0.0453767169598327 6.13744008666772 0.0289321700293927 0.0544928350888199 -12.1172620801513 -3.24570493483555 0.00714001302702355 3.26083746953523 12.5194479761192
"etap[167]" 0.0444089257649228 6.01882532695934 0.0283730146898019 0.0426888026896476 -12.1774338781797 -3.20007348625367 0.0193344701385669 3.31936964406102 12.2137012559023
"etap[168]" 0.0522178641222358 6.04614583204074 0.0285018047858586 0.0451334982702431 -12.0773967015804 -3.22335631356366 0.03619868235452 3.29091248980638 12.3068028308054
"etap[169]" -0.0896975696574398 6.05322039270855 0.0285351545846727 0.0454859990816387 -12.3271583785303 -3.33917896016471 -0.0525740193433641 3.22459325682363 11.9442924464769
"etap[170]" 0.0460785963578387 6.14230300693765 0.0289550940553875 0.0445212280153649 -11.9905441351316 -3.26820722610799 -0.0163687668916157 3.27089420829455 12.5594270734953
"etap[171]" 0.0218503164492557 6.12696923232065 0.0288828099486351 0.0465259539305058 -12.254878012962 -3.28110364709904 -0.0136113394247415 3.29420748668103 12.3172179487919
"etap[172]" -0.0217683139758687 6.00372499443908 0.0283018310396469 0.0442510395748214 -12.324986408673 -3.24464930014378 0.0137125283751384 3.2929699645357 11.9188378336435
"etap[173]" -0.0346415869933254 6.098324255201 0.0287477762315135 0.043807967987617 -12.409446994122 -3.33949413561874 0.00531742762886218 3.26987807601168 12.3235028858518
"etap[174]" -0.00128063968190246 6.06870332386346 0.0286081418220879 0.0506922707646007 -12.2553745421244 -3.25235271066763 -0.026903787656029 3.24778931517313 12.4027014112291
"etap[175]" 0.0130849251134707 6.12889082132192 0.0288918684060581 0.0456974594690134 -12.3673486991131 -3.30373680664653 0.0137451861926938 3.25078040747944 12.5898199975939
"etap[176]" 0.0155259550501894 6.08562620217099 0.0286879170354776 0.0488160426955158 -12.3228798592946 -3.28487077800301 -0.00673687168022038 3.29590856135145 12.4640023539403
"etap[177]" -0.00542648303224507 5.98186205538711 0.0281987681565781 0.0470638420200521 -12.1232072446118 -3.26494444272467 0.0114160546116234 3.23885248754674 12.0876974835141
"etap[178]" -0.0079977189096608 6.08882996118049 0.0287030197002836 0.0461800230797325 -12.1781517724318 -3.25472896110757 -0.0149776187260797 3.21167808604472 12.2062631578902
"etap[179]" -0.0359120177773524 6.10173528139489 0.0287638559631969 0.0436069670595101 -12.4509567485115 -3.29700065891827 -0.0416212819218128 3.22768360671462 12.5445783836173
"etap[180]" -0.019784513269651 6.08590863527971 0.0286892484379203 0.0453429581455747 -12.4876012633718 -3.24865125131623 0.0537491266039048 3.26688240648098 11.9112701896177
"etap[181]" 0.0430324313556642 6.03486004020877 0.0284486030529556 0.0409569019947396 -12.177473115631 -3.22951082185279 0.0462472955261161 3.27802073039812 12.419974344816
"etap[182]" 0.00639612020867921 6.11156289261826 0.0288101837667896 0.0505901034624173 -12.3294086817279 -3.27286555925927 0.00251688234959752 3.24978040882491 12.2575079986716
"etap[183]" 0.0295155558271488 6.04334122137586 0.0284885837243937 0.0435896503787498 -12.1918378948632 -3.2731343021211 0.00879679654327826 3.24178483935758 12.4004033824651
"etap[184]" 0.0520684643814665 6.02761401973374 0.0284144449848589 0.0428468571213912 -12.0348157455387 -3.25289582274262 0.00864996534470623 3.27625982752773 12.4439103197582
"etap[185]" 0.00309856312944614 5.91953008726609 0.0279049324409576 0.043888560402478 -12.03707993978 -3.20170782610071 0.0433649451817088 3.23215581069564 11.9003289675588
"etap[186]" -0.025593097179194 5.97666558619473 0.0281742717658838 0.0467080010121593 -12.3238788100307 -3.23074468643901 -0.0134689710056634 3.21481466222544 11.9238315453168
"etap[187]" -0.00274759339513369 6.03985855927448 0.028472166297804 0.0427312774127063 -12.3099999144981 -3.31137439095281 -0.0358478825334077 3.29558360663903 12.1907344506882
"etap[188]" -0.0341203683306594 5.99866660779879 0.0282779855763455 0.0484170818940784 -12.6154015300142 -3.21162100135851 0.02919935047991 3.24968448758499 11.874976588091
"etap[189]" -0.0430313867135583 6.03658541002426 0.0284567365242662 0.0443481522940629 -12.3788893111756 -3.29211904527266 -0.0467362203694133 3.21927362803907 12.0946998495811
"etap[190]" 0.0343138177557599 6.03509014980407 0.0284496877999906 0.0434972629561243 -12.2433818513612 -3.20518305909434 0.0488350053508018 3.25245753393922 12.3096866595559
"etap[191]" 0.0541388970440748 6.05258942616773 0.0285321801798746 0.0443479964171188 -12.1100401431738 -3.25426997719343 0.0317424005198157 3.34575886542262 12.3877949987803
"etap[192]" 0.0234707813446998 6.00666554153689 0.028315692911602 0.0434075173752815 -12.0405219764549 -3.18405350463601 -0.00000453063764415805 3.22513377870046 12.280887405054
"etap[193]" 0.000867059043961853 6.05815108297925 0.028558398081515 0.0431531021921482 -12.3209601087964 -3.26979445903592 0.00304870963886426 3.22572453767415 12.4056109724146
"etap[194]" -0.0185591437058712 6.06096390992334 0.0285716578748915 0.0445974182890436 -12.430434776364 -3.27854715064826 -0.020472177391369 3.2508063034274 12.2998334243303
"etap[195]" -0.0597677157728871 6.06334629703676 0.0285828885554469 0.0447632137859614 -12.5998782428704 -3.30485689078044 -0.00774395277399402 3.27446086188908 12.1119002185666
"etap[196]" 0.0382493910876278 6.03063941828982 0.0284287068504242 0.0413770429272551 -12.2563194971292 -3.18802744300113 0.00269220541019515 3.27965291461737 12.4379892172587
"etap[197]" 0.0603915492137225 6.04045707744726 0.0284749877395282 0.0445916452926272 -12.1676384025889 -3.20913299960112 0.0483541006414019 3.30508430937696 12.4630208832338
"etap[198]" -0.0413100849489235 5.9842505263453 0.0282100275166529 0.0446320950888483 -12.3750523578898 -3.2442520193558 -0.0168537023311102 3.19331623815094 12.114964239256
"etap[199]" -0.0286973967451378 6.08114925698485 0.0286668125134768 0.0476404683291442 -12.3876674880736 -3.26075759689971 0.0115626270913863 3.28670632031658 12.1124934607374
"etap[200]" 0.034333601676292 6.15371753964347 0.02900890267859 0.0480870040102326 -12.3872111975758 -3.21545020395948 0.0263147034618028 3.30318314303196 12.498270285347
"etap[201]" -0.0274672106686112 5.98331347788788 0.0282056102278626 0.0432075157957256 -12.0962974305838 -3.26294656939211 -0.00500824595177423 3.24039406852547 12.0130328553643
"etap[202]" 0.0197290547793394 6.08407521416047 0.0286806056078791 0.047461275637584 -12.3869730595154 -3.26241009864832 -0.0273954445608497 3.28183870493733 12.4423442049517
"etap[203]" -0.0249370099337547 6.16061712359061 0.0290414276292326 0.0494655904386524 -12.3878673279853 -3.27614430514488 0.0191187785879719 3.29164055423436 12.1568891274816
"etap[204]" -0.0105840827551865 6.04172573338877 0.0284809682409898 0.045308858297826 -11.9958330475797 -3.33350584034719 -0.0535498012992882 3.21447090938249 12.3623738034669
"etap[205]" -0.0232473561068142 6.0739222979611 0.0286327443019232 0.0445667269489082 -12.6122101821557 -3.27598600184862 -0.0266496564957984 3.25368239417041 12.2269707624512
"etap[206]" 0.0472080358350558 6.04241193323754 0.0284842030180986 0.0462566390970871 -12.0889897127901 -3.16739522455129 0.00739941845189289 3.22331341514941 12.6229713997365
"etap[207]" -0.0348070820764603 6.16827653471688 0.0290775344395478 0.0494210001435902 -12.5819550006835 -3.24965544261354 -0.00610788851349857 3.27244626704318 12.3071196595863
"etap[208]" -0.00255493392595858 6.06154774026596 0.0285744100775203 0.0437835250705342 -12.1081640206215 -3.28170149379643 -0.0276927360534504 3.21139738554974 12.438112192484
"etap[209]" -0.12511943825746 6.12439223123982 0.0288706618490392 0.0504632567558401 -12.6298757799689 -3.36704092814766 -0.0829587066323132 3.16628420826281 12.0581427888425
"etap[210]" 0.00424597900765468 6.01245018830913 0.0283429619979981 0.0405594393946652 -12.0499031548731 -3.22377972435505 -0.0246051364563882 3.26037473748961 12.3410837384368
"etap[211]" 0.0517965396117454 6.0396623694462 0.0284712414500841 0.0420489263586384 -12.319122171871 -3.23548321807939 0.0248343008267155 3.31696040365322 12.4525030216398
"etap[212]" -0.00210461196163366 5.99488349918595 0.0282601518313181 0.0468087398231786 -12.0806510331126 -3.28418452626859 0.00084260083553375 3.25468855752018 12.1200915939095
"etap[213]" -0.0139695126374181 6.02186103990879 0.0283873251778839 0.043425491883641 -12.2290185221362 -3.24664710076148 -0.0392372962913715 3.2375475032319 12.3095562638557
"etap[214]" 0.0199755289327297 6.11884669494382 0.0288445199402378 0.0443971805400951 -12.4289355243662 -3.25195101179959 0.0199191106304868 3.34170274087639 12.3551310357395
"etap[215]" -0.0204188837696 6.11156139429989 0.0288101767036491 0.0449059646047899 -12.3352523792847 -3.3185832586659 -0.024673523796586 3.20831082288307 12.3206243657928
"etap[216]" -0.00739788773111345 5.98234112341264 0.0282010265049082 0.0466797106024738 -12.0343032267348 -3.25215296989753 0.00966324900909784 3.23082764921241 12.0163154289503
"etap[217]" 0.0259936283196836 6.13950640314922 0.0289419107387003 0.0466306871714242 -12.4093632860107 -3.19859835731847 0.0479434234171837 3.26965940082266 12.3147510994947
"etap[218]" -0.0309134482561562 6.06153271930375 0.0285743392680255 0.0420755069316717 -12.3938206768037 -3.23523103934662 -0.015475227058753 3.23382938052791 12.144722869077
"etap[219]" 0.0414919270181324 6.00400265631658 0.02830313995029 0.045973682148235 -11.9891184544386 -3.21349926167171 0.0300502688255883 3.33569906995265 12.1395187809978
"etap[220]" 0.0151416965064181 5.99444716484903 0.0282580949315282 0.0429476720062973 -12.1122236417601 -3.28448232386267 0.0264082596900475 3.28591325090972 12.298050551899
"etap[221]" 0.0403802023204686 6.03412781179004 0.0284451512950872 0.0456088879293028 -12.0599148824345 -3.22996033879223 0.0448149840134901 3.24229979985035 12.4719647198597
"etap[222]" -0.00603822025190559 6.07385350475567 0.0286324200076427 0.04899929796585 -12.332752019813 -3.26084388875512 -0.00969766921910773 3.2572602159687 12.2330322556596
"etap[223]" -0.00922780763831426 6.10797987011342 0.0287932932367208 0.0491495992803651 -12.3687753691054 -3.30675700137535 -0.0289258933581112 3.2870189744075 12.4094012360097
"etap[224]" -0.0207772529092485 6.06796040575298 0.0286046396725294 0.0438271246059745 -12.163502557251 -3.30076171668373 -0.00182458477709573 3.24387685631643 12.1310753333776
"etap[225]" -0.0302452881715295 6.03679632833504 0.0284577308027184 0.0411390939809982 -12.4732120015554 -3.26821110218568 -0.0161569813273321 3.27150130786635 12.0840867709904
"etap[226]" 0.0665147706311309 6.00630700458594 0.0283140027522065 0.0483149292840244 -12.1079598494016 -3.17733018134105 0.0439759195715704 3.26432174183061 12.3937920741851
"etap[227]" -0.0721019682810796 6.13837831961729 0.0289365929019325 0.0484082156765313 -12.3013944337324 -3.31989184031073 -0.0481611074822238 3.20291137335231 12.1508914344095
"etap[228]" 0.0360921728428082 5.95566482193134 0.0280752732137455 0.0424459111843846 -11.8961719753753 -3.25399601936531 0.0127887228609271 3.25470925307764 12.354791856722
"etap[229]" -0.0350814859577984 6.0844959284833 0.0286825888742165 0.0456938367711235 -12.2823042313715 -3.32626631630187 -0.031088138238924 3.27526121384415 12.2434335791799
"etap[230]" 0.0605730167426084 6.02210084822151 0.0283884556451112 0.0461321357664494 -11.7523760593372 -3.22372605115306 -0.00147213929615085 3.22936595887097 12.5626858928313
"etap[231]" 0.0455705167287985 6.03302054371058 0.0284399315833033 0.0451127213541559 -12.3425355354064 -3.21826803386867 0.012382763347778 3.29778837799679 12.4982768273012
"etap[232]" -0.0591308427482743 6.00467396422846 0.028306304526135 0.0467163116117398 -12.420434289056 -3.32278484169984 -0.0230822686552008 3.15837889225077 12.0622917381066
"etap[233]" -0.0338371555986406 6.18867757740148 0.0291737058770515 0.0428604240136336 -12.3597733184175 -3.31392299798806 -0.0300597334304146 3.2507376664139 12.1127294436408
"etap[234]" -0.0693876475433761 5.98172303668009 0.0281981128161085 0.0416777426073888 -12.1890188469843 -3.29782705310278 -0.0339257912443993 3.21624860936124 11.9986686839327
"etap[235]" 0.0179431127876959 6.011173915417 0.028336945589887 0.0407168829605558 -12.2147784676834 -3.23866567402186 0.0256583187005695 3.2589040965683 12.2420791899319
"etap[236]" -0.0297502452172314 6.04051897320774 0.0284752795189413 0.0452825674954779 -12.3235313154429 -3.29362459332368 -0.0377088325299314 3.23473347635695 12.1196925567728
"etap[237]" 0.00162205040664879 6.03467202881892 0.0284477167587643 0.0413420119690861 -12.3154874963477 -3.27930426636873 0.0088472917363103 3.27901503361506 12.2972519965205
"etap[238]" 0.0986144552398177 6.02943042662239 0.0284230076090479 0.0434883503387113 -11.8261414719347 -3.20666298479081 0.0724137442360442 3.30247252042354 12.4024091772127
"etap[239]" 0.0717737031686124 5.97131314997985 0.0281490401395944 0.0411210895992399 -11.8647288994214 -3.23087248395554 0.0549940395918268 3.31996926873513 12.2985906053453
"etap[240]" 0.0131191729173285 6.00917760299565 0.0283275348828837 0.0451733169072814 -11.9016812468569 -3.23312283260816 -0.0399909681158153 3.18712045325013 12.4244534170024
"etap[241]" 0.00931811171781887 6.05839874844756 0.0285595655877291 0.0433527452409615 -12.4512114917965 -3.23253386447469 0.00308082248424959 3.31520734884091 12.1448629638503
"etap[242]" -0.0182363617268194 6.0316226823405 0.0284333420016104 0.0466847348842104 -12.5474176165563 -3.28961456812425 0.0148850121685642 3.28393955272963 12.1098511570591
"etap[243]" -0.00693160015477732 6.01412373554223 0.0283508511753126 0.0466980734286214 -12.1795532177862 -3.21488148542545 0.0221361156073182 3.25262582074338 11.9992282441349
"etap[244]" 0.0376468503050171 6.08886512391973 0.0287031854590261 0.0489122203979564 -12.0746075914142 -3.22324013742128 0.0093236225602708 3.25332866282933 12.4627434150055
"etap[245]" -0.0477217260647393 5.9708099939387 0.0281466682392697 0.0434982672635716 -12.183237352313 -3.26306419708448 -0.048754140911411 3.17016684934471 12.1145014684821
"etap[246]" -0.0396300641476314 6.09298164318337 0.0287225909169341 0.0472419687485156 -12.5418649536259 -3.25521602350378 -0.0112327214223715 3.28131874038575 11.9158197041427
"etap[247]" 0.00734271623205649 6.12917030699238 0.0288931859141436 0.0451746861927916 -12.4770362839985 -3.28143285059313 -0.018370304183534 3.34139167028499 12.528943214293
"etap[248]" -0.0136794942616598 6.02225141589224 0.0283891654279179 0.0455778656515908 -12.3201218980997 -3.26614144214177 -0.0282878093095896 3.20921730208065 12.250563154021
"etap[249]" -0.0258268391007616 6.14822346920231 0.0289830033821549 0.0493932662322024 -12.4041622532602 -3.34255776695832 -0.066353341707675 3.2663733490944 12.4672481254958
"etap[250]" -0.0106690806051195 6.00261301459808 0.0282965891164062 0.042112259786834 -12.1017879314323 -3.26230329505951 -0.0111107537339759 3.23024131194831 12.279688721977
"etap[251]" 0.00924564163337882 6.16317400433627 0.0290534808806589 0.0504738943358383 -12.2229636305581 -3.23016820687438 0.00584991540927874 3.2431465555163 12.5375250185504
"etap[252]" 0.0459366255895584 6.04757908101846 0.0285085611863337 0.0416820163659403 -12.1268732654084 -3.16704684463259 0.0505297051514461 3.26652319191374 12.2489500101394
"etap[253]" -0.0000709354387340339 5.99732399141545 0.0282716564220176 0.0441584331820243 -12.0147015223913 -3.27220302359665 -0.0553806155850618 3.25945572775673 12.1113364323361
"etap[254]" -0.0490220005446859 6.03212799846181 0.0284357240846506 0.044601706708387 -12.2829169281777 -3.30262871710187 -0.0404807509623077 3.23777015303592 12.035549668175
"etap[255]" -0.103746026869562 6.07504073209453 0.0286380166509902 0.0468897463795828 -12.5612843083515 -3.33507730150078 -0.0678056577773917 3.20129946281093 12.1554541972006
"etap[256]" -0.000253135889482195 6.05678048150931 0.0285519370042237 0.044731382204413 -12.3965069483414 -3.23633853998149 -0.00045785114916788 3.20932855775665 12.3676352202784
"etap[257]" 0.114812793127641 6.06115039570529 0.0285725369772982 0.0476770072207233 -12.0494243224655 -3.15494173564293 0.0742107515294903 3.3208496037234 12.3990711828491
"etap[258]" -0.0399044341544195 6.02801663882539 0.0284163429494585 0.0459428862031267 -12.1680464246754 -3.25396928966397 0.0150572607073337 3.20042091228379 12.0788056126842
"etap[259]" -0.0548303241018894 6.03839845735973 0.0284652833113697 0.0439821838329723 -12.4058141823535 -3.26647329457104 -0.0577982320299597 3.18927602343387 12.1852998252206
"etap[260]" 0.0435136028299304 5.99385550646189 0.0282553058271436 0.0425821442930864 -11.9306124446588 -3.24307292276362 0.000597766962579912 3.27884182037792 12.2044769621575
"etap[261]" -0.0671196265346465 6.03832338903696 0.0284649294359025 0.0417378606682749 -12.2930810974817 -3.33350674234667 -0.0750865839382695 3.21451556381914 12.1613648408641
"etap[262]" 0.00206307429838205 6.06899821607831 0.0286095319573202 0.0410076052343278 -12.3166042214682 -3.22595634495936 -0.0277924789305028 3.21923902147492 12.2974663127058
"etap[263]" -0.0320021826819306 6.03422437785545 0.0284456065118851 0.0452579927595845 -12.2260047069887 -3.26768417248297 -0.016870539539962 3.24523576922214 12.1271796362278
"etap[264]" -0.035607192287223 5.96375589611694 0.0281134149032369 0.0424850256686233 -12.1408890522687 -3.2654316603318 -0.0324325723038189 3.20169075909116 11.9954379790349
"etap[265]" -0.038492410978975 6.08047730051456 0.0286636448802981 0.0468673161239639 -12.1695495461955 -3.32046437617 -0.0468046964258186 3.22146241097752 12.2087575359043
"etap[266]" 0.0161070892218962 6.07313478764388 0.0286290319426861 0.0453306175236163 -12.3340659468838 -3.28422885893335 0.0182499110146378 3.27191886958305 12.4533079133776
"etap[267]" -0.00842949161123602 6.11620182758789 0.028832051915953 0.0525661930159075 -12.2824922397224 -3.29230746748224 -0.0383683034371114 3.27176723146094 12.2604849480968
"etap[268]" -0.0104430913506595 6.12011146135372 0.0288504821062715 0.0504802034691364 -12.3820373165421 -3.31416924475745 -0.0135661186234661 3.25167282450104 12.5238843026578
"etap[269]" 0.0231187602395636 6.01881923515707 0.0283729859727706 0.0418368693994756 -11.9777613030275 -3.22979789427275 0.00564575248670391 3.28176902045109 12.167201297306
"etap[270]" -0.0988802514464937 6.12014069542011 0.0288506199169821 0.0534050816934541 -12.72883001686 -3.30187300271142 -0.041669316668099 3.20124904002677 11.8402344862182
"etap[271]" 0.0545628920919123 6.0619674800979 0.0285763887500637 0.04335015029359 -12.1591572592905 -3.22783082822914 0.0396076797551993 3.31129901105628 12.4351813862849
"etap[272]" 0.061371764729618 6.10345193754673 0.0287719483579031 0.0409386678420443 -12.1968582159458 -3.22975302946119 0.0275994061743883 3.28015686629166 12.4588600324124
"etap[273]" -0.0169543562325895 6.04754393396832 0.0285083955015505 0.0431986533479443 -12.2372075193062 -3.25376512506721 0.0351397137872105 3.25621427108705 12.1056060289421
"etap[274]" 0.0637898485102904 6.1090043161582 0.028798122521689 0.0426190051950305 -12.0131653632314 -3.22606536089925 0.0217835831251943 3.28952212528158 12.5212783823459
"etap[275]" 0.0125688201035105 6.03962589222189 0.0284710694947997 0.0434146868588015 -12.2095080790443 -3.27102049519875 0.0108897776832687 3.32256403922712 12.2401593065018
"etap[276]" 0.0292372665706202 6.05558978267915 0.0285463239961093 0.045659160475321 -12.1170817201453 -3.23776221394101 0.0171843760788105 3.29843843466778 12.3899704813626
"etap[277]" -0.0207119006032222 5.99851279310152 0.0282772604869089 0.0408443721906773 -12.4519778670805 -3.2920479361023 0.0313587334507569 3.29428771346712 12.0559133359533
"etap[278]" 0.088999319047114 6.06952775988664 0.0286120282507723 0.0491084020880778 -12.1529899895806 -3.20386067129674 0.0372889192723657 3.32115136344687 12.6180904800399
"etap[279]" 0.00144454836154788 6.12010939358582 0.0288504723587201 0.0441545489148817 -12.4797605534884 -3.22018556542432 0.026545111727797 3.25410457532316 12.3510905369392
"etap[280]" -0.038487065915532 5.96322335489023 0.0281109044798192 0.0461813119498391 -12.1859901140427 -3.27748353330069 -0.00833565463070699 3.19042542128339 12.038202741987
"etap[281]" -0.0252906163085419 6.06429064662094 0.0285873402620788 0.0411471275337608 -12.3592383233915 -3.25594879569618 0.0137619464001944 3.26093235605946 12.0123511154269
"etap[282]" 0.10129329125304 6.03335796737705 0.0284415222137213 0.0427156187193168 -12.0271005476664 -3.16866020665612 0.0693655415122233 3.29231703910189 12.6110045527705
"etap[283]" -0.0666385462064996 6.05810047500189 0.0285581595132219 0.0468357989851205 -12.3689807740592 -3.31182261920987 -0.00649074973236956 3.26321199483911 11.9422856228071
"etap[284]" -0.0758497991514629 6.03238847134438 0.0284369519655944 0.0423676812829712 -12.5966476130628 -3.32328406761404 -0.0214453615289766 3.20768428003659 12.0103842019838
"etap[285]" -0.0541563247733848 6.02989673085183 0.0284252057882662 0.0451295680700644 -12.5483183517154 -3.26844498565226 -0.0194044965061017 3.22462519256826 11.966220075493
"etap[286]" 0.00830677539010344 6.07205820332107 0.0286239568755182 0.0430306697950874 -12.3028074021119 -3.19046824402159 0.0263184460276635 3.2517900467532 12.1850322333449
"etap[287]" -0.02453506261496 6.11086797772671 0.0288069079065752 0.0475548480746575 -12.162991110707 -3.29990073352852 -0.0555380116726588 3.21566573232988 12.5788605823584
"etap[288]" -0.0133312636907503 6.08025394976878 0.0286625919947853 0.0490006262848592 -12.4649500572097 -3.24294136650252 0.0093230823884815 3.25505269728845 12.173786482996
"etap[289]" 0.0204950602042607 6.07858789944723 0.0286547381582509 0.044699874594345 -12.3635442897806 -3.24217867030868 0.0126457869741595 3.27978040506446 12.4633566003462
"etap[290]" -0.0109157468849744 6.03203620410692 0.0284352913619118 0.0440503947218913 -12.1926385748646 -3.30492785284263 -0.0184370820344597 3.23064355597742 12.3848799475099
"etap[291]" 0.025900195310518 6.02464422249268 0.0284004452264062 0.0457494115427029 -12.0564627498187 -3.25860676530738 0.0278185458814624 3.3105625852795 12.4409617630304
"etap[292]" 0.0159713083994169 6.01430528616205 0.0283517070131419 0.0465194487295764 -12.0175814992072 -3.23077191800324 0.0112145611447633 3.22394510663918 12.2304926285625
"etap[293]" -0.00577858655614533 6.08832828096148 0.0287006547570513 0.0498952653871833 -12.3199483209532 -3.26586021493021 -0.00251176110024362 3.2313525041374 12.3310600713046
"etap[294]" -0.0805850267574642 6.05562927121108 0.0285465101468341 0.0540684496616873 -12.289091089376 -3.32523530710374 -0.050836117072516 3.1799687906432 12.1793783719028
"etap[295]" 0.0799673265120469 6.05526972797674 0.0285448152437732 0.0420270187718526 -12.0534496358116 -3.17798837631558 0.0859819203725817 3.3155331445334 12.4000979045193
"etap[296]" -0.0657073094033053 6.04808373132484 0.0285109401306922 0.0449583035680524 -12.3895454901414 -3.2474791600716 -0.0469027252966514 3.21444760573906 12.0873151350353
"etap[297]" -0.0223134842319144 6.12477834974997 0.0288724820291517 0.0560116072409536 -12.2415618813223 -3.3053193516494 -0.0248203633280755 3.25767372564773 12.3243510691057
"mean.p0" 0.786372923538961 0.243483295627638 0.00114779126295968 0.00567181610725879 0.327233629037106 0.626918807553634 0.773623824874807 0.940109362692801 1.2863575680431
"mumup0" 0.762153700186458 0.0605132522127973 0.000285262206608806 0.000978174949147533 0.635666592120746 0.723597641797602 0.764577497914927 0.803907738758991 0.873934782019732
"mupsi" 13.2875429340081 1.44985244866614 0.00683466998781164 0.00892788682806128 10.5674945689628 12.2933016041083 13.252689176632 14.2442793749524 16.2291864112457
"ppo[1]" 0.68654413969751 0.0859648384523098 0.000405242134754896 0.00115192437969746 0.497711192180624 0.638295280605279 0.687945965374695 0.74038496301059 0.852826931600788
"ppo[2]" 0.715370632906239 0.0846518081104816 0.00039905245036416 0.00160480810824258 0.554080814475366 0.661223886833954 0.70913428516633 0.768346958954782 0.892770962454052
"ppo[3]" 0.686796753167648 0.0856168317086158 0.000403601615232464 0.00119389051043332 0.500960092914905 0.638647537476693 0.687529049810618 0.740608507527928 0.851836838774753
"ppo[4]" 0.714046656555554 0.0857061017390923 0.000404022438191842 0.00150274334557529 0.548317427088164 0.660324255200816 0.708365495734711 0.76721956034305 0.891302765732635
"ppo[5]" 0.687186800700748 0.0858877562100062 0.000404878765579949 0.00121287408813877 0.500397676033998 0.638956082269118 0.687989772956963 0.740265647601217 0.854914722131108
"ppo[6]" 0.687343611155462 0.085377181827472 0.000402471894858682 0.0011547995404581 0.501730792543231 0.638623647037907 0.688142653169666 0.740706303309157 0.853166280320205
"ppo[7]" 0.626890047061982 0.104362734806836 0.000491970649900581 0.00227471562176663 0.369468300514851 0.574223145886083 0.647211211062238 0.696357192069182 0.787043678187694
"ppo[8]" 0.657370341735924 0.0925344486251296 0.000436211574107916 0.00144022178452321 0.437065466414499 0.610408928118072 0.667804010789538 0.71648980826513 0.816585687013153
"ppo[9]" 0.74113940105286 0.0904563709686927 0.000426415422089924 0.00224472855119264 0.58284849715987 0.676596716927848 0.730905510646683 0.800799136700523 0.931867312596466
"ppo[10]" 0.656608174193376 0.0932600120836612 0.000439631913052641 0.00148870753246391 0.431673443795274 0.610112930325821 0.668093036631638 0.715713449208036 0.815386038845264
"ppo[11]" 0.657022085050132 0.0923727912925427 0.000435449514133911 0.00142205463555352 0.436798141592949 0.610075064617171 0.668134315611641 0.715826324791982 0.815361374464807
"ppo[12]" 0.687104918735406 0.0860939853958612 0.00040585093928526 0.00120272578939132 0.500502820534602 0.639559528496873 0.687811478218455 0.740582280075903 0.853945866988757
"ppo[13]" 0.687060145015327 0.0848528205015288 0.000400000031862906 0.00121613364704823 0.502262773766145 0.638922598986732 0.687428883344977 0.740112480858045 0.853883913634084
"ppo[14]" 0.656379027115824 0.093224083268873 0.000439462542995463 0.00153225151233355 0.432842920166075 0.609926533705154 0.667319289116767 0.715622730307995 0.815483034310915
"ppo[15]" 0.596039668733767 0.120102865389435 0.000566170337045363 0.00320913021486313 0.302186008993067 0.530986307346743 0.624442733193945 0.680806565431095 0.767458345083259
"ppo[16]" 0.716279898962842 0.0861909354770206 0.000406307966350756 0.00164417100878485 0.550133475018036 0.661339940557865 0.710355913916608 0.770678623021743 0.895770494706821
"psi0" 0.999995483357692 0.00000997172661690925 0.0000000470071700730328 0.0000000721216090286862 0.999974261440127 0.999995417684804 0.999998244384293 0.999999348689941 0.999999910514254
"sdeps" 0.408052375693296 0.304062856347298 0.0014333660508675 0.0121322921179268 0.0222830823353982 0.170935451740287 0.353982534978338 0.581003183795562 1.10669097880134
