"Mean" "SD" "Naive SE" "Time-series SE" "2.5%" "25%" "50%" "75%" "97.5%"
"N" 24.6527111111111 0.970309352098978 0.00457408215145275 0.0200851457710403 24 24 24 25 27
"betapsi[1]" 0.0888717283702462 2.80647270239771 0.013229839193869 0.0193539486926129 -5.73121228289202 -1.280212859845 0.0111554435546503 1.35763696074353 6.45955226357083
"betapsi[2]" 0.0574299597375422 2.74810977353314 0.0129547137087354 0.0189973586245491 -5.69423154492766 -1.30001263418742 -0.000539690792495272 1.34745660627017 6.1861661232961
"betapsi[3]" 0.0562460024971086 2.7652985821387 0.0130357425295721 0.0185848267421836 -5.75574048410043 -1.28762445566083 0.00307996646124806 1.33511929865385 6.22735809290354
"betapsi[4]" -1.13953590022508 3.88166583629511 0.0182983482342962 0.0753173538631791 -10.6750764577071 -2.45956698560996 -0.24645350215978 0.85687085518275 5.56011021194222
"betapsi[5]" 0.0759958753310356 2.76369669798129 0.0130281911752363 0.0183870935559139 -5.67019710740909 -1.28100468409475 0.00727072469443745 1.33137467690493 6.32093206637351
"betapsi[6]" 0.0848049570394855 2.76426865905658 0.0130308874256024 0.0187496493344724 -5.66471349047315 -1.28079695547632 0.0153845145475427 1.35570997502448 6.27285545629122
"betapsi[7]" 0.0779612783970483 2.77562231070581 0.0130844090527517 0.0192827279035138 -5.71504527238881 -1.2631461656301 0.00766218958304003 1.34621240342788 6.23725794906499
"betapsi[8]" 0.104375040574406 2.76516751545832 0.0130351246753156 0.0192746460889198 -5.65640833630797 -1.23637823393023 0.0210526273396732 1.36435173436398 6.37053582099786
"betapsi[9]" 0.110912220036664 2.75745450604468 0.0129987652002507 0.0188853851488322 -5.63849596675143 -1.23785641146153 0.0196338290161909 1.37787212172992 6.35294244461227
"betapsi[10]" 0.0520992826860745 2.7466287492608 0.0129477320933616 0.0192557102249485 -5.72929949061385 -1.28581531172754 -0.00146090454683555 1.30293993658223 6.17579876978052
"betapsi[11]" 0.0708539342120868 2.75647590610605 0.0129941520358995 0.0185063540757202 -5.68574015219154 -1.27269511708872 0.00871737402610636 1.32029145418286 6.27445247135126
"betapsi[12]" 0.122378772682361 2.81921574775873 0.0132899104857873 0.0196473587141148 -5.72375368564588 -1.25172131574276 0.0257090952382269 1.38934172207829 6.45841206396352
"betapsi[13]" 0.0908793733787472 2.81802752019149 0.0132843091273181 0.0199222303689107 -5.74713231407945 -1.29466144269906 0.0065920900894214 1.34520203538453 6.51443959710707
"betapsi[14]" 0.07034463887375 2.81087079812082 0.0132505720159365 0.0193279054298553 -5.79367097223761 -1.29654429728865 0.00482179687865163 1.33627745705856 6.42112346181763
"betapsi[15]" 0.0977439761230487 2.79894337092246 0.0131943455849094 0.0200460122275893 -5.69710794883278 -1.25288083956498 0.0116967499437829 1.35243619664488 6.46083510002353
"betapsi[16]" 0.0769198771880112 2.75095646297349 0.0129681331314501 0.0182520370400709 -5.67234732526427 -1.28256991288617 0.0120873951817737 1.35617430205559 6.2299565899584
"etap[1]" 1.34148753452736 6.44992817144603 0.0304052529879709 0.127945255836796 -11.1913373479573 -1.9861397507795 1.23912470648432 4.48305104226842 14.3056704775492
"etap[2]" 1.39521566147579 6.46587223250145 0.0304804140125838 0.145905451334401 -10.8824278328998 -1.95590442125122 1.26425244230334 4.47548592927003 14.3872224328165
"etap[3]" -1.14011557630152 4.61706913071107 0.0217650726102192 0.114094850110417 -10.3874938240858 -3.55661322617204 -1.25817552356434 1.58315558311869 7.72422434519853
"etap[4]" 1.36630723279701 6.49663298639209 0.0306254215970537 0.147214057835076 -11.0980938220541 -1.93401832947653 1.25790916829357 4.45066277411638 14.3342904256392
"etap[5]" 1.30180320479085 6.47016421876738 0.0305006466298732 0.124272654362449 -11.2856516230084 -1.96245041602871 1.2665045826338 4.47932496218405 14.1762081150044
"etap[6]" 1.33067074878521 6.28631364706736 0.0296339667233791 0.109449367579963 -11.2661194631406 -1.95413405311171 1.29238508054173 4.52493887030162 14.1085649716214
"etap[7]" -2.59611579144238 8.6019415430696 0.0405499413098319 0.326423931647099 -18.4715755428464 -7.35696405072882 -4.11933351322999 4.13837714018817 13.8048670833951
"etap[8]" 1.34957730064019 6.378785960633 0.0300698853900076 0.125404901581459 -11.2899792115522 -1.94881001923318 1.2597072955828 4.44323947767686 14.3505776659101
"etap[9]" -1.80453701391585 6.39173784843306 0.0301309411746249 0.210625941716358 -14.1313692407461 -5.34034834871888 -2.64456892221674 2.70661593207296 10.6113268544211
"etap[10]" 1.27143250230547 6.31074034017571 0.0297491152589716 0.12859355616937 -11.0701375382512 -2.01153595451195 1.19862769038864 4.38388967206877 14.2026243475839
"etap[11]" -0.224308601740873 3.68107547968679 0.0173527562249737 0.0548115331832203 -7.53813881238757 -2.03265884168991 -0.208019952572049 1.61701501402164 6.89073263684747
"etap[12]" -0.168146789401433 3.61738723590607 0.0170525269645789 0.0524902655389682 -7.18660383150272 -2.01697565079723 -0.203768668302197 1.61981546658816 7.09855258296332
"etap[13]" 1.39154160114921 6.47078730696063 0.0305035838957847 0.150882970077957 -11.0307785367289 -1.9399162714167 1.26809825937923 4.46179951158593 14.7542514025947
"etap[14]" 1.34670305305343 6.40944167582075 0.0302143978172835 0.144236176902916 -11.0838166710938 -1.92083449635937 1.26144619668332 4.43480097427636 14.5235161051557
"etap[15]" 1.42777797843627 6.67444966535582 0.0314636574604092 0.161818609947285 -11.2691299871843 -1.93509445778486 1.28672436725799 4.51125359579377 15.0066823743649
"etap[16]" -1.85731926393455 6.42037100367496 0.0302659191628803 0.214721714331218 -14.1603127205092 -5.35389715028854 -2.64474110705067 2.65889975190792 10.5273764583224
"etap[17]" -2.58679838599599 8.65419824025113 0.0407962817427617 0.328706094099238 -18.5565691718555 -7.34520013011613 -4.12003770997167 4.19728203615781 14.0605013763463
"etap[18]" 1.33741205260635 6.26700816964241 0.0295429598300376 0.121141149083065 -11.2008402790197 -1.8953105109279 1.26750269950379 4.48846832298064 14.1114088938483
"etap[19]" 1.32482687126427 6.43716973037838 0.0303451091199956 0.138719941207041 -11.2184211886768 -1.9314400300713 1.29027050862281 4.48712466091195 13.8324626215019
"etap[20]" -1.12706376587851 4.67192085007755 0.0220236460950444 0.124321705248701 -10.4628199902744 -3.53820273544305 -1.25374679716835 1.57937194738923 7.88643842897002
"etap[21]" -1.1168057749456 4.63225136399714 0.0218366423442868 0.124716186311848 -10.4491146125578 -3.51321976015683 -1.25117472671792 1.589678770099 7.80701149050039
"etap[22]" 1.29959531114481 6.33938863797325 0.0298841646299189 0.131675134105991 -11.1980405909792 -1.92103604948948 1.25460613069667 4.42253284875411 14.107461042864
"etap[23]" -0.213730343227396 3.61988253943042 0.0170642899382002 0.0468504092362356 -7.51355805690492 -2.03215808038565 -0.230393116110265 1.63559965399395 6.74889479537818
"etap[24]" -0.255743884197835 3.58826387926483 0.0169152381447661 0.0424621790715861 -7.5217475392585 -2.04769850623729 -0.226365148125435 1.60257474143433 6.80625710907788
"etap[25]" -1.3771210695992 8.89601157620751 0.0419362007403357 0.162623680632352 -18.4834658751997 -6.38942985869614 -1.34629430948943 4.0334898568824 15.0481126177471
"etap[26]" -0.428194704218227 7.72636455899522 0.0364224318238995 0.107324169682216 -14.9437710026713 -4.3366916890976 -0.340397947775091 3.56878832770491 13.8928989828678
"etap[27]" -0.0889125194514098 6.70155797998604 0.0315914472810864 0.0663852270433953 -13.612292236613 -3.69600929772883 -0.0539690330716456 3.53014707829607 13.1339293716782
"etap[28]" -0.0790866563986461 6.56850850913069 0.0309642460605857 0.0608828397563389 -13.151863472319 -3.45057866400782 -0.0475313456850339 3.33270872589177 12.7209051641582
"etap[29]" -0.0986833913723096 6.46264856658206 0.0304652175057046 0.0600277962868379 -13.1733947513123 -3.43018082011874 -0.0236149260608173 3.33693759178694 12.5196442738418
"etap[30]" -0.066663714835906 6.56760474752201 0.0309599856875052 0.0503171599914125 -13.0235468904814 -3.39639743225878 -0.0761125994879531 3.32344771472187 12.6927545680951
"etap[31]" 0.0338488660483863 6.49514578587698 0.0306184108665923 0.0405036963820415 -12.779612527882 -3.32224602890923 -0.00460701906668693 3.37240060120925 13.208558380932
"etap[32]" 0.0536981241695889 6.4683005263957 0.0304918610997794 0.0554276360514153 -12.4981055800023 -3.31573186034376 0.04681782658372 3.4394707854352 13.0321979118569
"etap[33]" 0.00284742165051612 6.53099389379351 0.0307874004679288 0.0541109452403964 -12.763764451971 -3.41307967234805 -0.0304435247422904 3.32061166683561 12.949500600101
"etap[34]" 0.0498418322196648 6.63221763244362 0.0312645737480392 0.0668812166422569 -12.6920908915526 -3.33452291596602 0.0490269291710727 3.45742431436109 12.8588858059243
"etap[35]" -0.00424606154512806 6.46738770744649 0.0304875580299862 0.0545977893919718 -12.7337602553021 -3.35979719752139 0.00874317019637956 3.35379963270601 12.8275736620393
"etap[36]" 0.039002977365696 6.36276336174938 0.029994354134522 0.0425336302904454 -12.6219604490316 -3.31759637379082 0.0292646668050969 3.37190156028196 12.8850883779094
"etap[37]" 0.0592356187596676 6.47545949276076 0.0305256087908662 0.0511147570148366 -12.7120694654991 -3.39138099640278 0.00393126708387917 3.4021711587896 13.032445288238
"etap[38]" 0.03339311502424 6.54255508968389 0.0308419004680136 0.0530022699676368 -12.7625157845119 -3.38051947816705 0.00802618201485569 3.39614971752865 12.9478191252615
"etap[39]" -0.0798497810603388 6.86261991511635 0.0323507005245642 0.0895216086240688 -13.0689535371942 -3.41760554114801 -0.0354291727054477 3.3920381151476 12.6340269189847
"etap[40]" -0.0194748570915341 6.62685262807401 0.0312392828749002 0.0519500741174386 -12.9379141413231 -3.36991705425778 0.00673251571299569 3.33174801206426 12.9440027699201
"etap[41]" 0.038571458072472 6.52729861160648 0.0307699807406432 0.0531879338818056 -12.6529307785326 -3.36459153077033 0.0433463267710504 3.39910264716414 13.0277393126576
"etap[42]" 0.0914510267368043 6.6189698113768 0.0312021229206239 0.0601838197721287 -12.9185768026593 -3.32763150826151 0.0663606985901788 3.521594375637 13.0177777414824
"etap[43]" -0.0837796801556363 6.53816670177602 0.030821213409026 0.0552943964784999 -13.0243608632856 -3.45009490212099 -0.0798112456175252 3.34367139688249 12.5998193900067
"etap[44]" 0.0414907850321573 6.57733667764946 0.0310058624460862 0.0584860507178506 -12.8304840035271 -3.27481922115624 0.047847484180234 3.36968116968009 12.845238213323
"etap[45]" -0.0408838813677424 6.41091257879928 0.0302213317204207 0.0491207495559715 -12.8025747597695 -3.43856008598142 -0.0101248357667066 3.34191504302167 12.455379973683
"etap[46]" -0.0185819156094516 6.5871801777777 0.0310522651506948 0.0577816470113371 -12.9358745619373 -3.38930441711436 -0.0145813167101733 3.31439673491579 12.6745511174701
"etap[47]" -0.0479552752319647 6.66134643971865 0.0314018882623861 0.0516518761303424 -12.8378916664199 -3.38368881269779 -0.0245587981866241 3.33710980523993 12.7490805606314
"etap[48]" 0.0151698054647242 6.61298611403994 0.0311739155008675 0.0488088630183793 -12.7865487347376 -3.33808974922293 -0.0046481970274839 3.36463744733275 13.1237466967106
"etap[49]" -0.0103614664634733 6.56605312743375 0.0309526712802636 0.0530705065276352 -12.8500609288888 -3.38652186036664 -0.0691181767102082 3.33589460378201 13.0058951848344
"etap[50]" -0.00151999104562808 6.47934012901368 0.030543902285598 0.0531196401144123 -12.8925046732384 -3.35929719144567 0.00502272504447391 3.33191853233634 12.94371183212
"etap[51]" -0.0488688488323378 6.52275885391551 0.030748580117655 0.0551260175550932 -13.126515538065 -3.41673310098842 0.00936174891914049 3.39251019519602 12.6603262537779
"etap[52]" -0.0718123917383574 6.5106026068129 0.0306912750192548 0.0515212040900507 -13.1519072045928 -3.38812752018013 -0.0200118018359983 3.31538126762644 12.5834400668654
"etap[53]" -0.0434972440973746 6.45997308182532 0.0304526051496083 0.0505987780002114 -12.8383330551328 -3.3521335469066 -0.0195120190472083 3.30926595355381 12.5496050937115
"etap[54]" 0.057773347198493 6.45008713291015 0.0304060023394991 0.0466516698902948 -12.641455209916 -3.34564154777901 0.0286495483864762 3.44100548620833 12.7900765783039
"etap[55]" -0.0358210885890858 6.47032994857928 0.0305014278876988 0.0474931485262043 -13.0189103260828 -3.41960531002857 -0.0168423819594856 3.28727764753176 12.9310625768299
"etap[56]" -0.0222221338492021 6.4656394246435 0.0304793165458167 0.0473893493883458 -12.9322819894177 -3.35416469583156 -0.00381584097671065 3.38947274328569 12.7290875269246
"etap[57]" 0.101321398849721 6.5464351702125 0.0308601913430358 0.0570838762491632 -12.8440654560895 -3.32892939629813 0.0690214714513283 3.46258620256337 13.0819021331683
"etap[58]" -0.0153475333872296 6.3887417190837 0.0301168172854232 0.0486156210363862 -12.5686583833003 -3.37119658200639 -0.0347628659136591 3.31674915723031 12.7340107808456
"etap[59]" 0.0104579546650616 6.57442437947425 0.0309921337408293 0.056063988548567 -13.3715922819742 -3.32455414260279 0.0359615341811282 3.44766905818913 12.8740792006394
"etap[60]" 0.038293917104981 6.47925574093124 0.0305435044763623 0.0522632491688797 -12.5677134091348 -3.38498571490294 0.0238507378646826 3.4127921283406 12.8562791648016
"etap[61]" 0.0549540096258857 6.41904829008386 0.0302596838312148 0.0457394340403265 -12.610467864919 -3.33702490200958 0.0625752289867429 3.42472241419982 12.8733375250401
"etap[62]" 0.0279893270509895 6.50817804717547 0.0306798455355146 0.0609238495398349 -12.5991429675031 -3.33119733025922 -0.00886741001072288 3.36843722967784 12.874846853903
"etap[63]" 0.0163155618453747 6.63741900396771 0.0312890932485468 0.0624045569481139 -13.114997979048 -3.36076764430733 0.0226029978541516 3.43654919567329 12.7696069781196
"etap[64]" 0.0393604252717086 6.42730486423101 0.0302986056950069 0.0505285102832036 -12.5532745662463 -3.38988249484072 -0.00933954299367193 3.41636203315931 13.0106198660011
"etap[65]" -0.014969542631884 6.54832077350921 0.0308690801622207 0.0597436230454028 -12.8415037065568 -3.3390907222916 -0.00441807414108282 3.28356070051358 12.6010771839481
"etap[66]" -0.0550217702832882 6.58619990994459 0.0310476441238136 0.0584735051326512 -12.7305932557768 -3.33863124635247 -0.0500639409821625 3.32599073909496 12.7704901614087
"etap[67]" -0.0240586023298814 6.4875317936673 0.0305825181631032 0.0497660312673325 -12.8773418206716 -3.40265555642735 -0.0177954780785631 3.37834533855329 12.8277492910494
"etap[68]" -0.043778555846462 6.52228037170526 0.0307463245308847 0.0463889082467618 -12.9599034222582 -3.39457263325377 -0.0502266094723469 3.29229088175852 12.7506122231816
"etap[69]" -0.00818326843111617 6.51437756267952 0.0307090703318679 0.0516292449109674 -12.8030076384226 -3.38509171175854 0.0106283493470909 3.38309427073886 12.813481599235
"etap[70]" -0.00754665773173211 6.45355770531742 0.0304223627747243 0.0473649563293093 -13.0280567580474 -3.39638062795464 0.0166353127329587 3.41133508845865 12.7462185671776
"etap[71]" -0.00322125556953855 6.59797452687054 0.0311031502003084 0.0718432705945414 -12.9370275543778 -3.33034800556031 -0.0258869830777245 3.30061738463848 12.9425711761576
"etap[72]" 0.0919740191944271 6.54345705355636 0.0308461523664843 0.0549081988673956 -12.7546756569648 -3.31685949063365 0.0429255958438627 3.41217822763612 13.0471388829363
"etap[73]" 0.00219764464949803 6.50365072626553 0.0306585035400745 0.0566896489129846 -12.7787854890666 -3.40351824853715 -0.0231933035417909 3.40828573650747 12.8506097592906
"etap[74]" 0.0745193978882182 6.43514677772116 0.030335572829716 0.0483254037250618 -12.5321211314462 -3.29367727914835 0.0291884189798484 3.40294986171639 12.79030199401
"etap[75]" -0.0270333331947652 6.74684571658174 0.0318049357187624 0.0573246747690664 -13.4381576549196 -3.36689347038999 0.0121716692847744 3.41047749325006 13.0066496414304
"etap[76]" 0.0572355656860372 6.64742071912192 0.0313362417859404 0.0538412117528138 -12.6659157759664 -3.35912261419585 0.0123442102223513 3.37957362422955 13.1648096692195
"etap[77]" 0.0230029095653033 6.46112902517273 0.0304580543188058 0.0406431465579313 -12.6775891348521 -3.36150970525998 0.00840612933732951 3.3544088294816 12.866452364244
"etap[78]" -0.104408205420178 6.61366917314374 0.0311771354723624 0.0816881434678102 -13.1477021796684 -3.40693990374474 -0.0150676257714885 3.36050402236542 12.5534630720906
"etap[79]" 0.0123728293634048 6.5273038990328 0.0307700056658099 0.0571196125256517 -12.6925777911035 -3.37722206567402 -0.0196757424470178 3.37189859867149 12.7310253085829
"etap[80]" 0.133335274484932 6.49356694325796 0.03061096813111 0.071519623372768 -12.3743410379752 -3.2794370225271 0.0547887059198875 3.41794687642747 12.9564950591928
"etap[81]" 0.0519078041761485 6.57833348199368 0.0310105614268283 0.0496232016853722 -12.4930183405093 -3.35638715300611 0.0271548873756573 3.40900093334184 13.1154958805493
"etap[82]" -0.0505732149070219 6.37730348034123 0.0300628969108924 0.0490194755465639 -12.9216770137264 -3.33404157942899 -0.0178395123810125 3.34199124707449 12.6428411981421
"etap[83]" 0.054912699487442 6.56366466113729 0.0309414119421645 0.0495368136331144 -12.9850980736496 -3.31686839525598 0.0220567588305505 3.41164570482789 13.0593886241806
"etap[84]" -0.0340357146894998 6.51269045327114 0.0307011172218461 0.0516720074471673 -12.9093226824104 -3.41695643951474 -0.054196295323373 3.35051190411643 12.8023183354025
"etap[85]" 0.0127104478973074 6.46682999520721 0.0304849289492772 0.0485375695978968 -12.6455185373609 -3.33435201268858 -0.020456168854442 3.31039853092375 13.0091089289174
"etap[86]" -0.0435228424307929 6.5482431385133 0.0308687141873402 0.048746805037907 -13.0491189231348 -3.41244565508449 0.011846972535135 3.39927695027515 12.6214060032516
"etap[87]" 0.0196683918738104 6.54575409287894 0.0308569807136953 0.0495947287957019 -12.9309488739323 -3.34513968034098 0.00639078797774636 3.34396863456715 13.1389784432159
"etap[88]" 0.0382273237224168 6.70514238455813 0.0316083443262826 0.0545241162867482 -12.902783130027 -3.35440264058739 0.0438651143025062 3.40773168244166 13.2547766830674
"etap[89]" 0.0389999798149656 6.65247138864265 0.0313600508703914 0.0534796660922224 -13.0123259736651 -3.38971134717262 0.0392703666914486 3.39200479977003 13.1000787945194
"etap[90]" -0.0714375554324522 6.52314888648402 0.0307504187488155 0.0642662695035545 -12.879904621448 -3.4300149560683 -0.0324170787779823 3.331264112805 12.5316710344267
"etap[91]" -0.04669592297363 6.76664473989988 0.0318982692097566 0.0579817550238503 -13.0428376939953 -3.39195398802589 -0.0623137183736261 3.37338784979455 13.0377058494435
"etap[92]" -0.0343851868329069 6.41677645708673 0.0302489743077614 0.0674742211353626 -12.5776733347186 -3.3604963911082 -0.0118472978144316 3.36117612170284 12.5773550087767
"etap[93]" 0.0192168731671081 6.63016466165595 0.0312548959509355 0.0555844488519912 -12.8539067166117 -3.44125458156163 -0.013672029774904 3.37506889054635 13.0497018835698
"etap[94]" -0.0259002320776734 6.60173503877799 0.031120877423445 0.0512237923908779 -13.1626365273525 -3.41681821464114 -0.00307620363001294 3.38297687091039 12.6387535932541
"etap[95]" 0.0432438683502089 6.57842690843025 0.0310110018432739 0.0590822761110549 -12.6196593628012 -3.35633670984276 0.001066052512318 3.37685683323808 12.8971220727949
"etap[96]" 0.0118239225270964 6.42201087723468 0.0302736496009761 0.0456769457984036 -12.8627699150524 -3.41146985482541 -0.00130065633596145 3.43242428360548 12.7141763339768
"etap[97]" 0.0204410520455886 6.56796036345558 0.0309616620770927 0.0603882089020549 -12.6911714549379 -3.34865015968703 -0.0110452484939662 3.38515704568023 12.8298742005424
"etap[98]" -0.0631239896664059 6.60811098874681 0.0311509339398414 0.0572018889009771 -12.9983246088858 -3.39163148239324 -0.0873103217171995 3.30962596886122 12.7555334315397
"etap[99]" 0.0483095808055825 6.66746795422799 0.0314307453585241 0.061928785062692 -12.7041937705882 -3.42450038136535 -0.0139471150030301 3.33680434306193 13.1294478101639
"etap[100]" -0.036875209723253 6.46561049841649 0.0304791801862749 0.0504678130433956 -12.9118368548896 -3.41808455950025 -0.0513560427035386 3.35263166550797 12.5650497441341
"etap[101]" -0.0592880232508927 6.51224701387856 0.0306990268285025 0.0522137668762509 -12.9064239656596 -3.42742242960226 0.00405107319064509 3.37641137873884 12.6458088541177
"etap[102]" 0.0920864272446029 6.43326533986888 0.0303267036466244 0.0580260650793845 -12.678286201539 -3.31300554851331 0.0384598019747596 3.40439711942164 12.9468150652637
"etap[103]" 0.0863371291241752 6.54395163511612 0.030848483846316 0.0568930918934556 -12.5704928279311 -3.31137399887469 0.0181734347427269 3.38666127213176 13.0877426817573
"etap[104]" -0.00762983254656181 6.4938880681356 0.0306124819283006 0.0522768222024198 -12.9289581904003 -3.36379011296989 0.0121921699357845 3.41539508909055 12.6377748249435
"etap[105]" 0.0402093458323785 6.49036829135289 0.0305958895414252 0.051797184919851 -12.602726044152 -3.35992621156656 0.0386107148467642 3.43511349112261 12.8435356289595
"etap[106]" 0.00348403028634674 6.36512339512076 0.0300054794385269 0.0429524460723362 -12.6826818426197 -3.34236696912292 0.0362665454776946 3.36560004456796 12.6083629358939
"etap[107]" -0.000299847324443742 6.55419723083092 0.0308967820476976 0.0520086214878683 -12.962442592651 -3.34804028825979 0.0342667927786491 3.35287880495729 12.8566180736255
"etap[108]" 0.0379790921762975 6.65420717858696 0.0313682334626603 0.077838622508897 -12.7374355348773 -3.37032168294661 -0.0264517970015654 3.38273987476206 12.7482946173977
"etap[109]" 0.00731921407985232 6.45451885564209 0.0304268936808064 0.0461450510608634 -12.8441075872545 -3.37182683087804 0.0331883828788669 3.35358174238405 12.8172086886061
"etap[110]" -0.0251116030381781 6.57435060864624 0.0309917859818111 0.0533285366015693 -12.5889399959109 -3.37623860802906 -0.0172273193824554 3.32493925104059 12.7162877957566
"etap[111]" 0.122151106064712 6.73115093588073 0.0317309498130096 0.0880752471771279 -12.5872535809086 -3.31097549654993 0.0176929125431159 3.4526165165428 13.1178694573799
"etap[112]" -0.00919132571873224 6.52887411896148 0.0307774077535401 0.048316042874551 -13.0128402588459 -3.36400274786403 0.0791266265458207 3.42998506047221 12.7649508778312
"etap[113]" -0.0552302189851649 6.38315838380453 0.0300904971905063 0.0467559621086392 -12.9682675067938 -3.3910640898458 -0.034751575561139 3.34819242759975 12.4768821050553
"etap[114]" 0.0632483164517451 6.38747548581618 0.0301108482045564 0.0443237750503767 -12.7749879829999 -3.25771601000962 0.0568725138751747 3.38662366436037 12.7248812214622
"etap[115]" -0.0556296558433478 6.40469685687614 0.0301920305262752 0.0492886832861916 -12.4670767428258 -3.37426504772417 -0.0185179152987491 3.33013419839407 12.6773188827539
"etap[116]" 0.0335313629161869 6.47476927034017 0.0305223550511721 0.0450648396088413 -12.6161142888152 -3.40497679235491 -0.0297689218910203 3.37171560670003 13.0917937711616
"etap[117]" -0.0152782462869876 6.43864508777041 0.0303520640214394 0.0511382874713698 -12.8705403736778 -3.4004175244423 0.0138038285981053 3.33642187126534 12.931946762882
"etap[118]" 0.057523291459818 6.46022062164929 0.0304537720635292 0.0588706208152505 -12.5584509399456 -3.31655298651707 0.0132080571355939 3.38433386690444 12.8503435413043
"etap[119]" 0.00645347251272565 6.62131677982715 0.0312131866360004 0.0603079223560058 -13.0788208222206 -3.38427030231987 0.00738512303878987 3.36246038419121 12.9286197428262
"etap[120]" 0.0378534505896174 6.54844060739973 0.030869645064598 0.0555279038706177 -12.5772382640871 -3.4030369692088 -0.00901511603720374 3.36409409885992 13.0034636473046
"etap[121]" -0.0476698555790547 6.49984558799689 0.0306405659462538 0.0445268202027805 -12.9507612402814 -3.341203054644 0.00369617743723224 3.31609942760313 12.6324747097268
"etap[122]" -0.103809828022987 6.37469202006136 0.0300505863690744 0.052678124219544 -13.0034279570391 -3.43322322608328 -0.050179558201665 3.33525089930253 12.4011427693597
"etap[123]" 0.0366964820283745 6.48666994556182 0.0305784553721716 0.0591206517461518 -12.8058187173163 -3.36515550842322 0.0377764992412686 3.40278237499287 12.7518125883398
"etap[124]" 0.0379786974017399 6.55378949810196 0.0308948599771805 0.0600342781641791 -12.8004525666536 -3.28117244853358 0.0922820559856133 3.40702302335165 12.8482311543528
"etap[125]" -0.0114566107746777 6.64644848367565 0.031331658624094 0.064746528149032 -13.1236045879876 -3.37323690774124 -0.00505403757330069 3.37723198024973 12.8713947243587
"etap[126]" 0.0129899967493146 6.51539409047619 0.0307138622898565 0.0466121028821019 -12.6981367695956 -3.41399232942801 -0.0220247044996739 3.35049639980395 12.7160105948523
"etap[127]" -0.0103469120320135 6.63584807607191 0.0312816878234277 0.0552108363942284 -12.7651301052624 -3.42771660069274 -0.0418979353960018 3.32149292940642 13.1392799613169
"etap[128]" 0.0325332597681998 6.54916446062711 0.0308730573414358 0.058410307869515 -12.7553246017665 -3.39390808037772 -0.0059113527283227 3.41447176668191 12.9999597859704
"etap[129]" -0.0986247914591711 6.66936797292285 0.0314397021325475 0.0625023340855975 -13.3475140661081 -3.42029843109182 -0.0489328058176935 3.32697485099417 12.6420739913002
"etap[130]" -0.110103581451995 6.59710303070401 0.0310990419279809 0.056329473734101 -13.1283569448358 -3.463854665681 -0.0693734167888038 3.30831759825779 12.6243764615964
"etap[131]" -0.0840493118273394 6.636321051242 0.0312839174497617 0.055829500277674 -13.3012045987666 -3.40271892453195 -0.0346936545651806 3.28517340531808 12.7622763867484
"etap[132]" -0.070457994883969 6.42580984671574 0.0302915581148532 0.0487026394121911 -13.0302785913016 -3.42741667824365 -0.0338783642611503 3.32615162475072 12.667476757531
"etap[133]" -0.0461336982509207 6.56296505674449 0.0309381139754292 0.0560573258850249 -12.8968331449915 -3.42600275268988 -0.0416397221281949 3.31508908353348 13.0367915099071
"etap[134]" 0.0122473226381055 6.43260082372495 0.0303235710874806 0.0485516912601543 -12.6498113130976 -3.42767125931772 -0.025413374137014 3.33692408632466 12.7362320414223
"etap[135]" -0.0418793072968927 6.41238870690479 0.0302282902550428 0.0438767174767975 -12.8648952044122 -3.38836640018128 -0.0316581019470806 3.35565854319475 12.7611648001694
"etap[136]" 0.0435074072291686 6.56149787434381 0.0309311976112642 0.0532728147456429 -12.7754638073542 -3.33724603351159 0.0185871737513913 3.43240227199401 12.9515207759118
"etap[137]" 0.00268898616325281 6.66426243206654 0.03141563438214 0.0588100393319387 -13.2326416187317 -3.4200308406786 0.0257502247593857 3.39735717100289 12.9991011699951
"etap[138]" 0.0656460869093811 6.57352677828967 0.0309879024082666 0.0513530115355929 -12.7345815308772 -3.32965698369896 -0.00047275226970087 3.39600073703097 13.1280962489029
"etap[139]" -0.0282360017748028 6.50967336720482 0.0306868945417333 0.0495006267310525 -13.0522269469547 -3.42175141631055 0.0105990728413425 3.38475703410175 12.8770003296783
"etap[140]" 0.0381192788072073 6.59760809253085 0.0311014228122654 0.0595459256248198 -12.7942053595012 -3.32295099824392 0.00443411194167648 3.39436692263747 13.0837308667351
"etap[141]" -0.0711780754644914 6.68488553934955 0.0315128526421997 0.0600648404606101 -13.2071004709308 -3.33997277315945 -0.0183268492210939 3.30987139352403 12.7484972610759
"etap[142]" -0.013268720577202 6.5421202758832 0.0308398507361001 0.0491824887788617 -12.8313366731155 -3.42758813259979 -0.0353301875955951 3.39321747725504 13.0418974124862
"etap[143]" 0.00214692874131433 6.50682030149845 0.0306734450610123 0.0568989422466469 -12.8058431023913 -3.40802111869879 -0.0154396976402892 3.38836092234083 12.908788980493
"etap[144]" 0.0644164310009613 6.53957363806827 0.0308278457703124 0.0724168679864033 -12.6983930441282 -3.38440028995727 0.0313143129603772 3.39294820288269 12.9814537874414
"etap[145]" 0.0810764521660116 6.41751095945248 0.0302524367851189 0.0455239010608211 -12.8326830271115 -3.27220702608154 0.04650613201691 3.41179736349277 13.0432304953244
"etap[146]" 0.037119421909722 6.48787527263233 0.0305841373384723 0.050832723420559 -12.7638570749213 -3.35219529254186 0.0219021009166834 3.38111752738932 12.7864879387445
"etap[147]" -0.0295597266088751 6.57299457083393 0.0309853935582602 0.0529594909937482 -12.5755263228362 -3.44063120536649 -0.0621472520115161 3.31481134883136 12.8912624659448
"etap[148]" 0.0711444622802836 6.53349588287247 0.0307991949575567 0.0576473719855113 -12.4220939719269 -3.32813480623233 0.017122140434297 3.39774984753786 13.2212086773969
"etap[149]" -0.0298651039047018 6.5712231527707 0.030977043013428 0.0472078341825296 -12.9731057454682 -3.4340630718618 -0.0550221564285598 3.36016118917879 12.890047749702
"etap[150]" 0.0136397344242775 6.55229425827979 0.0308878113490621 0.0559121265070251 -12.8699653147685 -3.37915566985557 -0.0141220132212085 3.33968195074491 13.0715377786713
"etap[151]" 0.0586227117480797 6.48604967169902 0.030575531373141 0.0505901764152903 -12.6940501255612 -3.36456229600057 0.030858148538862 3.42719589442281 13.0824228390658
"etap[152]" 0.14491755657948 6.68539575622874 0.0315152578276341 0.0694517317480213 -12.3345386914713 -3.31433650175152 0.0957798810772842 3.43501631084606 12.729216250747
"etap[153]" 0.00115850471582814 6.42810002013614 0.030302354095891 0.0517378280112321 -12.6965782879976 -3.32309935236201 0.00333624044945445 3.37147341466464 12.6404716955434
"etap[154]" -0.0300063168879212 6.6466966601672 0.0313328285392947 0.0560355999587223 -13.033877081212 -3.38756146586676 0.0099399139102845 3.41542481204911 12.7693907987808
"etap[155]" -0.0184179289551084 6.57348978782435 0.0309877280335408 0.047321987009145 -12.8597494278683 -3.39322329906993 0.00227868444135386 3.32924970187871 12.8183618376314
"etap[156]" 0.00494643352818331 6.4753922109037 0.0305252916211504 0.0598097008311171 -12.9925368187948 -3.32750128117552 0.0249041734827906 3.41522465834109 12.7360786209224
"etap[157]" -0.186073773091244 6.58335001860953 0.0310342096072226 0.0715415921085845 -13.130754215253 -3.51451472859157 -0.0928451722581405 3.25971672828594 12.4536224061972
"etap[158]" 0.0471549319167012 6.40973011397592 0.0302157575277866 0.0485591671735882 -12.6995686910956 -3.33836195470553 0.065491756040751 3.40161779395303 12.7078117011407
"etap[159]" 0.0501201737209324 6.43508106538199 0.0303352630587784 0.0506703324363012 -12.7928009518577 -3.30344209304102 0.0602468861105635 3.35569586226562 12.7823752362925
"etap[160]" -0.0465486195639849 6.48176528592824 0.0305553345849295 0.0449391316543763 -12.873701033217 -3.403876319215 -0.00383108337325845 3.35732444015135 12.6714647417362
"etap[161]" -0.00948252895227111 6.58868385709477 0.0310593535629736 0.0660638821241722 -12.95784708546 -3.35515315783092 0.00996053979342294 3.40345259095479 12.6882901750215
"etap[162]" -0.0608137201755574 6.53894730980615 0.0308248932305697 0.0524575812051273 -12.9989195648202 -3.34005019777145 0.00976593171772054 3.33081688016284 12.3665022456929
"etap[163]" 0.0138685990004958 6.53870439204231 0.0308237481052492 0.0528571602485297 -12.8083817614362 -3.3717690846216 0.00425215784448089 3.3718211814786 12.7194353609219
"etap[164]" -0.0359968608551337 6.55081740128183 0.0308808493784081 0.0538285068917104 -12.7635002839662 -3.38387601005763 -0.0543251855499393 3.30337398123653 12.6464031316138
"etap[165]" 0.0306664656323944 6.61324588667733 0.0311751400808239 0.0508296910421066 -12.7180960228334 -3.37304141282395 0.00202053525332824 3.40801973765939 13.0604204036566
"etap[166]" -0.0400708961500754 6.57681280701608 0.0310033928962374 0.0618044729555492 -13.0103983060095 -3.40774511579424 -0.0119666663289734 3.3874739060473 12.7005081084151
"etap[167]" -0.0333812127949139 6.46532285320238 0.0304778242137318 0.0576278526065363 -12.6509232589047 -3.34169939752739 -0.0303709299311032 3.33464954848841 12.7303179620677
"etap[168]" 0.00990189552577345 6.41985899136415 0.0302635055137001 0.0542523632953833 -12.7164593975153 -3.31969929201765 0.027466331997282 3.38867922693043 12.670312091802
"etap[169]" 0.0174213723608428 6.57839545741577 0.0310108535817698 0.0523890521682735 -12.6250639309197 -3.33618684955092 0.0129831150084499 3.34973517250386 12.6362236413096
"etap[170]" 0.0985699781353111 6.55177181637617 0.03088534853431 0.0520117910033546 -12.5888715999743 -3.28542426543711 0.0335830124024656 3.43901059057253 13.0407886683346
"etap[171]" -0.0695885278830205 6.47464592357806 0.0305217735889592 0.0532752600048152 -12.7503841113621 -3.42363783872837 -0.0700210932068488 3.31124754786844 12.5989709093
"etap[172]" 0.0684985311961962 6.47893823222989 0.0305420077259903 0.0567838101043268 -12.4953905061001 -3.30736784888375 0.0432934604399663 3.33544784152108 13.1523510253967
"etap[173]" -0.0786734540053165 6.65262966686474 0.0313607970010858 0.0586373550182068 -13.1117540640698 -3.42009879325079 -0.0695394665731797 3.29597287078829 12.7625006933317
"etap[174]" 0.00309333663432295 6.66841471146709 0.0314352084149501 0.0574018725359697 -13.0995752552609 -3.36647423981502 0.0325832390399852 3.40020118964002 12.9477032030139
"etap[175]" -0.0939490277016625 6.48561834185618 0.0305734980647624 0.0601428579729297 -12.882422229618 -3.42874681733662 -0.0573645248442564 3.34139253603517 12.4681702364608
"etap[176]" -0.0163909806830044 6.56047742301597 0.0309263871575722 0.0701661907360649 -12.9344880595187 -3.35558450072516 0.0121058710607037 3.36882843306387 12.6681159477505
"etap[177]" -0.0586552518406919 6.49744901506856 0.0306292683931256 0.0523320896072754 -12.809855081793 -3.41658438098869 -0.0400711396841211 3.32537755234347 12.6971798255639
"etap[178]" -0.0362765692366532 6.5729482058679 0.0309851749917143 0.0534358578224795 -12.9619624370424 -3.43956398636881 -0.0504930312459055 3.31015716763998 12.9994314954986
"etap[179]" 0.117566179704624 6.56071093412134 0.0309274879394795 0.0567258795845282 -12.6748544142654 -3.32857769646217 0.0272322918004532 3.42160243850826 13.5012758165824
"etap[180]" -0.0333497915040717 6.59416052986209 0.0310851708459877 0.051785050596748 -13.0157565923245 -3.39281144639923 -0.0144893617115526 3.37478604723815 12.6383208180373
"etap[181]" 0.0149514172261516 6.52971798606232 0.0307813857812029 0.0538276983394197 -12.8696561128253 -3.44111698473219 -0.044951568623983 3.36923824468375 12.9758219475698
"etap[182]" 0.0244397313175836 6.65908353970463 0.0313912208494191 0.0636208633485123 -12.6668192662182 -3.31308393539971 0.0430275902094524 3.36768944928663 12.8823421335731
"etap[183]" 0.0213286922918259 6.43355094965597 0.0303280500240726 0.0520903565491576 -12.7540389409454 -3.32984817683979 0.0354187354563788 3.38960420144891 12.8834337223922
"etap[184]" -0.0471680692225357 6.68582124504058 0.0315172636011285 0.0556576721879704 -13.3771625277905 -3.3596512488937 0.0348150468636515 3.39468996070889 12.8652481083915
"etap[185]" 0.0332644372913016 6.61849964215348 0.0311999065216498 0.0472124966472831 -12.8981187659171 -3.33769090363596 0.00487738884044429 3.39841767219257 13.1318674293713
"etap[186]" 0.0751329235786081 6.59609102799153 0.0310942713014437 0.056752044995262 -12.9277862268567 -3.34331188909521 0.0139594655067464 3.44004424163528 12.9269840965574
"etap[187]" -0.0369908540761004 6.33352442581374 0.0298565204686902 0.0496071894342753 -12.6467510784764 -3.41048602437414 -0.0614772030106747 3.32084276315286 12.7098435887052
"etap[188]" 0.0584550030077062 6.60030453120009 0.0311141339460526 0.0555820027183113 -12.7828221253555 -3.38139604446484 -0.0161968812150813 3.37666346948483 13.2418820638523
"etap[189]" 0.0344842257386191 6.55079583493712 0.0308807477136842 0.0495965755573129 -12.9476348516049 -3.34271511468292 0.0519684138963867 3.36674243731712 12.7268413735312
"etap[190]" -0.0169785886770543 6.45531412644144 0.030430642623307 0.0583207343345107 -12.8190688741916 -3.33228373697289 0.0318594269946986 3.33057900716947 12.711406643344
"etap[191]" 0.0675957719636054 6.6214100105027 0.0312136261296197 0.0575040940772208 -12.7436947153648 -3.32277721457013 0.0643671054597503 3.40127169046299 12.9531422214452
"etap[192]" 0.017362943830259 6.52153695133407 0.0307428200136465 0.0501109257192162 -12.6377871621487 -3.39412135890088 -0.0246299720906966 3.36257328138411 12.6710764541864
"etap[193]" 0.054596489941351 6.47641293279245 0.0305301033502787 0.0537538201972588 -12.481330261909 -3.36084316405062 0.0211689527749537 3.35632052712243 13.0280231522874
"etap[194]" -0.0146002127093724 6.57368018301095 0.0309886255650578 0.045850092458983 -12.7144114159836 -3.38102337824316 0.0122928345480647 3.337401119428 13.0283551516514
"etap[195]" 0.0206083559187009 6.42325029744829 0.0302794922838946 0.0535570490202148 -12.5668259641887 -3.37970380714508 0.0092068502815121 3.34866811772939 12.6213066856704
"etap[196]" -0.00370880812636637 6.60996683603877 0.0311596824878747 0.0579683276994449 -12.9515427346631 -3.41114924006568 -0.0371246790384517 3.33366186308187 13.197074113391
"etap[197]" 0.0256306498780153 6.43662452163557 0.0303425389813342 0.0440263167576602 -12.5453527770067 -3.35452931935362 -0.0196071096876963 3.3883491636217 12.7478041358929
"etap[198]" 0.0870777360306292 6.4675492843742 0.030488319710928 0.0506834782153004 -12.4076407353968 -3.30980270851791 0.0357262217855228 3.40127323350095 12.824410601266
"etap[199]" 0.00263858162013244 6.72309149500485 0.0316929572443702 0.056404941951578 -13.0574106870635 -3.43920619839534 0.0411493422666695 3.43720992385322 12.8661416910099
"etap[200]" -0.0694508966817286 6.468936780799 0.0304948604318003 0.0467377074507402 -13.0773829963641 -3.43703998540891 -0.0332886823204218 3.35897376920342 12.546125048827
"etap[201]" 0.113250478238113 6.53967929231447 0.0308283438292054 0.0623393761088323 -12.7560800906585 -3.28478225295431 0.122560233892334 3.47585746678533 12.8859605536105
"etap[202]" -0.0315724292691395 6.5223527820692 0.0307466658766138 0.0454393059206957 -12.8495452603719 -3.38056271905159 -0.0153113172816186 3.39449931830218 12.6727285358771
"etap[203]" 0.0680616389222825 6.54857826570889 0.0308702939920906 0.0552672238137195 -12.8312871868015 -3.36691738950372 0.0349439605490788 3.44617010105155 12.8733944490543
"etap[204]" -0.0020164689630769 6.4532593785673 0.0304209564489375 0.0555997349050353 -12.6614775429729 -3.45655971785175 -0.0245113570901677 3.38961534901479 12.878915220697
"etap[205]" 0.0775919165393113 6.53877027571786 0.0308240586838742 0.0562415554829369 -12.4641480249176 -3.33281310434603 0.0415242617782752 3.38595600469243 13.226051963459
"etap[206]" -0.0332074910093017 6.67534776749326 0.0314678911544864 0.0486461303924338 -12.7311776983439 -3.41122765018892 -0.0503439203926919 3.29691857040968 12.9658360207524
"etap[207]" -0.047999258464002 6.55683731117218 0.0309092275057788 0.0601578843142761 -12.9513579601718 -3.36932513137519 -0.0344463668840901 3.3314216992446 12.7173754968422
"etap[208]" -0.0251070046931955 6.57653201379035 0.0310020692242772 0.0467830738600947 -12.9895654671622 -3.36091007587171 0.00385569055257071 3.36973064336776 12.7522069863379
"etap[209]" 0.0449914928474182 6.44809914433837 0.0303966308714989 0.0498178270772727 -12.7285978812591 -3.36752147358103 0.0126579280093711 3.43700965167886 13.1965840919426
"etap[210]" 0.0195329483398828 6.46249989769356 0.0304645166738432 0.0534006121250885 -12.6647431825325 -3.30123209529837 0.0439686035993484 3.41888205931618 12.560059059403
"etap[211]" -0.0377488809750069 6.42784419571983 0.0303011481280272 0.0474773064880663 -12.675059613258 -3.38396086116319 -0.054147229156704 3.29041821646078 12.7543894610111
"etap[212]" 0.0543358114129745 6.49103857768989 0.03059904930152 0.0504135545838956 -12.5951805570007 -3.35562919485891 0.0185127221959526 3.39637299569368 12.8594972711212
"etap[213]" 0.0307967747508888 6.68362559861426 0.0315069132246143 0.0647335959300812 -12.6682926150163 -3.3679716283518 0.0198469518196424 3.41849810281987 12.8864591265335
"etap[214]" -0.00763338464614423 6.64837280641714 0.031340729968492 0.0751593551095889 -12.95197700209 -3.36345550488809 -0.0306773703143517 3.38825378396219 12.8453270747234
"etap[215]" 0.073691581066555 6.56369550468033 0.0309415573400208 0.0578548426959204 -12.6638229308259 -3.32145253779119 0.0242434161034831 3.38206472396116 13.1607330961779
"etap[216]" -0.069235227376442 6.66021246695039 0.0313965426634921 0.0697318188062924 -13.1639186483199 -3.3892841186149 0.016530364011344 3.3220071790286 12.8414474836809
"etap[217]" -0.017272138445115 6.49176964734422 0.0306024955969206 0.0552939458818142 -12.937640758494 -3.35894022353883 -0.01422401917096 3.37651268913171 12.8108674051341
"etap[218]" 0.0555480696717651 6.58542646615505 0.031043998074824 0.0656395783568213 -12.8723808577135 -3.34381584397477 -0.0342396041175338 3.38845493151113 13.1173911005827
"etap[219]" -0.0357370246758691 6.47602598721409 0.0305282792713293 0.0702052685135368 -12.7253264266722 -3.3259529100232 0.0185519772373512 3.34939460139184 12.5503662005343
"etap[220]" 0.0313450948879192 6.62695056860844 0.0312397445710072 0.0734825377869942 -12.8711229316627 -3.35805024544308 0.0156629192138849 3.40750028469768 12.8953716794492
"etap[221]" -0.0160579926554242 6.54077424156494 0.0308335054694724 0.049214090469642 -12.7290281048558 -3.42229429926166 -0.00964733694667348 3.34914237685991 12.7042185513012
"etap[222]" -0.0647653355243824 6.43232615750885 0.0303222762985208 0.044176155897663 -12.7039203795643 -3.42693187683234 -0.0216720670788231 3.30293650682368 12.5893611117075
"etap[223]" 0.029279260637941 6.54659665482966 0.0308609525888215 0.0576425394643274 -12.857041622122 -3.33434176181267 0.00448437925923473 3.38403123250248 12.7382946535693
"etap[224]" 0.0575909745508502 6.59666098347022 0.0310969580973367 0.0606585809070319 -12.6823286905433 -3.3670575497257 0.0247774278152945 3.42052694228052 12.8983371365954
"etap[225]" -0.0716246026808085 6.58377511427996 0.0310362135274306 0.055936963033109 -12.9350649176697 -3.36804208257749 -0.04712221122824 3.33999192795547 12.4968253537721
"etap[226]" 0.0342889591866981 6.4025259924101 0.0301817969730421 0.046053726347198 -12.7334940112539 -3.32391595175779 0.0205681203377736 3.35805285328132 13.1956403276156
"etap[227]" -0.0102198971387342 6.46692848801877 0.0304853932488436 0.0466678564779086 -12.9677293619208 -3.38082300728367 0.017329816538353 3.34735725849015 12.8559451483884
"etap[228]" 0.0711425465913875 6.41190012732458 0.030225987068814 0.0443563165268671 -12.4837340545178 -3.32591771280405 0.0151119573951875 3.43034769213975 12.8830761836699
"etap[229]" -0.0546623086847368 6.58322033326479 0.0310335982646446 0.0634145996788352 -12.7074618385079 -3.43531556274429 -0.040375775167406 3.31158978858789 12.707705596491
"etap[230]" 0.140988851023322 6.54725534703342 0.0308640576936481 0.0743215011728499 -12.472098594935 -3.28683862739542 0.0913365381418504 3.47957569559625 12.8191282332267
"etap[231]" -0.011186374593139 6.62719031310608 0.0312408747374074 0.0690938647858719 -13.0390130932111 -3.39086009761077 -0.0589158606364246 3.32551004188875 13.0091953315003
"etap[232]" -0.0134659531753606 6.49144902736246 0.0306009841798321 0.0468940715964388 -12.6634078251046 -3.3941119337475 -0.0211011631165955 3.36373431467455 12.7595952593053
"etap[233]" 0.055749925709575 6.57541579842397 0.0309968073345783 0.0493798634669163 -12.7556467729518 -3.33716152768221 0.0123038326966187 3.37853088513438 12.7584604187143
"etap[234]" -0.0452045311674793 6.539896424214 0.0308293673987958 0.0627126866084235 -13.0165505055989 -3.35570415148295 0.00807751797267224 3.34206246406583 12.6272695970201
"etap[235]" -0.00815112948202041 6.4288828284612 0.0303060442897245 0.0481904813058897 -12.8067152260172 -3.3602625784573 0.000932769086989956 3.32193886872867 12.8606594609673
"etap[236]" -0.0285576645663608 6.55182913350222 0.0308856187298334 0.0560855799205961 -12.9525463402778 -3.41200055186556 0.00339151513007721 3.37863805546357 12.7219173505132
"etap[237]" -0.0568290733774022 6.55890440066964 0.0309189718591186 0.0485297470242061 -12.9957035251873 -3.40301151789223 -0.0145199772322107 3.35380830884295 12.6428552942047
"etap[238]" -0.0154269343457997 6.52934589645392 0.0307796317339675 0.043473628983499 -12.6701032055441 -3.3816957967483 -0.0254729785910893 3.35021281400638 12.6409811680929
"etap[239]" -0.00319775611907855 6.41510001873665 0.0302410715015909 0.0512658744345967 -12.8398224857187 -3.32324354786003 0.0287697342860579 3.3511603844294 12.6804274237931
"etap[240]" -0.0944507046067274 6.60539237504834 0.031138118271964 0.0607680962147228 -13.2660284430118 -3.45420487537682 -0.0181184564002613 3.33576317922023 12.5351842182304
"etap[241]" 0.0903483880623067 6.56403153552062 0.0309431414045932 0.0522817420932688 -12.6406576099263 -3.25611032624539 0.0392175419536904 3.3637215534417 13.2250292198743
"etap[242]" -0.0419504681225018 6.51296592856806 0.0307024158248494 0.0659752800405318 -12.946687921498 -3.46330319688261 -0.0436876513867507 3.33810425132794 12.8327240194203
"etap[243]" 0.00450615745145163 6.46978239058077 0.0304988466745398 0.0564792851422041 -12.7404759038742 -3.37307770945364 0.0261204771886077 3.41085644134409 12.6532682330959
"etap[244]" -0.0148695534652114 6.55507212656181 0.0309009063457252 0.0575513799548107 -12.6603598413438 -3.42221190425372 -0.0534762473104112 3.33185503660808 12.9872256327715
"etap[245]" -0.0169465953160969 6.50390100070049 0.0306596833450753 0.0533437949747029 -12.7873582191653 -3.3086374048811 0.0102643985302201 3.35451870821568 12.7184049554536
"etap[246]" 0.0411120795958923 6.47922742827969 0.030543371009243 0.0647818634143699 -12.3367850055691 -3.3466474901496 0.0176510365269763 3.37901246616089 12.7670372529435
"etap[247]" 0.119496584836784 6.45891347354439 0.0304476101082693 0.0476530437755347 -12.6054025773317 -3.31151423111049 0.0607856066604374 3.42700635725792 13.1672722580023
"etap[248]" -0.0369915456041383 6.62908994546066 0.0312498296902053 0.0545651416507325 -12.9508228775221 -3.36799312119304 -0.0204426840867368 3.32309440666156 12.8630004132614
"etap[249]" 0.0191128316171745 6.43579110481013 0.030338610216742 0.0577470506484437 -12.7332185990634 -3.35490389836365 0.0316720619083232 3.42130807339472 12.8366778490242
"etap[250]" -0.0731690566109212 6.62627612775131 0.0312365652263166 0.0647925063088464 -13.1134002831662 -3.36099622530034 0.0052224779871421 3.36185162783489 12.5101506937149
"etap[251]" 0.0738792030480948 6.48264553004596 0.0305594840954944 0.0523664087905817 -12.7954230865498 -3.31681394982458 0.0472651181824011 3.42088693214824 12.9180783092949
"etap[252]" -0.00981319319263279 6.53383903420865 0.0308008125884687 0.053970489520872 -12.8337435777843 -3.44456750257267 -0.0256127034086107 3.33023818065599 12.8275870767596
"etap[253]" -0.0170423709744152 6.53914675123058 0.0308258334064608 0.0463384144020554 -12.852557578951 -3.33432299331628 -0.0126300707378088 3.31809370913316 12.83799729074
"etap[254]" 0.061278444405123 6.42400394308513 0.0302830450034975 0.0537714210757014 -12.529849751245 -3.29511685827609 0.0378695260468718 3.38190840057852 12.7750553228995
"etap[255]" -0.0529852259265887 6.58665347475497 0.0310497822488345 0.0551673228228673 -12.7971646958461 -3.3679626313275 -0.0386696223225464 3.28530717551983 12.695716232659
"etap[256]" -0.000527699171951799 6.52266670367516 0.0307481457172561 0.0591762931005188 -12.7717793227396 -3.42935629970447 -0.00788101911161272 3.38052538323591 13.0087635626663
"etap[257]" -0.0388493037489069 6.50149160517906 0.0306483253456635 0.0506485767525284 -12.8022257481736 -3.38444155968945 -0.0605872724741 3.33415174403962 12.5142004117289
"etap[258]" -0.0385650674846738 6.52182784252377 0.0307441912878653 0.0540778081395448 -12.8351385577121 -3.39456164417814 -0.0309973536816836 3.30425848466481 12.850720836467
"etap[259]" -0.0963325222063004 6.52746016790705 0.0307707423243477 0.0508507018601227 -13.1513071698095 -3.40998035353437 -0.04129999667157 3.29245780231377 12.5517343656549
"etap[260]" 0.0100133346670862 6.53112921695118 0.0307880383874118 0.0469758443380658 -12.7050852677733 -3.39504380598459 0.0555066419456554 3.42872316817838 12.7722765654794
"etap[261]" 0.00873013378340461 6.47364504253003 0.0305170553904511 0.0470997060896114 -12.7634243634505 -3.38305487993106 0.000499744743087693 3.3781276735445 12.8156442104231
"etap[262]" -0.0460728279722145 6.74810007224148 0.0318108488080492 0.0626616821487682 -13.4536250697717 -3.39105318390002 -0.00781464204859298 3.35941438844106 13.242767315268
"etap[263]" -0.00970774262140353 6.52731954256425 0.0307700794101243 0.0537678570390087 -12.9804299304556 -3.36171879295762 -0.000583855914552731 3.39817804865195 12.8075999706438
"etap[264]" -0.0558954298418926 6.48425982346611 0.0305670939476558 0.0464834499426627 -13.0230140618846 -3.42308745772941 -0.0298446269410335 3.35343956131611 12.8206780533477
"etap[265]" 0.0177725911165728 6.41814857312045 0.0302554425247749 0.0451022286342587 -12.7906967613766 -3.34257639040921 -0.0336942313559393 3.36698536199688 12.769980339379
"etap[266]" -0.0693789221397695 6.49760614077979 0.0306300090908316 0.0543129622336413 -13.0596728094564 -3.39904090098624 -0.0280824449721578 3.33020080015033 12.6386913951827
"etap[267]" 0.0163900713488929 6.45753697083879 0.0304411212122863 0.0570529288766243 -12.8051531221673 -3.34864089330324 0.0177840186504806 3.34548060938422 12.9348880642847
"etap[268]" -0.0535438703541883 6.54898305127212 0.0308722021695352 0.0563515836780278 -12.9791433213895 -3.36397978099973 -0.00229959434259479 3.33061806240101 12.5168716502522
"etap[269]" -0.0538799534231179 6.50513247054697 0.0306654885496037 0.0588330838967459 -12.6862996704004 -3.39118918558352 -0.0398712118563343 3.29078374999308 12.5196863227175
"etap[270]" -0.00852193887386912 6.48495860230375 0.0305703880226868 0.0481812432329777 -12.6128948495731 -3.34573719125084 -0.0123706619342941 3.31979264187475 13.082219966616
"etap[271]" -0.016510056180873 6.51198051865392 0.0306977705579658 0.0491786614352141 -12.9941465100927 -3.34901493591353 -0.0114315250077127 3.36786484153802 12.7197833803015
"etap[272]" 0.0255002800401188 6.59121321396395 0.0310712770656019 0.0615146164380506 -12.848766688786 -3.33913533275444 0.0376634708147239 3.41703079098703 12.9346761877266
"etap[273]" -0.020594446022044 6.43020712849616 0.0303122870999581 0.0523958028818031 -12.7078811930713 -3.39327925728913 -0.0208609302528977 3.35066385290151 12.7031543992271
"etap[274]" 0.0783702193668708 6.54666003222205 0.0308612513527144 0.0571584385073272 -12.6599773231831 -3.30808505529572 0.0219784512344919 3.39966467399131 13.022586204513
"mean.p0" -0.26485635752701 0.31124895872126 0.00146724166232703 0.00345878750685657 -0.900361785499911 -0.458799607982769 -0.261572109017389 -0.0665793664227896 0.342307159370718
"mumup0" 0.863032177491812 0.071709283788697 0.000338040805606788 0.00131857574380019 0.691230945680164 0.824543055415581 0.873913778826023 0.914463987901414 0.968068251435496
"mupsi" 9.03894201804328 1.3885953056055 0.00654590104611636 0.0102595223026809 6.44967920434568 8.07201978142015 8.98681607339966 9.93980075302847 11.8922330364399
"ppo[1]" 0.501889326213851 0.131816590527712 0.000621389366900238 0.00127175550176908 0.257710116174948 0.411920964141293 0.493196680600672 0.588511870108284 0.776565590803681
"ppo[2]" 0.50194589575371 0.132388768610521 0.000624086640249577 0.00123162820962713 0.256440352074851 0.410781759795046 0.494225439277484 0.590147387674879 0.777155485329113
"ppo[3]" 0.434758368651213 0.12704407374541 0.000598891507032955 0.000963104639265329 0.190393551619538 0.349028812935866 0.433093841504615 0.516811257449453 0.694504014261696
"ppo[4]" 0.272097394667489 0.156525337427883 0.000737867516818457 0.00370908033700713 0.032317328219031 0.148009361792951 0.255715870929233 0.379942442855081 0.607059378538386
"ppo[5]" 0.307450504234733 0.129002610201113 0.000608124136426481 0.00231343338558513 0.0720693539967934 0.209963369300009 0.305850099145481 0.402848791224523 0.556384584551661
"ppo[6]" 0.567260069628008 0.137656843184812 0.000648920581951423 0.00209795247025447 0.320402451871233 0.4662309228743 0.5575270476726 0.664478920765686 0.844878837381178
"ppo[7]" 0.434293729049956 0.126763326583448 0.000597568052219473 0.000902909632828344 0.190941662413496 0.348480747428595 0.432474519148508 0.516027910532193 0.694547738815622
"ppo[8]" 0.501536307249538 0.131305562195488 0.000618980356239611 0.00125795753041067 0.256323211437141 0.411802416786641 0.493927820516957 0.588426837786335 0.772039017793035
"ppo[9]" 0.433901212412514 0.128114161621197 0.00060393594965585 0.000985890485966412 0.189533381426894 0.346738915105258 0.432072010762154 0.516320042502299 0.697250523716502
"ppo[10]" 0.370345157205235 0.126739862975851 0.00059745744371252 0.00152906229714767 0.128519877548824 0.281716162362684 0.371461634131547 0.456764770186919 0.620768694437721
"ppo[11]" 0.692834973066188 0.15716344573605 0.0007408755882307 0.00376155160687788 0.397859653536507 0.571849185479393 0.701644483906882 0.817816475795759 0.95922016389428
"ppo[12]" 0.368265161383356 0.126554805180309 0.000596585072898261 0.00148534849759012 0.126952017455846 0.279137729555825 0.370269727267203 0.454263969342718 0.616224060473416
"ppo[13]" 0.435089093942986 0.126429719300435 0.00059599541240566 0.000950563634460879 0.192178917364883 0.349655743550568 0.433038894728303 0.516724985357865 0.695017494541819
"ppo[14]" 0.434949279949546 0.126931818011601 0.000598362328428931 0.00100729933800866 0.191124487146989 0.349487060277317 0.43337252937057 0.516561131444537 0.696155084575829
"ppo[15]" 0.307712966054724 0.129113511489866 0.000608646930115279 0.00213871781406857 0.0724517556263175 0.209779533081825 0.307903747099247 0.403277193812012 0.552479586115274
"ppo[16]" 0.501749391151527 0.131710305987196 0.000620888336771343 0.00117479992660833 0.254996030748392 0.411477855186133 0.494530730243585 0.589412700387147 0.770412110919291
"psi0" 0.99971424164611 0.000524152676118503 0.0000024708794110698 0.00000372384256641655 0.99842146643136 0.999687945242118 0.999874968032473 0.999951785413991 0.999993156695765
"sdeps" 0.812827070094074 0.424789920347063 0.00200247888838068 0.0125265704183265 0.0967827442362199 0.51902113531766 0.776026834660167 1.06338513678851 1.76620058975629
