"Mean" "SD" "Naive SE" "Time-series SE" "2.5%" "25%" "50%" "75%" "97.5%"
"N" 40.2248666666667 1.25559327025966 0.00591892343875198 0.0175069626117886 39 39 40 41 43
"betapsi[1]" 0.0370563709113851 2.85363477675176 0.0134521633444729 0.0191956524216555 -6.22194533663441 -1.30242473804943 0.014241876679228 1.40324028783045 6.23670649860367
"betapsi[2]" 0.040939403601543 2.89972394548891 0.0136694297694948 0.0213924797717539 -6.15712638434655 -1.35390260509332 0.00038367085478837 1.37670687346541 6.45079664801507
"betapsi[3]" 0.0264826589056392 2.86109118687322 0.0134873131988741 0.0208237007266454 -6.03512288609949 -1.34285728560899 0.00208253646112753 1.36521672504032 6.2338332147983
"betapsi[4]" 0.0108536773884924 2.8446118058132 0.0134096286515588 0.0217631029264924 -6.09246905445417 -1.3330778113863 -0.00466875620708825 1.34143040581843 6.19569875495204
"betapsi[5]" 0.026584024728441 2.87445762295827 0.0135503231828477 0.0200500776041399 -6.1315967660979 -1.3801246613388 -0.000672624456811092 1.38584898297035 6.30917498237682
"betapsi[6]" 0.0650438858796046 2.85714952754948 0.0134687320386278 0.0203442583877147 -6.02506266529643 -1.31362488115791 0.00537463049524961 1.40413640664363 6.34817302831844
"betapsi[7]" -0.00397785137826835 2.83142942321925 0.013347486304063 0.0209849949547221 -6.11277198617157 -1.35114754447628 -0.00422382073652976 1.35016746030492 6.19436071433277
"betapsi[8]" 0.0457965993129399 2.88632088579231 0.0136062471401607 0.0216579973557217 -6.10145533952323 -1.35316863546056 0.00321104728988458 1.38505359229092 6.40931074610026
"betapsi[9]" -0.00674887947170613 2.86481202554132 0.0135048534005669 0.0203850466644813 -6.26827378998624 -1.3797484777752 -0.00558109901612929 1.36015517521429 6.18858102233319
"betapsi[10]" -0.0043715438899881 2.86213722146635 0.0134922442532352 0.0219413456040561 -6.22771796557446 -1.38250628516747 -0.000879822396663388 1.34351189982336 6.23206888730579
"betapsi[11]" 0.0628637919085562 2.85992898587816 0.0134818345308427 0.0205180957687407 -6.05249228327686 -1.33154528171752 0.0106191136809499 1.41761391873669 6.36192253061947
"betapsi[12]" 0.0272593459558106 2.91076239238009 0.0137214655071649 0.0212897751343672 -6.20805644886679 -1.36278645300177 0.00172795680169725 1.40484376216654 6.41449980191205
"betapsi[13]" 0.0165219465580155 2.86679957280782 0.0135142227882341 0.0209653383401276 -6.05561887032855 -1.36652931330556 -0.00557198966636686 1.3523208591702 6.34006660961601
"betapsi[14]" 0.0018812995126926 2.88523572667096 0.0136011316510049 0.0215831196846774 -6.21120532599194 -1.37713459452384 -0.00684524210429322 1.33952271397351 6.24992845243651
"betapsi[15]" -0.0152531244590136 2.85981845222115 0.0134813134701866 0.0208469880863916 -6.22140352493482 -1.38378205373742 -0.00788809424795282 1.32087351251213 6.23668178720195
"betapsi[16]" 0.049365541971538 2.90758709628758 0.0137064970178363 0.021766054965198 -6.18799803051066 -1.33332884793983 0.00204270394413584 1.39447296422344 6.43171875571095
"etap[1]" 2.09920715417809 5.31286106027919 0.0250450672215025 0.28025192553835 -8.48001039559777 -1.08294899222579 2.34739954835298 5.12603723345606 12.7692432916551
"etap[2]" -1.45085421380721 4.63703714102212 0.0218592027135375 0.153815908513765 -10.9127379632906 -3.98662378815435 -1.41409862680397 1.19665747005784 7.59343645094877
"etap[3]" -0.233705391970616 3.50208772258155 0.0165089998463171 0.0300800729983522 -7.3864999242184 -2.11808386528902 -0.200021368441935 1.70004341107727 6.67752646509548
"etap[4]" -1.50258071034894 4.6898644962542 0.0221082332543159 0.183143593995523 -11.2082257677536 -4.04307883601227 -1.42061711017951 1.20333595793606 7.55741371414778
"etap[5]" -0.307882557724447 3.5356360221629 0.0166671480471921 0.0341289231890333 -7.59873278582801 -2.1648415094938 -0.225674420697761 1.67807758322451 6.54832712236954
"etap[6]" 2.09231452249883 5.31420641637085 0.0250514092909393 0.275589952767035 -8.55334618306173 -1.0390777123581 2.34678957938072 5.10965979866161 12.6949915033833
"etap[7]" -1.44943555794762 4.68865828965768 0.0221025471418898 0.16989907526898 -11.1557491941397 -3.98929948654763 -1.39695904241474 1.2552520578608 7.65466441442498
"etap[8]" -2.90645678308345 6.85433505928581 0.0323116453396379 0.441412521934009 -15.7206169746902 -6.88525770227521 -3.58220820145784 1.22907368161323 11.111288352954
"etap[9]" 0.871591366837405 3.87016579431968 0.0182441365165311 0.0761064689746959 -6.56536378179657 -1.32809827696999 0.757062852887133 2.96063931444186 9.04263081162021
"etap[10]" 2.12866831784926 5.38913905344004 0.0254046451296313 0.292432594185924 -8.63049061694855 -1.05683749948945 2.36707685808349 5.1556066440373 12.6349392211013
"etap[11]" -0.298258883153863 3.58724109199848 0.0169104166793544 0.0301278518721534 -7.56010904973602 -2.14484198837536 -0.253802800272299 1.62202862390531 6.6482696189759
"etap[12]" 2.03400146942019 5.28443244647894 0.0249110534508498 0.249986414819912 -8.44323840212409 -1.09982597031449 2.29406173264901 5.04695190670101 12.5390413811773
"etap[13]" 2.07054262397452 5.26976538365122 0.0248419122536127 0.27850218125725 -8.52632418271219 -1.12354063732554 2.34871820558748 5.10614024367207 12.5272892678716
"etap[14]" -0.227192832765954 3.49700484545568 0.0164850389337595 0.0298483045177846 -7.52827781437436 -2.12466335636862 -0.179892172440134 1.74349290429801 6.67411983496868
"etap[15]" -0.272511177460226 3.55971156267798 0.0167806412335851 0.0301283411611478 -7.70381574137878 -2.15692000117129 -0.190885697236789 1.70741441300628 6.63306216541059
"etap[16]" 2.09768351309114 5.43325747590393 0.0256126213676278 0.274023217989501 -8.72821622200199 -1.10286044796895 2.29636369828547 5.10494276725056 12.9927825633855
"etap[17]" -0.293555699059358 3.5121865842662 0.016556606336847 0.029874567283764 -7.52362098875559 -2.17733624186875 -0.198466162068464 1.66726248218497 6.57157327723162
"etap[18]" 2.07224256412272 5.34794069224957 0.0252104341924877 0.289713083478234 -8.47963016073873 -1.13222709723766 2.26653217949015 5.10194154908003 12.7590665385231
"etap[19]" -0.281256919983953 3.59405882386069 0.0169425557755683 0.0286263589873307 -7.70444215462095 -2.16269326728543 -0.224201067011069 1.69125506277082 6.61199778078458
"etap[20]" -1.46792373992952 4.59305064130579 0.021651848365337 0.157478713203614 -10.9219782374542 -4.00417141174663 -1.44468122633767 1.23163186933859 7.34996905098695
"etap[21]" -2.90210109209767 6.86620568628815 0.0323676040119732 0.462003705766833 -16.0806871026264 -6.85264355984745 -3.57551965391728 1.25728656496469 11.1017819939244
"etap[22]" -1.4727066457691 4.58995516381854 0.021637256144522 0.157447078504839 -10.929919248723 -4.00842859847706 -1.43199401702097 1.20008158803838 7.44713066654029
"etap[23]" -2.92690466505216 6.85003334749045 0.0322913668757632 0.448084363734746 -16.0719515715435 -6.89867289392472 -3.55151240390516 1.27947054830202 11.0876329608762
"etap[24]" 2.11483322851459 5.33365290221932 0.0251430809043639 0.277124585648612 -8.42575924026253 -1.06795028087904 2.33102764984652 5.14957077304369 12.7974502538109
"etap[25]" 2.09901414622154 5.31504404509952 0.0250553579106336 0.298470810773844 -8.55074141217197 -1.0877845711492 2.32350251016273 5.13806479997067 12.6347113904872
"etap[26]" 2.07923841800101 5.28296977267515 0.0249041583404143 0.289498510460846 -8.46530588769693 -1.17812809373028 2.3396884120468 5.08687284524194 12.6764060287842
"etap[27]" -0.222274727743025 3.58894406755549 0.0169184445831181 0.0319479277978187 -7.53807109527449 -2.14360481557462 -0.183311669704349 1.71914789928938 6.91407549279413
"etap[28]" 2.07793877668825 5.30407311114116 0.025003640431981 0.259878207547489 -8.47262629535303 -1.13078559173978 2.34226494138036 5.13922022377901 12.823951270448
"etap[29]" -0.251134394963081 3.58183460950352 0.0168849302764574 0.0331002326478941 -7.55729475444451 -2.12206512178865 -0.195046917423243 1.66867574632035 6.75600377767077
"etap[30]" -2.96864911106219 6.89528168183142 0.0325046695694292 0.466317279371938 -16.3586020291231 -6.93515158975049 -3.5642024113486 1.33973458521585 10.8792652815174
"etap[31]" 2.0732222943055 5.31143068118033 0.025038324349766 0.285187850716735 -8.56157299147449 -1.06484116341477 2.32156840108513 5.0953934972271 12.5566873157472
"etap[32]" -1.54671765173111 4.65779025127741 0.0219570338134857 0.159377628418626 -11.3801158511801 -4.08262169771869 -1.47194410779052 1.19628445695502 7.50060223064593
"etap[33]" 0.934006353437184 3.93224238382565 0.0185367683658152 0.0805652044238312 -6.55720690055887 -1.30167763302867 0.813442313130663 2.98918830342083 9.09382765377556
"etap[34]" -1.49006722668897 4.64366764347356 0.0218904592018447 0.169465811918199 -11.2395879341627 -4.01522987531038 -1.41933458816925 1.20266895446522 7.60545186433638
"etap[35]" -2.93990300956149 6.86986423121298 0.0323848505581441 0.456852696877119 -16.1428720039223 -6.90684606083292 -3.57986667056705 1.29779981703204 10.9363111513714
"etap[36]" 2.09404144215507 5.33599676855748 0.0251541299962433 0.279868059603117 -8.42955110082335 -1.10996168054667 2.31298530936637 5.12302147875268 12.6547785867947
"etap[37]" -1.46522336907199 4.66433916170019 0.0219879056732812 0.163907439269117 -11.086985432722 -3.99097277659745 -1.43769900676443 1.17993905061117 7.60257316768493
"etap[38]" -2.91039453165425 6.79166634603844 0.0320162221922683 0.458120060362694 -15.897659536102 -6.80460513652331 -3.55452324199042 1.2540454202078 10.8212517360302
"etap[39]" -1.49072803260812 4.69512593425211 0.0221330359108966 0.152427906159972 -11.0207300610864 -4.0146385856844 -1.46219848143392 1.16538046258361 7.56077677696334
"etap[40]" 2.24207942591232 7.02219553002466 0.033102947187322 0.211134850545615 -11.8319748475006 -2.46457441774057 2.91515583191716 6.58365825535554 15.6560448717679
"etap[41]" 1.18436809880232 6.52129290862552 0.0307416695852857 0.108321292202925 -11.2879701688974 -2.83066653273302 1.16376981289108 4.97446118071995 14.145686200311
"etap[42]" 0.4898507373508 5.95242212095192 0.0280599869747328 0.0579309461651249 -11.2072068948237 -3.03142858100038 0.393994407383276 3.95910203773855 12.5037773582103
"etap[43]" 0.222770839516906 5.72317780893405 0.0269793189242242 0.0440606085683136 -10.8809592021195 -3.08841333542831 0.159309745317932 3.44751981896179 11.8491757112003
"etap[44]" 0.113354538410622 5.60172155073289 0.0264067686322803 0.041520640964089 -11.1202114163373 -3.06597059705137 0.0896759946496463 3.26215686495173 11.558530878824
"etap[45]" 0.00385473707825377 5.53457682769328 0.026090245372399 0.0370816078232535 -11.1606736052909 -3.18967288112467 -0.00266999600711304 3.16150183082767 11.159858288561
"etap[46]" 0.0213831256237591 5.56130822857344 0.0262162584046189 0.0402278734786905 -11.0933186210209 -3.08359288476865 0.0274885683090136 3.16054287626038 11.0949834914694
"etap[47]" -0.0227755572076835 5.53437232708602 0.0260892813472913 0.0507328348900472 -11.0712831974558 -3.15976264014157 -0.0438793922476488 3.06384050822095 11.0961148368917
"etap[48]" 0.00515785816816212 5.48979450241342 0.0258791394665144 0.0359230390975969 -10.89394613724 -3.07967858807555 -0.0196435036227986 3.09730998916939 11.1333379256935
"etap[49]" 0.0578781794227667 5.54063083060445 0.0261187842158111 0.0375763616242906 -10.9746567844155 -3.08918221753381 0.0587680527933497 3.16257008698488 11.2082435845314
"etap[50]" -0.0313882563361851 5.55052025031451 0.0261654033874043 0.0454960482428391 -11.107448080621 -3.12131046927975 -0.0355807740922984 3.10242571133682 10.921456641146
"etap[51]" -0.0311639321199931 5.50048960170253 0.0259295566480663 0.0347781817407245 -11.0924153619246 -3.12583677732069 -0.0293634810393535 3.08923551779383 11.1004962541824
"etap[52]" -0.0470642540152945 5.48379664770549 0.0258508653082707 0.0378306909973728 -11.0108536964895 -3.14085062501171 -0.0230786836566819 3.07879140630969 10.8697170092757
"etap[53]" 0.0481930631586225 5.51666049943583 0.0260057869910336 0.0415555943468794 -10.8608702007756 -3.12816731963117 -0.0040855586963101 3.16433430045414 11.2529419750346
"etap[54]" 0.0188433668582792 5.54424692439427 0.0261358306454123 0.037352088129142 -11.1121554728189 -3.13019121629605 0.031622662783232 3.14054621035483 11.3929866396623
"etap[55]" -0.0156310907381875 5.49970816735962 0.0259258729312468 0.0366648643102184 -11.1007921163379 -3.15440750110599 0.0166366308104842 3.11402816501289 10.9882769936124
"etap[56]" 0.0361517987264605 5.56913083656267 0.0262531345323238 0.0397859173202606 -11.0618430494799 -3.11675236602611 0.000805162362859497 3.13812575732979 11.3621507255417
"etap[57]" -0.0225928520488546 5.58983992777938 0.0263507581245341 0.0390385216390694 -11.1947629572751 -3.15590958767844 -0.0136418036791708 3.10485909238011 11.1582861408372
"etap[58]" 0.0416800183235043 5.51648296603626 0.0260049500905621 0.0402685977419403 -10.9768290306759 -3.07787147471672 0.0294734682224019 3.20900473401895 11.1177592389459
"etap[59]" 0.0228801556302218 5.51938833738928 0.026018646142466 0.0357365494547867 -11.0156205404654 -3.11832722768427 -0.0145736876616206 3.14244486169097 11.2304654155611
"etap[60]" -0.0424078021276215 5.5153419631133 0.0259995713512009 0.0371804363805982 -11.0318806669594 -3.12864512612027 -0.0119920010338109 3.11617004843117 10.9520466313518
"etap[61]" 0.00855057267355093 5.54121451748971 0.0261215357421755 0.0436901457907082 -11.1625450026302 -3.08421216874467 0.00373380024109881 3.14220801195068 11.0335658665882
"etap[62]" -0.0044240319858489 5.49695212586948 0.0259128808270675 0.0384698722538997 -11.2369857386356 -3.12282005991641 -0.00409994666106622 3.07131062514254 11.1818795268607
"etap[63]" -0.0108832444650812 5.53261633505469 0.0260810035214709 0.035995602227237 -11.0687236450039 -3.13948341775017 -0.00603236200342249 3.13088249923755 11.0800965991807
"etap[64]" -0.0480251085730017 5.54090010230327 0.0261200535747725 0.0383580997006535 -11.0639756624234 -3.19666482139253 -0.0401807367946134 3.11126636007127 10.9339266223558
"etap[65]" 0.0640260143833584 5.46930609466602 0.025782556186155 0.0362417426447648 -10.9765254503885 -3.06392195858434 0.00857038657930229 3.14642007681465 11.2410684486662
"etap[66]" 0.0126799044625694 5.58185717218241 0.0263131270537663 0.0411375737781266 -11.1075130674365 -3.10647072983174 -0.000771270699735872 3.13362771943625 11.080218412972
"etap[67]" 0.0157472047867747 5.51118807957119 0.025979989756395 0.0365777145359724 -11.1061900274843 -3.09788180068161 0.0448383693227586 3.16661835255567 10.9620164524348
"etap[68]" -0.0915896086472679 5.50961754339575 0.0259725861778634 0.0384360972375614 -11.17086537017 -3.153620975004 -0.0469142254421567 3.06415728265997 10.9194893498032
"etap[69]" -0.0348911239018885 5.46801047644012 0.0257764485832659 0.0404824333482384 -11.0210285766106 -3.15862694605611 -0.0448549700374759 3.11403361526539 11.1007883773362
"etap[70]" -0.00460713514755877 5.59384446367211 0.0263696356877692 0.0408269162191629 -11.0405852545016 -3.16016802936548 -0.00872232814244667 3.10691046778929 11.1508892770831
"etap[71]" 0.0156918122003507 5.54973755808711 0.0261617137408605 0.0414314870899166 -10.9668072755964 -3.13976260449642 0.0231701162424382 3.18491391743476 11.0452896265196
"etap[72]" 0.0223652718560248 5.58061946545694 0.0263072924483083 0.0416693561314229 -11.1647493473011 -3.18942934441823 -0.00412705385903176 3.1641141421437 11.2758210770254
"etap[73]" 0.0025045260414291 5.53317070334602 0.026083616838658 0.0366213144413048 -10.965199252639 -3.14357967789386 -0.0133473674281147 3.13579913816447 11.0332377999721
"etap[74]" -0.0315706682647116 5.46502575139198 0.0257623784544558 0.0390495867513364 -11.0989507788595 -3.14296525623167 0.0348513473001185 3.08707719294999 10.7712838687115
"etap[75]" -0.0414409295945884 5.49601632317286 0.0259084694108499 0.0368306090884386 -11.137286858756 -3.14578180767487 0.00122133241097464 3.08624277827586 10.8053251677004
"etap[76]" 0.0186096204583147 5.60189641388516 0.0264075929450853 0.0461388107954327 -10.9274041197548 -3.11441916049579 0.0337817619417329 3.09661087268456 10.9417208441466
"etap[77]" 0.00981530258029954 5.52840858210283 0.0260611679838321 0.0438015519537873 -11.1365593181394 -3.10690464892757 0.0152224156840381 3.16849288801329 11.037896939587
"etap[78]" 0.0295067724166796 5.45904399147303 0.025734180167775 0.0369445467788266 -11.0531118065371 -3.10098741138081 0.0336158752533606 3.18571690207655 10.9263746805592
"etap[79]" -0.0168888168018614 5.50592029020547 0.0259551571591793 0.0405789493788638 -11.0013639042455 -3.13722166429992 0.000756515648599223 3.1025774690415 10.9388532876014
"etap[80]" 0.0756769314182055 5.54082783098866 0.0261197128845282 0.0416871863725233 -10.9019973119233 -3.07574799982727 0.0438725925544236 3.1593998336161 11.3116907148634
"etap[81]" 0.0205005832374573 5.56190022875752 0.0262190491202497 0.0393963186125379 -11.0093331135314 -3.11992792140638 0.0220891443347378 3.10736953737567 11.2278040802269
"etap[82]" -0.00419331795868674 5.57622109224536 0.0262865583181477 0.0405270805216991 -11.0852070080173 -3.14064821906313 0.0277958558900216 3.12298351717803 11.1223249109948
"etap[83]" -0.0371359122968252 5.50453895678196 0.0259486454909737 0.03611060148855 -11.3247097266464 -3.17185222638242 -0.00785756809935473 3.141738307832 10.8902049187585
"etap[84]" 0.0193206910974049 5.5342782716114 0.0260888379655319 0.0360687628137112 -10.9714517107188 -3.13307741199424 0.0148448755977203 3.13974325253934 11.1843197518847
"etap[85]" 0.0330726950952556 5.51240644110164 0.0259857331677292 0.0377888921062807 -10.9152349207564 -3.06630479762739 0.0288969760433958 3.17734854758653 11.0648607300328
"etap[86]" -0.0695897234939966 5.55364698480145 0.0261801429551288 0.0383945383068722 -11.2985261668825 -3.19760071500448 -0.0573233953473834 3.0720224600197 11.0311610366902
"etap[87]" 0.0461453099309747 5.51535065988191 0.0259996123481613 0.0409664397264954 -10.9878140509985 -3.13119313249788 0.0295919700334478 3.16459128272617 11.3166067781222
"etap[88]" 0.0288956530530459 5.513705270551 0.0259918559084708 0.0494359622872271 -11.087890022721 -3.04095669172869 0.039023940987132 3.13700205204436 11.0374028025629
"etap[89]" -0.0128054880653813 5.55247328443044 0.0261746100785194 0.0393285268582484 -11.1536566626317 -3.0810228228732 0.00799576681931154 3.11322501595575 11.1102178649365
"etap[90]" -0.0463548390379519 5.51994873748106 0.0260212878938332 0.0379342852577076 -11.2681167879009 -3.17122369702711 -0.0343635755810088 3.12297142372486 10.8363117833939
"etap[91]" -0.00772734057429332 5.53295911919692 0.0260826194214139 0.03501502324824 -11.2455129899452 -3.13513047710384 -0.0104473070425271 3.1403061829069 11.1591041300118
"etap[92]" -0.00669936503188598 5.57711476696773 0.0262907711411901 0.0361990674020897 -11.1639478453995 -3.14724978346491 -0.0277789159672937 3.16643725893905 11.1176416261648
"etap[93]" -0.0399522856178148 5.50357252524698 0.0259440896890274 0.0367103514232273 -11.3519157866099 -3.16448385099483 -0.0412843053588818 3.1387829161372 11.1522873761084
"etap[94]" -0.00383558347991718 5.49232099429229 0.0258910494634488 0.0361146455917077 -11.0975788531826 -3.12416110717141 -0.010949092539969 3.10934061847384 11.086294595479
"etap[95]" -0.0381870009258892 5.53723519356634 0.0261027770293038 0.0388522882041544 -11.0957655740823 -3.16582310613237 -0.0132260387211076 3.09141855391447 11.0822104508676
"etap[96]" 0.0190034557492359 5.57888332549472 0.0262991082060392 0.0369185377241234 -11.2219796317005 -3.10507268301345 -0.000860908560841249 3.17440768415561 11.1627351982524
"etap[97]" 0.00901411472136309 5.52769303712421 0.0260577948724546 0.0406098774266931 -11.0339891630082 -3.10507176284801 0.0208268582217825 3.1283101721823 11.0875333006472
"etap[98]" 0.0784418457876026 5.50672588756055 0.0259589547815305 0.0380213671941046 -10.7684832324529 -3.09273715373867 0.0355923887191985 3.16054857058191 11.1361932098903
"etap[99]" 0.0180905167059569 5.46270683994506 0.0257514470010619 0.0380195543565367 -11.0363857873603 -3.12045522911749 0.00987659730562924 3.11291845882103 11.0502037468455
"etap[100]" -0.0102601978607234 5.51383039816594 0.0259924457657044 0.0350483966925002 -11.1399810726242 -3.17138794500804 0.000396156122048106 3.16924440977461 11.2207155626211
"etap[101]" 0.0913822716625163 5.49882639186485 0.0259217162017013 0.0406267739666295 -10.7083874440958 -3.04816042834541 0.0402248480807988 3.17270535823411 11.1687223354005
"etap[102]" -0.0274029312128228 5.47588803343988 0.0258135837430907 0.0347242270424136 -10.8867496109248 -3.15088576529664 -0.0378404531204934 3.07613891235537 11.0424265695687
"etap[103]" 0.0476103505759191 5.47067127499764 0.0257889917079553 0.0384131210066155 -10.9049626358931 -3.09021848072914 0.0228061759809648 3.12255772340392 11.0899458581074
"etap[104]" 0.0202461292408614 5.51416098689091 0.0259940041758991 0.0370410596160287 -11.0168756258448 -3.10503299567536 -0.00975713884344608 3.08879933918562 11.2339857379271
"etap[105]" -0.0575433427734994 5.6061212894575 0.0264275091995312 0.0383038379477245 -11.3162829153542 -3.15417607052928 -0.0733721769162788 3.0811462319653 11.110546786306
"etap[106]" -0.0632511212745673 5.49009937836428 0.0258805766655296 0.0342587243621764 -11.3567014193378 -3.13296014781745 -0.0257283040117388 3.07594875083671 10.9159848310832
"etap[107]" -0.0487404185777468 5.54978526885453 0.026161938651575 0.0370386088983172 -11.3759159519665 -3.15016866840703 0.0144373695018287 3.10878811402944 10.9128458550306
"etap[108]" -0.0166388477504938 5.48327599504794 0.0258484109281054 0.0393294585940459 -11.059812422541 -3.16502738377129 -0.0004011575102267 3.14760470101148 11.0280766984538
"etap[109]" -0.0489598016320171 5.53121122365597 0.0260743797628152 0.0394099229534483 -11.1806886212672 -3.16032299292721 -0.051880137110371 3.08330739679607 11.0172846119724
"etap[110]" -0.00701310182044973 5.60470715681776 0.0264208429143374 0.0382862242837205 -11.1464823564017 -3.1294162568692 -0.0217619751517877 3.08341494213763 11.2061573123001
"etap[111]" 0.0410072352638628 5.42470638180657 0.0255723111234758 0.0345140533443201 -10.8047780551997 -3.06161268912697 0.0247305976904378 3.12985004263412 11.0097982642159
"etap[112]" -0.0557341792411527 5.45165146036146 0.0256993314419142 0.0360585030281876 -11.1324513958042 -3.16958326546902 -0.0199827288975892 3.10820370995499 10.8604906738859
"etap[113]" -0.00467613077047844 5.54884230627684 0.0261574934833544 0.0397658630868596 -11.1410721596598 -3.1606888286526 0.00415168500162282 3.17508517356253 11.1455926425033
"etap[114]" -0.0292283803115865 5.57803005729148 0.0262950858611546 0.0392838682691683 -11.2219165294487 -3.15377573560849 -0.0315745254263632 3.12606093608859 11.0727434818024
"etap[115]" -0.0380676096781452 5.57129531558553 0.0262633379842892 0.038228830034885 -11.1669075967093 -3.16419896200196 -0.0267083176139964 3.08282288688639 10.8960841592487
"etap[116]" -0.00322161157651076 5.50426111543648 0.0259473357343104 0.0379239436404449 -11.1975310092506 -3.07986367519473 0.00315098729432062 3.14548134419643 11.0303360842847
"etap[117]" -0.0180097194361229 5.59785796132546 0.0263885554971489 0.0373651705025578 -11.3853848212198 -3.08488980893714 0.0105042766527134 3.09082974207745 11.1494437643503
"etap[118]" -0.0157834584551626 5.4733603569693 0.0258016681619374 0.0374403343968966 -11.0740336311735 -3.12858296511586 0.0159480155554504 3.10875438988871 10.9292755141516
"etap[119]" 0.0100474625822688 5.47388927905185 0.025804161524546 0.0355569749159823 -10.955986471502 -3.11833868492171 0.013343436086192 3.15402166924188 11.0180168119208
"etap[120]" 0.0262011723226828 5.47632194031539 0.0258156291997179 0.0345224775957454 -10.9817961525347 -3.10343952884949 -0.0215588571512091 3.18493565561877 11.1215709257137
"etap[121]" 0.0304663045247187 5.46700456275385 0.0257717066606736 0.0360105978801025 -11.1009746576176 -3.0556092750083 0.024013915717089 3.12771196391363 11.131541638046
"etap[122]" 0.00882724601320701 5.58253800870001 0.0263163365478895 0.0454500174262453 -10.9728224949525 -3.14815819146846 0.0198953855121562 3.16404883527202 11.1954323037958
"etap[123]" -0.0728312787444633 5.52790139925824 0.026058777100974 0.0381352677674981 -11.1134071964041 -3.18324827721775 -0.0338389994415221 3.08162484824545 10.8343008609296
"etap[124]" -0.00667173524628532 5.54387535302125 0.0261340790411619 0.0382702995325723 -10.9844023280455 -3.12351971370945 -0.023677270575447 3.1236803655521 11.0350968855618
"etap[125]" 0.0264425186275748 5.54850342456239 0.0261558959796323 0.0373329179317777 -11.1374569808118 -3.11870702064214 -0.00819453302295846 3.15831073683976 11.1886435619755
"etap[126]" -0.0104187697258149 5.549944981826 0.0261626915457428 0.0546854249583291 -11.1503058039862 -3.07250535756915 0.002630063742021 3.14198400438239 10.9475406006752
"etap[127]" -0.0178266492219671 5.51507983755188 0.0259983356794543 0.0372250309867252 -11.0724265325912 -3.15112794604785 0.00166697294653144 3.10805381366761 11.0443091607097
"etap[128]" -0.0404706035747129 5.51468590072464 0.0259964786434416 0.0432677123062691 -11.1948258391418 -3.11215388226108 -0.0331785903271028 3.05993694340314 10.9432694431738
"etap[129]" -0.0534807885996972 5.51267487451996 0.0259869985749984 0.0381333228025619 -11.0794962019602 -3.19173571615591 -0.0482989175771113 3.05756757438143 11.0095750218133
"etap[130]" 0.0199699613137672 5.65174292080307 0.0266425716321528 0.0443522485250116 -11.2148063774765 -3.13953690150892 0.0310551013011657 3.14555855364337 11.1606022304546
"etap[131]" 0.0075325465943726 5.58997636645564 0.0263514013026221 0.03484408238883 -11.1754147066169 -3.15451686314737 -0.0321013150367523 3.17589945035404 11.220733349921
"etap[132]" -0.0537343171531779 5.49877820317935 0.0259214890380593 0.0376221460414985 -11.2896058573572 -3.12645073587108 -0.00476050641462372 3.04627877173058 11.0626322929762
"etap[133]" 0.0192430727685621 5.48009591291593 0.0258334198771702 0.0383059379112976 -11.0589012086422 -3.0712274278615 0.0240268951209261 3.11563996492581 10.9581953082883
"etap[134]" 0.00366507577556587 5.51613671472027 0.0260033178462052 0.0372189774637888 -11.1846480475459 -3.09389187925917 0.018688676882802 3.12368174160206 11.1207427895664
"etap[135]" 0.0213584051046887 5.53652655327981 0.0260994364669569 0.0390857930066343 -11.0025723614629 -3.11884998370596 -0.00249249708785384 3.14065197098443 10.9254662824358
"etap[136]" 0.00171002973200599 5.54261848244143 0.0261281540964282 0.0352838975359454 -10.9110906015137 -3.17662304593966 -0.00874162647771086 3.12550510832477 11.2294004204555
"etap[137]" -0.0514694647935967 5.63056367683886 0.0265427317186361 0.041694777320507 -11.2948846962643 -3.14181369317342 -0.0206113582932152 3.09194081255299 11.0373047041831
"etap[138]" -0.0198406294134574 5.61990663941199 0.0264924939624235 0.0422274080201739 -11.0752479536634 -3.12301415438175 -0.0186947111429475 3.12858543853458 11.1638894539901
"etap[139]" -0.00554076752891851 5.51363077451229 0.0259915047307765 0.0373441901198338 -10.9628827447906 -3.14716082428272 -0.0114408465653431 3.10819363482356 11.0423750929034
"etap[140]" -0.0228103821027697 5.52415217895311 0.0260411031069612 0.041709993212705 -11.1113110153112 -3.09785268000657 0.005233445445186 3.06150307512737 10.9717685875561
"etap[141]" 0.0997567781374403 5.60895555203226 0.0264408700414397 0.0441535804738731 -10.7266049184217 -3.11856911610994 0.0127483519430846 3.19668935121419 11.4437626861214
"etap[142]" 0.0205950696930379 5.5134448631644 0.0259906283362779 0.0386690511664718 -11.0997389521792 -3.07533939832492 0.0527946814806297 3.14771307793392 11.1968963450797
"etap[143]" -0.00914706398117623 5.57272539378758 0.0262700794375845 0.0396765541351264 -11.0507832337314 -3.18934825512026 -0.0558974414105846 3.10723452289369 11.2429140445814
"etap[144]" -0.0303989234734671 5.56552310533426 0.0262361275242151 0.0435913826560398 -11.1994453714072 -3.1216948645577 -0.000613693677705454 3.09083785876831 11.1171333328161
"etap[145]" 0.0293839575382301 5.48553373865201 0.0258590540335229 0.0382231568891993 -10.9484572339301 -3.12892042237891 0.0257132850676721 3.16107024729043 11.1402397675618
"etap[146]" -0.00680842157447686 5.46776696594085 0.0257753006637638 0.0364119615056312 -10.9712526994389 -3.12293173027743 -0.0156372933216801 3.09426320004747 11.0536090938172
"etap[147]" -0.00906909833124716 5.51984335669927 0.0260207911240638 0.0333141864045122 -11.0926509869045 -3.13427813015612 -0.0192088637771225 3.13715773224366 11.0791237436881
"etap[148]" 0.0222565944494373 5.52768153542194 0.0260577406529101 0.0376017049650263 -11.08497479646 -3.06793886980239 0.0513767007304332 3.14029341882588 10.9973563842918
"etap[149]" -0.0100578815121962 5.51167418891369 0.0259822812978116 0.0356336287641759 -11.0416018320792 -3.11089044891838 0.000174399811587089 3.09502564662736 11.175983540423
"etap[150]" -0.0403530995706225 5.50883161195728 0.0259688812615321 0.0397577487719246 -11.12689859322 -3.16166154148546 -0.0305158341256019 3.08859561077814 10.9118070257103
"etap[151]" -0.0847188464689318 5.4917300695877 0.0258882638176769 0.038352782447342 -11.2528703089454 -3.14867895710081 -0.0692127478032006 3.01239636203859 10.8488101812876
"etap[152]" 0.0273309427531565 5.45757131567766 0.0257272379074991 0.0376901951870987 -11.0807366774344 -3.13178127163427 0.00652277415501621 3.15813476920509 10.9483044342185
"etap[153]" 0.0302825883123016 5.5394692976564 0.0261133086969835 0.0427518597614454 -11.0540323263926 -3.0646549277748 0.0661700517093277 3.17267140202687 11.0752821994405
"etap[154]" -0.0546764958894817 5.58334352657545 0.0263201337955701 0.0402205274116396 -11.2897200475407 -3.18977711399879 -0.0192799910556301 3.10190118883096 11.0512631274876
"etap[155]" -0.0627711496697233 5.56244841414893 0.0262216332909671 0.0420321224930966 -11.2912727966934 -3.14367168384435 -0.0261606085779825 3.09624833874146 10.8882966484559
"etap[156]" 0.00428679080655657 5.51201220392872 0.0259838747158734 0.0383795217549837 -10.8450829723104 -3.10977794170758 0.0106961532321907 3.10608732136207 10.9879738756981
"etap[157]" -0.025396192292522 5.51186611305942 0.025983186036911 0.0355471865344611 -10.9925341650992 -3.15982818840013 -0.00950894648699358 3.10603366144716 11.0138889628083
"etap[158]" 0.0957397497257636 5.49022206625775 0.0258811550218058 0.0409704589387453 -10.9483673061648 -3.0511414959285 0.0500825544584148 3.19230563806285 11.2705455376762
"etap[159]" -0.0216625408108223 5.51397438484906 0.025993124525438 0.0374885231331432 -11.1132378664019 -3.12605374012511 0.000349688421369575 3.14576096028547 10.8815120149222
"etap[160]" 0.0237881063994834 5.55153782583773 0.0261702002844232 0.0389295884500111 -11.1027742943919 -3.19035722788297 0.00779476081193128 3.16067670203804 11.185789452433
"etap[161]" -0.0231156991463791 5.55140208846036 0.0261695604122899 0.0409367969802987 -11.0538170514932 -3.1762239357323 -0.0323526626508043 3.12236483654684 11.1972878692137
"etap[162]" 0.0202585967074074 5.58097348992938 0.0263089613356761 0.0396144957406999 -11.1236109150354 -3.1308413896624 -0.0105640138888405 3.13946656561065 11.1440263287977
"etap[163]" 0.0279431931944372 5.51479153510589 0.0259969766086903 0.0360368216986555 -11.0096443686632 -3.1516308201714 0.0207076489048664 3.14970747488564 11.139804519912
"etap[164]" -0.0371263416591376 5.53799656107454 0.0261063661501573 0.0389696352898992 -11.199223627107 -3.15467469842125 -0.0417010444103288 3.10049753443302 11.1336865688139
"etap[165]" -0.0453151879469622 5.61514067956484 0.0264700270122449 0.0419312796540685 -11.2540856521234 -3.13049012860205 -0.0318072976218985 3.1164581284494 10.9794417230633
"etap[166]" 0.00661602518801072 5.51058576366821 0.0259771504119989 0.0352007260450111 -11.0716977770892 -3.17080675401086 -0.0123973063397484 3.17326666091702 11.0896924811666
"etap[167]" -0.0503100752668216 5.58838237940196 0.0263438871755902 0.0378615247771501 -11.366431698783 -3.17118492088884 -0.0336059232185069 3.12091058481573 10.9896316590297
"etap[168]" -0.053200514188999 5.53959881809255 0.0261139192621748 0.0386090600480517 -11.1338088956076 -3.20376302166952 -0.0422091098585933 3.07333230931603 11.1473286512175
"etap[169]" 0.0698794412561348 5.48868382335279 0.0258739036752111 0.0391772697129195 -10.9356778440069 -3.02807845618378 0.0191106588136085 3.13019217482842 11.129799669359
"etap[170]" -0.000572970207556491 5.50555246861306 0.0259534232315642 0.0380274950566853 -11.1328126176007 -3.09260333741873 0.0152710534015694 3.15023466797022 10.9631166691187
"etap[171]" 0.0286261334931483 5.52077864916225 0.0260252001350169 0.0401774442572593 -11.0184082719406 -3.08002356725597 0.0318269834634414 3.1622226663453 11.0130387087014
"etap[172]" 0.110229410154947 5.47940417127654 0.02583015897581 0.0384255139111029 -10.7300654167488 -3.05267178036648 0.0708857923820144 3.20306504736918 11.006212446512
"etap[173]" 0.0269452750174337 5.54405325398578 0.0261349176743513 0.0365886124929932 -11.104725550337 -3.11198552427105 0.00917157013288001 3.14614223027075 11.065342471454
"etap[174]" 0.0410181409602868 5.54294917921952 0.0261297130159902 0.0380086931012961 -10.8398858616338 -3.1093357064331 -0.0048421351466861 3.15283111271479 11.2393861394348
"etap[175]" 0.0567448522111068 5.45776023403534 0.0257281284771778 0.0333567189784826 -10.9153266224359 -3.05864275734046 0.053304772308718 3.16175118062615 11.148727303184
"etap[176]" -0.033177411756298 5.58690471812751 0.0263369214135405 0.038625048342372 -11.2178463225585 -3.11144632966345 -0.0276183764051916 3.04924205458201 11.1107359330656
"etap[177]" 0.0530494342275559 5.51964383606495 0.0260198505747737 0.0343550546792157 -10.855239373269 -3.08861127736398 -0.000348067533939634 3.15657238284078 11.2302844176398
"etap[178]" -0.00426618840388018 5.53830059149147 0.0261077993632872 0.0392558568375169 -11.3012710539294 -3.12610419820381 -0.0216329567269469 3.1114877357781 11.1020726186934
"etap[179]" -0.0340053900946542 5.65378473290079 0.0266521968266875 0.0582062181857248 -11.042885684003 -3.14002563563388 -0.0331149048054748 3.10677713649517 11.1732871688305
"etap[180]" -0.0729485369966458 5.51579416861248 0.0260017030683673 0.0368157433684076 -11.4666068110338 -3.13769400353831 -0.0423833634994264 3.08612119475948 10.9149208700055
"etap[181]" 0.0247545844300404 5.54497357070365 0.0261392560889649 0.0370546171900003 -11.0545746420847 -3.15082108229585 -0.00459565897283308 3.16730128976395 11.2528682485481
"etap[182]" -0.0653612321829304 5.55818523737266 0.0262015364829145 0.0368873741625212 -11.2713629703801 -3.16677544016249 -0.0494773928137781 3.06744510114037 11.0921691321595
"etap[183]" -0.0453452923339227 5.4967625463027 0.0259119871404192 0.0386724634675285 -11.1796492759352 -3.12500011697537 0.0230972408135228 3.13988335984009 10.625221735364
"etap[184]" 0.0150959171962176 5.56302288838126 0.0262243413884691 0.0369579565533742 -11.3686012988836 -3.11485117626863 0.0265549878499801 3.12647754274138 11.1247996951176
"etap[185]" -0.00705213913384711 5.51261665157432 0.0259867241094005 0.0414183194049154 -11.0797248366584 -3.06209528384335 -0.0038765702222966 3.13309610744601 10.8976532080584
"etap[186]" -0.0159913388441633 5.52970393217886 0.0260672743226506 0.0431615754198446 -11.3405515035758 -3.17313990811664 -0.00606019207364361 3.1427065829488 11.094888099621
"etap[187]" 0.0545965566725771 5.55098366213607 0.026167587931681 0.0431549941502767 -11.0186056401806 -3.04335444112518 0.067161473317629 3.13589834857574 11.2337515605353
"etap[188]" -0.124188569235839 5.50809504266319 0.025965409040581 0.0378838914800864 -11.5020356835929 -3.18895569800815 -0.048236327007921 3.03391547271615 10.7747694541144
"etap[189]" 0.0469335097839245 5.53247969701984 0.0260803594035975 0.0404306968567207 -11.0081523353956 -3.11610452173885 0.0027717719549191 3.16289158539157 11.2856822461208
"etap[190]" 0.00310960283847808 5.463136650622 0.0257534731480238 0.0387208535043317 -10.8775781704382 -3.10924601312041 -0.0121152725665732 3.11860005160027 11.0706317275238
"etap[191]" 0.0139916456641847 5.61636422933828 0.026475794881191 0.0367180190204915 -11.1178106805498 -3.12881043520187 -0.0152818041771916 3.16347783558648 11.2206308009105
"etap[192]" 0.0351914544600608 5.49883205067105 0.0259217428775695 0.034742348079319 -11.017529014241 -3.08377450722713 0.0322742954255341 3.16262210567372 11.0589037673268
"etap[193]" 0.0603662036354163 5.57614578972625 0.0262862033386683 0.0341755510905323 -11.1094887814276 -3.0946961432175 0.030171316238714 3.2529020440736 11.3104421026051
"etap[194]" 0.0384362486689258 5.58233803837252 0.0263153938787255 0.0387598406463094 -11.0788910263766 -3.11433558089241 0.0435873380860832 3.16805803464824 11.3009105806935
"etap[195]" -0.00348101436538589 5.4372883493083 0.0256316230870834 0.0341006685865374 -11.0849356243324 -3.1058203434253 0.00395474696212039 3.11806962567331 10.9038017851089
"etap[196]" -0.0699222749378298 5.46549992856857 0.0257646137471028 0.0363876430872503 -11.0542081688071 -3.17917876468294 -0.0647311658120612 3.00824156209185 11.0399636210255
"etap[197]" -0.0593265625402834 5.50577664158221 0.0259544799930752 0.0369629228164816 -11.1016113719242 -3.20490271013774 -0.052708679516284 3.11566722588561 10.8447516600465
"etap[198]" -0.0145233840411439 5.5515548666312 0.026170280615494 0.0440714334813017 -11.1557081194814 -3.13282929770076 0.00622433151678115 3.13487201737322 11.2305243337162
"etap[199]" -0.0217982547957711 5.58666193353705 0.0263357769160053 0.038715038401844 -11.1733770174986 -3.14729083313656 0.00638626935909157 3.13174152840506 11.062360031619
"etap[200]" -0.0346021716775185 5.53196666211238 0.0260779409338505 0.0388301567651477 -11.0236627275894 -3.17449965326444 -0.0277860429499702 3.07539450379135 11.0433834551711
"etap[201]" -0.0449556243501386 5.49730131215133 0.0259145269069861 0.035562959841869 -11.1252314921586 -3.16033583911236 -0.0105111373298002 3.08287722799673 10.9127068964208
"etap[202]" -0.0639588968743059 5.53170552165902 0.0260767099059477 0.0366312917046662 -11.1013531388927 -3.2065378840138 -0.0493615860461757 3.06728465461088 11.0226693479252
"etap[203]" 0.0247297151264398 5.51542018753717 0.0259999401046714 0.036383367242605 -11.0892133569497 -3.09414799730362 0.0420839656979662 3.18664537173026 11.0743167561398
"etap[204]" -0.00196946701204653 5.55115368035683 0.0261683894052598 0.0379097762160151 -11.2128641644458 -3.1745261945823 -0.00209244440015101 3.12902476579832 11.2588506978042
"etap[205]" -0.0196921273170085 5.55399061898281 0.0261817628621948 0.0396939462768809 -11.0812956266843 -3.19996399355597 -0.0121668901945476 3.17101383023555 11.230709390556
"etap[206]" -0.0308672028230065 5.49521780111436 0.0259047051417666 0.0369043797590791 -10.9295676948887 -3.16686151937972 -0.0268241438612039 3.11436811715576 10.9627317932926
"etap[207]" -0.0137491315886387 5.45197652391801 0.0257008638062152 0.036576253484093 -11.0147048928011 -3.10320374831585 0.0173758245628305 3.12089443164597 10.9263674633952
"etap[208]" -0.00177435109892712 5.48724146141677 0.0258671043158385 0.0380006978617187 -11.0414862035119 -3.16369564724339 0.0331919778399497 3.10907744097256 11.1331764257867
"etap[209]" -0.022478068743208 5.56751083059859 0.0262454977509721 0.0351193187238562 -11.2332153387649 -3.18828496915538 -0.00673373581721164 3.15191439573794 11.0441617050837
"etap[210]" 0.0396367627953994 5.52531026776217 0.0260465623899619 0.0380236778121431 -11.0305154652262 -3.11723615875827 0.0382968099202767 3.17161375674782 11.1690854485485
"etap[211]" 0.0421979658900901 5.49680317537102 0.025912178667684 0.038114963959497 -10.9553110087446 -3.06894530459265 0.0222111327275688 3.15050663905511 11.248175767952
"etap[212]" 0.0320908178378923 5.5138955513344 0.025992752900686 0.0396360541839783 -10.9821854951345 -3.1003146169283 0.0285939644019458 3.1293450896689 11.2409552984529
"etap[213]" 0.0110869828157914 5.5206531484286 0.0260246085188848 0.0359034224174636 -11.101053748178 -3.09940306852193 0.0511185654886116 3.13243689154872 11.083697828712
"etap[214]" 0.0109229850006127 5.58394721374443 0.0263229796041761 0.0374369516242426 -11.1036185959855 -3.16785273883864 0.0104372644726292 3.17236979361333 11.2321680674282
"etap[215]" -0.00885031442154057 5.5511925877582 0.0261685728165088 0.0405333202708624 -11.2131725011462 -3.16332429603861 0.046379249090844 3.18521061955707 11.0159769018326
"etap[216]" 0.0579425432952938 5.54416465240141 0.0261354428115186 0.0388154381887487 -11.1283023561399 -3.06734883495307 0.0375743653640167 3.21853349613009 11.1834798939717
"etap[217]" -0.0240225389676027 5.52278016528902 0.0260346353725228 0.0379471928737595 -11.0199311296432 -3.12399262610928 -0.0357152950132044 3.09095759720279 11.1522150295911
"etap[218]" -0.03193365437984 5.56724034419337 0.0262442226658298 0.0363540007922249 -11.3912312341999 -3.16638013482372 0.017911908389553 3.13708401752494 11.0170767693837
"etap[219]" 0.0889809318278883 5.58677171144454 0.0263362944140241 0.0404257427806706 -10.8786230923275 -3.08113068053121 0.0434142883109931 3.19422548671866 11.1738749040573
"etap[220]" 0.0345178346125537 5.50286158091586 0.0259407382653102 0.0366437666943332 -10.9792166688868 -3.11500416272435 0.0135461328195163 3.14594841203275 11.1347697009601
"etap[221]" 0.0598529261639132 5.60259457418087 0.0264108841042817 0.060118963810372 -10.8933483521841 -3.11465044900671 -0.00110309562228555 3.15111557548867 11.3668444426565
"etap[222]" 0.00641860632177231 5.51403137009926 0.0259933931564836 0.0385718457609273 -11.0635888025366 -3.08269436926598 0.0128633305037348 3.13490226352408 11.0821736896836
"etap[223]" -0.0238337559994097 5.59525922577737 0.0263763049402918 0.0347358894173777 -11.0693659823589 -3.13841933350955 -0.0119774634484973 3.12465562666445 11.0720511199454
"etap[224]" 0.0761030271582251 5.63682394730119 0.0265722429166093 0.039483343152475 -10.9449615697579 -3.09570579104995 0.0205892126722819 3.16681417714845 11.4031935673494
"etap[225]" 0.0470975086416419 5.52420820712376 0.0260413672262906 0.0329561788607006 -10.8806440130023 -3.09325888641876 0.0317014329659334 3.18256850910696 11.0840192036351
"etap[226]" 0.0376115009862353 5.47437515295558 0.0258064519560936 0.0359483362696352 -10.8479513056483 -3.10338100984019 0.0189419251358334 3.17382021019399 11.1928426356568
"etap[227]" -0.00236081047882208 5.61841885025417 0.0264854804570737 0.0413557264802291 -11.032450891997 -3.15294084594617 -0.025592672846908 3.12628187964215 11.112363090518
"etap[228]" 0.024868632166765 5.46828479547252 0.0257777417355861 0.0395250682763747 -10.9867702845118 -3.09727720250003 0.0149708587859773 3.14409086306083 10.8098463039412
"etap[229]" -0.0220604878546842 5.4572431344983 0.0257256908465832 0.0373464133244058 -11.0117268772362 -3.10461677749549 -0.0325725205483833 3.09499627621206 10.7895005511599
"etap[230]" 0.0183024563658285 5.54163433916602 0.0261235148005368 0.0353316700261357 -11.1260999158057 -3.11250445613761 -0.0169538590310473 3.10363269653205 11.1798741964877
"etap[231]" 0.0333343229332895 5.57104192690595 0.0262621434985984 0.0369482119122688 -11.0568287284562 -3.17392281947454 0.029195618584584 3.20122588078283 11.2424859091389
"etap[232]" -0.0219757041096539 5.51916849115783 0.0260176097773922 0.0395342102029663 -10.9028615577462 -3.14759980985847 -0.0322131501228522 3.08220279990196 11.0131084658638
"etap[233]" -0.0117201226923375 5.48403040804735 0.0258519672650901 0.0371462029634793 -10.9413384204962 -3.18470706533463 -0.00715224411630908 3.13336759154707 10.9693836337748
"etap[234]" -0.00231332741674604 5.52928760356753 0.0260653117307554 0.0357845213121718 -11.0346927499527 -3.16878647925113 0.00990561496070569 3.13994586713779 11.0964777456172
"etap[235]" -0.0263973489550216 5.58080579054999 0.0263081707932203 0.0393746741941695 -11.0539177049056 -3.13779509031871 -0.0298993154345103 3.07130483258177 11.1803255566415
"etap[236]" -0.0559307940916364 5.57204194605754 0.0262668576340878 0.0344889392875793 -11.4630250708431 -3.16527794604235 -0.0500662223879226 3.09891772833413 11.1578519910667
"etap[237]" -0.00554639258722702 5.53588672914664 0.026096420307068 0.0376376162445907 -10.9140138520519 -3.14053260962513 -0.0195173507004973 3.13564560642524 10.9837617726085
"etap[238]" 0.0184749697506216 5.54117601749529 0.0261213542514612 0.0335701167581227 -10.9377511764993 -3.1354495386314 -0.0192775885058152 3.10823941096488 11.5390335438066
"etap[239]" 0.0159526841240934 5.51535685354338 0.0259996415453615 0.0331036316322545 -10.9766139237187 -3.13406992851258 0.00416089976940293 3.1497772002728 11.1334122001978
"etap[240]" 0.00421540288331223 5.61057970518242 0.026448526372814 0.0362901758911329 -10.9405948846841 -3.15175189692932 -0.0179730869793223 3.08297571284751 11.2564808373122
"etap[241]" 0.0769343499579754 5.53983919270951 0.026115052398986 0.0365582167451902 -10.9352316631613 -3.07583860497019 0.0496944314274519 3.19372043094754 11.3268964777941
"etap[242]" -0.0553309917980098 5.44790622963578 0.0256816762549593 0.0364425039164556 -11.1109088100288 -3.15261788046565 -0.05295348327103 3.11152535171422 10.9353973304687
"etap[243]" 0.0131196354105014 5.63983383377969 0.0265864316575396 0.0390262797536936 -11.1280680413542 -3.13691264954713 0.00925874221713258 3.13856160287185 11.2440721961088
"etap[244]" 0.0240143397311124 5.58120770496262 0.0263100654359312 0.0422228184047809 -11.0520202412436 -3.12926719150056 0.0173395251225762 3.11818892200554 11.2083370876258
"etap[245]" -0.0353220366890012 5.54242342139869 0.0261272345698544 0.0356561582329966 -11.070878946002 -3.16241529588 -0.0375802247659247 3.11374297324873 10.9182830244239
"etap[246]" 0.0537186019651426 5.52236699401849 0.026032687664475 0.0346052447719654 -11.0961508060865 -3.11106501392523 0.0327522524870635 3.16553889030782 11.2410340987746
"etap[247]" 0.0043631510534395 5.51357869106958 0.025991259207073 0.0410476640688663 -11.0471317540283 -3.16445944406052 -0.014635557128509 3.08897836343469 11.1609118171917
"etap[248]" -0.00253904969814854 5.46402501420533 0.0257576609341167 0.0372471411516964 -11.0814266884236 -3.0922659830518 0.0142492362711843 3.13224323522941 10.9989739660341
"etap[249]" 0.0153170800205475 5.48696864222927 0.025865818233855 0.0385910679756177 -10.989158339582 -3.11202858388712 -0.00140791598483011 3.14275260778273 11.0796398528945
"etap[250]" -0.00816521824146392 5.50283336618087 0.0259406052597739 0.0375896237923503 -11.0579158200571 -3.11642280645697 0.00389105604791616 3.11203190525452 10.8508459485869
"etap[251]" 0.0539357599133659 5.64845207133694 0.026627058418997 0.0444417084002965 -11.066256614894 -3.08620401843833 0.0389688890338222 3.20291490873222 11.4311541285329
"etap[252]" -0.0181335884255684 5.49358701812998 0.025897017557054 0.0426544784798611 -11.1230295573694 -3.08969558054296 0.0368580086176858 3.1028288259091 10.8466654020358
"etap[253]" 0.0661830340371973 5.5438905339751 0.0261341506048647 0.0353085147164106 -10.9771190103471 -3.05059327487304 0.0606127284925246 3.12196920570703 11.2538898252733
"etap[254]" -0.060783866111506 5.53784356095627 0.0261056449006829 0.0360033804042749 -11.2319321509143 -3.2060496074409 -0.0347066354880278 3.0960000796765 11.1236245214991
"etap[255]" 0.00249244820509121 5.48522154495435 0.0258575823383185 0.0403512210712031 -10.9570920350821 -3.09407282419244 0.0154315185969597 3.09026690141624 10.9683654205382
"etap[256]" 0.0512282667059939 5.44551402686374 0.0256703993029454 0.0368485315520776 -10.7745581704442 -3.06269787891246 0.0278713615943458 3.09985742608386 11.2391276103809
"etap[257]" 0.00899791363866821 5.49427846192531 0.0259002770543639 0.036484419585326 -11.0355424109504 -3.11604575913423 0.0134714452099305 3.11780373621606 10.9172273654778
"etap[258]" 0.0355186533185835 5.47210641979549 0.0257957570454122 0.0332741152646244 -10.9592775711224 -3.10018854945273 0.0353050300119802 3.16506839462951 11.0569216874324
"etap[259]" -0.0168990343039732 5.5002370745678 0.025928366223737 0.0332545943677633 -11.0523783090854 -3.10134629899675 -0.0201569628107123 3.11176062505987 10.7816078854543
"etap[260]" -0.00630445402265414 5.54534841842982 0.0261410231380921 0.0369767504988988 -11.1265206856351 -3.17930215609856 -0.00673006266651479 3.16159506525011 11.3700894911407
"etap[261]" -0.0345787281340562 5.47250424410881 0.02579763240721 0.0377464496142666 -11.0090799570713 -3.13314892103524 -0.0377305588425141 3.08082342662595 10.9696707752573
"etap[262]" 0.0270119147907527 5.46499441318824 0.0257622307247467 0.0358408115155626 -11.0320816156266 -3.09613645758258 0.0132826505556487 3.14452762393999 11.3075831463978
"etap[263]" 0.0825232018264804 5.53711520192956 0.0261022113833034 0.0382421068739761 -10.8434188986258 -3.02216104450627 0.0931746844014793 3.16314953154931 11.2489624816719
"etap[264]" -0.0119425573563959 5.45142179650369 0.0256982487961061 0.03509374550353 -10.9072231082715 -3.1013858105052 0.00638950624707364 3.10845321449612 10.8053971486728
"etap[265]" -0.0242505897573084 5.5243350408018 0.0260419651259828 0.0431989795316161 -11.2417975141654 -3.08859347776022 0.0162219726522482 3.08975629372026 11.0258866930683
"etap[266]" -0.0484559845634776 5.57426706236364 0.0262773469329476 0.0365331635103029 -11.2388644153232 -3.20471319946155 -0.0310642102742853 3.09171577465635 11.046088563097
"etap[267]" -0.0208309847730367 5.41388477204731 0.0255212975658483 0.0347855845695576 -11.1190997783742 -3.14836334513322 -0.0208648504689333 3.1337737374931 10.8066006248905
"etap[268]" 0.0578610555174923 5.52795585643324 0.0260590338145589 0.0384345289812648 -11.0497913593966 -3.10556537717846 0.0361520643145532 3.15595981290561 11.2526142963488
"etap[269]" -0.044098068291064 5.52299742849504 0.026035659561098 0.0377227589335936 -11.2890729442162 -3.17113000778432 0.0108903577186312 3.12220996737157 10.8939604223264
"etap[270]" -0.0342214998042727 5.51890851649512 0.0260163842450792 0.0377015878583999 -11.0338589274035 -3.16097323052763 -0.0151967826274144 3.04034972367932 11.033801801691
"etap[271]" 0.00235185404737949 5.5153277943189 0.0259995045588636 0.0382192840215055 -10.9694080765649 -3.19606404145198 -0.00401448511555089 3.15094461948688 11.1378530917403
"etap[272]" -0.0457500438929183 5.52101751341352 0.0260263261518959 0.0383342285697504 -11.0870256467801 -3.19344176030615 -0.0506111478827346 3.06629391498034 10.8739985828247
"etap[273]" -0.00919425604723398 5.55383866563811 0.0261810465472584 0.0383990142467767 -11.0850256345427 -3.19856499719405 -0.0516617067012571 3.1163293604397 11.1908566018164
"etap[274]" -0.0115891524002313 5.49724742649016 0.0259142728875433 0.0362262959324939 -11.1425410106389 -3.122763834863 0.0145753624870727 3.10886791897217 11.0329755749325
"etap[275]" 0.0647817158177866 5.4989008068304 0.025922066997213 0.0358306654891603 -10.9561155211317 -3.04600743188605 0.0578094274739282 3.17985862645936 11.1881639506908
"etap[276]" -0.0346111501658481 5.51595181823337 0.0260024462358072 0.0370444661867091 -11.2152149476617 -3.17063977896547 -0.000564230563295537 3.14417998483879 10.9671463105477
"etap[277]" -0.025986724911578 5.44672841951586 0.0256761240048076 0.0346734243227621 -11.0837618947463 -3.13899662953711 -0.0466897758220567 3.12169684027629 10.8658535563851
"etap[278]" -0.0224400076997011 5.53296168867493 0.0260826315340494 0.037698594000793 -10.9524030375461 -3.13131440143102 -0.0174003990687209 3.10043161101888 11.0211322772306
"etap[279]" 0.0642341324773271 5.53112808733606 0.0260739878544447 0.0369134449158625 -11.149847220024 -3.02035611928663 0.0115273038993738 3.1769829381802 11.3223801730141
"etap[280]" 0.0273990518313281 5.50350201213367 0.0259437572870235 0.0367927462265728 -10.8333501554933 -3.14687024314734 0.0130914682329721 3.12218653860502 11.0591561580825
"etap[281]" -0.0388078697778718 5.49160876220206 0.0258876919691769 0.0366870038527326 -11.0874214088348 -3.17065271999678 -0.0396767992805918 3.09616594410122 10.9878267189524
"etap[282]" 0.0310144359749219 5.51521168896021 0.0259989572329538 0.0400173497143811 -10.9109298650388 -3.08378824418962 0.0212825781709576 3.16392400950206 11.0692955605027
"etap[283]" -0.00739698480562339 5.61283928292564 0.0264591781244464 0.041674673675145 -11.0351660709141 -3.22546303607263 -0.0013754587439578 3.16737265341423 11.0310368801827
"etap[284]" -0.0584348348634627 5.42242295055097 0.0255615469253077 0.0359242406165164 -10.9837509549399 -3.13193965799747 -0.0314198755263206 3.05358968791439 10.7189869481834
"etap[285]" 0.0223673448041393 5.5115222138378 0.0259815648804333 0.0378991121221026 -11.0342499065974 -3.12236029919872 0.00861414390473825 3.11846672210928 11.0777137096132
"etap[286]" 0.0850260359823791 5.52644234348602 0.0260518990461029 0.0376617545853117 -10.7716707407926 -3.05067790660555 0.0325062623647986 3.15945553768414 11.1088695510538
"etap[287]" 0.0255567083414048 5.51234468043165 0.0259854420251388 0.035405056515606 -10.9751773007434 -3.08445531613947 0.00560235102240236 3.1460133666619 11.0169052650672
"etap[288]" -0.0240922607847838 5.62769502449159 0.0265292087617853 0.0491859430715936 -11.1598695733433 -3.15035242522013 0.0177921722497018 3.12952508825892 11.150054159971
"etap[289]" 0.00964858982874676 5.54077608470049 0.0261194689501864 0.0363434787949266 -11.2168488401747 -3.1201531556494 0.0158846838953565 3.07942276748167 11.1709918152928
"mean.p0" 1.67677431441747 0.297825297915764 0.00140396191843427 0.00965193929159373 1.14081051539123 1.47410475855517 1.66142078833093 1.85512966511998 2.31954577044326
"mumup0" 0.5605033532495 0.0674679010803174 0.000318046735775437 0.000908881469553116 0.424478801160234 0.516498639591811 0.561828834650625 0.605595307343299 0.689765094779349
"mupsi" 12.0384377275225 1.45074302516667 0.00683886820569627 0.00916111105041281 9.29442285934479 11.0380257597299 12.0066274870348 13.0036963146654 14.9543831757535
"ppo[1]" 0.854479668454294 0.0569383172415307 0.000268409801538915 0.00147752756305874 0.73803211265529 0.820006477735849 0.853836769265804 0.891924759855456 0.963748384533766
"ppo[2]" 0.836801572397422 0.0603233444824926 0.000284366972982818 0.00115443701791886 0.699170401946224 0.805156206361443 0.841482510325434 0.875069506434382 0.940875334798965
"ppo[3]" 0.836600947617648 0.0606228771337377 0.000285778983442032 0.00111581098987364 0.697292246361099 0.804731777908438 0.841555535854031 0.87519080322986 0.941605497502664
"ppo[4]" 0.837159101253376 0.0600175790369293 0.000282925580849415 0.00116615017692321 0.699734497826206 0.805068684683355 0.841547827563626 0.87555966954128 0.942499714485363
"ppo[5]" 0.836739566519681 0.0597622291187569 0.000281721849791315 0.00122109996741442 0.698478962627733 0.804630461271014 0.841140186382048 0.875280314783124 0.941093435848094
"ppo[6]" 0.836202872430299 0.0610507414780022 0.000287795955303748 0.00114575264968113 0.695282150699291 0.804460913695218 0.841178109553983 0.874990783855613 0.941509240451506
"ppo[7]" 0.853823294687244 0.0567316896657275 0.000267435749805378 0.00145698753826561 0.735664669851728 0.819950246362902 0.853289691541222 0.890959524421954 0.963610976369746
"ppo[8]" 0.816406933022546 0.0690300052501168 0.000325410565451337 0.00137495635201106 0.640687521015206 0.786126554665461 0.828425840105395 0.860688851186245 0.918509331575989
"ppo[9]" 0.836051803890003 0.0610328695617495 0.000287711706282581 0.00115422263541942 0.694061169936723 0.804548804360366 0.840883243722365 0.874993113362352 0.940943489543706
"ppo[10]" 0.836369607111961 0.0602562917135516 0.000284050883198714 0.00116612516628056 0.698036226533669 0.804668448622153 0.841188028388445 0.874944924526735 0.939757583127131
"ppo[11]" 0.836368536914622 0.0600928694639832 0.00028328050332627 0.00117295304650292 0.698966428366076 0.804901460739314 0.841065550306653 0.87474183286804 0.940228991797327
"ppo[12]" 0.815757904909671 0.0707238324166583 0.0003333953432888 0.00141493375402306 0.63618529592214 0.784644555247595 0.828602117386586 0.860832425695517 0.919689556695757
"ppo[13]" 0.79303635892624 0.0873270014309268 0.000411663432616638 0.00222700807163016 0.557670097181162 0.76039933659575 0.813422455933003 0.849050252818257 0.907362768185856
"ppo[14]" 0.817217066491547 0.0698060014462474 0.000329068646601063 0.00135803702554079 0.638512058452697 0.786246542107169 0.828965521549168 0.8617911069257 0.922140811335456
"ppo[15]" 0.854192183322678 0.0571829637070134 0.000269563076037156 0.00148940924155328 0.73734347226841 0.819907644328558 0.8535636571657 0.891713595770692 0.965194549320929
"ppo[16]" 0.815884487808206 0.0697740730914839 0.000328918134893294 0.00129505852320594 0.63850137622093 0.786088767101902 0.828149425196079 0.860337402804223 0.918732768986716
"psi0" 0.999984184556629 0.0000331494155733312 0.00000015626784362849 0.000000219258487019148 0.999908072909221 0.999983921729207 0.999993896410945 0.999997748015131 0.999999679820315
"sdeps" 0.379012356650498 0.319009039488993 0.00150382303388316 0.0137037757814481 0.0121024798704652 0.137717896043449 0.304032990147335 0.544566654601617 1.14629375443466
