"Mean" "SD" "Naive SE" "Time-series SE" "2.5%" "25%" "50%" "75%" "97.5%"
"N" 6.08257777777778 1.29459403290493 0.0061027747970048 0.0173118985050536 5 5 6 7 9
"betapsi[1]" 0.233133932209772 1.89031320194233 0.00891102189106583 0.0196159048821294 -3.39013655363645 -0.608410649512955 0.0415049511080044 0.907709571516182 4.8984565267698
"betapsi[2]" 0.214546892653476 1.85281762729269 0.00873426605707087 0.0177708825774041 -3.33740035553441 -0.627119597685573 0.0387226526935167 0.890882273863603 4.6769520984128
"betapsi[3]" 0.223984168191082 1.84715486989922 0.00870757156271663 0.0188897950897159 -3.35349762227607 -0.600883346822334 0.0436842463010769 0.887680280328213 4.75645162949643
"betapsi[4]" 0.212953477791023 1.86425225619299 0.00878816941464258 0.0188995607010853 -3.42302301549346 -0.623911773409935 0.0409933401188537 0.902928266298495 4.73837988391825
"betapsi[5]" 0.211031899638524 1.82043233576425 0.00858160032873445 0.0165892432739841 -3.2751103490303 -0.623326541132557 0.0368331792092311 0.880678056065988 4.68227523593693
"betapsi[6]" 0.236208632611704 1.87417782953534 0.00883495901609285 0.0194501634220859 -3.32788137872251 -0.605810317006871 0.0448856414630402 0.891941227525268 4.83703190793867
"betapsi[7]" 0.178834474146173 1.8481825004355 0.00871241585952169 0.0181754879806856 -3.44289732599518 -0.653384455763759 0.0330665745375396 0.863200575875619 4.6814630895266
"betapsi[8]" 0.197354049782605 1.84039544027767 0.00867570730590095 0.0183012675493194 -3.36559955720946 -0.63266880295322 0.0343701728994088 0.863309153877449 4.62502780049756
"betapsi[9]" 0.208988248789528 1.83314533773712 0.0086415299947628 0.0175225425475367 -3.39016545857182 -0.60964763970624 0.0423519627221759 0.875602075654708 4.66126203744261
"betapsi[10]" 0.201319469857137 1.80897199981222 0.00852757578695872 0.0165720440424428 -3.37291725662305 -0.61807471697784 0.0494758724025861 0.892726817651887 4.53565055931058
"betapsi[11]" 0.184932921645771 1.833772724088 0.00864448752238366 0.016493307693347 -3.45043132433609 -0.633705922987367 0.034920560530701 0.868289164651674 4.58855757513011
"betapsi[12]" 0.213791304423265 1.81473471806785 0.0085547415013362 0.0161552352640176 -3.31143857360085 -0.614602990339358 0.0417059720352315 0.898544619518356 4.5915951630221
"betapsi[13]" 0.203453561378242 1.82126729701875 0.00858553637383499 0.0172997353201893 -3.31032831971126 -0.624264796302514 0.0404700770652685 0.882710886988482 4.52489206265259
"betapsi[14]" -0.611147487817978 2.36550196137465 0.0111510831853206 0.0398191610808511 -6.59226120134603 -1.38902772862051 -0.173624459613469 0.443779917154583 3.68243316547796
"betapsi[15]" 0.213754543084289 1.87918601578888 0.00885856783250167 0.0204230605932416 -3.34576338520654 -0.62036064893982 0.0365881682942523 0.874602651166379 4.73304835094955
"betapsi[16]" 0.223818365024745 1.88228711621996 0.00887318656012802 0.0192341466756791 -3.37620376735517 -0.616886053315371 0.0404168497279229 0.885122207691618 4.7816366538507
"etap[1]" -0.314637165340014 6.20379607136038 0.0292449751410492 0.212791804010968 -12.9472690123296 -3.88047804063978 -0.182907635386035 3.42670241723233 11.7230686606312
"etap[2]" 0.059593910469925 4.94410813856342 0.0233067492779853 0.111733089659391 -9.82793815580144 -2.56810454086022 0.0209717817488393 2.59191370120207 10.1546554912471
"etap[3]" -0.0318084556118105 4.01253232544202 0.0189152587803352 0.0457501751444177 -8.10282040360331 -2.0422522282943 -0.0379336306814326 1.93429456132496 8.19540137108646
"etap[4]" -0.333411342062885 6.31221893126423 0.0297560854042069 0.225144826978824 -13.2167965830608 -3.90197210525487 -0.199185500014881 3.45667170622331 11.8703982511726
"etap[5]" 0.0352780417324259 4.94673002420566 0.0233191089654328 0.114241344313283 -9.91509989200035 -2.57322609345251 -0.000445564911677003 2.58655538560439 10.1050608649315
"etap[6]" 0.224138300669163 6.96680364936903 0.0328418273577602 0.181682160511365 -13.3250159175675 -3.90247923916259 0.143342141422585 4.21531565689096 14.3687914177789
"etap[7]" 0.0603376649751655 6.46154245348591 0.0304600032385643 0.084087056912428 -12.8810710185401 -3.55887005241168 0.0198201435019854 3.6084557983435 13.1574058017455
"etap[8]" 0.0513511906354694 6.26192402780718 0.0295189929555829 0.0568971406542391 -12.4134703371334 -3.34510172133012 0.0848988660981809 3.46053728267085 12.5811086214479
"etap[9]" -0.0208118345584023 6.19916761469426 0.0292231563870823 0.0479448380846148 -12.4736796813529 -3.31430461750148 -0.02731108681679 3.29510142574579 12.478456856039
"etap[10]" 0.0817781049944671 6.32614423437574 0.0298217299126084 0.0504927203856336 -12.5352305779322 -3.25632962067303 0.020670764453205 3.36315958354492 12.8275047261703
"etap[11]" -0.0436513404856065 6.22903952322647 0.0293639739143497 0.0445123460403313 -12.4534883216686 -3.36452365245649 -0.0376464638552038 3.27900070604939 12.5205494087585
"etap[12]" 0.0106829089911022 6.121330944965 0.0288562308071454 0.0473301842206546 -12.007233071335 -3.35488961642507 -0.0629182110206694 3.29881797591234 12.3350004628898
"etap[13]" -0.0470061137935709 6.23321782498132 0.0293836706177143 0.0475859375126785 -12.5523200030442 -3.37674482036527 -0.00169029979495792 3.28917208432986 12.4534458278565
"etap[14]" 0.0421131122263281 6.19741865327354 0.0292149117038781 0.0473724032119371 -12.3987012245543 -3.28314930636217 0.0162035118703059 3.3619594188454 12.6452573387233
"etap[15]" -0.0203835272584781 6.04720238462159 0.0285067854224892 0.0459225342461037 -12.1634453133522 -3.34594480065386 -0.0624582893509698 3.26053242949158 12.3298022743499
"etap[16]" 0.0374826260635951 6.12347441491096 0.0288663352213724 0.0479072764583547 -12.2281483874073 -3.27371049206256 0.00114564975844901 3.30162850204536 12.5384225488326
"etap[17]" 0.0377116303792976 6.1931462486024 0.0291947713951119 0.0489939921164446 -12.2817142943521 -3.25256586375603 0.0429392076063459 3.36053829364514 12.2225027647434
"etap[18]" -0.0107988491841715 6.18829871583765 0.0291719199065121 0.044748474807722 -12.3932398367867 -3.31989791339534 -0.0125913285819353 3.32731777206239 12.3068563034445
"etap[19]" 0.0111708142184119 6.18517380256478 0.0291571889240729 0.0478766209521432 -12.4371175398931 -3.34026535985076 0.00630011885800384 3.30790754740142 12.7376205996989
"etap[20]" -0.0475939271913685 6.11464757039141 0.0288247250772641 0.0526385574791593 -12.4089690002489 -3.27572279771277 -0.000884065891693093 3.24844294838784 12.0607100519643
"etap[21]" 0.0573062414125514 6.11022510214873 0.0288038773620375 0.0446153828011501 -12.1067550050651 -3.25460698697307 0.0227128607746109 3.31131797734251 12.4586149709352
"etap[22]" 0.0561149773246469 6.11171283569352 0.028810890605225 0.0459329120708424 -12.2966336398193 -3.25212975862757 0.0423815786913728 3.36091754360903 12.5074714487617
"etap[23]" -0.00448219761318752 6.18472208518382 0.0291550595079179 0.0473350983900388 -12.6120319539348 -3.27747084409827 0.0330893698127764 3.29625634815053 12.2286407982824
"etap[24]" -0.0386916432851793 6.2049908056199 0.0292506071723601 0.0452493042864701 -12.6919281723869 -3.29605294137144 -0.0155745174951482 3.29959469531949 12.528139058782
"etap[25]" 0.017828840473541 6.21520403149466 0.0292987527808523 0.045270481309909 -12.3260927215401 -3.34493942126735 -0.0164878333798706 3.31068338898186 12.4848921072817
"etap[26]" 0.0285429118055686 6.18703816438205 0.0291659776099634 0.0475191935470702 -12.1077320034846 -3.2782123861678 0.0311841882821651 3.3026224033147 12.5199295257228
"etap[27]" -0.0658503974794292 6.16856702661511 0.0290789038314885 0.0467114180851221 -12.545385581977 -3.3703296332457 -0.0493715165106241 3.25886041568922 12.2487777296367
"etap[28]" -0.0834891409524003 6.09821660127148 0.028747268746023 0.0454704216978639 -12.4370532022807 -3.36529349960213 -0.0710801047083582 3.22689875570825 12.1545534808996
"etap[29]" 0.104871017847652 6.27161707297351 0.0295646864086993 0.0462675720994264 -12.3017307228773 -3.22392617131957 0.045896469353102 3.34989077747932 12.9317593909272
"etap[30]" 0.00159335086930842 6.04053217646361 0.0284753417596864 0.039850836532751 -12.1136295179248 -3.20816109189707 0.0089037633592121 3.23887719000956 12.0392346651799
"etap[31]" -0.0292850822898744 6.16699176824345 0.0290714779923104 0.0470455936504877 -12.5972565964306 -3.34058207253046 0.0102459657312203 3.30045564841513 12.4343546043112
"etap[32]" -0.0594747594639729 6.16076960145151 0.029042146416762 0.0490421792727568 -12.3943250107683 -3.30147795707342 -0.0294859228071533 3.23508198190189 12.2345250530284
"etap[33]" -0.0302426762141507 6.11553522572247 0.0288289095246238 0.0457199005939785 -12.5211214748935 -3.29997799363632 -0.0384295310607157 3.26167749527023 12.2409872577453
"etap[34]" 0.0268866680586194 6.08540930521403 0.028686894573417 0.0464466933548903 -11.9934786668053 -3.22864021226682 0.00200685422948731 3.26223032305636 12.2707159811048
"etap[35]" 0.0366920685957698 6.11646877894978 0.0288333103367413 0.0423038239924472 -12.346699083814 -3.22160346368809 0.0120585986805731 3.3097337450439 12.3873721059732
"etap[36]" -0.0105537766244028 6.09682611125709 0.028740713913234 0.044282284954432 -12.264322642481 -3.29342021134358 0.00606600700774576 3.34552633874705 12.2838607167347
"etap[37]" -0.0259675384406445 6.19439794857691 0.0292006719653785 0.0497935718258459 -12.3668766373144 -3.31327983306546 -0.0215484587621738 3.28255432795485 12.4053277029247
"etap[38]" -0.00140941965885322 6.08797321849091 0.0286989809765134 0.0420652079824464 -12.1712189330941 -3.31253813196239 -0.0205594926200958 3.31355638003488 12.2473521807925
"etap[39]" 0.0818525706041811 6.09752594476882 0.0287440129600463 0.0446344195547629 -11.8275394862223 -3.26974206452928 0.0192132696799813 3.37902576508007 12.5315865256703
"etap[40]" 0.0278144552040844 6.17081117744735 0.0290894828599651 0.0451506466215433 -12.505662818357 -3.27261229639386 0.0459667170842174 3.35452870624459 12.5556696889239
"etap[41]" -0.0792793166042961 6.16891065019167 0.029080523688563 0.0459421607717277 -12.5559815283075 -3.37709656237501 -0.014579465086607 3.26625083814156 12.1503037649052
"etap[42]" -0.0590753975276078 6.14899404002074 0.0289866358878288 0.0419495959735007 -12.4421486365207 -3.34516893414445 -0.0349211690867951 3.29319958005932 12.3450055237284
"etap[43]" -0.0270436070209068 6.20982301043708 0.0292733864043221 0.0453098951459684 -12.5423228568075 -3.33898787407197 -0.00442183260738561 3.30288399530596 12.3616177966953
"etap[44]" -0.0692908227622341 6.22917363747495 0.02936460613498 0.0473124389752269 -12.5286214927188 -3.36174194566697 -0.0555291456655589 3.27684289686082 12.3043849311513
"etap[45]" 0.0824162633973207 6.13372938954053 0.0289146776353822 0.0451558343760428 -12.1866968191339 -3.21631025368924 0.0325539566265054 3.31902176533243 12.6672297541063
"etap[46]" -0.0291604206760347 6.05766250576476 0.0285560949064384 0.0417289865093069 -12.4636754729764 -3.29734118086806 0.00356528976046505 3.24232322324745 12.3035882824554
"etap[47]" 0.000260035485226842 6.11411632742992 0.0288222207739273 0.0448763994876012 -12.2986907860727 -3.27874862685802 -0.0200386436875305 3.23298590070766 12.4959142851918
"etap[48]" 0.039168449294283 6.13068704495408 0.0289003358854637 0.0430293644908185 -12.4154225794932 -3.22735178019813 0.0339556706326952 3.36961920826173 12.4180547723559
"etap[49]" 0.0209615510701601 6.25484526018075 0.0294856233249756 0.0548884212611566 -12.4450843795058 -3.31176779803452 -0.00711660203565907 3.35130795519623 12.6801260804691
"etap[50]" -0.0500043145623282 6.0691881927955 0.0286104275161535 0.0450411172216159 -12.4667342366136 -3.24217000697309 -0.00796552624101433 3.23202134171942 12.1790363986384
"etap[51]" -0.0163404866565373 6.15262386412904 0.0290037470427722 0.0427646175446552 -12.4923363979735 -3.2643387965783 0.0131452965010021 3.25807449799769 12.1364798692898
"etap[52]" -0.00302153961128484 6.08444411231289 0.0286823446104467 0.0430917003755762 -12.5262801689232 -3.2796027957842 0.0185346326545983 3.32732013355734 12.2543056899326
"etap[53]" 0.0445351922356477 6.15722441623211 0.0290254342533674 0.0502582941522618 -12.325836628711 -3.25802330217378 0.0138549014227616 3.34526348625452 12.3763100563348
"etap[54]" -0.0437042369094993 6.26854534401717 0.0295502061395327 0.0538692810154698 -12.6543447178447 -3.35338391518171 -0.0266614055071789 3.25236708052633 12.5222576697097
"etap[55]" -0.0254519769523144 6.24518128559991 0.0294400669119134 0.0453025630115517 -12.8774303228015 -3.35655051878478 -0.0168780738545391 3.28509999424777 12.3861318690062
"etap[56]" -0.0521531357419056 6.13100934895542 0.0289018552410967 0.0458677542789187 -12.429365237863 -3.34752749680891 -0.0141423585431455 3.25584661150631 12.1107607761275
"etap[57]" 0.0625487603509917 6.1386494234404 0.0289378708976106 0.0425738956817463 -12.4051792163467 -3.25947975536416 0.0469262608001991 3.38151058836712 12.5172288475815
"etap[58]" -0.057334535695407 6.178883177318 0.0291275346322736 0.0474729398250518 -12.6694991993886 -3.26904227288152 -0.0333907645157908 3.18243035671598 12.2717675567179
"etap[59]" -0.0176009566979169 6.2257206832124 0.0293483287524856 0.047798965828452 -12.533194224973 -3.35783956941131 -0.043327282953751 3.28355847984816 12.3878162551019
"etap[60]" 0.0293472504734708 6.30399049414052 0.0297172961796153 0.0497224946301811 -12.3964041052505 -3.3599088927361 0.0182227835563352 3.32716253011885 12.9179743408953
"etap[61]" 0.00400163406586211 6.08288130013424 0.0286749774431851 0.0449835087226104 -12.1799618624251 -3.25950810932618 0.0263653739743743 3.28248042060973 12.1043116431378
"etap[62]" -0.00268463624079024 6.2006303237997 0.0292300516639314 0.0440534123113107 -12.3846704009979 -3.31543645041137 -0.0143786547190617 3.25961764174902 12.5168994404514
"etap[63]" -0.0380505376897594 6.08468007599093 0.0286834569538924 0.0413862052139586 -12.4436035600333 -3.3090587515192 -0.00925867940481893 3.27456053139066 12.1585874765285
"etap[64]" -0.0397207024178093 6.09372356105052 0.0287260883513004 0.0446375912481528 -12.4261914111884 -3.29767085526434 -0.0014464850943537 3.27285535702758 12.244333089858
"etap[65]" 0.0283652190169407 6.07654865559085 0.0286451250705219 0.0395619381743715 -12.1796701824982 -3.24291753706403 0.0200163560706133 3.27403059087577 12.1821475814666
"etap[66]" 0.00144488541539159 6.19452404298926 0.0292012663801388 0.0559558700302474 -12.5301920052541 -3.26498108439633 0.0330195641385777 3.31067249153792 12.4678196183656
"etap[67]" 0.0964793611966855 6.15146802483129 0.0289982983640695 0.052155022915417 -12.0984102784731 -3.25437293267281 0.0332415792247292 3.32808555831512 12.6589878548183
"etap[68]" 0.0470631536557903 6.04450296428367 0.0284940602329812 0.0439319226110859 -12.1586964199923 -3.30825181156056 -0.00532212439593368 3.34358055970523 12.6170989525499
"etap[69]" 0.0464448077358274 6.10487757509823 0.028778668877771 0.0374656816529058 -12.0225266402398 -3.28436386519502 0.040394408842805 3.32238253629146 12.4836675515978
"etap[70]" 0.00300580970958529 6.08410163569247 0.0286807301601754 0.0441235714982486 -12.3639819627228 -3.31447105390982 -0.0134853242312008 3.27706121813772 12.5335850902311
"etap[71]" 0.0593273630069021 6.21216919663188 0.0292844464321106 0.0489068876156213 -12.4380927099782 -3.25384180876055 0.00189686741716074 3.30957240609087 12.672361184574
"etap[72]" -0.0185301622530589 6.24968365074471 0.0294612912647486 0.0445209608282836 -12.7061596731434 -3.31394142084801 -0.0275839617182601 3.26082874342902 12.5628382550854
"etap[73]" -0.07259920957612 6.1481392598186 0.0289826064153132 0.0486563883170376 -12.7442287568102 -3.34917673159089 -0.0319130671319496 3.28028960948418 12.3002031691625
"etap[74]" -0.0553896005401474 6.21308015305221 0.0292887407218585 0.0453055150905924 -12.7291127205454 -3.300789764208 -0.00822974456082679 3.26426105614538 12.2274919947294
"etap[75]" -0.0977371204451584 6.06583368767451 0.028594614227363 0.0429567768444099 -12.6652094314432 -3.3210967862267 -0.0837884449399963 3.21886072017454 12.0842816235298
"etap[76]" -0.00802099190618017 6.13350793508048 0.028913633689046 0.0464374997924098 -12.5024047802775 -3.30194054984643 0.00534900835236579 3.33514571279823 12.2658470013905
"etap[77]" 0.0524781149931775 6.03754881051015 0.02846127803771 0.0429071213057513 -12.0896287430111 -3.27458519334892 0.0455934819550882 3.32066333142348 12.3149592096612
"etap[78]" -0.0133089351052727 6.21872564886521 0.029315353844342 0.0519993424374285 -12.3127281953795 -3.27989537100202 -0.00892346487160511 3.26704480536979 12.2535465218308
"etap[79]" -0.0375216049128434 6.25658944636132 0.0294938454974818 0.0521547112164796 -12.7065267866196 -3.34761395229161 0.0116322452016237 3.28097140150881 12.5393511017176
"etap[80]" -0.0166337321128341 6.15276863077915 0.0290044294793054 0.048406151343106 -12.3853875265143 -3.27514281775199 -0.0290382063620126 3.28141427979975 12.4090226636929
"etap[81]" 0.0202983243856926 6.14645252332267 0.0289746550632175 0.0438896609938683 -12.5404717162985 -3.2536811654016 0.0204038183431478 3.32195775135477 12.2353801853987
"etap[82]" 0.0162364962463501 6.05591615901545 0.0285478625489134 0.0426662933545721 -12.2018382019744 -3.27719845529829 -0.00719605777764977 3.25514341960186 12.2643312085146
"etap[83]" -0.0416086333403221 6.1906235030388 0.029182879058477 0.0528942548429746 -12.5403950944692 -3.34249801918726 -0.0419337900610016 3.23769177433494 12.4886489329909
"etap[84]" 0.0341614004010252 6.17815889997792 0.0291241203561494 0.044584586487611 -12.596532556251 -3.28395458842619 0.0417185715697173 3.34171686360496 12.4116740845924
"etap[85]" 0.0384896828795045 6.13283717527961 0.0289104716970211 0.0418274196621636 -12.4574646555155 -3.27175268303669 0.0450887718179468 3.35724519960687 12.523028216054
"etap[86]" 0.0623924401366962 6.14158306813854 0.0289517002313416 0.043568144568784 -12.0853250527011 -3.28795520272637 0.0687994040197944 3.36708114803581 12.4240468929434
"etap[87]" 0.000204903069529528 6.17464626551753 0.0291075616385043 0.0448917805899298 -12.4678920382917 -3.31620822410005 -0.00185178963409411 3.28140732351863 12.4790995484996
"etap[88]" 0.0197117258757317 6.18398675480645 0.0291515931272762 0.0482878413676796 -12.0984918032222 -3.32355098393532 0.00879953708995642 3.34439645938261 12.279348315919
"etap[89]" 0.0143069078524268 6.16987105818341 0.029085051095254 0.0427438238711904 -12.366665560835 -3.2644356075301 0.00829218672383416 3.30780709291817 12.5225181792722
"etap[90]" -0.102597480926322 6.26246570650391 0.0295215464534474 0.0474348697159424 -12.8479775445114 -3.37046004071915 -0.0444666559302435 3.25543635560419 12.292741533008
"etap[91]" -0.0299614905700211 6.14923726828334 0.0289877824768546 0.0490302808982432 -12.2816573731953 -3.34163726923992 -0.0117362460463161 3.21524594967915 12.4461475492457
"etap[92]" -0.00524177830072892 6.14830875346945 0.0289834054160457 0.0447374354893172 -12.4962511527888 -3.24721389571745 -0.0250754304939665 3.25797925256889 12.5269127340499
"etap[93]" -0.0037309640598145 6.13226511335213 0.0289077749712332 0.0450049747119389 -12.3752178462142 -3.29419021977546 0.00999481735547338 3.34517804743547 12.2380387295602
"etap[94]" -0.0095361532891798 6.16543664752898 0.0290641470829586 0.051522654026716 -12.376841471374 -3.33195605408363 -0.000140613979225329 3.28886285680728 12.4008508242089
"etap[95]" -0.0606771385893827 6.09961851837622 0.0287538774466325 0.0459043434472926 -12.4676263765134 -3.31319169328546 -0.0517836748515592 3.25584056730909 12.2792027753627
"etap[96]" 0.00702397623932529 6.29922892808191 0.0296948499419546 0.0502100755784366 -12.7548622346377 -3.34677959043923 0.0136959214927532 3.34535699281557 12.7679254308669
"etap[97]" -0.00723193152436583 6.12137624025214 0.0288564443311767 0.0441952669514186 -12.2711175331223 -3.3174253243155 -0.0195411254211573 3.2532636073124 12.448021157412
"etap[98]" 0.000989236873657577 6.22705698728395 0.0293546281502904 0.0430426880250281 -12.6141998524795 -3.31309035137159 0.0174627674285771 3.3489337991319 12.39677764137
"etap[99]" 0.106917177536466 6.15198988672565 0.0290007584446318 0.0435780090813708 -12.3252613090138 -3.17221948272918 0.0774206179440101 3.36737304090768 12.5618806026363
"etap[100]" -0.0372372934966261 6.13273818212431 0.0289100050388117 0.0415754391921079 -12.3857183804273 -3.3266462112025 -0.0479794666759264 3.20863362565781 12.3992662570515
"etap[101]" 0.00591221316069653 6.13908069547862 0.0289399039334957 0.0455564564791617 -12.3813359063717 -3.29315935188636 0.0192458548846284 3.30029641964877 12.3050360526987
"etap[102]" 0.0598601058505261 6.18739170455076 0.0291676442143016 0.0463107349631141 -12.2228705072353 -3.30202897302285 0.0161660026289155 3.3486160358693 12.7629404176104
"etap[103]" -0.00192564940935927 6.20084851567267 0.0292310802302846 0.0442972184802932 -12.4009506491979 -3.33722057609731 -0.0105250626599525 3.2654341242146 12.7144264235497
"etap[104]" -0.0397275435189265 6.13684541949519 0.0289293667414577 0.0456295838355531 -12.379955330274 -3.32860546063098 -0.0371216751781128 3.18934764717417 12.3550287827788
"etap[105]" -0.00862001550464626 6.09551338891072 0.0287345256807478 0.043578136274184 -12.3759312538098 -3.26184920283358 -0.0077895149112683 3.26689120779622 12.2454578015067
"etap[106]" 0.108198737771818 6.1327026287244 0.0289098374384772 0.0502721552653186 -12.1961999342632 -3.15955180149906 0.0434818492163284 3.32062889838092 12.4516128449051
"etap[107]" -0.0851837117348182 6.1854673052393 0.0291585725089492 0.0442094415427394 -12.8008984482074 -3.3626423714862 -0.0473403909281239 3.30411248958533 12.2064711969384
"etap[108]" 0.0599431960198729 6.19072567294017 0.029183360692011 0.0499492661928272 -12.3494519579061 -3.29654514070047 0.042566317590309 3.30644688806507 12.8618856176173
"etap[109]" -0.158239967691746 6.15133515344137 0.0289976720023306 0.045466655729006 -12.6524664878356 -3.46504641644098 -0.100624773281658 3.18123384711431 12.1424656529864
"etap[110]" 0.0237156667061887 6.09123741952159 0.0287143685677397 0.0433768581662483 -12.3913282183978 -3.24159690075062 0.0406653275541753 3.31244562328317 12.2331898973895
"etap[111]" 0.0233943732740867 6.13038305029732 0.0288989028409087 0.0455977720065022 -12.257868445471 -3.29457569102084 0.00296541808619636 3.3253640843666 12.6706671548578
"etap[112]" -0.0406155600355303 6.21212957912012 0.0292842596733691 0.0514403359157112 -12.5582199526638 -3.35209823364281 -0.0520460727852895 3.29283612071041 12.3332076975461
"etap[113]" -0.034574798344198 6.15626325644711 0.0290209033026889 0.0474881891263922 -12.4678828425358 -3.35068855857774 -0.0399476536711731 3.24784443458074 12.4120692374603
"etap[114]" 0.0174848206373821 6.13939991331605 0.0289414087408125 0.0496809443698182 -12.3624825621228 -3.27899763525441 0.0101272085909244 3.28226678014386 12.3038638471854
"etap[115]" 0.0757796663608113 6.15545275888275 0.0290170825805296 0.0468048190028311 -12.3471222229812 -3.28469780194733 0.0232231523732974 3.36264815467013 12.8800371973492
"etap[116]" 0.011201109255896 6.14374746588487 0.0289619033001657 0.0476618119302529 -12.5222740406073 -3.31004820310885 0.0373860016753714 3.33107617987376 12.2649370088139
"etap[117]" -0.0111219446805494 6.16599260101731 0.0290667678728361 0.0428905292422038 -12.2576343983666 -3.29936181280366 -0.00643901409718712 3.25184400566191 12.2013757726469
"etap[118]" -0.0187649928049382 6.2351618789673 0.0293928349760909 0.0480122587761087 -12.5803619384996 -3.28219454831418 -0.00668652258621144 3.26710631788767 12.355853255398
"etap[119]" -0.0270403712093138 6.26246229305257 0.0295215303622835 0.0477773375379362 -12.465364830611 -3.33376973363755 -0.0323238837747695 3.32129409850427 12.4086537332932
"etap[120]" -0.0373964423262956 6.09294316558857 0.0287224095318127 0.0422527825410036 -12.3826997804306 -3.29778000264303 -0.0215827347232116 3.27025837217728 12.3085237129455
"etap[121]" -0.0136351499277658 6.10151204215225 0.0287628036033149 0.0435677200041332 -12.3235994154768 -3.31417301119428 0.0199102493051184 3.23492705763002 12.2477845543227
"etap[122]" 0.0210781186442283 6.18158822361847 0.0291402863428235 0.0417863450718318 -12.3158345594683 -3.29108676021441 -0.00856606187522857 3.33573030429157 12.4218562400286
"etap[123]" 0.0150325146649545 6.09006972051584 0.0287088639818374 0.0419196986028893 -12.5582574972094 -3.31511487898997 0.0198767059415985 3.31531201928047 12.4668717154539
"etap[124]" 0.0205531712863895 6.21972151768613 0.029320048414985 0.0474983034962445 -12.3435725234162 -3.25353075476988 0.0443722595881162 3.33900071612887 12.4828901991684
"etap[125]" -0.0929934937805453 6.12611036147735 0.028878761192652 0.0476461623175754 -12.7824451405221 -3.38313004693412 -0.0428872758329356 3.23368238800182 12.1395216922636
"etap[126]" -0.0316511162397457 6.10912383667683 0.0287986859468171 0.0415639360066518 -12.4245045136361 -3.29089829588234 -0.0083370438667148 3.23116264632832 12.2000715728228
"etap[127]" -0.00854399444833369 6.11271968429977 0.0288156369350724 0.0445736456735314 -12.384156936825 -3.25587947793512 0.0223838656348572 3.26136456750593 12.1325787193604
"etap[128]" -0.0700078094548989 6.17903287823935 0.0291282403291845 0.0444926038287774 -12.4857372473503 -3.35017987178261 -0.0425630471227306 3.27234503058456 12.2211846915982
"etap[129]" -0.0017669003696158 6.17885852464452 0.0291274184184563 0.0468498732890869 -12.3555893284422 -3.34686412644767 -0.00474194322124635 3.34687581822933 12.3630799990753
"etap[130]" -0.0101571329494633 6.16899238304573 0.029080908980932 0.0458337337331149 -12.4424037618806 -3.31617943660532 -0.0193533187973863 3.32659675242457 12.3800345479033
"etap[131]" 0.0329088515819082 6.12847197050493 0.0288898939243714 0.0397511479245763 -12.3469587134052 -3.24776613980844 0.0188270158338483 3.30558394318414 12.3395110239207
"etap[132]" -0.0502735528155996 6.14563398961434 0.0289707964583122 0.0461961036024129 -12.4937553732055 -3.30867614443575 -0.0154151922056226 3.23385629042394 12.1729015301439
"etap[133]" 0.0169854989219656 6.14383896568709 0.0289623346343699 0.0440434442060007 -12.3752571596939 -3.27749050765731 -0.0127188157534523 3.291942264415 12.5147324186327
"etap[134]" 0.0370806760512188 6.21362765227364 0.0292913216579396 0.0533144287215683 -12.4473163107253 -3.27608556025231 0.0578233517755901 3.3718335590823 12.3565764254034
"etap[135]" -0.0350417274439604 6.05116644455101 0.0285254721802034 0.0458530770373782 -12.2459292333218 -3.35775892332107 -0.0460360892934688 3.24658793208113 12.2068740652179
"etap[136]" 0.0522967530513857 6.14525067994464 0.0289689895192006 0.0462561479558229 -12.3675000922786 -3.27277685129128 0.0407430579393999 3.32972899258739 12.5824937676603
"etap[137]" 0.00324432170841631 6.10601242547409 0.028784018613747 0.0429712397191308 -12.5125972892457 -3.29059175372937 -0.00496586350074326 3.28512091874063 12.3980359361859
"etap[138]" -0.0242034994647454 6.19222587074134 0.0291904326922665 0.0470036530558863 -12.5469048020315 -3.28945551644548 0.0142898333439196 3.29748634948816 12.5786166939832
"etap[139]" 0.0377424343638242 6.14837500881235 0.0289837177467274 0.0440384707632604 -12.5618589007685 -3.25289555859004 0.0370269182262572 3.31366580228805 12.5810160260643
"etap[140]" 0.0159492132852152 6.12238088074524 0.0288611802518789 0.0434358482839995 -12.3481211780524 -3.34568900107772 0.0109012799076659 3.33573471308808 12.4517782885778
"etap[141]" 0.00975509017359503 6.0996512978409 0.0287540319705109 0.0459253403559435 -12.5302863981789 -3.30540233347675 0.0254897011111183 3.33470590524539 12.2422661466111
"etap[142]" -0.0485893131444608 6.2117312078832 0.0292823817333488 0.0472588155634495 -12.7636671654655 -3.38834164374614 -0.0148015293419566 3.28251654143854 12.3319555082991
"etap[143]" -0.103024082375664 6.07522290589652 0.0286388754265285 0.0434357824463022 -12.3795263995474 -3.37597206102766 -0.0714636089919812 3.19426139704949 12.0676317415335
"etap[144]" 0.00103289787138423 6.21095601500882 0.0292787274390941 0.0420576778916228 -12.5270797451893 -3.27940236664607 -0.029551608677134 3.30888970270809 12.3517718907317
"etap[145]" -0.00127997561419811 6.09409412479773 0.0287278352055572 0.045885128532633 -12.3316666182965 -3.26025975103848 0.0411054221331519 3.28139908910056 12.2433439103194
"etap[146]" 0.0731529331856193 6.20347588650429 0.0292434657751628 0.0478605436868327 -12.105886107716 -3.24176637881301 0.0196718793147213 3.33876469670603 12.5487627801922
"etap[147]" -0.0733696109348468 6.17597966147308 0.0291138473273188 0.0434151570378172 -12.4750206879357 -3.36325436583951 -0.0752941275567644 3.26053203653539 12.2046140386248
"etap[148]" -0.0810844165748308 6.18503067149221 0.0291565141977262 0.0447528986728486 -12.5225531322461 -3.36878700606704 -0.0656303262874487 3.22645051956214 12.3323761044602
"etap[149]" 0.0101504926829038 6.14796374598359 0.0289817790351603 0.0433773218478037 -12.2494962529254 -3.32439761915001 -0.0416445886553624 3.29469962565576 12.4128224881226
"etap[150]" 0.00266110655930612 6.10544419674262 0.0287813399578184 0.0445969419018709 -12.4359495167136 -3.27959649261847 -0.0170311747235643 3.26280467823444 12.3476036382251
"etap[151]" 0.066511370159518 6.13846380036059 0.0289369958620208 0.046451373637504 -12.3402798649675 -3.20180518828941 0.0312800011159357 3.31981696187754 12.5979308853587
"etap[152]" -0.0140381122765619 6.13116057325957 0.0289025681193029 0.0491553050952848 -12.1906613251659 -3.36318502429887 -0.0475484571368105 3.27915625219493 12.3429807604701
"etap[153]" 0.00720707968926196 6.11632176897458 0.0288326173250722 0.0418102761533279 -12.1208843182937 -3.36616249071066 -0.0111686028605801 3.35644149043823 12.3246696184339
"etap[154]" -0.00736071910859705 6.17467527483256 0.0291076983897267 0.0450941034603289 -12.5919636170556 -3.30995643975916 0.0395371395437224 3.33563881128568 12.4278326531006
"etap[155]" -0.0336840709387615 6.15767870624962 0.0290275757970474 0.0435547930512038 -12.3176485462983 -3.34832668946359 -0.0483428288093172 3.27769694059699 12.2721367218297
"etap[156]" -0.0250768247486877 6.10653473114536 0.0287864807862937 0.0428448898731055 -12.4868173981969 -3.29086330540754 -0.0262009764137259 3.23320847985549 12.3310785222005
"etap[157]" 0.00963984291650249 6.15216661328687 0.0290015915416308 0.0450645229903349 -12.4037851694323 -3.25282835004121 -0.0132737875494896 3.31518720192194 12.3619981657712
"etap[158]" -0.0399226700653326 6.13646616452273 0.0289275789163722 0.0447867675884553 -12.3269414874227 -3.30624882262951 0.0024327434112531 3.24863539424804 12.2124098320693
"etap[159]" -0.0557037911675014 6.10918038287962 0.0287989525081734 0.0458615430207828 -12.4320309007744 -3.34479834610408 -0.0529000276091662 3.23285677225345 12.355764347299
"etap[160]" -0.019695342581694 6.26647783111022 0.0295404597902214 0.0486327060318007 -12.5480438483311 -3.30884675324403 -0.0149269839389437 3.30506543548805 12.459675007064
"etap[161]" 0.0416286232094561 6.23082477987384 0.0293723896948931 0.0503857524439311 -12.1495129208447 -3.29510311973527 -0.0196642281434756 3.3199632154071 12.5190725227345
"etap[162]" -0.12323697426289 6.17615255437873 0.0291146623522921 0.0480362364299821 -12.7407950893392 -3.34576560354135 -0.0548580969725284 3.22426609641682 12.0913806022401
"etap[163]" 0.00973979718037936 6.17865451041668 0.0291264566861632 0.0485529945820874 -12.2484782039661 -3.29875968722252 -0.0407061397122376 3.31579006332776 12.3008501178677
"etap[164]" 0.0122517299918331 6.07008407854698 0.0286146507620871 0.0427705605138346 -12.3060061073002 -3.2537973920934 0.0184884434275247 3.26356006689831 12.3978293840682
"etap[165]" -0.0431054866656619 6.13967828859444 0.0289427210144596 0.0412270966611458 -12.4899255185116 -3.33433846127357 -0.0416430303264591 3.23892067956436 12.2529442232196
"etap[166]" 0.0145180448936976 6.11830828951746 0.0288419818727178 0.0438281475829022 -12.3370361743794 -3.24909413262722 0.0318950159695798 3.27849197012645 12.3659961284343
"etap[167]" 0.027504502272814 6.13581981557459 0.0289245319982105 0.0426236390789368 -12.3414182906678 -3.28003964427804 -0.0105531500026438 3.3423641041844 12.4457823848063
"etap[168]" -0.11167375412185 6.13060637223049 0.0288999555905976 0.0441880807238997 -12.9135655217804 -3.31291559520221 -0.0699709861241621 3.21469781650002 12.0988258051427
"etap[169]" 0.0625422829702801 6.1443300428562 0.0289646495943457 0.0406818534883734 -12.2904115906521 -3.26738043311279 0.00325755662183038 3.31498015055083 12.8258048580709
"etap[170]" -0.00553664818838808 6.24603322303157 0.0294440829834806 0.0474339860181879 -12.718171232356 -3.29496322374454 0.0247158387507856 3.39647759946169 12.4997348868904
"etap[171]" 0.039459031629897 6.15102376059755 0.0289962040823874 0.0474816700713125 -12.3824803987243 -3.27742813095718 0.0294889197365522 3.28175278137272 12.4721074497199
"etap[172]" 0.0171754003997509 6.1259389885036 0.0288779533327064 0.0429100003139245 -12.2834752026532 -3.2625912721196 0.000552133760458586 3.29472649940469 12.4919204609402
"etap[173]" 0.0246205054610481 6.23709564338414 0.0294019508289733 0.054266393653619 -12.1555606895108 -3.30713756009962 -0.0266059839301951 3.26108438375089 12.6921792867929
"etap[174]" 0.0329126329247146 6.18526177799847 0.0291576036442445 0.0467906630518217 -12.250659026162 -3.26245040389048 0.0334075507466693 3.33816868026086 12.3491890514928
"etap[175]" 0.0138754646572416 6.19727768629639 0.029214247179175 0.0484683322190081 -12.3528147162827 -3.27498388031342 0.0218656988523208 3.31319026921404 12.4500099779163
"etap[176]" 0.00268749308289629 6.24309156722398 0.0294302158850175 0.0519121083885993 -12.4471675889632 -3.27420779253706 0.00249761904583628 3.33906518359724 12.4523144129143
"etap[177]" 0.0239978225781534 6.10271462524419 0.0287684726343766 0.0410942394732169 -12.0403714746099 -3.26528888583949 0.0107883031236881 3.22688372617074 12.5465563816388
"etap[178]" -0.0481383242038496 6.2419022083119 0.0294246091933375 0.0520574172128363 -12.6543431795581 -3.31925975707264 0.0157776214955286 3.30366662027288 12.2572417441615
"etap[179]" 0.00635443625088556 6.12871697566744 0.0288910488897837 0.0465815713994438 -12.2875884176598 -3.31164484967155 -0.0199569053746277 3.31609798238647 12.2492450299887
"etap[180]" -0.0346304486565117 6.19804151833224 0.0292178479179233 0.0447285860022142 -12.8193381191987 -3.37237685356474 0.00531560015181415 3.34115552863844 12.3801255699965
"etap[181]" 0.0574553089085322 6.11698079809378 0.0288357240181334 0.0424262113685987 -12.3652957292317 -3.24498717010256 0.0555590897821232 3.31613826060609 12.6964272120833
"etap[182]" -0.0360669577950327 6.19388197810676 0.0291982396572563 0.0454944333249633 -12.6934381365449 -3.33187146032039 0.00727309223123277 3.34406362612612 12.2988496145076
"etap[183]" 0.0698152362072482 6.15880255523094 0.0290328736719522 0.043970522630878 -12.466839805346 -3.23702658401196 0.0336735489810214 3.36326833428011 12.4988509397753
"etap[184]" 0.0390131243347697 6.32825760516081 0.0298316924380303 0.0557012690047673 -12.5099104456211 -3.26147008589467 0.0235709622841223 3.30339318631281 12.6679090590039
"etap[185]" 0.0582691634844195 6.07806276707417 0.0286522626605041 0.0443100583395174 -12.2263175703806 -3.27887171443964 0.0840906293417428 3.33620151049023 12.530007468277
"etap[186]" -0.0268763256756402 6.10512855061968 0.0287798519877252 0.048977219156908 -12.4869470587144 -3.25324128978335 -0.00913741247524002 3.27265966096004 12.1614607112333
"etap[187]" 0.094070805457197 6.22121857761044 0.0293271056231471 0.045791311777289 -12.2243973062704 -3.29781403117381 0.0317870222540267 3.33917067600457 12.966319165875
"etap[188]" -0.0422273042363537 6.09412859595977 0.0287279977041734 0.0443043747296424 -12.3330779113386 -3.33696450573833 -0.0668610215438086 3.23635022756368 12.4550998672933
"etap[189]" -0.0179012480379329 6.1715695227408 0.0290930577339616 0.0454398885001895 -12.5430467979173 -3.28956348787414 0.00974735613796136 3.31243053040939 12.4509026909848
"etap[190]" 0.0987858661988772 6.14209403828449 0.0289541089677095 0.0482539592777936 -12.0824662680652 -3.21397801910538 0.054565660653232 3.31277407760901 12.6677531470464
"etap[191]" -0.021847221119644 6.2327272625092 0.0293813580840435 0.0456460910808838 -12.5456595052659 -3.29260978212901 0.00714702274015337 3.27284120476334 12.3756875679414
"etap[192]" -0.00868059450818454 6.15978767364463 0.0290375175646895 0.0461263538300938 -12.5444445028822 -3.3239476550578 0.012505177443943 3.32333303635992 12.4501218228673
"etap[193]" 0.0310485287781354 6.18408308884054 0.029152047250268 0.0434697094923121 -12.3119467423865 -3.28029094652975 0.00805138945561931 3.3241268817618 12.4441439364173
"etap[194]" 0.0217804257799479 6.1462592083617 0.0289737437677521 0.0437703712573558 -12.2829546363494 -3.27756528887179 0.0302580715935894 3.3468041289773 12.2627230997471
"etap[195]" 0.0638496498030042 6.21319447412481 0.0292892796365629 0.0437697805904725 -12.2526939166231 -3.32999591710271 0.00839334825353563 3.3497804520396 12.7986271160448
"etap[196]" -0.0300601777213511 6.25338341777183 0.0294787321337732 0.0459088491788254 -12.4686305063798 -3.36962975971237 -0.0776603179788297 3.24729274839927 12.7118139688794
"etap[197]" -0.0372690460879315 6.17591912557729 0.0291135619583693 0.0476887195815839 -12.700629457981 -3.34364165876914 -0.0302184386868221 3.33695523412896 12.2792781880315
"etap[198]" 0.0883552668999754 6.15450550990746 0.0290126172060369 0.0534114516320143 -11.9535399264912 -3.21888383470779 0.0229207970535808 3.27098764351185 12.6443491990297
"etap[199]" -0.000980638241281293 6.10489383261153 0.0287787455164236 0.0469783625440387 -12.2268120206513 -3.29579534591657 -0.019657191682867 3.26942524336218 12.2778415277113
"etap[200]" -0.04039589889255 6.30524412320711 0.0297232058437092 0.0470149045332724 -12.5864078824756 -3.33343515880638 -0.0420031281850058 3.33108594110995 12.4200589972288
"etap[201]" 0.0184535282519281 6.25757104417101 0.0294984727939327 0.0479694547449915 -12.3594591615732 -3.30326950645991 -0.0313188098697458 3.29874635482645 12.5392149742521
"etap[202]" 0.0138839074066237 6.06682044742594 0.0285992658574406 0.0442226446538412 -12.1452182830665 -3.26263384744988 0.0144058945397608 3.26782298046404 12.3776254255691
"etap[203]" 0.0381593142935747 6.20239350877096 0.0292383633975958 0.0459703780973885 -12.289809281709 -3.31380606068042 0.0127218575066074 3.30071360732084 12.6042076822382
"etap[204]" 0.0309117418067399 6.17625606194922 0.0291151502916588 0.0517931149323304 -12.3752724660632 -3.2920875350019 0.0463415641023295 3.3485057541439 12.5855735922273
"etap[205]" 0.039532144485122 6.15450836852863 0.0290126306817063 0.0432633134075971 -12.3511075818791 -3.29519422915493 0.0485974293149423 3.33606333199374 12.3943741248869
"etap[206]" -0.0749186132595593 6.10151877813957 0.0287628353570636 0.0456253773758976 -12.3089210989931 -3.31428768031724 -0.0512286190009063 3.21615046345559 12.0388966164143
"etap[207]" 0.0535737402870404 6.25090907656184 0.0294670679774495 0.0477610480131922 -12.3488817296097 -3.23578395994475 0.0427143716989938 3.3581736622293 12.6437211444325
"etap[208]" 0.00596687811035138 6.24412314773466 0.0294350788021805 0.0493224779521813 -12.4069516658916 -3.30441518748976 -0.00947904993139329 3.306600712034 12.2434900382287
"etap[209]" 0.00156129199129036 6.17846701839515 0.0291255728402976 0.0522303744625556 -12.284127393001 -3.28809514043162 -0.0245811466862035 3.30176475223317 12.4329842135024
"etap[210]" -0.121528759096912 6.27245347004564 0.0295686292223091 0.0547049894166368 -12.5635989200077 -3.4098133456939 -0.0843294917816792 3.20701467600814 12.2786737055345
"etap[211]" -0.019599952950871 6.15468067636356 0.0290134429486298 0.0450317192428303 -12.3157246047392 -3.33085271722318 0.0188957533181906 3.28193396730239 12.2716287406653
"etap[212]" 0.00593337967164296 6.16754694035564 0.0290740950987454 0.0463690134875741 -12.4561705130823 -3.34269897266473 -0.0125805464899236 3.30941140782754 12.5680562809966
"etap[213]" -0.0344084032166454 6.09111938396183 0.0287138121427749 0.0448491580030621 -12.3203204976505 -3.30255098544143 -0.0296440388865439 3.26373708464242 12.3401870686766
"etap[214]" 0.00960806818768079 6.1932087062496 0.0291950658232844 0.0513605160140471 -12.2801561379411 -3.35521097311505 -0.0287742575862772 3.2797064977221 12.7031405027754
"etap[215]" 0.0368540685317703 6.09603525241071 0.0287369857688791 0.0458314683477525 -12.0967100703731 -3.27598414273591 0.017961296633481 3.31141697748582 12.3141459019378
"etap[216]" 0.0293885481927875 6.18442562342016 0.0291536619737616 0.0508436379492657 -12.3208338814164 -3.26817433634647 0.0440091324073648 3.34542246674835 12.5403790290035
"etap[217]" 0.0500591876679068 6.07863379728307 0.028654954522724 0.0420492349796721 -12.2143682307147 -3.29602784044482 0.014966984263785 3.29703762781565 12.4135801184596
"etap[218]" 0.0222269596968694 6.22728294302474 0.0293556933158674 0.0425539147401516 -12.3489496028502 -3.28997467764225 0.00984068200272072 3.29636228516484 12.5814865271057
"etap[219]" 0.00199402530754863 6.19291473907899 0.0291936800487525 0.0446967482653636 -12.4254043578676 -3.32714810963356 -0.0404895876611438 3.29593831835747 12.4212880473164
"etap[220]" 0.00131130141668651 6.24588707292881 0.0294433940252891 0.0458061351889835 -12.4086121363415 -3.33187693558613 -0.0369564810531252 3.23642028633923 12.6752559049154
"etap[221]" 0.0147672627218069 6.06739352611034 0.0286019673762665 0.0436015845231275 -12.3927562083503 -3.29098155539989 0.0111693521216385 3.33638565560645 12.3179761664176
"etap[222]" 0.00759873678727815 6.17377110835379 0.0291034361080703 0.0441361860167257 -12.4510898680344 -3.27627326956115 -0.0323715331597016 3.30334466606835 12.5227215023176
"etap[223]" 0.0228108747883456 6.14177010352231 0.0289525819245962 0.0436337641154683 -12.4507990171973 -3.28257817537307 -0.00624344405191549 3.34272200200609 12.3733974148997
"etap[224]" -0.0387385760845476 6.10029522450655 0.0287570674699233 0.0420652579900895 -12.4590003011416 -3.27554428578311 -0.0200026539970493 3.2613963343567 12.2389579460699
"etap[225]" -0.00188658318099104 6.07833466450694 0.0286535443972941 0.0453445260714035 -12.1808995494189 -3.24928096159187 0.0104365722568682 3.26886742285832 12.4524495048877
"etap[226]" 0.00183445125779579 6.11673970035052 0.0288345874724722 0.042220574101319 -12.2437224848084 -3.29790105397117 0.012701909143291 3.32094244384236 12.1587292127691
"etap[227]" -0.0573671130393686 6.14417511915448 0.028963919277012 0.0505071477166038 -12.6138559557511 -3.35033643187668 -0.0604526392264281 3.24654075604537 12.3666234006038
"etap[228]" -0.0119771787317264 6.11572723499591 0.0288298146650191 0.0444145665727106 -12.3392515038915 -3.29087893827836 0.0188373298659841 3.29429033385124 12.2568521611291
"etap[229]" -0.0403663926827018 6.11392698147677 0.0288213281885442 0.0424028323596204 -12.3218213300949 -3.33120459839061 0.0217570262635643 3.28966418996136 12.1254345909763
"etap[230]" 0.0735182183954052 6.15183058402146 0.0290000074844825 0.0440816314251621 -12.311152248318 -3.23595429181832 0.0360602162739832 3.35108703491822 12.6699318180859
"etap[231]" -0.0515447068990942 6.13132962311638 0.0289033650279703 0.0436100562093487 -12.418577400505 -3.32695200408447 -0.0500420856529144 3.27529285384909 12.2366420201956
"etap[232]" 0.0266221708982293 6.09032333763602 0.0287100595444074 0.0454529397809431 -12.2457614484932 -3.26907425577371 -0.0047604939722897 3.2926082114376 12.4399992137534
"etap[233]" 0.0550236453691034 6.15351652298096 0.0290079550769554 0.0459355057973132 -12.3172787335573 -3.33059444589818 0.0160965721754622 3.36817806258268 12.7701886253652
"etap[234]" 0.0831462814993709 6.1791400614924 0.0291287455958849 0.0466951408737116 -12.4423573724523 -3.22677486229898 0.0292152239050013 3.34179391730931 12.5331657852247
"etap[235]" -0.0357623402770761 6.22420156136392 0.0293411675434155 0.0465629246338439 -12.5436319688502 -3.31854367750223 -0.00848665641593114 3.31104008206154 12.4119582826584
"etap[236]" 0.00743824129081564 6.15722376463376 0.0290254311817033 0.0555661268678673 -12.3090979899425 -3.27618209826188 -0.00741630259108877 3.23935924260294 12.3405457130249
"etap[237]" -0.0151903212161078 6.22194330559036 0.0293305220236079 0.0515109857346474 -12.3488978845233 -3.32029954730225 -0.00979612491887011 3.32140788482933 12.4257146831528
"etap[238]" 0.0753071147797126 6.21197023746187 0.0292835085295886 0.0478911886955044 -12.3236066796116 -3.26203124923812 0.0520813994965725 3.32509702645232 12.678206188827
"etap[239]" 0.0021540294276406 6.17701267023302 0.0291187169773133 0.0428830955818851 -12.3881325553722 -3.30399171632141 -0.00213555019250033 3.28843966318394 12.3789138045674
"etap[240]" 0.0278299999358465 6.10621896847646 0.0287849922667975 0.0464994863689139 -12.2486061003303 -3.24338531805572 0.0405002247123135 3.30531028960015 12.3588591057987
"etap[241]" -0.143480834536414 6.1421933714077 0.028954577228543 0.0506451603460187 -13.0372451037808 -3.35341447348725 -0.0399000108901845 3.22212053112681 11.9454386877579
"etap[242]" -0.0323740561161993 6.13104316907958 0.0289020146706909 0.0486111953323562 -12.2620808624771 -3.29302766659504 0.000375566982545827 3.26523606893146 12.3020506743751
"etap[243]" -0.00242335540546258 6.25220682390851 0.0294731856171101 0.0531469077533336 -12.4982499003965 -3.30738892890462 -0.00269472092357302 3.29719850031261 12.4896939061552
"etap[244]" -0.0184565900751629 6.09817828119548 0.0287470881034523 0.0431730267308396 -12.3993198414323 -3.34812658741661 0.0114100675820465 3.30390649811291 12.152590598155
"etap[245]" -0.000421731928197793 6.15104761219692 0.0289963165199051 0.0482113833344582 -12.3688969231203 -3.28282577257799 -0.0335898514536465 3.26163193810522 12.3727147365366
"etap[246]" 0.014273834445532 6.12694890346852 0.0288827141175071 0.0448352691051076 -12.4717969887526 -3.27856019660226 -0.010262091161307 3.31065415938397 12.6676609727702
"etap[247]" -0.0328589874965635 6.11896518765658 0.0288450785202425 0.0470952918887129 -12.3516196780005 -3.31009856258293 -0.0127887173820914 3.24064823811234 12.0755284151268
"etap[248]" -0.0522878140543215 6.19364297791 0.029197112999524 0.0486561109410665 -12.7298116928227 -3.31494736434109 -0.0198996712703187 3.27466934111841 12.128219958202
"etap[249]" -0.00632792645361632 6.15053143507433 0.0289938832376139 0.0465452140632429 -12.2912103679493 -3.33184123972817 -0.000700694754295007 3.25924956467458 12.3815552308868
"etap[250]" 0.012924087414583 6.19477518107705 0.029202450256438 0.043697783534539 -12.5693753540504 -3.26269188190244 0.0170193749897786 3.31004237320583 12.4329812783968
"etap[251]" -0.0304178236691422 6.07118363596434 0.0286198341254612 0.0436909171841938 -12.2428808402568 -3.29013284386685 -0.0112890688922681 3.29655959624837 12.2135676993706
"etap[252]" 0.0282522166519623 6.19519577613286 0.0292044329605454 0.0500890316891238 -12.240573578113 -3.25522700106253 -0.00837027012433111 3.32225282235752 12.5607082678669
"etap[253]" -0.0221339303268292 6.12613617411288 0.0288788828745829 0.0449423930644189 -12.5863763920929 -3.35229596722734 -0.0196784931671211 3.2594718228109 12.4250732001865
"etap[254]" 0.0226796596323984 6.09070166122663 0.0287118429789168 0.0438226424811956 -12.256122932538 -3.27278430809099 0.0149515801466663 3.34843185956063 12.2194614373437
"etap[255]" -0.0412810617636043 6.13234006645158 0.0289081283035325 0.0394171749031313 -12.4319159456813 -3.32161419232848 -0.0444780700856302 3.25672687118503 12.2719972110452
"mean.p0" -1.1367799578408 0.275823161623758 0.00130024285328315 0.00610178895503301 -1.72944414753992 -1.30069443834936 -1.12202846915393 -0.954683558042923 -0.635519743898095
"mumup0" 0.409687918900168 0.179035508183849 0.000843981479399864 0.00292719021898514 0.0886211324662136 0.27909813676435 0.403418893895587 0.530249664868207 0.782779689215361
"mupsi" 4.44166389566033 1.23515945181895 0.00582259749485224 0.0142786127241611 2.29341019593881 3.56029974360092 4.35105012867775 5.22096156072528 7.11662604658229
"ppo[1]" 0.23036879438709 0.0793979475333218 0.00037428551408737 0.00138791315855082 0.0765768125991951 0.178842821966778 0.230871994714306 0.278776407629231 0.396294554754651
"ppo[2]" 0.230139973849489 0.0792794145845554 0.000373726744408259 0.00128762856048177 0.0763654553890399 0.17829644348904 0.230351283666488 0.278249528209403 0.394712611978573
"ppo[3]" 0.230383978941498 0.0797999438447993 0.000376180542873088 0.00128357658113673 0.0759005817419868 0.178781210464301 0.230696409138983 0.278396351920005 0.39778470465955
"ppo[4]" 0.229934219970654 0.0803869389024734 0.000378947664111784 0.00130140923672787 0.0737301738890573 0.177396755847585 0.230818452260508 0.278896821234317 0.395115849749005
"ppo[5]" 0.23114702772329 0.0798297311127951 0.000376320961401041 0.0012408711110517 0.0781015915990745 0.179401597780976 0.231162302179583 0.279037434876143 0.399412532955061
"ppo[6]" 0.293064284414261 0.0955746166928935 0.000450543063819 0.0015150713521897 0.145838878099036 0.229590626380856 0.276638034851792 0.33857937720697 0.530577465468461
"ppo[7]" 0.230427568640174 0.0800533833158851 0.000377375267997256 0.00138814125610706 0.0744360766987576 0.178964935924828 0.231468787533449 0.278723809613523 0.396606171521672
"ppo[8]" 0.326687267399391 0.113379782763677 0.000534477421611025 0.00242530040650253 0.167853000163564 0.247987609894619 0.300244515715486 0.381920966985194 0.612742931943447
"ppo[9]" 0.231219123981259 0.0804333749282349 0.0003791665656365 0.00125408875804431 0.0756772816543957 0.17933844125324 0.231384932805237 0.279380752410577 0.401372497795389
"ppo[10]" 0.260923291346429 0.0846856390575565 0.000399211930978097 0.00104459927827624 0.112143597844093 0.206801536843129 0.253728742751257 0.304803001735973 0.463461366750555
"ppo[11]" 0.260424118870748 0.0844356434486683 0.000398033440376019 0.000996310671557239 0.111916205210101 0.206816797160759 0.253620269469762 0.304096951502166 0.458367255020757
"ppo[12]" 0.260224510279652 0.0848815883349714 0.000400135644730288 0.00098637940478394 0.109772356476375 0.205943069054071 0.252806969893702 0.304923153274306 0.458302093592074
"ppo[13]" 0.230047549294148 0.0800883374023481 0.000377540043141044 0.00132712413264437 0.0750440807248884 0.178023337956642 0.230506344827021 0.278637217415971 0.399300918778245
"ppo[14]" 0.215824662400676 0.0918642490711955 0.000433052223112349 0.00178785386338062 0.046126753707325 0.155254891899875 0.21825742292029 0.270897119416585 0.404399385020438
"ppo[15]" 0.293686136940619 0.0970759867707662 0.000457620590239896 0.00149616292749666 0.143853219939283 0.229382178799078 0.276839518763043 0.339648492468834 0.537142703484958
"ppo[16]" 0.326969858453193 0.114577839987951 0.000540125117527914 0.00238954951014562 0.166204075289254 0.247029964223856 0.299891183445581 0.383613581751283 0.615824366640971
"psi0" 0.978710767581937 0.0249429739885377 0.000117582307001698 0.000262819759584627 0.90832980156617 0.972355635923207 0.987270854377155 0.994626894078111 0.999189157879116
"sdeps" 0.460047974267814 0.336132005209803 0.00158454146838456 0.0120581346477445 0.019832570741328 0.198473021157162 0.401231346547837 0.650945326923454 1.25566031775613
