"Mean" "SD" "Naive SE" "Time-series SE" "2.5%" "25%" "50%" "75%" "97.5%"
"N" 50.0360888888889 0.19952340180386 0.000940562336139453 0.00269217865577848 50 50 50 50 51
"betapsi[1]" -0.0028907040135968 2.84899837725394 0.0134303071476382 0.0192493877646182 -6.16409905587266 -1.31336912262756 -0.00492452724971219 1.27620835929598 6.25935658367458
"betapsi[2]" 0.0192061677370432 2.85516558059466 0.0134593796229927 0.0198742205708091 -6.21338401248727 -1.27312343069942 0.00519839598562952 1.29187513399032 6.27719247437606
"betapsi[3]" 0.0276121294977775 2.84514556896707 0.0134121448351965 0.0193512687973134 -6.13693242789917 -1.27308359182369 0.0067676530719556 1.29343931240045 6.27782249908832
"betapsi[4]" 0.0420374604507279 2.83456941338373 0.0133622883596507 0.0211365229225348 -6.124997631188 -1.24915790980761 0.00689086577459772 1.31701882718264 6.27016700317491
"betapsi[5]" 0.0126809560470053 2.8665890119054 0.013513230194621 0.0197392624795138 -6.16467857559404 -1.28909493206593 -0.00760204038323688 1.29628073149408 6.29257838425682
"betapsi[6]" 0.012839550589598 2.82383323096256 0.0133116775103569 0.0193703786699088 -6.0225004815162 -1.28327950650929 -0.00575622607092439 1.27893732604964 6.25705614426517
"betapsi[7]" 0.0427374401577276 2.87046200047469 0.0135314876378264 0.0199351341508393 -6.24009085620888 -1.24680784200694 0.0130472773703732 1.33310767071334 6.34435651112325
"betapsi[8]" 0.0184557292889824 2.84014494554618 0.0133885716703227 0.0198479719171439 -6.15785348565504 -1.27460314443798 0.00761904063648024 1.29106131931912 6.26471306494726
"betapsi[9]" 0.012857441122153 2.85537807162265 0.0134603813153049 0.0195750787640291 -6.23810813651452 -1.29426923476053 0.00159733818869242 1.31427308078112 6.24217030566674
"betapsi[10]" 0.0211048750820234 2.84432984239358 0.0134082994632518 0.0193805170270325 -6.11733083269889 -1.27463543052124 -0.00024783678372711 1.2858830688788 6.36837399644815
"betapsi[11]" 0.0312186004200308 2.83490129766402 0.0133638528771518 0.0199911754220573 -6.09907415622492 -1.26459489056268 -0.00071139893326248 1.28859752394967 6.36625607239686
"betapsi[12]" 0.0169589809891569 2.85459827516703 0.0134567053195602 0.0195698339445542 -6.21919505342302 -1.29917264348574 0.00484130255829626 1.29719313377867 6.35410915496109
"betapsi[13]" 0.00737711605109552 2.83026840746131 0.013342013223293 0.0197296985080548 -6.22831247442544 -1.28119842641815 0.00293576925476174 1.3018731984593 6.17835435373875
"betapsi[14]" 0.0202070430352627 2.84789298467515 0.0134250962770493 0.0200086918297744 -6.13806804315889 -1.26518141905826 0.0137413529205086 1.29327190457977 6.29066774942306
"betapsi[15]" -0.031819112399169 2.83831664422247 0.013379952975229 0.0190639248571832 -6.3135274620012 -1.30144585438728 -0.0119627703600599 1.23325952267451 6.15466095022614
"betapsi[16]" 0.0241250352019519 2.82160565847914 0.0133011766329662 0.0197727899844055 -6.02463899754397 -1.27277900257856 0.00369239594568736 1.29696099535616 6.22586695485389
"etap[1]" -0.447968089648059 7.80668492420153 0.036801065656598 0.160724543294993 -13.0785035714015 -3.10990116738502 -0.110410545853705 2.81935810843302 11.3910965310539
"etap[2]" -0.327004768882946 8.15422921140578 0.0384394051382297 0.210378141732451 -12.7762152171852 -3.11413100150047 -0.128705050585333 2.77087976452285 11.5782799306662
"etap[3]" 0.30296461479123 7.36927102956304 0.034739076782704 0.131166858634916 -10.7766061734145 -2.67125965994035 0.0517458760445035 2.82732250154043 11.7064064190011
"etap[4]" 0.210445970283877 8.26176562398906 0.0389463366486438 0.236321865305864 -10.8513348585866 -2.6443401383105 0.0815516353880257 2.85747062434047 11.3263774346727
"etap[5]" -0.656306343371082 9.43868711838955 0.0444943977794091 0.369025437041129 -13.904652466923 -3.18533801764049 -0.172966736767594 2.75361866321719 11.4510304834497
"etap[6]" -0.498052491963466 8.08247581439163 0.0381011563808839 0.215031167551677 -12.9427428917825 -3.21762143852394 -0.147648373817279 2.77394034963655 11.1134266678588
"etap[7]" -0.525257538533515 8.08553851630739 0.0381155940961731 0.16671025449374 -13.7797468482761 -3.13529850199832 -0.171319864562006 2.77193765966249 11.0876334967618
"etap[8]" -0.669767202157024 9.16737762263899 0.0432154325511056 0.302366834614762 -13.3495431962249 -3.17421496164923 -0.184125327008863 2.75730422220944 11.0343421023715
"etap[9]" -0.677356096012748 8.6199710603177 0.0406349332692163 0.238428152110025 -13.9876019076836 -3.1553173835062 -0.213941749005453 2.70402877470098 11.1761180961857
"etap[10]" -0.60713540168064 8.48134700188871 0.039981453190878 0.276154405881735 -13.7962041360413 -3.22193848553779 -0.136977506120195 2.81114488100888 11.1121536446443
"etap[11]" -0.59966569742719 8.48891881574175 0.0400171470636871 0.211885858702574 -13.7592263685717 -3.14666755706541 -0.166659211424942 2.7321494679151 10.9625802159873
"etap[12]" -0.747266219014554 8.63097665987342 0.0406868141630621 0.313614793730305 -14.6290163506639 -3.21562511568306 -0.192657737427217 2.73781301669742 10.6420262564387
"etap[13]" -0.700141129272946 8.21588314595655 0.0387300445729476 0.265768996738957 -14.0061563396676 -3.22512162851667 -0.193534979308989 2.74371518266464 10.8451963818278
"etap[14]" 1.37527969674973 10.4622732230274 0.0493196289508605 0.684777562658523 -11.197683655001 -3.33419560298357 0.462160149993076 4.20011522115045 18.7478112257989
"etap[15]" -0.337316899417289 7.9078189952094 0.0372778162393891 0.1992053315754 -13.5818231798733 -3.13871261415279 -0.140823053493591 2.81264620406956 11.4187919049382
"etap[16]" 1.31904827752371 9.99115479731376 0.0470987553937671 0.570812544382826 -11.2576471984744 -3.2492521327706 0.516152578999727 4.25209125025621 17.4999491524791
"etap[17]" 1.32800936639081 10.2233234911721 0.0481932091124769 0.603383898738321 -11.3801225875151 -3.27548584357407 0.481558714623562 4.2050937135941 17.9831851960091
"etap[18]" 0.540884034497195 7.80869043210092 0.0368105197115005 0.239943270048967 -9.90699739319989 -2.53695177712761 0.145594070486694 2.93887407809601 12.4986270916553
"etap[19]" -0.754195613034349 9.04104139856733 0.0426198778794351 0.335213616086146 -13.7121703411009 -3.22182046708256 -0.193308338341537 2.75349686050324 10.9153187083836
"etap[20]" 1.98765275649139 12.8816825210607 0.0607248337582282 1.10569707263964 -13.8157978643258 -4.75592244585148 1.1408273186754 6.10956624651354 24.9698490473187
"etap[21]" -0.439291472464158 8.08258118808907 0.0381016531172573 0.174131181902583 -13.2227549264088 -3.12486270527738 -0.100022036643878 2.82200791344615 11.3806898012326
"etap[22]" -0.481952267102846 7.91909599705382 0.0373309765358934 0.228188032561802 -12.8799030989069 -3.11430498249483 -0.150733038568877 2.79062238863389 11.1097844952847
"etap[23]" 0.304649188378887 7.53283392588092 0.0355101196702832 0.169759959187826 -10.5407628304775 -2.5799505277559 0.113190803963979 2.8643780590224 11.5145151547671
"etap[24]" -0.496523265440308 8.25445866566114 0.0389118913167537 0.172072579835678 -13.2812234735944 -3.1306060624879 -0.124458705934905 2.73954373322708 11.4511603295159
"etap[25]" -0.409973665319613 7.78541431099876 0.0367007950243601 0.201039619772414 -13.0706157948193 -3.15873929761298 -0.136151394555685 2.82217826792253 11.2286227627677
"etap[26]" 0.393297673265142 7.11546407834784 0.0335426193405936 0.135277197766471 -10.4494934707041 -2.56933567652917 0.178149406333899 2.91886176413903 11.6300394746884
"etap[27]" 1.24447914594382 9.65173144513093 0.0454986983669568 0.592404811453486 -11.2205144398299 -3.33276982577404 0.4797436442144 4.20581087174546 17.5287954655632
"etap[28]" -0.821935107247343 9.17100048151089 0.0432325108716096 0.280234996245117 -14.3139767585181 -3.23931742615957 -0.176112553056014 2.7329912360568 10.8971289325257
"etap[29]" -0.519038933509823 7.88942738850776 0.0371911173739514 0.183631466902272 -13.4920898666304 -3.16511848352302 -0.170199549451033 2.74707690529552 11.1728688643125
"etap[30]" 0.362040634769845 7.21875097550475 0.0340295184431761 0.14985714479666 -10.2912377244078 -2.58172380163934 0.143074657798993 2.89705292373223 12.0652695601542
"etap[31]" -0.436694538184419 7.85903008967387 0.0370478231330501 0.155807512933137 -13.2302817952641 -3.16413575204537 -0.117693465611669 2.82459116306852 11.1816826993211
"etap[32]" -0.786241404840318 9.10460456510017 0.0429195175200288 0.302569932063622 -14.3838415027198 -3.22715804925999 -0.229747635092439 2.71885732980586 10.7452649382688
"etap[33]" 0.589342302160999 8.03486788939652 0.0378767304702022 0.252048600310344 -9.89805130874031 -2.53048072835158 0.150737362631172 2.92657371905121 12.378898987974
"etap[34]" -0.432904460702114 7.91874116294135 0.0373293038318459 0.138786019642111 -13.3070824881204 -3.1393557904702 -0.144260270872344 2.79774382650841 11.3506486747108
"etap[35]" 0.485639685015852 8.0710745001657 0.0380474100701933 0.205844161315119 -10.2581544310942 -2.57627924071608 0.13206906255787 2.91936567141157 12.3701211813008
"etap[36]" -0.524987506040481 7.63789133159079 0.0360053650302253 0.16962103692621 -13.4113382278994 -3.20158117839289 -0.179536987518393 2.7757671152605 10.8757427596661
"etap[37]" 1.86802171050992 12.5782117429862 0.0592942587911054 0.983223274967715 -14.2102339116174 -4.67995249818287 1.12435132786378 6.12809375623994 24.3755310879164
"etap[38]" -0.703214271469209 8.55593373704464 0.0403330584323135 0.286711621864846 -14.0611000117013 -3.18760946088872 -0.163726937948995 2.78372050834614 10.7513494587692
"etap[39]" 1.51914076958246 11.0889144684168 0.0522736441107677 0.649624303715337 -11.3635411376125 -3.25885934248465 0.538097634263583 4.30531373966593 18.4659138927216
"etap[40]" 0.428066013055039 7.01713532174544 0.0330790931367323 0.140849843805875 -10.2036502524523 -2.58446544611717 0.123047176207023 2.92447271778931 12.2218344757001
"etap[41]" 0.585787662980469 8.01747686473053 0.0377947483937148 0.260501886798809 -10.1941682266816 -2.61630206643232 0.103752478994999 2.92297020752555 12.6659583704893
"etap[42]" 0.402878464779641 6.9065230326829 0.0325576618055411 0.152382633902975 -10.0023612188311 -2.56661952116358 0.161010598439376 2.91017242242696 11.630158588567
"etap[43]" -0.626762424445497 8.24146264066774 0.0388506274674116 0.208325004534012 -13.7829860176666 -3.16280053016446 -0.161241647903409 2.71510708830425 10.8187739270046
"etap[44]" 0.184655808614931 7.04105599181781 0.033191856256857 0.102145495104667 -10.4491149791161 -2.64209868480539 0.0689764414701931 2.85475218495393 11.3303984079699
"etap[45]" -0.366583703244259 7.80179440517342 0.0367780115288093 0.148100697853639 -13.2367441109441 -3.13086311933341 -0.161644443534282 2.76547776181443 11.5860560016572
"etap[46]" 1.39127493478674 10.6033650884931 0.0499847423831344 0.6222359660708 -11.3640719618612 -3.27811415899466 0.500779195833946 4.25293262607657 17.9575640680636
"etap[47]" -0.253017301328639 8.06537200726633 0.0380205282608679 0.182199202706124 -12.5288397913943 -3.01700808486431 -0.105047795696389 2.83044216945755 11.5183807060717
"etap[48]" -0.392862498239758 7.28632101172512 0.034348046648619 0.134417986675487 -12.6300774801022 -3.15210606011575 -0.155024324099761 2.74646133130349 11.1418590181948
"etap[49]" 0.488509965435834 7.77311147714647 0.036642798909395 0.246801462596394 -10.1557702264696 -2.58463695474434 0.0843212060536263 2.85479954494382 12.1803076063955
"etap[50]" 0.461372895621788 7.31719366627215 0.0344935817378419 0.195400427631798 -10.2715463147864 -2.62308819413681 0.11534131596977 2.91144966922476 12.3245543134013
"etap[51]" 0.0707496189498785 9.63271550500744 0.0454090563655437 0.219144758945381 -13.1024748035201 -3.15020750625592 0.0231524665003548 3.21774338260292 14.098796608002
"etap[52]" -0.166618748432137 8.76051669977269 0.0412974717673818 0.153059725074269 -12.4805866072414 -3.06373281013462 0.033468798422113 3.13184393125385 12.4585130070572
"etap[53]" -0.0617799441418322 8.12375815851456 0.0382957632173679 0.137540199041842 -12.8168112918395 -3.12808444552102 -0.0103834387281341 3.11192341674107 12.4251460379327
"etap[54]" 0.0675484933169961 8.66479609056162 0.0408462404882321 0.173972265241995 -12.4060819092461 -3.05697195095714 0.00174777879775845 3.06812703636263 12.8298424966388
"etap[55]" 0.097999768330584 8.3385863503781 0.0393084730257462 0.151291765249129 -12.7931238844436 -3.05364373562429 0.046852205013003 3.15860536439295 12.7407367304137
"etap[56]" 0.212983683724169 9.17423913994183 0.043247778053866 0.230815283756585 -12.4460569810044 -3.01782056050962 0.0350969664858816 3.08698520508996 12.9887111133501
"etap[57]" -0.00387807441412226 8.62322145698879 0.0406502557860674 0.182275143613507 -12.432217441842 -3.06902382380954 -0.0374383326581058 3.04283236174635 12.502560623324
"etap[58]" 0.13563683646955 8.84426685545682 0.0416922737874463 0.172536524049489 -12.0615745678598 -3.0659255218209 -0.00978139392855397 3.03978589601805 12.6404347259778
"etap[59]" 0.0290101398605072 8.88751189995306 0.0418961328822196 0.202586133850448 -12.3042111811808 -3.07371601368864 -0.00532849978388445 3.10801670164464 12.4992031750527
"etap[60]" -0.0132417516924121 8.82564336253512 0.0416044817998842 0.155501730589877 -12.6220975338985 -3.07735852994037 0.0380276357388221 3.11370655171222 12.3500487395398
"etap[61]" -0.0971240851332829 10.5208936400118 0.0495959682466318 0.276592472473751 -12.4410587312443 -3.04312565037881 -0.00672157449397051 3.04959770283149 12.6637733144855
"etap[62]" 0.103770125161246 8.12879786264834 0.038319520610489 0.133149508483687 -12.1146238591814 -3.02281486459209 0.0574084688785089 3.12574697474617 12.4768910936432
"etap[63]" -0.0293773956017516 8.98752742899619 0.042367610607622 0.145782633897733 -13.2130217958627 -3.0544627458935 0.0321599074913006 3.10199912436703 12.4952401310042
"etap[64]" -0.141449980482723 8.47636717885178 0.0399579780799545 0.141525170698521 -13.1105770328958 -3.15648611945487 -0.0411890276392343 3.07438656971766 12.2941674875991
"etap[65]" -0.0652625244546377 8.62722787175792 0.0406691422064107 0.176738043687279 -12.1711286858667 -3.11810246152626 -0.0294697704728548 3.01076064086788 12.2632917671925
"etap[66]" -0.0764976428185233 8.65388487690492 0.0407948045337812 0.169074754922039 -12.294413327537 -3.087699942396 0.00303818927203032 3.07646100926152 12.7945441511427
"etap[67]" 0.101005132383277 8.9576090026794 0.0422265737934151 0.198948422182368 -12.3465030188059 -3.05391352631624 0.0628355378321074 3.14436738753804 12.6503112463264
"etap[68]" -0.230089411764489 9.18761258779034 0.0433108210916095 0.201524424450087 -13.2990784380175 -3.20106245227281 -0.0709399323636513 3.0189667248104 12.1559378029569
"etap[69]" 0.07106165723037 8.82582456053806 0.0416053359754616 0.168939866023559 -12.234914339576 -3.03172429337897 0.0025455525239261 3.11094679032089 13.1247367145258
"etap[70]" -0.339203311908511 8.27065424176213 0.0389882379946619 0.203180472170335 -13.5351670173358 -3.13369927626118 0.000332565871066929 3.01539027003802 11.7057869534411
"etap[71]" -0.0226919764275035 9.69197411790381 0.0456884041456953 0.245440652808865 -12.3322484875558 -3.07430175521311 -0.0209880391227508 3.09779350337301 12.6656003727789
"etap[72]" -0.0354475852825817 9.50940739688653 0.0448277763693599 0.17644491633039 -12.6715268484401 -3.09683342288349 -0.0596353790359951 3.01148952083926 12.4265927374317
"etap[73]" -0.341206668748404 8.82254706424704 0.041589885709777 0.20720673615185 -13.2470201491446 -3.06704983901433 0.00878639009926312 3.07091710481151 11.8841956082812
"etap[74]" -0.155508047760222 8.07326106259742 0.0380577176243463 0.14186252976731 -13.0259890956927 -3.15958990511343 -0.0547763596229893 3.04996070543028 11.8914329860207
"etap[75]" -0.0616633095705446 8.36080152552191 0.0394131963656758 0.138093771610185 -12.4603669071264 -3.0932388600668 -0.0243926850279655 3.05774731658828 12.4158688389401
"etap[76]" 0.0438797236286532 9.36030297020079 0.0441248913612638 0.261107401382654 -12.3965196994298 -3.10450757104897 0.0371715829200792 3.11432256014561 12.4314590556577
"etap[77]" 0.072273053852006 7.85988632600461 0.0370518594698219 0.102980870314901 -12.2705920659786 -3.11463703975658 -0.000222719508220778 3.14637332090692 12.6438554539707
"etap[78]" -0.0093362618559554 8.578149070125 0.0404377825167631 0.163467985483238 -12.2922423220358 -3.06965723047913 0.0102494332622225 3.09397742594092 12.5350866168914
"etap[79]" 0.276067609662131 8.67407291166437 0.0408899718422961 0.223090897483692 -11.7321900018402 -3.02717066788932 0.0203624833680271 3.12691239397274 12.8610096378457
"etap[80]" -0.522661558863518 9.12261627509602 0.0430044255352211 0.25434321915122 -13.6570139005584 -3.19105222963366 -0.0780496923323646 2.9482286973523 11.8201587458778
"etap[81]" 0.0769438006120679 9.21414918771202 0.0434359158233046 0.245692572925143 -12.5186685051138 -3.06805419632856 -0.0112609428781834 3.0442000363948 12.6910307235795
"etap[82]" -0.114373737758004 9.09448233528404 0.0428718008710707 0.122227724122248 -12.9088429652687 -3.12339666347946 -0.00940138595380395 3.04659905512685 12.4670770269898
"etap[83]" -0.0176884755019941 9.83512746907635 0.0463632355147865 0.17731139142807 -12.6393011937688 -3.00426477570274 0.0539292288380046 3.12544202220831 12.7071877811681
"etap[84]" -0.120851578497102 9.34648386770864 0.044059747487383 0.239125771200128 -12.8292755494943 -3.09235036407689 -0.00107853134785207 3.07981737102951 12.400211323263
"etap[85]" -0.149325467416392 8.18723715993718 0.0385950060998272 0.14525614178582 -12.90228072169 -3.03739589436665 0.0120967681780058 3.01127522720204 12.0016527188731
"etap[86]" -0.0373235312863817 8.78319057287239 0.0414043574302122 0.118358773380339 -12.4032815611064 -3.08742984389692 -0.0144733841215284 3.05447633327581 12.5848637574775
"etap[87]" -0.121297486922156 8.53567710724007 0.0402375677636548 0.232866717519044 -12.8274708998687 -3.08010043773893 0.0263658445650934 3.04119706767431 12.2585124254392
"etap[88]" -0.409471637146148 8.76892023519792 0.0413370864132825 0.174091959898187 -14.1185800927441 -3.18642884647833 -0.0852943396592403 3.00604278714274 11.6005313109697
"etap[89]" -0.036309390242226 8.01166759439471 0.0377673632307267 0.10210168282075 -12.4280101108272 -3.0575597771787 -0.00905387833274905 3.07598958348597 12.3186903019675
"etap[90]" 0.0727372870919656 8.56091914116762 0.0403565598527289 0.145668644609626 -12.4387917313242 -3.14281279044332 -0.0298963686919014 3.02495944337208 12.6655966117895
"etap[91]" -0.181763872655704 8.72262943200028 0.0411188694742984 0.17897604949705 -12.8676290345775 -3.11553797054376 0.012042432319824 3.08343420735888 12.3291520609554
"etap[92]" 0.216974865826581 10.2576961756503 0.0483552435010241 0.270139144119563 -12.0810522386615 -3.10712721848134 0.01377315692773 3.14509893088011 13.079077244383
"etap[93]" 0.226311924415863 9.25823644629648 0.0436437451533646 0.218685197772021 -12.6352217362006 -3.1153292058541 0.0116694104425771 3.12041059739944 12.9945902436405
"etap[94]" 0.127004916429988 9.77464393006116 0.0460781133775345 0.242960214145609 -12.3960273909646 -3.05076622659696 0.0155905014344434 3.10402982183963 12.9145269983117
"etap[95]" 0.0528324569626975 7.69914355837166 0.0362941107963555 0.10340883962645 -12.3750989742456 -3.09095291920116 -0.00448623921982345 3.04076483399292 12.5237931626946
"etap[96]" -0.302903550948569 9.07384071287085 0.0427744953298504 0.340571128247177 -13.0069544805619 -3.08257083312549 -0.0144032101875703 3.08106615651863 12.0267888604934
"etap[97]" 0.139284603351824 8.41546419544485 0.0396708786628776 0.132815835215007 -12.6881241744179 -3.07225881092027 0.018862889298565 3.04304723894425 12.897512559017
"etap[98]" 0.217769853424145 8.97554864342043 0.042311142070882 0.20775133295461 -12.4338781819569 -3.01955264190263 0.0488457833697851 3.13153219754578 12.7740697253782
"etap[99]" -0.038782514324646 9.47918697669293 0.0446853159423652 0.292939819729887 -12.5362377932215 -3.06847730146291 0.00360597279858161 3.09184422370205 12.7785476564543
"etap[100]" -0.207435873434107 8.76932047030643 0.0413389731396779 0.129405813981718 -13.0606480384651 -3.12844045872156 0.0342072349552599 3.08789319574948 11.8709169542207
"etap[101]" 0.185364969756832 9.11035090463285 0.0429466060243659 0.169736102155585 -12.249682254615 -3.04529421671027 0.055837273173316 3.08886903236483 12.820879669269
"etap[102]" -0.229101589733836 9.63711535099592 0.0454297974384413 0.332504459246252 -13.2280755483297 -3.11843623624569 -0.0422729599812892 3.06749754542782 11.9721763808181
"etap[103]" -0.0606087372470564 7.94305781770342 0.0374439336416994 0.136296805832631 -12.7356923495275 -3.0888486871948 -0.0251877740011249 3.12146199166781 12.319558725594
"etap[104]" 0.100402438989648 8.58191100815099 0.040455516462687 0.159066825247817 -12.240760786341 -3.05397372050371 -0.00725576334972249 3.12847228859664 12.9128806745187
"etap[105]" -0.171426605231922 8.30243240677139 0.03913804170114 0.137159928097636 -12.9787565619526 -3.13988116779279 -0.011463545389059 3.10451678230908 12.3511289310815
"etap[106]" 0.0948352368975084 8.90389224144032 0.0419733505525116 0.190006227444533 -12.3501830068878 -3.1179093441777 0.0389829094976283 3.13425571777793 12.6061129642124
"etap[107]" -0.0468681054433666 8.17056528304463 0.038516414118455 0.142344806603344 -12.7723499091082 -3.07824670319621 0.0362758162360965 3.11320589838862 12.1677981753912
"etap[108]" 0.140783503054295 8.37076929826212 0.0394601848969953 0.172010056925674 -12.2719092678556 -3.05607446066286 0.0545284777390046 3.11204080800724 13.0493516905526
"etap[109]" -0.0396005604402428 8.39399318919702 0.0395696633687661 0.124232401804049 -12.8225074469063 -3.07957542606372 -0.0356304298087254 3.02382423429921 12.112167233529
"etap[110]" -0.110052950224076 7.91461839717046 0.0373098689276202 0.153579062919265 -12.4617459275843 -3.1430251167109 -0.00904906407272422 3.03732421294993 12.2570977267063
"etap[111]" -0.0436960379434354 8.7970149072859 0.0414695259676067 0.198078664905107 -12.4153432953227 -3.04944360456087 -0.0408866396998257 3.03743353186314 12.4484270251487
"etap[112]" 0.00499851104503305 8.39608161080557 0.0395795082826419 0.123783772171554 -12.6184172504912 -3.10499956981295 -0.0199264673343353 3.06253960024345 12.1499678829449
"etap[113]" 0.46199395221293 8.41943989080574 0.0396896202705417 0.283989309224918 -11.3360807457723 -3.02656614991185 0.0362725417645023 3.16807053980356 13.3393887005661
"etap[114]" -0.408686753458095 9.14167636841194 0.0430942756767793 0.163328492466062 -13.2803917596843 -3.15439927205722 -0.0776109040004469 3.01794011200809 11.7474060186408
"etap[115]" -0.148507599717802 8.54803847005929 0.0402958397868161 0.131930443816798 -12.7693509565041 -3.10942418887361 -0.0128815743622447 3.04555132535212 12.0072051045268
"etap[116]" 0.331256009264186 7.94909051626423 0.0374723720554407 0.173669744409728 -11.7245346799264 -2.96513567270911 0.060320316773763 3.12939872543612 13.3506389346437
"etap[117]" -0.142043855094155 9.22615359107654 0.0434925051234589 0.154618457376333 -12.691526566671 -3.12852665049139 -0.0134670717730772 3.06378872047836 12.2121457794397
"etap[118]" 0.176022456991947 10.3284924628245 0.0486889803993155 0.35439024396942 -12.7037452606028 -3.0746176128139 0.0456301242139908 3.1396368697201 13.0212203686081
"etap[119]" -0.201876870204207 9.6626752907846 0.0455502881501166 0.186222821276696 -12.7756946484893 -3.08921437194972 -0.0464361317296247 3.02180329569008 12.5051571326849
"etap[120]" 0.00346334719641742 8.03543841666077 0.0378794199615181 0.119792450549963 -12.4933918018304 -3.06197408964463 0.000859426842872088 3.07338355997173 12.4088987718858
"etap[121]" -0.140662977454322 8.01651379972616 0.037790208461746 0.120022030302825 -12.5729523304876 -3.12326175150523 -0.045618757085836 3.0497057697676 11.910565258478
"etap[122]" -0.00915194990629068 8.30547065579426 0.0391523641443867 0.145210516832788 -12.2980116826102 -3.09497355516402 0.00557452443607522 3.12417100897159 13.2270737798514
"etap[123]" 0.0189339080320717 8.76145565828925 0.0413018980602772 0.160986057771172 -12.2600534544946 -3.05483333775812 -0.0295291077319177 3.06811793131186 12.5157500174481
"etap[124]" -0.182406685615996 8.2313733862041 0.0388030662657559 0.133024844555446 -13.0236873931123 -3.11262011699288 -0.0376810874652114 3.02075297997694 12.0511661939221
"etap[125]" -0.125566978749442 8.61496753368393 0.0406113464184657 0.166913210774188 -12.5138957351659 -3.00813569358291 0.0206522806460638 3.08262505751767 12.237056068615
"etap[126]" 0.158425541371924 8.50290528189486 0.0400830798974318 0.172338973533681 -12.3287151910785 -3.10270434335847 0.0374798292805597 3.09534754390672 12.8719663632723
"etap[127]" -0.0292700716325044 9.08117971639698 0.0428090917242535 0.187861331787136 -12.4990541148065 -3.04204692046398 0.0304698332045034 3.05529098538963 12.7935304004687
"etap[128]" -0.14509147254335 9.91877136500637 0.0467575366215663 0.316984871887499 -12.608579438044 -3.09064463613899 -0.0293853457164979 3.02423276897671 12.5685582326381
"etap[129]" -0.132564573960037 8.39257687008253 0.0395629867764315 0.122539245647722 -13.0026133457885 -3.12757430165032 -0.0273427762799867 3.04025565815065 11.839570969193
"etap[130]" -0.1000988377658 8.77546126767063 0.0413679211360653 0.167389536667619 -12.66284644841 -3.13636950805936 0.00439920360371695 3.05223518938837 12.5890952468685
"etap[131]" -0.130627551756423 9.4413511696385 0.0445069562374329 0.217886775548575 -12.9826599918771 -3.07978335480651 -0.0371177530486997 3.09389971796756 12.6393493395183
"etap[132]" 0.0860752413604531 9.05576633580807 0.0426892918992716 0.255917696845609 -12.5748092071499 -3.15810953650296 -0.0637514784716526 3.05823652372965 12.5277955746323
"etap[133]" 0.443550436981869 8.63581573087832 0.0407096257625435 0.22716619225923 -11.7828852274049 -3.01726780353324 0.0582069742573083 3.15450133324581 13.6506400141461
"etap[134]" -0.00924092462017894 8.4931335606524 0.0400370155617357 0.13988053068255 -12.542110249203 -3.03079916277875 -0.0166759876140266 3.10094354566221 12.4230356806249
"etap[135]" -0.141077676102382 8.84429138766567 0.0416923894333879 0.190262423509607 -13.5046260758171 -3.12589211728529 -0.0052540755774071 3.1284091685501 12.0906818036564
"etap[136]" -0.210932340102862 8.09904447422797 0.0381792617923869 0.138236262634992 -13.156362616991 -3.13402435183953 -0.0119247995257213 3.0774800013479 12.0094173209251
"etap[137]" -0.34812584652843 8.3377214641203 0.0393043959128273 0.166670031940188 -13.0068029755682 -3.12007924249275 -0.0699611282862199 2.96473220302181 11.730312816209
"etap[138]" -0.235596506361837 8.61164636303416 0.0405956902698795 0.112164649575093 -13.3484178387421 -3.11933062281276 -0.0591071216665127 3.00067426741025 12.2210658296482
"etap[139]" -0.117151934096743 9.24423200230088 0.0435777275712576 0.158697083858946 -12.7201724611977 -3.10910033747466 -0.00530429372248957 3.04963814429733 12.0974016699403
"etap[140]" -0.434035459580755 8.82363010733945 0.0415949912238767 0.196228673188569 -12.9194023245456 -3.09140583198701 -0.0606997705322135 3.02313721678424 11.4840366636003
"etap[141]" 0.0274619866996956 9.21000277465835 0.0434163694447189 0.243001355804284 -12.3191163638361 -3.03694054631295 0.0155020103732309 3.10292354293097 12.7512253806352
"etap[142]" -0.086891904022989 8.78845097544679 0.0414291552057597 0.24934295924699 -12.4427474085649 -3.0579695029345 0.00741183147051992 3.12855799883707 12.4921329536679
"etap[143]" 0.155824077503859 8.49929013794696 0.0400660379454283 0.183508678955923 -12.3392276942366 -3.10653678054094 0.0158358303429333 3.10289222189086 12.7981306083403
"etap[144]" -0.289187353184351 8.46879860313203 0.0399222994718521 0.175785594772714 -13.0727861105386 -3.21098069273011 -0.113120699801942 2.98503157675304 12.0808758800966
"etap[145]" 0.0199374355671214 10.3146694469325 0.0486238180774912 0.221189792309062 -12.6293716357573 -3.10538184505711 -0.00160278644472908 3.06905490225125 13.0197228405699
"etap[146]" 0.0448429831336584 9.21903022848366 0.0434589252701638 0.196762003352511 -12.8906876981208 -3.10017562404344 0.0222293344398602 3.12983937163085 12.5935891376188
"etap[147]" -0.197915977598109 8.22160651396532 0.0387570247884825 0.127756976811726 -12.9140208804802 -3.10125976136432 -0.0195478439321009 3.02788401294511 11.9267102625068
"etap[148]" -0.255000366500721 9.10289598153481 0.0429114631798602 0.239177185698195 -12.7836207731411 -3.16847297705911 -0.0520618103987636 2.99945517027782 12.3058923608254
"etap[149]" -0.0792248013529175 8.0357863036265 0.0378810599164019 0.149555206886289 -12.6244716035168 -3.07503322662086 0.0195219969091934 3.08611519005545 12.0877506497138
"etap[150]" -0.387543691296958 9.36973846753085 0.0441693707222367 0.338379003898459 -13.5622429751339 -3.0484913603657 0.0253285448599761 3.06146927257112 11.7383230644617
"etap[151]" -0.0294475722122177 8.4721486375545 0.0399380916855677 0.147609367327577 -12.2770598104783 -3.07505818021288 0.00690168143720316 3.08630674731647 12.2493258827613
"etap[152]" 0.0147034220976325 8.30486215531515 0.0391494956456191 0.132414877533079 -12.6483397364413 -3.11489757859233 -0.021364891156428 3.05411324902662 12.525863348456
"etap[153]" -0.232284717670501 8.76274838135583 0.0413079920152543 0.148164809813841 -12.7684504117319 -3.09357486142454 -0.0146518637922074 3.01406213774093 11.9527195840206
"etap[154]" -0.442218299354535 8.87504390790144 0.0418373582040364 0.298955473786648 -13.2175432806339 -3.13638159849873 -0.0280958509546153 2.9986286781015 11.7567291664037
"etap[155]" 0.151049679268912 8.34251937402007 0.0393270134769983 0.168189804609013 -12.3312414273312 -3.02050379248943 0.0194899270293993 3.12028141691992 12.8372240194324
"etap[156]" -0.221936716436415 8.55730676882916 0.0403395309662176 0.201694306992667 -12.8662263016471 -3.09071674143493 -0.0474253923864671 3.10123688977965 12.2539036255908
"etap[157]" -0.147829248892842 9.89814319887775 0.0466602945138797 0.281991588697134 -12.4522160639624 -3.04196385939562 0.0084403870224289 3.14229998541511 12.4687078860827
"etap[158]" -0.246740471880422 8.97537484903083 0.0423103227962726 0.243912535980611 -12.7864191851378 -3.08698750814378 -0.0207288876131328 3.08363520660671 12.1562040008555
"etap[159]" 0.281718252406731 8.10076557056554 0.0381873751183294 0.161610144696352 -12.1200549720174 -2.99555195196257 0.0411431017780252 3.10979287199466 13.0006825027974
"etap[160]" 0.0557398923672908 9.17830901759543 0.0432669636411158 0.27267177998119 -12.3399620182848 -3.11071252131065 -0.0333298777093895 3.09187283150983 12.6092054309595
"etap[161]" 0.00323480306619086 8.80399586404791 0.0415024345133773 0.218135393681435 -12.5119418696921 -3.12081214339356 0.0225183579345949 3.13698116758111 12.6877705868267
"etap[162]" 0.00716505169462717 8.97792536051437 0.0423223460227093 0.190399141006127 -12.8464164563008 -3.11116693470047 -0.0328561913361329 3.07552473933537 12.6698576417254
"etap[163]" -0.336388437866372 9.19403460432363 0.0433410947678734 0.255101362581472 -12.9233827455661 -3.10774859129511 -0.0453546323813893 3.00706307002059 12.1232557740535
"etap[164]" 0.0134831523559599 8.58673500210598 0.0404782569882735 0.175166141160119 -12.1610765757136 -3.11055267711813 -0.010232065742613 3.04112085942307 12.6433130841929
"etap[165]" -0.337869964257864 9.13869181295069 0.0430802063474094 0.263316500097403 -12.8728873964586 -3.09691693934238 0.023768611081858 3.06317127285434 11.9650492461953
"etap[166]" -0.245238987988612 8.97930625489455 0.0423288556212448 0.172183371950867 -12.9384026474655 -3.13504831880776 -0.0515559992671095 2.99537135772506 12.1197248477749
"etap[167]" -0.0427193929087975 8.6432463617107 0.0407446540922106 0.123757733721719 -12.7373229493721 -3.13211209746861 0.00244036850376678 3.07471300697681 12.6095065121165
"etap[168]" -0.200845889695147 8.85949479506044 0.041764058983161 0.155814294012567 -13.2682479913456 -3.14825642603684 0.00338774964138763 3.06716543226411 12.3397524624735
"etap[169]" -0.134464751462914 8.97599669499895 0.0423132542062787 0.202208416077319 -12.5701559008153 -3.12196748690914 -0.0626115716313944 3.00619418486012 12.3624087415167
"etap[170]" -0.515911913593913 9.29068596446191 0.0437967136489713 0.252159810490622 -13.5139067585908 -3.17757493856265 -0.0726890103578058 2.95917615060746 11.5826238009752
"etap[171]" 0.117422971253134 8.27546730363942 0.0390109269859399 0.127015655850213 -12.5117091953898 -3.10242999416888 -0.0289945288918817 3.05818763880276 12.8447605221354
"etap[172]" 0.217903096434624 8.70493878082007 0.0410354749448775 0.196913568195927 -11.8840427103255 -3.06806547526186 0.0147167810669597 3.12928021467361 12.8825765633659
"etap[173]" -0.300715541964847 9.15455916308685 0.0431550057532811 0.148376332004913 -13.322854341066 -3.13696858946736 -0.0348968712581372 3.03552210161152 11.8906957516244
"etap[174]" 0.0792133051238861 8.09609182716884 0.0381653428806672 0.122359232942969 -12.2364239654304 -3.0951645853216 -0.045492431206836 3.04979255270733 12.7861889498198
"etap[175]" 0.220459038377523 8.69215036246403 0.0409751897626095 0.202169633234335 -11.8841236543265 -2.99930542394068 0.0296253443195818 3.10406191359514 13.128706976537
"etap[176]" 0.141453063737327 8.69179161492251 0.0409734986104806 0.145231586142776 -11.6627709776921 -3.11415437509537 -0.0286323751923254 3.08084533408651 12.6451408694279
"etap[177]" -0.119943735174419 9.96589606261846 0.0469796845765188 0.373902710838964 -12.4129677938261 -3.08697049314508 0.00841783928340281 3.10519930214782 13.0638094668133
"etap[178]" -0.0585288175261412 8.85363704621718 0.0417364452902974 0.18362071850364 -12.8679105456342 -3.04362232869003 0.0276651634600005 3.03524675840456 12.1884163226697
"etap[179]" -0.0123237838901223 9.00359511578921 0.0424433544095508 0.14887721923433 -12.7588254865514 -3.10815259856269 0.00657848459299574 3.12437304753297 12.5880128973287
"etap[180]" -0.0671300379749361 8.42812628729714 0.0397305683362961 0.12369112358481 -12.6630746013947 -3.06722292580187 0.0325523121029085 3.10658341384649 12.5093459074685
"etap[181]" 0.296429362032714 9.06415393027713 0.0427288313987844 0.188327134463602 -12.0104893250732 -3.04201171800751 0.0150821167711629 3.13061896241681 13.2423586012673
"etap[182]" 0.124100260814525 9.57547083261607 0.0451392023919788 0.221605529546332 -12.4229705908379 -3.06024701241881 0.007600027602779 3.06007788338945 12.6986265015039
"etap[183]" 0.101360562250008 8.72209595415229 0.0411163546356056 0.165032765135903 -12.3572398986308 -3.01360048363023 0.0212831607870084 3.14655928331664 12.6409695300569
"etap[184]" 0.0925193475323102 9.16113988762109 0.0431860275862362 0.136732241118831 -12.5066053784008 -3.08768401631113 0.00954731359559106 3.1049746839645 12.7353537807338
"etap[185]" 0.180703314297992 8.36267732346449 0.0394220389619781 0.143488398283113 -12.0422555031372 -3.08636162431866 0.000495159510474922 3.12029458928341 12.6397302991173
"etap[186]" -0.241935443689754 9.68872132586415 0.0456730703369684 0.329607025189822 -12.9364358067872 -3.10868380514189 -0.0112873685045257 3.05555487283852 12.2684848155059
"etap[187]" -0.00729150784852364 9.21490617486673 0.0434394842949737 0.245368528573335 -12.8940939451151 -3.10549834482822 0.00353393714567504 3.07606248611517 12.7295365699153
"etap[188]" 0.303705385910074 9.02069615416882 0.0425239694775746 0.199143090150393 -12.0916166246995 -2.99534134938948 0.0257427340030055 3.1277235837304 12.8810889319559
"etap[189]" 0.0928594419764357 9.40922424692601 0.0443555084713751 0.251842185707649 -12.0709702003362 -3.05975935382269 0.0341117694266431 3.13521266415197 12.567909992966
"etap[190]" 0.184957162663132 7.74093535572218 0.0364911192183857 0.117250094495713 -11.8876672873134 -3.04510163642073 0.0697074870965036 3.18007572796851 12.5707578418716
"etap[191]" 0.0188617098982241 8.27883761876244 0.0390268148037947 0.146536080872609 -12.583065088193 -3.10479648025727 0.0219220167600529 3.09129016900306 12.4185264087927
"etap[192]" 0.270233543417568 9.7650929690725 0.046033089715655 0.271805629919517 -12.2508657537895 -3.08841007540904 -0.0329591587651343 3.04911399913448 13.2082286077131
"etap[193]" 0.160516218422993 8.6246741157814 0.0406571036852875 0.174989241115148 -12.3728085777166 -3.0518284100704 0.0520885542794183 3.11636784436407 13.1654396302476
"etap[194]" -0.104847363739072 8.62222037079645 0.0406455366204997 0.199345275823733 -12.5098282520807 -3.10134154571008 -0.0267885521350917 3.01072236196374 12.3040845290219
"etap[195]" -0.0134903336476937 9.58968168655748 0.0452061929999016 0.211443345773799 -12.4154591399318 -3.09968279502296 -0.0274347686619513 3.13100921266309 12.5756311603523
"etap[196]" 0.135358895179054 9.49664071261449 0.0447675936425463 0.259573354389348 -12.4106604194772 -3.08399090951987 0.00258700192172247 3.06134006380552 13.0109805090063
"etap[197]" -0.498382899975958 8.99679230202665 0.0424112856379331 0.209218190941536 -13.8151798143674 -3.1251816399473 -0.0287268375521411 3.00349483347378 11.5143678570103
"etap[198]" -0.021170429617701 8.89298278940248 0.0419219229024117 0.154398683721588 -12.8963164431892 -3.09484549560433 -0.0272811070671725 3.03684728275304 12.4902146380864
"etap[199]" -0.0215508036313658 9.25676173061144 0.0436367932769565 0.207089275010523 -12.3889678347993 -3.03537432816462 0.0496762169189335 3.116521926244 12.6603907591597
"etap[200]" -0.0693516939195796 9.24183250426891 0.0435664162290586 0.256923176409344 -12.8165782495473 -3.10801950482303 -0.028892960676642 3.03590267244512 12.166309218027
"etap[201]" 0.0724790262494239 8.71741096821881 0.0410942694001167 0.229823921479552 -12.3306346183661 -3.0996407171225 0.00195799260258876 3.02809658511681 12.4119333111603
"etap[202]" -0.273974700121059 8.32956360728379 0.0392659394069003 0.14411085856203 -12.9119048545645 -3.13929736460761 -0.0124141438853133 3.0730748426251 12.025744198595
"etap[203]" -0.0581520541009022 8.17877547902352 0.0385551173534652 0.131468371643405 -12.6499372034298 -3.11896167289819 0.0166523941021998 3.10207613014747 12.5042107153457
"etap[204]" -0.262355200058377 9.03684647238439 0.0426001028077649 0.281789930763805 -13.2656005251048 -3.06272596249825 0.010418174414822 3.10899040297293 12.0961864129335
"etap[205]" -0.114560552181759 8.3035992635806 0.0391435423168897 0.134909965006659 -13.1760770059895 -3.13479925664018 -0.0463924006114284 3.0671431840751 12.4597242455366
"etap[206]" -0.303899356948408 9.06663585681725 0.0427405313126972 0.154608943852968 -13.8493903109512 -3.16810735270144 -0.0607252841304552 3.0228548929721 11.9479194403531
"etap[207]" 0.153609782848344 8.71257402029981 0.0410714678089582 0.215508599735925 -12.2549680582361 -3.0615542482309 -0.0262656069028306 2.98538890468782 12.9274030906667
"etap[208]" 0.0912260290220165 8.55445462040679 0.0403260858096149 0.12824648466255 -12.6751703171644 -3.053815759155 0.00637598735347276 3.09663093602904 12.1721544056378
"etap[209]" -0.18134295209186 8.62859469381577 0.0406755854673826 0.191826839868704 -12.822763444671 -3.08542024114436 -0.034146717857403 3.01924807130432 12.2772572874568
"etap[210]" -0.0376490571039453 8.44503916248658 0.0398102963945348 0.114499835936946 -12.5456225872459 -3.10484451100608 -0.0371768132703404 3.05197462774794 12.5349201722247
"etap[211]" -0.166366601347929 8.70288923343451 0.0410258132858463 0.180132523795968 -13.1390478120479 -3.13737895549689 -0.00432403771216683 3.08627857624786 12.1631834942703
"etap[212]" 0.0841982195821994 9.71638830419481 0.0458034937235854 0.242417255501134 -12.2199712676358 -3.0672821440528 0.0127441277351504 3.08825052224349 12.8435336956717
"etap[213]" -0.250059256619853 9.12880431460953 0.0430335962332361 0.212636008165565 -12.7875426220042 -3.10026726504048 0.0207533486599628 3.09589926785916 12.1296473659001
"etap[214]" -0.0123748019870412 9.07229353384964 0.0427672018579997 0.209568806119452 -12.4540389905124 -3.05966292275351 -0.0354587661913661 3.02936432888762 12.4309124144179
"etap[215]" -0.365905868239377 8.45611310281503 0.0398624994498728 0.132424868291322 -13.5704481991221 -3.13366834710649 -0.0406436300321677 3.05136698385903 11.681188418031
"etap[216]" 0.147931097471239 9.22068139665047 0.043466708951548 0.190620695435061 -12.4759459501116 -3.10381331587097 -0.00210346683658993 3.10743224693376 13.0041686400561
"etap[217]" -0.107029318883597 8.43714697746704 0.0397730922775635 0.211378764638772 -12.6966405711159 -3.19345248847889 -0.0957940457753764 3.04240585986102 12.2882762048383
"etap[218]" -0.105774763906931 9.40307823450641 0.0443265358909807 0.320022543604805 -12.4874578839084 -3.06102364224445 0.000629413530444478 3.07703719995982 12.4279925519479
"etap[219]" 0.0496929641343374 8.54319983360636 0.0402730302358323 0.128566789453849 -12.8259763517072 -3.07917597212981 -0.00143477690098483 3.11241444478518 12.669973627152
"etap[220]" 0.380108021539052 9.02518277485864 0.0425451196103371 0.232861595664852 -11.7593157458768 -3.03010001375828 0.0485694142408448 3.12143590781831 13.652163105935
"etap[221]" -0.310659108380328 8.36903792327331 0.0394520231170263 0.158803780994399 -13.2346498505966 -3.07293272184277 -0.0153607182560543 3.05818651829125 11.5014106662606
"etap[222]" 0.0696917841755434 8.99940952730515 0.0424236233562153 0.208486982964376 -12.4132101074525 -3.0719438617662 0.0107943418095922 3.08876658900296 12.5528385318774
"etap[223]" -0.0750213301916048 7.96008653789503 0.0375242077985155 0.0796163521681111 -12.1475070538837 -3.16300481854885 -0.045159799099036 3.03721239387915 12.1094594388086
"etap[224]" -0.0314922968667822 8.39152170783415 0.039558012693891 0.110978493214877 -12.5379742082741 -3.0890400701648 0.00353414739021566 3.10369214253277 12.5967501875626
"etap[225]" -0.192364916017625 9.27295163748078 0.0437131132298504 0.283471071617478 -13.1759570381849 -3.09803677891666 -0.0411211017148573 2.98007329538625 12.3731237716363
"etap[226]" 0.202972702202474 8.78967255943058 0.0414349138078845 0.21299759326307 -12.459473070902 -3.05699354788034 0.00822593771331338 3.12881230937197 13.1832101689703
"etap[227]" 0.0744873456394414 9.18101280741094 0.0432797094285388 0.166921502744122 -12.3889022975172 -3.05091806600657 0.00213677171568336 3.07566654622053 12.6131959728388
"etap[228]" 0.0807802768132911 8.09603944474459 0.0381650959475511 0.124854336204429 -12.1093567158147 -3.0867323860749 0.000750433940475604 3.1149378524728 12.8415527350404
"etap[229]" -0.102888147854307 9.06799038086243 0.0427469166002814 0.201170154691241 -12.9454821704663 -3.02451046916071 0.011893724133292 3.03537173194951 12.3334087140997
"etap[230]" 0.0340760866031924 9.10367114428133 0.0429151173320909 0.173689301145121 -12.2751863225145 -3.11098013755277 -0.0106134111330255 3.11042775284982 12.6362625600056
"etap[231]" 0.0529192830390474 8.33352765705607 0.0392846261167333 0.16341595138238 -12.1896012422622 -3.11425426727055 -0.0803141332097414 3.00893824263436 12.4680597167158
"etap[232]" 0.276875549969015 8.45237508612264 0.039844878270197 0.201530685805633 -11.794936559955 -3.10131357765689 -0.0233928861767737 3.06282531705782 13.1341115578551
"etap[233]" 0.0978926321761857 9.03268574235743 0.0425804889383199 0.26584086133479 -12.5406349584841 -3.00361612073846 0.0367451267733436 3.11447493389846 12.5861994029939
"etap[234]" -0.0515141384842599 8.82892394863004 0.0416199466310441 0.1732186372704 -13.1346883429006 -3.14960329379118 -0.030389980304401 3.046335507419 12.3022441021024
"etap[235]" 0.175405396534904 8.50991267480879 0.0401161130644176 0.136259517936514 -12.132882286904 -3.09888364513271 -0.000830040474358217 3.12941443756907 12.8092406433135
"etap[236]" -0.138951849323596 9.29718232568042 0.0438273377894423 0.14848355919581 -12.8941957457398 -3.07182117234935 0.0260798877483171 3.10168448645004 12.2218442536531
"etap[237]" 0.275582565273279 8.69190891339253 0.040974051560771 0.267399541477492 -11.9961658270564 -3.01808276121714 0.0737916447159703 3.16794322438068 13.1231291894374
"etap[238]" -0.0218410091289668 8.28542185153622 0.0390578531747498 0.147993528996311 -12.6559247038012 -3.12113008370078 -0.0622570642278345 3.08814109671268 12.5195069355401
"etap[239]" 0.343541965270416 8.54445394141657 0.0402789421567452 0.172527016124749 -11.8795076794701 -3.02529676794752 0.0936321182756928 3.21640092492344 13.7386555405684
"etap[240]" -0.482859350800849 9.532649452139 0.0449373404685448 0.38223818027643 -13.6457444566689 -3.13153110946032 -0.0620526636489446 3.02412054832925 11.8499380109207
"etap[241]" -0.159504903352455 8.38987319069166 0.0395502415095552 0.158616037407118 -12.8832795597008 -3.02791683605502 0.029839642892162 3.13847996517007 12.0828787116793
"etap[242]" -0.0535918546206414 8.84105049874364 0.0416771117364956 0.208107318796654 -12.5920197165679 -3.05243526158044 0.0208768575406199 3.07168534927722 12.4153474831416
"etap[243]" -0.0576322994582147 8.51357478671662 0.0401333764255076 0.198526815585755 -12.3731609457472 -3.16055368860984 -0.0285413660928015 3.10447281195533 12.2893191503751
"etap[244]" -0.145586076413264 7.85407588216388 0.0370244687748786 0.148474368004218 -12.4137314098988 -3.14050451659898 -0.0175705687063421 3.04180316183644 12.3893432414573
"etap[245]" -0.134268017741384 8.91848985488224 0.0420421643622044 0.172294105122702 -12.2973079858755 -3.13895364901005 -0.0602906676708318 3.09468143443311 12.4423621861471
"etap[246]" -0.0258004052225757 8.60989380709012 0.0405874286419299 0.192830865457865 -12.3976211897533 -3.12974771297336 -0.0195218389742598 3.1020106480675 12.6317078654768
"etap[247]" -0.268741159036647 8.75364871412902 0.0412650957725702 0.287142597274685 -13.1437639425735 -3.14092332979335 -0.0821375096067977 2.98897680357313 12.0045657662531
"etap[248]" -0.339469453926173 10.2241586185356 0.0481971459406225 0.244065173359321 -13.3961667403431 -3.10171492993089 -0.00274386627530333 3.05225970738679 12.130041870336
"etap[249]" 0.0628276646015237 8.21817678728322 0.0387408569018523 0.17296154392853 -12.1483427991517 -3.09241990195683 -0.0238094134130746 3.08557327495386 12.7490051699109
"etap[250]" 0.425491172730365 9.14697589578068 0.0431192578883761 0.249098943017829 -11.8834775784157 -2.94722480597295 0.0374527351002624 3.09843045184298 13.4292199236046
"etap[251]" -0.159524041887045 8.45944317531316 0.0398781975621746 0.196534728237905 -12.7959761861546 -3.10115597387003 -0.0027076697911662 3.07461276097393 12.0983511187849
"etap[252]" 0.198711447143192 8.66134501119934 0.0408299719441022 0.201387610275614 -11.6634002045777 -3.05036386034338 0.00809727152657145 3.12855757667587 13.1205074720869
"etap[253]" 0.0347326958487875 8.15517594710657 0.0384438680931232 0.114166537274123 -12.5441559573914 -3.04555475672325 0.0156471041720613 3.10397314648317 12.4077646655093
"etap[254]" 0.213178186643299 7.88367731619795 0.0371640112731342 0.106363664219424 -12.3095614902536 -2.98951541504172 0.0762520001846178 3.18838486725577 12.960813582473
"etap[255]" 0.0643369284807735 8.59538054570944 0.0405190124716671 0.201194668072784 -12.2738197577927 -2.98988441323911 -0.0000620719789792504 3.09180920829964 12.6962562335163
"etap[256]" 0.00538752982105824 9.44239058470619 0.0445118560870517 0.241927602313533 -12.2128204318485 -3.07758727651727 0.0489274858671827 3.15704670317038 12.9612011587932
"etap[257]" -0.12039326310902 7.77495444761394 0.0366514867554955 0.0893616430942429 -12.8857617570988 -3.09275255028141 -0.0333403568815985 3.03197185606179 11.8101035921217
"etap[258]" 0.0929712856729577 8.37401889439797 0.0394755036400872 0.167294746747702 -12.4340992772951 -3.05073933523358 0.000491218316081457 3.0598359656829 12.5754633285056
"etap[259]" -0.246744078443461 8.64693599372939 0.0407620471843472 0.195647043415693 -12.6693636975338 -3.08239475790461 -0.0514661037896096 2.99280521027964 12.0047137210303
"etap[260]" -0.304263137873522 9.06335480649965 0.0427250642931706 0.290843674182033 -13.0215531969359 -3.10211116322858 -0.0394967584136967 3.02753029694132 11.9586853183793
"etap[261]" 0.136918647111708 8.39441382643231 0.0395716462717094 0.145593584535585 -12.2575302865256 -2.99536498956777 0.0526640141048737 3.18304114116061 12.8585423303412
"etap[262]" -0.200635999575157 9.0816272827117 0.0428112015720947 0.217247653557496 -13.1526874020302 -3.11560977370304 -0.00956658407150752 3.03929421164843 12.2439169505176
"etap[263]" -0.0369551316537741 8.43605105813167 0.0397679260642723 0.168235947076775 -12.7667763448809 -3.11139921960421 0.0125418198048082 3.16105971118998 12.5826422016178
"etap[264]" -0.0771472747879935 9.0802470808663 0.0428046952381994 0.179730019961182 -12.6585325260645 -3.05017717742377 -0.0416568526612147 3.03038184864967 12.1890574150182
"etap[265]" 0.193871319250537 9.33760403752613 0.0440178875664641 0.24604660778872 -12.153628073094 -3.06791813605402 -0.00706464833780721 3.02534604244168 12.7508208886133
"etap[266]" 0.109508938175179 8.32319037184027 0.0392358956868989 0.158382574692474 -12.4257362676005 -3.02340746831865 0.0541338851450688 3.12334065859706 12.7285390770715
"etap[267]" -0.0337202174168211 8.88951378531448 0.0419055698603144 0.189828067214982 -12.5116882935057 -3.05786319771999 0.0409139766761608 3.13656688281702 12.4993734886055
"etap[268]" -0.169413782420852 8.93348127908627 0.0421128346136331 0.16761838237061 -13.0471729680661 -3.07449287400054 -0.00278507101542347 3.08066006839411 12.2070608783671
"etap[269]" -0.25509251994079 8.42429337793813 0.0397124998282998 0.163360617085691 -12.852192172069 -3.14288007265562 -0.0199356909093192 3.04172860154706 12.0538964622908
"etap[270]" -0.202834790145143 8.18250773971629 0.0385727113990986 0.136120680756002 -12.8417659301921 -3.07432410724176 -0.0239987607262742 2.999373426692 11.9044632514854
"etap[271]" 0.0313192923180943 9.13199990672432 0.0430486603989313 0.182997773526545 -12.1919464879251 -3.03292050841725 -0.0107591612283411 3.04987229759379 12.6232643559019
"etap[272]" 0.25562812837646 9.41200332660764 0.0443686091786307 0.31670112761264 -12.1470864906983 -3.05291817917275 0.0295789147730672 3.12558991239441 13.1690987151452
"etap[273]" 0.135492557992428 8.8964468748822 0.0419382527579671 0.180468802736358 -12.4664672033164 -3.0625104153689 0.00354961815574042 3.08753444086362 12.190793197098
"etap[274]" 0.0590699491957908 8.84339332966894 0.0416881559473919 0.224353744488898 -12.230494364496 -3.12564025802739 -0.0054452485753228 3.08187228821838 13.2795456274228
"etap[275]" -0.132814456719541 8.78630794191873 0.0414190528488264 0.149611351304537 -12.7732828853918 -3.06454004985895 -0.00714143995237945 3.08761636946924 12.1908890954088
"etap[276]" -0.0852492199543397 7.95481011268237 0.0374993344915268 0.134421796827688 -12.9048923137996 -3.09856957546081 0.0104200706768861 3.09740933737525 12.1991184493537
"etap[277]" 0.196924613129145 9.11598382965842 0.0429731598875892 0.198477266841916 -12.2950548482626 -3.08112652950295 0.00431587536410125 3.17085390413488 13.4700038209089
"etap[278]" -0.0316913100191969 8.51519849074916 0.0401410306397212 0.150488686533297 -12.316667949955 -3.05216913025199 0.0443420451508329 3.14280214296564 12.3773077506879
"etap[279]" 0.0856334560386131 8.69636288309921 0.040995047775323 0.15059388237012 -12.3020415302626 -3.09063659791935 -0.0335630620007216 3.05127996262656 12.6070123688329
"etap[280]" -0.100564408084316 8.86810157026708 0.0418046317105795 0.172830238125243 -13.056728055031 -3.14627973917391 -0.0635536537984107 3.0181395121864 12.8216442747884
"etap[281]" 0.0589288764112819 9.53553074950898 0.0449509230346043 0.158033423105819 -12.5278680376495 -3.15081594387217 -0.0196471117520662 3.05522648789893 12.9408065982652
"etap[282]" -0.0227707146708807 7.88070322983408 0.0371499912955627 0.137194278655554 -12.3499588872979 -3.07530589154427 -0.00441054578941042 3.08971702670901 12.3173828746794
"etap[283]" 0.0566653291401762 7.9447742847574 0.0374520251449898 0.096514226810944 -12.1564979854352 -3.05077961646075 -0.0288984202508022 3.08792877184393 12.6081118073076
"etap[284]" 0.239186329122088 9.34116005829902 0.0440346508091477 0.232249370477031 -12.272116811011 -3.0655808764982 0.0254592282036847 3.09121030230853 13.0646565517872
"etap[285]" -0.0279065660368786 9.05620563094952 0.042691362756428 0.149467396854324 -12.6139344238442 -3.10009833182536 -0.0131356434030261 3.10440113222919 12.3379814251595
"etap[286]" -0.409701614989235 10.4879671518652 0.0494407512929711 0.331774511677222 -13.3455965543016 -3.0595138349847 -0.00856169240887139 3.06628619016259 11.9590020788107
"etap[287]" -0.136410927222016 8.66236123107717 0.0408347624505474 0.19591914012229 -12.819125579125 -3.07103865326193 -0.00581562780732065 3.04597463880205 12.2824851694409
"etap[288]" 0.184761325290236 8.49219744193306 0.0400326026557728 0.219208839726658 -11.9180144170164 -3.07629441057051 0.0100108763372691 3.07609381993871 12.7282174590341
"etap[289]" 0.0802215589971699 8.99786262677768 0.0424163311971967 0.207187286558526 -12.435284601445 -3.0673511460969 0.0147005945015585 3.14200993020534 12.7472582546325
"etap[290]" 0.108339891614814 8.81282782657178 0.0415440687839894 0.194375769157754 -12.1761380421975 -3.03186151470075 0.0366192726787689 3.17700741108904 13.2878757602427
"etap[291]" 0.283179281321248 7.92845168319039 0.0373750796632921 0.116364545959752 -11.5063177970559 -2.98871943163973 0.0799206225139481 3.19114721219651 12.8758428115985
"etap[292]" -0.129020615913995 8.16213554435299 0.0384766759491717 0.0964368839400876 -12.7198159333153 -3.10034783794718 -0.001094987956587 3.09416632356816 12.2388112806783
"etap[293]" 0.0506360707659009 8.26142851991258 0.0389447475247875 0.142834158122505 -12.3323126784289 -3.04475782693127 -0.000426658003296812 3.08936078157917 12.6662288280082
"etap[294]" -0.146233717260142 9.28933379475274 0.0437903394598335 0.174246435191997 -12.952372191701 -3.13773526131234 0.0218623428322164 3.07952712445489 11.9784774716446
"etap[295]" 0.256421499005851 9.40384988165205 0.0443301734705098 0.24235371202194 -12.0555898093055 -2.95041188989442 0.0573168111408081 3.13787851315629 12.5715230022512
"etap[296]" -0.0835552256287385 7.92462817443793 0.0373570554701802 0.11803930432547 -12.9087320555781 -3.11166835886616 -0.0361862852257655 3.05493189994005 12.1776105400758
"etap[297]" -0.0311056768029912 8.25568076288759 0.0389176523383277 0.118278065559385 -12.5295270823285 -3.1317325551879 -0.0503351491581976 3.0221908057929 11.9238812932834
"etap[298]" -0.543396109119245 9.45590070556997 0.0445755434075679 0.239069062605804 -13.7986286301699 -3.1524264018613 -0.0189736755094852 3.0515312886847 11.3880388813489
"etap[299]" -0.0958020480815695 8.84669728657518 0.0417037309496129 0.147710938933449 -12.5992713828807 -3.12158087428708 -0.0437111865565522 3.0852098503725 12.5566017739172
"etap[300]" -0.247703567257261 8.68512095361545 0.0409420528115124 0.150817766388248 -12.7692494575549 -3.12178559641479 -0.0488976244406125 3.02961431742505 12.067246609226
"mean.p0" 0.276011864411741 0.213745878157888 0.00100760773264077 0.00567160428313512 -0.116466898239493 0.134679854872083 0.263769675974339 0.412816013862479 0.720137178477946
"mumup0" 0.891458073781085 0.0272678633680369 0.000128541940640047 0.000357852419127022 0.836806328006639 0.873054810928673 0.892036307710699 0.910252011936397 0.943271123948435
"mupsi" 13.6233497397816 1.44569847643358 0.00681508797491497 0.00878334200310987 10.8698581380921 12.6253167381071 13.5968574434372 14.5764310830119 16.5551216112494
"ppo[1]" 0.587568787687224 0.0845396986210059 0.000398523961162535 0.00170057841925241 0.433717663158003 0.533601089229919 0.579638608427659 0.636695426970052 0.774459042295701
"ppo[2]" 0.545015058293078 0.0849686608932398 0.000400546108706334 0.00133796799336035 0.348999811039642 0.501352907578854 0.549392466804467 0.597757041264694 0.703094246810264
"ppo[3]" 0.524123507347045 0.0912477105200184 0.000430145832509681 0.00180678474429326 0.304295672034549 0.479087550839965 0.535506693734364 0.581528041361887 0.678214989024223
"ppo[4]" 0.566917395835035 0.0823396501197364 0.000388152833067956 0.00135989801852979 0.396598477939321 0.518286610100934 0.564351274447198 0.616877952962227 0.735463683181221
"ppo[5]" 0.567833745168862 0.0815968707107983 0.000384651337354716 0.00143780730640157 0.396801873208347 0.518903367386001 0.565054445159127 0.617605276258214 0.735570457772816
"ppo[6]" 0.588015986837875 0.0845027883787935 0.000398349964612111 0.00159200340771274 0.432102608423753 0.533198774376385 0.580023785397421 0.638437622159605 0.773168072490805
"ppo[7]" 0.54491845496349 0.0846127484735048 0.000398868321469646 0.00143240165806602 0.352184280539769 0.500628950456727 0.548620696000501 0.597632137013038 0.702518224363845
"ppo[8]" 0.566779176770272 0.0821617387246161 0.000387314150708356 0.00134206217997398 0.395583525526798 0.517719197010703 0.563833044208371 0.616783599532115 0.735460578444094
"ppo[9]" 0.545012205699938 0.0848522536791489 0.000399997359836583 0.00136211366746548 0.35151991863087 0.500700308749787 0.549492183943996 0.597369101242305 0.702790972526917
"ppo[10]" 0.567020443623308 0.081735683966361 0.000385305709316896 0.00135156121153618 0.398435192530188 0.518345254295084 0.563993504915217 0.616816239099077 0.736445692414751
"ppo[11]" 0.545188718835214 0.0844554844550283 0.00039812697177697 0.00139233906968937 0.352354496457408 0.501110460512705 0.549286850154311 0.597444520985516 0.702737154278392
"ppo[12]" 0.608511048888709 0.0892005334950223 0.000420495347465254 0.00219234045817757 0.460469168703607 0.546081041481097 0.596317166878252 0.661869410392266 0.813348816962045
"ppo[13]" 0.587142582028768 0.0841899612622225 0.000396875283442335 0.00166955076415025 0.433394690479972 0.532577926931545 0.57861087075365 0.636467339372249 0.77386051934329
"ppo[14]" 0.586668652896354 0.083144221148767 0.000391945617271781 0.00165548013224676 0.433233672035618 0.533006226692946 0.578576602869847 0.636081187324159 0.768080376093043
"ppo[15]" 0.544911852537454 0.0845987723262787 0.00039880243727979 0.00138364466400029 0.352851473437484 0.500836963684814 0.54903899194308 0.597376853187069 0.70253461249446
"ppo[16]" 0.587624232656207 0.0847421736138156 0.000399478437432111 0.00158746902703262 0.431207851862376 0.533373079390782 0.578774581001057 0.637085213507903 0.776327833412137
"psi0" 0.999996760702508 0.0000070367946217334 0.0000000331717679656314 0.0000000465942257793721 0.999980977292084 0.999996712292436 0.999998755602005 0.999999532764089 0.999999935404538
"sdeps" 0.30050067467372 0.222843929945347 0.00105049636007077 0.0081689347824985 0.0166261569497916 0.128259839697865 0.257945169470354 0.424492811939679 0.84359479918405
