"Mean" "SD" "Naive SE" "Time-series SE" "2.5%" "25%" "50%" "75%" "97.5%"
"N" 7.38013333333333 1.42074673418424 0.00669746433393543 0.0200714618914346 6 6 7 8 11
"betapsi[1]" 0.385817739548116 2.31426158894853 0.0109095337532337 0.0196747698201899 -3.92349564123359 -0.775920893342652 0.0945427808143427 1.32412701373715 6.10070459597412
"betapsi[2]" 0.370660736134953 2.30465086872352 0.0108642283836125 0.018904812630392 -3.92177893573399 -0.795231864779204 0.0849705727537764 1.3126737899393 5.93944975407358
"betapsi[3]" 0.401753340568829 2.31552955903096 0.0109155110215246 0.0205111591883521 -3.88782442768588 -0.777534258424522 0.0901938847961393 1.32821163251151 6.04452639830659
"betapsi[4]" -1.03090792900328 3.02921815659429 0.0142798713348082 0.0534032726169485 -8.0840018519524 -2.53429380256262 -0.37401067901291 0.497976077811663 4.65600140345588
"betapsi[5]" 0.391056595654712 2.33649447531376 0.0110143405846618 0.0194893277703783 -3.93012440874268 -0.76824149252063 0.0934239522298193 1.32461862523815 6.11587439135358
"betapsi[6]" 0.380525035633749 2.27350964154221 0.0107174272308499 0.0188356949505516 -3.89049327737235 -0.757245311338019 0.100208936996265 1.3206572461409 5.8539028618138
"betapsi[7]" 0.401001003096695 2.31495098310635 0.0109127835884598 0.0211303152117794 -3.87970985584506 -0.757446228251652 0.0888168449591723 1.32864948912003 6.11129532636184
"betapsi[8]" 0.384641519137294 2.30219817005423 0.0108526662512041 0.0200333157683066 -3.91593301898647 -0.765105236408932 0.089195524892216 1.31619711992653 6.12717097021748
"betapsi[9]" -0.954460779973451 3.02398697349689 0.0142552113011962 0.0481599921097863 -7.88393491941132 -2.42541458035812 -0.344071099703934 0.529454456699278 4.77469687313785
"betapsi[10]" 0.340937536686067 2.2871087267249 0.0107815339331874 0.0185322153403686 -3.90954835858169 -0.794307295928989 0.0699689677499185 1.26207364205122 5.84731733833022
"betapsi[11]" 0.390465481634708 2.30095377772435 0.0108468001295046 0.0207697288558016 -3.82629190895584 -0.764808769209294 0.0906298092063459 1.34119783246358 6.03289194402963
"betapsi[12]" 0.366732405368582 2.2801674646365 0.0107488125099027 0.0187308932748601 -3.9045153011781 -0.764737378007154 0.0917491597539566 1.28103863026785 5.9466565796199
"betapsi[13]" -1.02802281870197 3.03820622270762 0.0143222414847981 0.050921173868583 -8.06378141464092 -2.49810553476383 -0.36684820167381 0.505325071973168 4.67193445057681
"betapsi[14]" 0.386165375243689 2.2911973899016 0.0108008080762423 0.019513441741689 -3.78170483271578 -0.769744245423967 0.0872323520901768 1.29565502139759 6.03316941884475
"betapsi[15]" 0.368019618560126 2.29742428446904 0.0108301619387381 0.0187992636125666 -3.9494395265181 -0.774546354576469 0.0923315673715014 1.28190476773105 6.03564807146901
"betapsi[16]" 0.332218357593932 2.27493727974948 0.0107241571818996 0.0180895183278876 -3.97681408414906 -0.794184023369346 0.083419005192924 1.28025206643756 5.82028891463936
"etap[1]" -0.123573799126238 4.21556245402781 0.0198723519850564 0.164598024760014 -8.31553395621215 -2.30173678380836 -0.245506336777541 1.93045469250424 8.7002878132856
"etap[2]" -0.190473224222686 4.22320614885706 0.019908384708037 0.162763513039386 -8.31291965190798 -2.33700701801674 -0.299326544664711 1.87538642469182 8.64888987736356
"etap[3]" -0.00837433917878247 3.06414833600058 0.0144445337796499 0.0570136979678961 -6.31310765242885 -1.54389999738639 0.0200065588771914 1.58763776717187 6.11232186050278
"etap[4]" 0.164341876888079 8.59243286849839 0.0405051169880359 0.663713338395804 -17.453985879778 -5.43983176989473 1.53638177708598 5.7081765547954 15.0774633452579
"etap[5]" -0.14121924372106 4.22866621226314 0.0199341236937713 0.159132612911399 -8.163471053894 -2.34188984417524 -0.26621021929083 1.8964070578319 8.80244862379976
"etap[6]" 0.167650214831979 8.52239050733074 0.0401749341310229 0.735237455264267 -17.3742400880638 -5.34379170047121 1.57344029970312 5.64977878211852 15.4684840090953
"etap[7]" -0.171460798686099 7.44692140370844 0.0351051241568365 0.282581319048375 -14.1082230212466 -4.61021793802636 -0.552016414217686 4.288514756572 14.86019263782
"etap[8]" -0.132493017017569 6.90573313681149 0.0325539382006937 0.133888584582081 -13.5969191272454 -4.05630054170876 -0.270065567254653 3.72318814389575 14.1895180536475
"etap[9]" -0.00379174778767515 6.73099624807517 0.0317302206077011 0.0773950589268791 -13.0036726394825 -3.58447020683479 -0.0856085193225285 3.53356494467771 13.5701496223567
"etap[10]" 0.0271272266672006 6.64144143272361 0.0313080551595478 0.0666403038919724 -12.9053623873352 -3.50793932128423 -0.0373050241465055 3.4905277078486 13.4222877778208
"etap[11]" -0.00361009053404032 6.51212440491216 0.030698448844292 0.0512896071616562 -13.0440541125548 -3.39733054969361 0.00135773756424485 3.41486820572988 13.2809987978821
"etap[12]" -0.0642879000256513 6.70525390712083 0.0316088700486849 0.0510583721351094 -13.6201949892508 -3.46731948078264 -0.00821015586031435 3.42149328717661 13.1304890015103
"etap[13]" -0.00512034788404865 6.43067852515614 0.0303145092851241 0.0563424212687309 -12.8581792596876 -3.40053705328971 -0.0271751492390116 3.41176633362035 13.1018500592537
"etap[14]" 0.00674328101442697 6.66995932752313 0.0314424898048671 0.0555134549330205 -13.0133787280965 -3.42486712640148 0.0241899879146601 3.38130187893368 13.1057222765467
"etap[15]" -0.0239247338432499 6.56913684203281 0.0309672080502919 0.0485474991606652 -13.2913829313027 -3.39098258751714 0.0107367418264515 3.38783266414945 12.8725516739626
"etap[16]" 0.0773779806254783 6.69214558713645 0.0315470768356788 0.0518613534109314 -13.1804497177039 -3.34321967179123 0.0290609585575352 3.45825835978952 13.4402455498631
"etap[17]" 0.0191451765100362 6.42898698006283 0.030306535265083 0.0469322579968862 -13.0505902651976 -3.36824362935507 0.0462461154417813 3.40407000594641 12.9672741636653
"etap[18]" 0.0744851752267057 6.5476064209268 0.0308657126718528 0.0514927253025313 -13.0625450211217 -3.33178723924238 0.0573273512293399 3.44642838479789 13.5098050065966
"etap[19]" 0.0956799946369284 6.64593035327729 0.0313292161339725 0.0515151550348273 -13.1890743209447 -3.3689826602551 0.0318716521113497 3.47857996591799 13.44785402141
"etap[20]" -0.00441143448135874 6.52635612817887 0.0307655378311577 0.0509724433049111 -12.9547536672668 -3.42012641699282 -0.0352489567346105 3.3615044019954 13.3765567307155
"etap[21]" -0.0727553788012795 6.54070865994118 0.0308331963147333 0.0507800408208678 -13.4442826278625 -3.48530392274956 -0.0325046976872269 3.37251524087559 13.1085658844887
"etap[22]" 0.00750402979253639 6.75418485433388 0.0318395327459131 0.0667645832197413 -13.0923616360909 -3.40895356710799 -0.0263812941497998 3.40316717373907 13.3541023739107
"etap[23]" -0.010761200263617 6.59929831785284 0.0311093906108448 0.0513319605243465 -13.1885217148296 -3.48600055582501 0.00881098909531048 3.41753327485606 13.1341170389919
"etap[24]" -0.0535961100265502 6.49110278767335 0.0305993519902848 0.0531774644022265 -13.1858103377326 -3.44745844901562 -0.0368783239517753 3.39001223800037 12.7162182068637
"etap[25]" -0.0565218822891386 6.59874859355487 0.0311067991856523 0.0485795168506575 -13.2169432646198 -3.45197514944002 -0.0657799738481448 3.32816106095624 13.0649033050445
"etap[26]" -0.084077518098206 6.6469594377649 0.0313340672847699 0.0615990028925456 -13.4547666030124 -3.48843452778095 -0.0324719202700259 3.43487929722272 12.9602621351063
"etap[27]" 0.112547307429189 6.61642446936834 0.0311901240633264 0.0525937165881411 -12.8756050204494 -3.33899105814356 0.0407928871900751 3.45141742095334 13.5360923754707
"etap[28]" 0.00170250278446272 6.57220727557928 0.0309816822128378 0.0504635920877647 -13.0210801269357 -3.4182004485209 -0.0138558460482363 3.44771391649588 13.2453028952268
"etap[29]" 0.0961588366556273 6.61218254530254 0.0311701274415117 0.0561151134229876 -13.0635918546106 -3.37805496408923 0.053887532775764 3.43814733862838 13.497332256202
"etap[30]" -0.0392627694182644 6.51495600899115 0.0307117971539313 0.0439876322384605 -13.2246801490012 -3.41582573079923 -0.0430289142018662 3.35145792922959 13.2279912114388
"etap[31]" -0.00465520582765969 6.51336005072581 0.0307042737345185 0.0503430989639754 -13.285413843642 -3.42660013648461 -0.00689120117330558 3.43120683910305 13.1450330816503
"etap[32]" 0.0368045823806927 6.45994401884091 0.0304524681453859 0.0499458259479661 -13.0023817679788 -3.34975345661549 0.0313573415141303 3.45543119378995 13.1497922732007
"etap[33]" -0.100470416424956 6.55644555042535 0.0309073807279075 0.0495509100420354 -13.4172391130304 -3.51058268452732 -0.0345686090700831 3.38468654217103 13.0060353769728
"etap[34]" -0.0370736576096914 6.57906436500405 0.0310140068423809 0.0480834075925957 -13.1685638680091 -3.44261482458781 -0.0199420472457505 3.37004329075982 12.9634194529785
"etap[35]" -0.0425082113894223 6.47610936063992 0.0305286722974278 0.0467442840459365 -13.3295163995981 -3.44792099327282 -0.00956693136527218 3.38218147218168 13.0481870164245
"etap[36]" 0.109324629683356 6.74771277107876 0.0318090230528591 0.0735791691326477 -12.9995101879142 -3.40235746865505 0.00297196185000202 3.44335823136 13.8443575316495
"etap[37]" 0.0379258990118831 6.46151106925848 0.0304598552918974 0.0442138862310312 -13.0917895781906 -3.38858609098125 0.0564538209019671 3.47119463837555 13.0373622324168
"etap[38]" -0.0625883007557964 6.57335333903973 0.0309870848078015 0.0479106701857551 -13.3769756481422 -3.42940117808367 -0.0000944738619328139 3.3451805078293 13.0622709500784
"etap[39]" -0.0973298963399733 6.64129408144026 0.0313073605389366 0.0445171224759902 -13.3158394192527 -3.4759069362062 -0.0561728699148719 3.33668986769409 13.0933437413504
"etap[40]" -0.0446593335213299 6.60851961206005 0.031152860208613 0.0592520571486292 -13.5687597879019 -3.43992738755686 -0.0522707861692818 3.44291583971057 13.0396876694678
"etap[41]" -0.0366135036339872 6.53231115762679 0.0307936101091897 0.0446885732581238 -13.2667456796345 -3.44017593287724 -0.0086784584087371 3.40824085818348 12.8110080504461
"etap[42]" 0.0504263266113409 6.64008972176834 0.0313016831329966 0.049180574329097 -13.1398894867617 -3.36214776631868 0.0256098150304325 3.47828522145635 13.280712791019
"etap[43]" 0.0127694317064445 6.58025455685734 0.0310196174605833 0.0526365751795393 -13.0841007355866 -3.35307317816275 0.052720309990031 3.45851046761739 12.8345689202045
"etap[44]" -0.0305701449094961 6.5443572706611 0.030850396030613 0.0511880688016084 -13.2430050076528 -3.43893890644028 -0.0349956168394416 3.38298265431721 13.3609886932499
"etap[45]" -0.0456019400297861 6.58269858339143 0.0310311387121544 0.0645149674804737 -13.2005382652401 -3.48379221959682 -0.0458634004326917 3.41103315485088 13.1926008840042
"etap[46]" 0.0643220016951836 6.50200262459853 0.030650734314309 0.0478734290329586 -12.9438999695121 -3.33888432464531 0.0274349304497634 3.45601097541509 13.2638767544307
"etap[47]" -0.000599050483664746 6.5393295238551 0.0308266950048756 0.0564617175193357 -12.9575343875671 -3.47494231788265 -0.0528544669457984 3.41290976884647 13.3807855268231
"etap[48]" -0.060277880600943 6.43281360163897 0.0303245741321865 0.0465436764920969 -13.1334678252943 -3.42484720130301 -0.0208939910869085 3.38290921811336 12.7796673683755
"etap[49]" -0.016425298861715 6.60170464971664 0.031120734168036 0.0542101928124986 -13.2589627188828 -3.42307784148715 0.00341589507863359 3.37373661733127 13.2595368177174
"etap[50]" -0.034785571853489 6.69580054566484 0.0315643064754146 0.0659088016380007 -13.4470719545146 -3.40687492507059 0.0225340908460192 3.42361999002758 13.0733158110763
"etap[51]" 0.0391858739111884 6.52984899962923 0.0307820033850802 0.0505674798111663 -12.8793377850466 -3.36872413317152 -0.0068383076694835 3.35852715149121 13.2661351386086
"etap[52]" 0.00344996125067634 6.49461766543129 0.0306159212829361 0.0452915737609407 -12.967350186436 -3.40505041458313 0.0115845704149205 3.41007471841106 12.9748585638738
"etap[53]" 0.0372465058591732 6.55192078253583 0.030886050767521 0.0488923967072782 -13.1175175801887 -3.43519844064025 0.0083495979987179 3.44088649166116 13.3635069755613
"etap[54]" -0.00953312409141794 6.54452366052053 0.0308511803999325 0.0496935164871557 -13.1796569311403 -3.42723170724031 0.00958833230554719 3.45261797487636 13.1152783845864
"etap[55]" -0.0114097304462613 6.44218051774442 0.0303687301981663 0.0480647907584909 -13.1332063169501 -3.43493385637693 0.0141215501658747 3.43834240970925 12.9351539370601
"etap[56]" -0.0529992665332751 6.5567805494888 0.0309089599286372 0.0540969109866293 -13.332850399661 -3.41477798943644 -0.0358020950707989 3.34026867329789 13.0729863759019
"etap[57]" 0.0599343240562677 6.55709511958394 0.0309104428262868 0.0547080307798912 -12.9898617821653 -3.40631309046214 0.0436475424872368 3.41248955919466 13.2329454811379
"etap[58]" -0.0312578452266873 6.48549745037158 0.0305729281768387 0.0498445730914022 -13.0142107055341 -3.45476688534821 -0.00595041755177347 3.4163323894381 12.8165277408712
"etap[59]" 0.0732833094771329 6.57126728999452 0.0309772510782965 0.0589203751971365 -13.0618173916131 -3.36518453983017 0.0601016437041656 3.44168980148366 13.3078851733849
"etap[60]" -0.0145905728369079 6.48141066777518 0.0305536628989244 0.0451683931369609 -13.1751180265257 -3.45303929320525 -0.0115068759095818 3.42022704358034 12.9747499184872
"etap[61]" 0.0779323102897486 6.590870184688 0.0310696600100875 0.0507132137509396 -12.9657157093343 -3.35574284913577 0.0183370680836025 3.43188942546418 13.5073188608695
"etap[62]" -0.0497768534531459 6.49505204492165 0.030617968967491 0.0492267560519059 -13.2547991743147 -3.44949358287595 -0.0411113972499834 3.40009959869659 12.8673150461239
"etap[63]" -0.0193744367257679 6.53983554985517 0.0308290804343163 0.05089304522301 -13.2159949959576 -3.46421249307949 -0.0349513185410262 3.40109527638697 13.3039437169634
"etap[64]" 0.0422518515381421 6.46089440705354 0.0304569483183853 0.0445064078194386 -12.9708677285263 -3.38482227430838 0.0316489955038028 3.4591040290188 13.2203167904462
"etap[65]" 0.126231782902619 6.76589391249292 0.0318947297754168 0.0616724379841536 -13.0486115816148 -3.35804366819454 0.0770520866895731 3.49642655724147 13.6222521249099
"etap[66]" 0.0739749219432188 6.58811441885525 0.0310566692053695 0.05136546636893 -12.9619565195165 -3.35429279852218 0.00491627689250101 3.45043936152961 13.3285205946112
"etap[67]" -0.0299997754680622 6.50837388143825 0.0306807687070827 0.0483372149966958 -12.9962613212914 -3.49857499030818 -0.0381144854812069 3.3518011346654 13.033149589539
"etap[68]" -0.0545247899790914 6.52405338581072 0.0307546825995321 0.0515386154657379 -13.2078255649288 -3.44704050488119 -0.00242480865161797 3.39889534066344 12.8671053554358
"etap[69]" -0.0955790447760795 6.51942718441928 0.030732874477032 0.0486766271766289 -13.4650678054477 -3.47365763998878 -0.0479326304604523 3.37464467468879 12.8525364731594
"etap[70]" 0.0706612665123412 6.5059174409062 0.030669188935364 0.046625752881177 -12.6445178430993 -3.38395255840029 0.0153849889317221 3.45556121691257 13.3196010872804
"etap[71]" 0.042062165525439 6.45375518515414 0.0304232937036022 0.0453158332985035 -12.7233226977812 -3.41302218253875 -0.00372775655454782 3.45290128164037 12.9982855201674
"etap[72]" 0.0784681167093121 6.48529642312473 0.0305719805253091 0.0448185957022984 -12.9915544048507 -3.40353737241691 0.0440978763372862 3.45867100143139 13.3753781898788
"etap[73]" 0.00598612257462739 6.60609587427904 0.0311414345991412 0.0569743281339227 -13.1665619102589 -3.3891264574905 0.0183668676302467 3.48319008255486 13.0575427260718
"etap[74]" -0.00850188410236409 6.60023191654809 0.0311137916373002 0.0544612988948152 -13.3012454789034 -3.42472706694822 -0.0431555569836575 3.39017481479025 13.315675732254
"etap[75]" -0.114865048371471 6.37704937193535 0.0300616990323793 0.0430371348945922 -13.1187101895251 -3.50588239610869 -0.0694311217819772 3.28258216005394 12.7050500087983
"etap[76]" -0.0502451803377021 6.47811127748461 0.0305381094239361 0.0507230571485882 -13.294991586387 -3.44194330657531 -0.029339196414228 3.39349022708341 13.0304876558479
"etap[77]" -0.0253976568537481 6.52375325962297 0.030753267791115 0.0461442455516736 -13.3563639078331 -3.40375881138263 0.00313902719621296 3.41530215694272 13.1734122917265
"etap[78]" -0.00179466051460246 6.55972890552445 0.0309228586122783 0.0507232005114941 -13.1461696400376 -3.4171421170342 0.0298949840638004 3.41794627774669 13.1616381462434
"etap[79]" 0.0313786412107379 6.4313390233535 0.0303176229034862 0.0473872710028585 -13.1073185050163 -3.37314327771084 0.0500518833167432 3.44398164970295 12.9974627947803
"etap[80]" 0.00373195678026009 6.52778894760512 0.0307722922067078 0.050518769196513 -13.2417103070971 -3.4284757119816 -0.0123889474037459 3.43190011845759 13.2180818023298
"etap[81]" -0.00421699604047633 6.44190156650641 0.0303674152094195 0.0469896969302609 -13.2613575236447 -3.35668669818451 0.0413417018503197 3.41807303978743 12.8039490873075
"etap[82]" 0.0241481355699507 6.50230635605197 0.0306521661181116 0.0484248279992209 -13.1148184795608 -3.3991089494047 0.033745133630066 3.46733008145137 13.2059763727708
"etap[83]" 0.0426688844171345 6.5550086389451 0.0309006070622299 0.0478604402656896 -12.8447136039924 -3.37771195336483 0.00313728623385187 3.42456142023113 13.2642502332426
"etap[84]" 0.000706553381928956 6.40171194719774 0.0301779595271097 0.0429780806401683 -13.0025069531313 -3.42310992369284 -0.000269657507206304 3.38474236354177 12.8719233111428
"etap[85]" -0.0501194531732892 6.58213972621733 0.0310285042341709 0.0481120115312849 -13.2768406097251 -3.41471764947739 -0.0408596258683486 3.42192825698682 13.0728565665224
"etap[86]" 0.0278388770397666 6.56006340722352 0.0309244354684099 0.0506763835908018 -13.227759085318 -3.37582766565788 0.0228440246492687 3.37178456429506 13.2189976436033
"etap[87]" 0.0298091394177763 6.49065706915674 0.0305972508530475 0.0497299107942922 -13.073013216716 -3.39504730876645 0.0290315446455785 3.45774403732316 13.3080369022387
"etap[88]" -0.037761880963869 6.51883657869502 0.0307300903349477 0.0497900614088464 -13.3187516618238 -3.40799816919909 -0.00904925350992038 3.3625413323155 13.0402998043001
"etap[89]" -0.0471314387401311 6.46297180936112 0.0304667412867782 0.0578641303426506 -13.0922343129281 -3.44160766289287 -0.00859413566303158 3.41363192961957 12.9385100496673
"etap[90]" -0.0306144145558648 6.58501518578404 0.0310420592805619 0.0531064504925388 -13.235490426653 -3.41954484314313 -0.0144378687406258 3.44854111477198 13.0869322398152
"etap[91]" -0.00406964529620877 6.47573763397798 0.0305269199611384 0.0486993493326095 -13.0689472796791 -3.44846366378854 -0.0258209263722369 3.37584712221016 12.9423254242592
"etap[92]" 0.0422832271037354 6.48563725913715 0.0305735872416801 0.0470768985235637 -12.8694926338847 -3.36453700926962 -0.0105924226776813 3.42414915216162 13.1959169012124
"etap[93]" -0.0217472973557244 6.50921180219269 0.0306847187033997 0.0510462749005268 -12.9327801988853 -3.42799888168733 -0.0189210241246078 3.3688593829588 13.1381904556974
"etap[94]" 0.0208471522099221 6.5783549703185 0.0310106627237629 0.0570627702738462 -12.8627938317276 -3.47337164190745 -0.0167423601247137 3.42511643497912 13.0381289714134
"etap[95]" -0.0172784526373075 6.53766690392531 0.030818857339363 0.0442731519675199 -13.3666337020357 -3.42493741218886 0.00749889909025205 3.41654073939263 13.0449497738197
"etap[96]" 0.0270023375147513 6.65880486868754 0.0313899071816464 0.0561952477024726 -13.0519254565713 -3.38988423523812 0.0253526348322457 3.37017635335297 13.3404288274163
"etap[97]" -0.0430652417183823 6.56885755400452 0.0309658914739005 0.0507340126063458 -13.4443926920122 -3.4106514006533 -0.0177096498284398 3.39416324796315 12.9585739943599
"etap[98]" 0.0590895870500159 6.51717874985569 0.0307222752548522 0.0504690139776334 -12.8758754119181 -3.36703307306427 0.0480293782214888 3.39500390406961 13.1828556451957
"etap[99]" 0.0242585570302483 6.60557702894174 0.0311389887387653 0.0545600502728929 -13.2024774225586 -3.41772389898236 0.0138500128009316 3.44170007852887 13.2769942908328
"etap[100]" 0.0356827626525891 6.52876934623756 0.030776913850183 0.0464148379513696 -13.0746415924116 -3.34346805403104 0.0231256542877405 3.48321201999677 13.1275080549886
"etap[101]" -0.0597964554495532 6.46130890841707 0.0304589022965517 0.0522898598085406 -13.2306109469415 -3.4224713918239 -0.0293406541523432 3.35291024198033 12.8783775510846
"etap[102]" -0.0410352337663308 6.52804087118585 0.0307734797858564 0.0494837160148839 -13.244832335372 -3.45798693357833 -0.00511158690403071 3.42297182752237 12.7614611476921
"etap[103]" 0.014106410044037 6.57448381018082 0.0309924138998669 0.0525810495666236 -12.8712706114188 -3.45409287997134 -0.0333582100253935 3.39984198699491 13.3848818469231
"etap[104]" 0.11992869030056 6.46433332882857 0.0304731595510993 0.0446005284517645 -12.9514048712872 -3.36782121680593 0.0633133676438342 3.50186701493009 13.3865644680954
"etap[105]" -0.0555706383323025 6.59137096833323 0.0310720207268304 0.0489796409351929 -13.4312556118126 -3.43357656913769 -0.00930147027918903 3.3979558790604 12.9950804019543
"etap[106]" 0.0457542206665781 6.53388377722646 0.0308010235090773 0.044103923687426 -13.1381058663609 -3.37745070609861 0.0399244093637056 3.43098345609355 13.2284190205417
"etap[107]" -0.0559167631319767 6.59518581223215 0.0310900040734311 0.0493948031580029 -13.3959941127735 -3.46646876526924 -0.0162782006093967 3.42549914888541 12.9473080943861
"etap[108]" -0.0344479792859082 6.50399258232343 0.030660115064986 0.0442747555792187 -13.2774978237637 -3.44504820439837 -0.0227985590531792 3.41719042008681 13.0448493358095
"etap[109]" -0.0410398698009671 6.46876014704456 0.0304940277722967 0.049100574911985 -13.1910571951657 -3.48239481614929 -0.00372417985266286 3.3875203621576 13.0938988924602
"etap[110]" 0.0251935912978651 6.57915808933095 0.031014448663095 0.0474633414389482 -13.1149081280141 -3.36998793664412 0.0238789747689455 3.45931745942385 13.0911863930628
"etap[111]" -0.0205409028051469 6.60579101187444 0.0311399974639837 0.0515829636496286 -13.3908035497975 -3.42695625397254 0.0105580068010601 3.41146534955912 12.9611070097029
"etap[112]" 0.0425854237831933 6.56686994054101 0.0309565217741776 0.0507907892326408 -12.9589067208381 -3.41202426412743 0.00504339769601516 3.42339915092823 13.3518320792473
"etap[113]" 0.0246645961538811 6.48644925512417 0.0305774150274715 0.0488019528382123 -13.1369853940418 -3.39916221515407 0.0264812070212223 3.44352312289389 13.1767248646431
"etap[114]" 0.00990513329235659 6.52651804201794 0.0307663011003149 0.0531433155010288 -13.0947932356213 -3.32408083563618 0.02842700907996 3.39424863594357 12.8977941690633
"etap[115]" -0.0506877970959792 6.65044220456574 0.0313504852049177 0.0530437296165474 -13.2610954379581 -3.46621437558215 -0.0308830457757831 3.37453889159292 12.9328506934073
"etap[116]" -0.0130150242522796 6.56465817484661 0.0309460954107049 0.0487212675852653 -13.3581579896649 -3.37294019017149 0.0104250004052453 3.42272495371409 12.9817204690769
"etap[117]" 0.0188347361438367 6.503851148462 0.0306594483393693 0.0536188520888306 -13.1675796739634 -3.37157011967851 0.0205815791241414 3.49143367979888 12.936801744385
"etap[118]" -0.00814000131563899 6.52152852887836 0.0307427803098094 0.0467341413118066 -13.1395517763406 -3.38204079739632 -0.0298015715702451 3.3874600147404 13.0302395376773
"etap[119]" 0.0547235513709673 6.54829262011295 0.0308689474458379 0.050431076507239 -13.0538299381558 -3.35297541223827 0.0134237844100994 3.45507851136537 13.348645833079
"etap[120]" 0.0578683584043203 6.60948601007626 0.0311574158525503 0.0482934032193763 -12.9523266716842 -3.41147078449172 0.0655171642722402 3.47750794209432 13.3197537162557
"etap[121]" 0.0259733625585945 6.41001592048281 0.0302171048325808 0.0509714315893445 -12.740363178831 -3.44325030839358 -0.0107767794127398 3.41908645690966 12.9919996458511
"etap[122]" -0.020618278747425 6.48284529766807 0.0305604258090961 0.0463838971362865 -13.3619368054695 -3.37289224042107 0.00147915721226111 3.33055821674674 13.0036475012933
"etap[123]" 0.0457762794360047 6.59877913592431 0.0311069431637626 0.0468194429320533 -12.8920092777392 -3.4324375379499 0.0313535299820448 3.47055981198624 13.2025748273982
"etap[124]" -0.00446750926671696 6.38923636020982 0.0301191490460534 0.0492102617240335 -12.8256444064954 -3.37756980059476 -0.0229649870346981 3.39003452889612 13.0156744669009
"etap[125]" -0.0466535434694441 6.60571580460815 0.0311396429335305 0.0571640667066858 -13.0737549950942 -3.44060328199349 -0.00671892057373716 3.46978122936601 12.9445649233894
"etap[126]" 0.00484299552013475 6.48405178904464 0.0305661132639882 0.0458712546726627 -12.8365721889274 -3.47649712125627 -0.0314283606814154 3.44393014381007 13.028485448568
"etap[127]" -0.00372981488557583 6.54275458938213 0.0308428409186101 0.0523785682020186 -13.0229906759485 -3.38281658316905 0.0224238672227477 3.46100157895228 13.0782356190559
"etap[128]" -0.0373210653492367 6.49685193684174 0.0306264537393717 0.054372014684438 -13.1372876221915 -3.46790587289101 -0.00964593345468276 3.39220653735694 13.0584653222468
"etap[129]" -0.0625637012706483 6.61490856680456 0.0311829780301099 0.0480686808467211 -13.2078312351604 -3.46815042545859 -0.0247983633242763 3.3737454550505 13.1062782203455
"etap[130]" -0.0145047139642152 6.57920902799185 0.0310146887902453 0.0504661018159871 -13.2550218439343 -3.40863177542396 -0.000365687781174101 3.40271245234742 13.2026316994328
"etap[131]" 0.0422977554756966 6.55575153917527 0.0309041091274999 0.0481281241350922 -13.2192980216005 -3.39611252527813 0.0614255857787736 3.45122537778846 13.2594505361183
"etap[132]" -0.0878680217920775 6.61090641699161 0.0311641117149628 0.0687521940896604 -13.1384006907755 -3.41473614723125 -0.0118446785479602 3.36102643915776 12.9698894607754
"etap[133]" 0.0257376667353564 6.53287837706802 0.0307962840072784 0.0581351459679443 -13.1662809448739 -3.41285350688324 0.0413610127062106 3.51391884264197 13.0851698101169
"etap[134]" -0.00528535193682075 6.45452921187725 0.0304269425005671 0.0510371559395732 -12.9828291323669 -3.42885613913339 -0.0138932114935453 3.32275800764511 12.9651878944233
"etap[135]" 0.031900135497166 6.68353785357274 0.0315064995905218 0.0540061519268214 -12.986082463016 -3.42683652313974 -0.0127549043451386 3.44240539057579 13.5321251931007
"etap[136]" 0.019753465202643 6.43731781653664 0.0303458072048403 0.0453369331641025 -12.8834888574522 -3.39668433693874 -0.0124355060107138 3.37472859242891 13.2441683253138
"etap[137]" -0.0965650813663302 6.54250184736622 0.0308416494813211 0.0554683694923931 -13.274381388046 -3.45419187857731 -0.0687741825122303 3.29519265055745 12.9135325961785
"etap[138]" -0.110406883159248 6.64659730528491 0.031332360175888 0.0588265836875237 -13.7185216114096 -3.43709448385521 -0.0113780392401264 3.37010930695895 12.782861933859
"etap[139]" -0.0226415814285088 6.71181424299338 0.0316397957685671 0.0547086851306491 -13.2204654459399 -3.46129069094679 -0.0110688022434871 3.41619479001976 13.332072912971
"etap[140]" -0.00387956333420272 6.45313617645475 0.0304203756686092 0.0476821493985486 -12.882438938087 -3.46592809794225 -0.0296523012107526 3.41183965420724 13.1533928981152
"etap[141]" 0.0333915173288288 6.43350237926394 0.0303278210610488 0.0448224699162536 -13.0963886038754 -3.35069031648714 0.0144611698268638 3.44587843559025 13.0747892928494
"etap[142]" 0.0196404751023389 6.52084341099038 0.0307395506331128 0.0512061526204509 -12.938441482387 -3.44272308512452 0.00457819583921942 3.43875619042479 13.2574315927752
"etap[143]" 0.0659989076203367 6.62779853556879 0.0312437419255931 0.0484472111790889 -12.9022844533885 -3.38870899365999 0.030329059984813 3.42588591009711 13.4463193998986
"etap[144]" 0.0513813177029165 6.63934132198545 0.0312981551425865 0.051000159235869 -13.0221609914808 -3.36210940403409 0.0502254148231228 3.44522486184576 13.5419277422975
"etap[145]" -0.0268081858864728 6.55726009908843 0.0309112205471294 0.050567178530933 -13.1530217132489 -3.41633756087054 0.00800607132420913 3.38890998087769 12.9116056352847
"etap[146]" -0.0885913830408336 6.53146188316548 0.0307896065909851 0.0465550874194842 -13.2399615167824 -3.51068865661431 -0.0335774689913931 3.39483789141568 12.7760403419064
"etap[147]" -0.125327281069022 6.56559452075459 0.0309505093876454 0.0471638027907203 -13.0956577001536 -3.52533411800647 -0.0745159534885498 3.33395443581669 12.8088520253457
"etap[148]" 0.046258325528273 6.51691406794419 0.0307210275323556 0.0480902933527858 -12.9811296097903 -3.35972643730182 0.0358720012101933 3.43174961665639 13.1878581405068
"etap[149]" 0.0634789105671047 6.59557326979442 0.0310918305658958 0.0572916174236115 -13.1603077217711 -3.35370686315936 0.0521491085661036 3.47292707122293 13.2582106801009
"etap[150]" -0.0369502251268576 6.56942070600172 0.0309685461978742 0.0521385526930155 -13.4202153053909 -3.44682146732981 -0.00726621745524753 3.41104177363993 13.0095825417498
"etap[151]" -0.00464168762644711 6.58233458096922 0.0310294227882803 0.0496665977123584 -13.2314014469087 -3.4122550532247 -0.0157682620788811 3.41082595784968 13.4644680183551
"etap[152]" -0.019658438331314 6.66076925809796 0.0313991674021331 0.0579613891279397 -13.2504649036246 -3.45858641346132 -0.0561762683380781 3.39766036936655 13.2441275674715
"etap[153]" -0.0461222769447223 6.53672463894598 0.0308144154596526 0.0516884241526339 -13.6234877465835 -3.377535977957 0.0413849928681119 3.42372899960025 12.6362517439953
"etap[154]" -0.0647130296895247 6.51841256960501 0.0307280915369289 0.0498810942815943 -13.2765276791998 -3.44222979985185 -0.0268026350501376 3.34868438780665 12.9668895730022
"etap[155]" -0.0203650376736645 6.55375309342183 0.0308946883638726 0.0536691068579923 -12.9729657793405 -3.39596690667709 -0.0197808519505327 3.37721879315644 12.9859735339
"etap[156]" 0.0166767111279488 6.805507833424 0.0320814715895485 0.0871304465287737 -13.1573751599514 -3.35350760865079 0.017930426865168 3.41551897159652 12.9082885227916
"etap[157]" 0.00171243474847998 6.42510946454489 0.030288256481637 0.0484656262233141 -12.9462265367297 -3.33633057473312 0.00613967556022273 3.34195691935598 13.2682423900239
"etap[158]" -0.00618585333299752 6.53797563809292 0.0308203127261863 0.05017824274655 -13.1105758637366 -3.37265904803054 0.0465048295380347 3.41742720707409 12.9250895788675
"etap[159]" -0.0642704386165715 6.59950752198495 0.0311103768085812 0.0471767666962382 -13.4244951352492 -3.46738818188542 -0.0124310100774844 3.40034824489165 13.1215441541924
"etap[160]" 0.0585349389407249 6.59002806613794 0.0310656902251721 0.0546562544713103 -12.8210936283712 -3.43207189807919 0.00972774932884256 3.44598340368695 13.0612590848666
"etap[161]" 0.1036013688812 6.52097350157079 0.03074016388599 0.0471449344531342 -12.7699604421847 -3.34190646741381 0.0568991105984376 3.46133646021949 13.4733109573786
"etap[162]" 0.0636230750614221 6.61655115396639 0.0311907212602488 0.0487632585479313 -12.8679554705117 -3.38832632592897 0.0276594523633258 3.41041862399636 13.2748624732833
"etap[163]" 0.0210592946036864 6.5562495250178 0.0309064566552745 0.0499298731710585 -13.0776555997549 -3.40342176595242 -0.000493315175596132 3.383689229733 13.3715493289141
"etap[164]" 0.054216658006623 6.51813905609866 0.030726802181895 0.0487901191034608 -12.8625426533992 -3.40436821443449 0.0305267161540899 3.45093464896037 13.3442849508621
"etap[165]" 0.0570707744634419 6.60007070646744 0.0311130316856921 0.0498141563469806 -12.950364644484 -3.40768024345999 0.00449000646887293 3.48388105767316 13.4980993783296
"etap[166]" -0.0171784940215263 6.47554684701624 0.0305260205827757 0.0482065665742385 -12.9756955630429 -3.37417065227376 0.0121081414237541 3.39483779448667 12.873087005664
"etap[167]" -0.018746365051164 6.52413368247895 0.0307550611216562 0.0443374402025671 -13.2752703908297 -3.43342489394823 -0.0101425185694404 3.41792651249663 13.050721206813
"etap[168]" 0.0346723919721519 6.62276877235928 0.0312200313944384 0.0534754033971376 -13.1926895586948 -3.3697878993427 0.0447511744138424 3.42852362115368 13.2802157284119
"etap[169]" 0.0239007368439997 6.51519126931145 0.0307129061817168 0.0486599518776559 -13.0071944151408 -3.40617810158498 -0.00590970516319381 3.43141063375341 13.1806357178363
"etap[170]" -0.0982325570423761 6.5269562540611 0.030768366851697 0.0492727009929439 -13.2878696758987 -3.463242260835 -0.0533260131585812 3.33930343119653 12.8433581018421
"etap[171]" 0.0503195868564819 6.4571469422663 0.0304392825999632 0.0462720358749799 -12.960492129462 -3.42247937869501 0.0461635040940827 3.421779164739 13.3564702078412
"etap[172]" -0.0863406592532156 6.58243106430965 0.0310298776151089 0.0511247831084173 -13.3350418557221 -3.47466394096874 -0.0357673536870267 3.36017811737761 12.9396386452553
"etap[173]" 0.127487161063962 6.51704659299507 0.0307216522614367 0.048317101738752 -13.0482699758556 -3.33278786748955 0.093045203053253 3.5192471034338 13.4218270660659
"etap[174]" 0.0443217206184198 6.69461932809031 0.0315587381623679 0.0541979924501047 -13.2440696055669 -3.41140646469234 0.0438845251958195 3.49494085267338 13.468104379559
"etap[175]" -0.0160927864506471 6.53896504872875 0.0308249768526528 0.0532289827114114 -13.0296328031371 -3.43290066683681 -0.00272583056706717 3.38791579124868 13.2472838606192
"etap[176]" 0.0580814344359033 6.64228850347828 0.0313120482893796 0.0546120969329978 -13.0422376027996 -3.39705492896758 0.0150439194225807 3.45142566805348 13.316947492969
"etap[177]" -0.0875232007270551 6.71811672273875 0.0316695059430088 0.0653018080931038 -13.6698803135444 -3.51150162573168 -0.0384097787875452 3.39442418897366 13.0011752214447
"etap[178]" -0.00255547225049141 6.50885165313671 0.0306830209444683 0.047301328269855 -13.1216533179633 -3.4452608466213 -0.0218254525805847 3.39874663477392 13.1504306917497
"etap[179]" 0.11937269987581 6.50605965401614 0.0306698593343934 0.0584132666180745 -12.6328094319949 -3.38907787356735 0.0365655054858426 3.4755025568882 13.4088297202262
"etap[180]" 0.002581515147493 6.60997540571707 0.0311597228857256 0.0520843099149066 -13.2584973270276 -3.4536984934072 -0.0519032452187285 3.39550948370906 13.2203322323067
"etap[181]" 0.10463270292742 6.60142125716814 0.0311193982427508 0.0511293293441848 -12.9273109872254 -3.35721308033967 0.0320860353240617 3.40725681338154 13.7136322220917
"etap[182]" -0.0446947066623108 6.49199068290801 0.0306035375685609 0.0459770629456418 -12.9774856085935 -3.46523745992896 -0.0416177865596788 3.40423361180937 12.9433949517674
"etap[183]" 0.0158236591677602 6.5896520605616 0.0310639177178867 0.0486413211878826 -13.2756309058526 -3.41649027914099 0.0435764459422621 3.46680763956954 13.2039675114493
"etap[184]" 0.0100955402004977 6.49258769184988 0.0306063518957024 0.0437276280420786 -13.1329205462442 -3.45516012391558 -0.00385650418233237 3.42459104281394 13.2668814530704
"etap[185]" -0.0549476632009699 6.50469454149548 0.0306634241322571 0.0678009172237145 -13.2471030362039 -3.39160736612039 -0.0407769880369607 3.34503654667908 13.0044775550477
"etap[186]" -0.00111392982127943 6.59218418065082 0.0310758542464592 0.0459041605784304 -13.1959926767443 -3.45591551530723 -0.0393829372312912 3.39906577078151 13.2028502791075
"etap[187]" 0.0120608053541751 6.56384637577267 0.0309422685531707 0.0465700067933498 -13.0758145218304 -3.44161005296996 -0.0233775323534687 3.39152824884972 13.2469089716115
"etap[188]" 0.016501190617275 6.50589444209778 0.0306690805179414 0.047419654231497 -12.958475790638 -3.37454360697256 -0.00386902258985972 3.39751733270236 12.9765855027979
"etap[189]" -0.0917984349061679 6.60968969999877 0.0311583760560534 0.0517887369526097 -13.4133671168365 -3.45089880366809 -0.0599397733642278 3.3438195595513 13.2638479359622
"etap[190]" 0.0082479320874111 6.59244401611808 0.0310770791225985 0.0523223100117441 -13.0874839434804 -3.40815734351019 -0.00870058067259249 3.44557458111723 13.1752414005468
"etap[191]" 0.00838795551777466 6.51956085529452 0.0307335046075808 0.0491184649194192 -13.0831976392666 -3.42021638734012 0.0352864974286494 3.49452294587706 13.0005900932661
"etap[192]" 0.0191271506637196 6.55825677995923 0.0309159189458122 0.0463951746795062 -13.077776155681 -3.4380531574471 -0.00385844052478564 3.41596476896327 13.14889963232
"etap[193]" -0.000378516257370024 6.63643571215254 0.0312844579664776 0.0572200765890746 -13.3022709462688 -3.45412653857197 0.00563137035722469 3.39937501531191 13.1951246004592
"etap[194]" -0.0148851139598144 6.35305523388684 0.0299485895808938 0.0444260863139374 -12.8292912632231 -3.41401164820464 0.039852263253963 3.42977159697044 12.7341853563284
"etap[195]" 0.0518072050222831 6.56620266370475 0.0309533762010053 0.05364585185161 -12.7760527525346 -3.3928218757519 0.00214433976711341 3.43156156501287 13.3051670442868
"etap[196]" -0.101112787887911 6.54805754615977 0.0308678392965954 0.0501443729351507 -13.4521532894269 -3.46572667206145 -0.0351877887530056 3.33740829368213 12.7686907153057
"etap[197]" -0.0179811510098395 6.60560846163858 0.0311391369139192 0.0505584776957776 -13.3171067915276 -3.38805908058315 0.0106259186867687 3.34585139351827 13.3294705674731
"etap[198]" 0.00818008791886872 6.70469564421971 0.0316062383721311 0.0486092474430088 -13.4498220570851 -3.39309555065933 0.000695772104406403 3.41310911584841 13.263507685237
"etap[199]" 0.0268465432643429 6.4531522515401 0.0304204514472883 0.0485125775288663 -13.0196797114754 -3.39332870489579 0.0219070314368575 3.42543615640182 13.0612287654457
"etap[200]" 0.0841004507984899 6.5500326237351 0.0308771499015747 0.0452876283956243 -12.9870495840536 -3.40587591871658 0.059031985349295 3.45791853756923 13.4896233545898
"etap[201]" 0.0803363533502469 6.58198896964588 0.0310277935608777 0.0492447900373077 -12.6895766659303 -3.3546294348234 0.0166066296038402 3.44431226108868 13.2550013027018
"etap[202]" -0.0688384597055399 6.5369668867458 0.0308155574267324 0.0499742535273393 -13.1599375606206 -3.43120905360519 -0.0342348517699738 3.36373215205739 12.9630204389825
"etap[203]" -0.0657756810385393 6.52457298399441 0.03075713200886 0.0502477495756088 -13.313640394833 -3.44414282410284 -0.0100367856677984 3.39961437469064 12.7353222291966
"etap[204]" -0.0289053877463764 6.55315508085698 0.030891869305607 0.0502748657448143 -12.9626175671677 -3.42316743151608 0.0370168508457626 3.40319847289786 13.0406826374369
"etap[205]" 0.0522049825887366 6.49085903219199 0.030598202915926 0.0471263492184168 -13.0356477327807 -3.33676680090556 0.0316500565736371 3.40819941590627 13.3323478852748
"etap[206]" 0.01794128586461 6.5543470333063 0.0308974882233388 0.0564522544822155 -13.2988699853232 -3.39484362000574 -0.0166122687293285 3.4352550378484 13.2182344809336
"etap[207]" -0.0325699382414928 6.56559633250972 0.030950517928341 0.0535027849484912 -13.2602500119074 -3.44244906692461 -0.0289936719132407 3.36004454412372 13.117147799537
"etap[208]" -0.000243472736906139 6.53559365330167 0.0308090839421958 0.0503410220283257 -13.2385013884157 -3.39544068309903 0.0404989786165098 3.45311858343435 13.2033686459335
"etap[209]" -0.0349609853008588 6.56996557110477 0.0309711147166022 0.0470194137053586 -13.1082627294749 -3.44432268364481 -0.0285192779192608 3.37595780353125 12.9294154338575
"etap[210]" 0.0162068525021693 6.66954093335895 0.0314405174758624 0.0592098148472571 -13.3058896716002 -3.3990520511859 0.0113068137499294 3.41471138903427 13.3076250219989
"etap[211]" -0.10014316015746 6.63623034391311 0.0312834898513126 0.0521528771398951 -13.5388248126258 -3.4486829156285 -0.0290987091242614 3.38757689024143 13.0026727552002
"etap[212]" -0.0117514982476724 6.51925377115735 0.0307320569990756 0.0595147527998787 -13.211567962145 -3.42694288706313 -0.0591316248572104 3.38713926095244 13.0866619129682
"etap[213]" -0.0114522523734114 6.51636455816775 0.0307184371184273 0.0479893621109545 -13.2626862970813 -3.42323198905749 -0.0247247531784974 3.39575090623679 13.2022608648331
"etap[214]" -0.0108053761786668 6.62507765971789 0.0312309155938268 0.0455460257463014 -13.1247645146939 -3.40604313181877 0.0210995567897848 3.34048767465904 13.0147463028569
"etap[215]" 0.0126582040343828 6.6350443398999 0.0312778989747776 0.0499519583483592 -13.3503859732227 -3.40347175487658 0.0797261720317075 3.46401143431577 13.4241866108289
"etap[216]" 0.0368844493726378 6.57592684709506 0.0309992164411173 0.0534833269211871 -13.1565124752612 -3.37631200603046 0.050139592283523 3.42570421631646 13.0729266330226
"etap[217]" 0.0697903537106081 6.92951443469221 0.0326660443140062 0.0716588162367877 -13.2516948198152 -3.38607555038709 0.0464806817439808 3.43305516362964 13.2251573291823
"etap[218]" -0.0534667628808807 6.5165148476635 0.0307191455899046 0.0514041892425414 -13.1286197573101 -3.43448055484266 -0.0364210926937683 3.35504248600738 12.8107758081089
"etap[219]" -0.0306742152791108 6.58085978283579 0.0310224705232068 0.0491490708323479 -13.157413826691 -3.44342629559519 -0.0624192168959404 3.36369038132729 13.0246232506917
"etap[220]" 0.0113431406130014 6.52195897264669 0.0307448094411928 0.0482623782444418 -13.136380147201 -3.43922923104251 0.0324831450100757 3.43600226159456 13.0384487873637
"etap[221]" -0.0552706347683997 6.49125021591098 0.030600046973662 0.0456109239518898 -13.1649825678618 -3.44209088552005 -0.0405702588978764 3.41241557046574 12.9654525931498
"etap[222]" 0.0866665795267837 6.57719518378421 0.0310051954376088 0.0542112977129638 -12.8732090761916 -3.32734276379072 0.0562080668422881 3.44211966176847 13.4147927799033
"etap[223]" 0.0322864734687257 6.54132571274584 0.0308361051295501 0.0473075626728939 -13.0341609057839 -3.41696503513296 0.00814315715131815 3.45642571445232 13.3992522184884
"etap[224]" 0.0521781795431453 6.4534968312712 0.0304220758117184 0.0480481764712772 -12.8487139256131 -3.41976716719716 0.026325904284167 3.45518065247379 13.457879979673
"etap[225]" 0.0370625212298512 6.65178471443285 0.0313568138571233 0.0540421954387797 -13.153116728235 -3.4293483258442 0.0477622022576566 3.48045074160884 13.2317286024905
"etap[226]" 0.0233928216511804 6.52288067194376 0.0307491543733473 0.0502535469130328 -13.1031852513961 -3.41182375006167 0.0397068907141001 3.43388256785351 13.4144233355696
"etap[227]" -0.0171572614392625 6.53603272287828 0.0308111537360294 0.0488043910289387 -13.4282952990466 -3.37515290151278 0.017200967878223 3.40916358059011 13.161263179761
"etap[228]" 0.0689970178023831 6.49934781198999 0.0306382194076538 0.057294349335353 -12.8646840620641 -3.34949031138158 0.0312207404369094 3.49117329668982 13.0968711324684
"etap[229]" 0.0569125810303346 6.54493138993899 0.0308531024548437 0.0476251817741512 -13.1852760283121 -3.3604348680546 0.0429184860495314 3.43245531665923 13.5345600080327
"etap[230]" 0.080625337534319 6.64599038971533 0.0313294991484556 0.0488524535758695 -12.9220957178831 -3.37468403626548 0.0401874411195421 3.4244627999879 13.4427707459162
"etap[231]" 0.131553333113737 6.53559433267919 0.0308090871448122 0.0476460237656141 -12.7274064260038 -3.34148631612178 0.0494512751312985 3.45579344493042 13.6768223868468
"etap[232]" -0.0374334868223966 6.47129152990675 0.0305059608255475 0.047196742864032 -13.2751118169202 -3.40206609251224 0.0039457561120257 3.39647756869415 12.7799860476395
"etap[233]" 0.0194003722158672 6.56997619671291 0.0309711648061993 0.0474713334824719 -13.1018365106965 -3.40707847931337 0.0547116307216209 3.46966802569182 13.0234402096044
"etap[234]" -0.0400957489671012 6.4392690505063 0.0303550054099844 0.0500779298236096 -13.2161909396643 -3.38488482063873 -0.0237016888019993 3.36285824566385 13.0026925371778
"etap[235]" 0.0542367151286707 6.5583081680604 0.0309161611916442 0.061879503097232 -12.911153523077 -3.41746480415522 -0.00382615744472294 3.46590130505622 13.329004644823
"etap[236]" -0.0238046970140687 6.58797234813454 0.0310559994775693 0.0499495362456086 -13.3956554233973 -3.38719273507669 -0.019904824310249 3.39371716664505 12.9454485258271
"etap[237]" -0.0506272566967618 6.54274484351347 0.0308427949761446 0.0463165631501109 -13.4063300939023 -3.44146159324851 0.000821851225391257 3.35224322088124 13.1861313483104
"etap[238]" 0.117971469670016 6.45661743159074 0.0304367864627006 0.0459584827285869 -12.9111515186117 -3.35090280348101 0.0843825353176329 3.48293137001081 13.3151100690404
"etap[239]" -0.0237389427422069 6.56863366099065 0.0309648360321114 0.0505986747387091 -13.3352261671366 -3.38794130059773 0.0259808011885216 3.44474658362277 13.2035880067136
"etap[240]" -0.113225480094116 6.72414105292211 0.0316979049078405 0.061466948533876 -13.2745738676605 -3.54017195503909 -0.102770556390921 3.31359257773775 12.9560483432914
"etap[241]" -0.0201981879614015 6.53387425769353 0.0308009786335688 0.0545213129996651 -13.3524690073745 -3.41719372851357 -0.0234854703202779 3.36732178828146 13.1051315437817
"etap[242]" -0.141342473300973 6.52092928622026 0.0307399554528287 0.0586610454101242 -13.4891607388552 -3.44544069972546 -0.0822634560508458 3.3314007628542 12.5170425317222
"etap[243]" -0.0980226472736315 6.57961235797882 0.0310165901060376 0.0587789161966522 -13.3465155026136 -3.51255230696762 -0.0406751500119057 3.343645034605 12.9297594678809
"etap[244]" -0.0538802221136078 6.64303500413124 0.0313155673272054 0.0532189397595022 -13.5146808944511 -3.44905732127179 -0.0453483423203353 3.45701381695551 13.215047575052
"etap[245]" -0.128061675058283 6.55351281838523 0.0308935556964877 0.0449877877929936 -13.4372455628487 -3.4893723673517 -0.0589014309442414 3.33397918323756 12.7672326165377
"etap[246]" 0.00332761027068085 6.44764743649075 0.0303945015002845 0.0499582700664494 -12.8546786010367 -3.45713556614291 -0.0388453230555849 3.37081885423289 13.2118029213527
"etap[247]" 0.0767568728433848 6.45973794462264 0.0304514967022048 0.0448770463945771 -12.8097678352869 -3.3717184413163 0.0412306677853887 3.45417917579974 13.1999846458126
"etap[248]" -0.0243030153283493 6.60912549110228 0.0311557163498086 0.0469108943984635 -13.1496557005056 -3.43301558846809 -0.0118219524358625 3.40325037272158 13.1185371624535
"etap[249]" -0.0248635380719206 6.43726613983766 0.0303455635985451 0.0513871371260414 -12.9197884765542 -3.38905329365668 -0.0180965160760631 3.3837283983296 12.9565951269975
"etap[250]" 0.0180484673605877 6.55124997284186 0.0308828885402978 0.051917005179402 -12.7637344905432 -3.35580441015616 -0.022878236392781 3.38500726575077 13.0312179426613
"etap[251]" 0.0449880558731409 6.52757432420967 0.030771280462319 0.0489131286201866 -13.2372829685818 -3.36509016622184 0.0553430834495135 3.47173760005212 13.1524735596664
"etap[252]" 0.0157380651975795 6.61633916701935 0.0311897219441969 0.0645229867949303 -13.1063808697087 -3.41130832582784 -0.00950162038142379 3.43445057648596 13.1601001644406
"etap[253]" -0.098912616337619 6.41537445626032 0.0302423652124842 0.042722915005461 -13.0331244996601 -3.46236886129259 -0.111736390822138 3.33077064410022 12.7550612947463
"etap[254]" 0.125461479948474 6.66499675495203 0.0314190960134194 0.0562068469655058 -12.9525974324561 -3.33993576133089 0.0460684736806842 3.43025929516258 13.5359450778146
"etap[255]" 0.00795853962214236 6.55570738348048 0.0309039009755584 0.048524753532667 -13.0925909193706 -3.36291620896846 0.0235909118338597 3.43294816705257 13.0375847882198
"etap[256]" 0.0371017235727832 6.51310286513953 0.030703061350038 0.0445113659825071 -12.9076905752487 -3.41600798556229 0.00115756510670121 3.41288765758558 13.2411096623751
"mean.p0" -1.15154554534071 0.316374933737676 0.00149140574028904 0.0077672707139567 -1.80425310878148 -1.34305720596189 -1.14130965182838 -0.943538082592337 -0.5609563164144
"mumup0" 0.466697922040466 0.222833604674388 0.00105044768627668 0.00410602046779345 0.0748189559314451 0.291006817373352 0.46443439633472 0.633921227322468 0.887174268135965
"mupsi" 4.51311770627357 1.28821701338691 0.00607271323870512 0.0159034169226522 2.22715984735277 3.60162543019983 4.42431122136258 5.33561401004419 7.26036168807336
"ppo[1]" 0.22647622014504 0.0856635012635245 0.000403821617624137 0.00151921231721097 0.0640060424480827 0.169658733502018 0.223583475024548 0.279766441018376 0.4063800210112
"ppo[2]" 0.298518482144356 0.104100807261368 0.000490735911610048 0.00170529588349184 0.139771150394811 0.224862483301124 0.281392751049118 0.352998100106172 0.550770911755221
"ppo[3]" 0.26095725303078 0.0911017954759543 0.000429457982395448 0.00117716608356693 0.103005158568614 0.201666356698491 0.252040491822331 0.310881989547124 0.470791186743115
"ppo[4]" 0.212747719357255 0.105269116555753 0.000496243374440598 0.00218069538296554 0.0333374556040929 0.143525865664495 0.20920913572236 0.270978281741583 0.438069455218907
"ppo[5]" 0.226392678910817 0.0860514636335658 0.00040565048977548 0.00166739399701196 0.0654403170429559 0.169292823967448 0.223648097191197 0.278718699477792 0.409711299244919
"ppo[6]" 0.260942471517423 0.09158903228708 0.000431754838750053 0.00123644385443253 0.103398011345246 0.201363416277974 0.251893116491682 0.310583772062962 0.47275650915444
"ppo[7]" 0.30072733487937 0.106082592459067 0.000500078136624368 0.00183767177158212 0.14199312185571 0.226633977805094 0.281425331821822 0.354466223727475 0.563142901925795
"ppo[8]" 0.300778830731595 0.105032619310669 0.000495128515735726 0.00186329743042164 0.142068936235601 0.226654658603294 0.282324980186862 0.355446777951226 0.557142836641974
"ppo[9]" 0.211356021630898 0.103721716923022 0.000488948862617203 0.00224459811122577 0.0333064719018058 0.142414552344812 0.208660691056708 0.269976568275144 0.438421688184966
"ppo[10]" 0.300576657684971 0.106699115745678 0.000502984455269182 0.00173862882101906 0.139112563692477 0.22530863173537 0.281371348042559 0.3561143460889 0.561208654370659
"ppo[11]" 0.340323537341218 0.12572186052233 0.00059265853412486 0.00320537927171399 0.163784635179803 0.249562340113207 0.312804074443901 0.40837630240235 0.649118642547504
"ppo[12]" 0.261657166701825 0.0928142267453074 0.000437530460814618 0.00130142432751737 0.102815675572623 0.201357859966407 0.251966435456441 0.311560095180824 0.478726381312797
"ppo[13]" 0.212458069506449 0.102976665100973 0.000485436654645827 0.00216962325069296 0.0336297325773554 0.143684327389441 0.209386162739936 0.270964230648927 0.43847325303818
"ppo[14]" 0.226542850997923 0.0863109073426822 0.000406873519149162 0.00165044566522489 0.06365425866664 0.17010384638236 0.222993374408714 0.278879388037888 0.410549654362855
"ppo[15]" 0.22668483663955 0.0862495937469832 0.000406584484087178 0.00160173056030494 0.0645905377626514 0.169764901120166 0.223848632847922 0.27913276560597 0.410657144761234
"ppo[16]" 0.22732652088157 0.0856830114734544 0.000403913589635763 0.00153419731512455 0.0650071967863376 0.170851941093862 0.224406060958808 0.27966082506283 0.408413916082073
"psi0" 0.978899575405835 0.0269046904083828 0.000126829926889948 0.000296178605058687 0.90266209922886 0.973445055782232 0.988159417575081 0.995206140239966 0.999297639879054
"sdeps" 0.53488348793448 0.394703380847785 0.0018606495810315 0.0169345536695482 0.023285693251291 0.235654013736812 0.462904439280909 0.753068615311921 1.47903198794454
