"Mean" "SD" "Naive SE" "Time-series SE" "2.5%" "25%" "50%" "75%" "97.5%"
"N" 50.0904444444444 0.328498233453748 0.00154855552321965 0.0055762904958781 50 50 50 50 51
"betapsi[1]" 0.0294080060522783 2.89975055701991 0.013669555217455 0.020802065746143 -6.23017212017219 -1.32700828553534 0.00429953390153904 1.35987070848794 6.29787810226467
"betapsi[2]" -0.013964849073317 2.86470874112035 0.0135043665131372 0.0210299472187629 -6.31024373415788 -1.33458141290355 -0.000312227120482332 1.32438964059859 6.18041964493583
"betapsi[3]" -0.0345988992999225 2.89340321795518 0.0136396335741539 0.0213915477873341 -6.41578042666354 -1.35490565700321 -0.00207316711314929 1.30798496215652 6.27316452525794
"betapsi[4]" -0.0166128499999302 2.90427746742103 0.013690895277738 0.0224420038058273 -6.34258279291489 -1.34557038922912 -0.00192241241052699 1.31917229827323 6.34101519799515
"betapsi[5]" -0.00000889992113283296 2.88824395397738 0.013615312570523 0.0224311702448518 -6.33007399398438 -1.34155594103218 0.00017400889073529 1.35223215941065 6.25398933745301
"betapsi[6]" 0.0232494084945634 2.92153150284687 0.0137722315807543 0.0218799441465306 -6.23699429809858 -1.32046583487367 0.00254418609653686 1.33245492440864 6.49580718096781
"betapsi[7]" -0.00789465027345755 2.89623232066292 0.013652970092216 0.0221373300275439 -6.21619646981379 -1.36415325173327 -0.0008374974710307 1.30876375641216 6.22315401178258
"betapsi[8]" 0.0109154153706473 2.86936047289774 0.0135262949870309 0.0212064062216832 -6.21136236644796 -1.31161252190059 -0.000285469800223447 1.32384201886741 6.28638268949291
"betapsi[9]" 0.0348588398032445 2.91110381104847 0.0137230749702025 0.0212159480019949 -6.29548599322146 -1.32350451248921 0.00405379348274106 1.36313358268768 6.38366393482069
"betapsi[10]" 0.0104741199724938 2.89161291369346 0.0136311939989282 0.0212453359885211 -6.28850360201225 -1.32431415259891 0.000601685892159709 1.35087668852918 6.24480784338117
"betapsi[11]" 0.017527859399717 2.91416357951749 0.0137374988570912 0.0208617804115693 -6.25731644305834 -1.3432257760766 -0.00070013755019384 1.37631396683029 6.41230825257414
"betapsi[12]" 0.00728465011271522 2.85908658411668 0.0134778634108559 0.0218194071018569 -6.22234480955327 -1.31115124745399 0.00638826209923068 1.32476143065956 6.17983892048925
"betapsi[13]" 0.0140418963017566 2.86536504338397 0.013507460351678 0.0212001250124518 -6.22814434104503 -1.31647925576117 0.00103124844380358 1.34922183182718 6.23493350556268
"betapsi[14]" -0.0150508382753724 2.90047908394638 0.0136729895263215 0.0213090756145885 -6.28009545011582 -1.34082851214933 -0.00234388049708687 1.31081245407619 6.19657723051231
"betapsi[15]" 0.0133774920542533 2.90431845715807 0.0136910885052115 0.0225523341117239 -6.29335770131771 -1.35638093129085 0.00236045896376118 1.34659512054611 6.39877110481539
"betapsi[16]" -0.0176820762302132 2.86751626675956 0.0135176013159228 0.0210297448247681 -6.28521130204427 -1.35614325418694 -0.00407713886763479 1.29759678509138 6.231601071931
"etap[1]" -0.478554117680135 8.27206520809808 0.0389948893537564 0.874954493637104 -14.6626088118382 -6.77468597013864 -2.09598291601592 6.16178049412315 14.7308704641446
"etap[2]" 0.181502477525577 4.99741395827582 0.0235580353219542 0.152098265868185 -9.98367117866776 -2.61564820869684 0.180336903806869 3.00541815074914 10.2346307210835
"etap[3]" 0.152014984864419 4.99818978148617 0.0235616925876412 0.15124136340987 -10.1020956625374 -2.63474687122533 0.147686529423682 3.02096442671236 10.1474928253076
"etap[4]" -0.35857108142929 6.11707343243527 0.028836160700607 0.56037639720552 -11.5373931657387 -4.70717533463391 -0.839183254489762 4.0444908091205 11.619969594356
"etap[5]" 0.131236519580891 4.96827884153226 0.0234206910644874 0.156028063094078 -9.99066844979224 -2.71304018179535 0.126129177464018 2.96806343858671 10.2047284111459
"etap[6]" 0.146306625285391 4.99595132308263 0.0235511403935309 0.157733843127952 -10.1948088574006 -2.661838345332 0.14148486616879 3.00225803279808 10.1804547960198
"etap[7]" -0.100941543153729 4.37030438217678 0.0206018124299099 0.139880920466612 -8.6489286116682 -2.83364440945835 -0.165562806899668 2.57818308396843 8.81031326798486
"etap[8]" 0.142384301217686 5.01434929344398 0.0236378692575481 0.16744707712151 -10.153481336185 -2.68074094353629 0.176394032689553 2.98141475815561 10.2794365469703
"etap[9]" -0.138575420764899 4.39529549256895 0.0207196216540945 0.145913107050527 -8.76078056480565 -2.84843253200271 -0.193431007469749 2.54053505947922 8.66737996734732
"etap[10]" 0.186988450231429 4.95600704176421 0.0233628412455983 0.168504592211871 -10.0239676524248 -2.64970005222476 0.239939906113819 3.03434142500105 10.1575994928883
"etap[11]" 0.124507715289708 5.02807810447097 0.0237025874933802 0.167147397423892 -10.338603117698 -2.65197122651253 0.152581435329136 2.97616103417912 10.3160557806093
"etap[12]" -0.105068410478953 4.37547479389441 0.0206261859844903 0.142745639898068 -8.65335609115342 -2.82905548714366 -0.166336626955467 2.55766968514705 8.63128727647294
"etap[13]" -0.116772201091902 4.38369931657668 0.020664956756228 0.137362462179009 -8.67331334107987 -2.83059156112342 -0.185003030379931 2.58278978413203 8.73782512468594
"etap[14]" 0.151545314071829 4.99344622152695 0.023539331231547 0.161703072738279 -10.0503013576468 -2.62878325182181 0.172868326896197 3.02314466558084 10.1396769970745
"etap[15]" -0.142398762185425 4.41685410385764 0.0208212499223291 0.137018302855519 -8.73777024710794 -2.84516792456034 -0.200263672766088 2.53644203742966 8.69986007255669
"etap[16]" -0.116552884669121 4.34671227309204 0.0204905981611345 0.139826970355384 -8.61418715213219 -2.8203444292754 -0.167367932012693 2.52859480039133 8.67681123474132
"etap[17]" 0.131388075437074 5.04975694337826 0.0238047825200441 0.162785587423234 -10.0408959941387 -2.67150507576254 0.14659680862191 2.96432040976873 10.3619680603064
"etap[18]" 0.131150281803228 5.02260363815394 0.0236767806116725 0.165657004032003 -10.2408356075607 -2.64571471397927 0.152467255204488 3.0219270527007 10.274049832331
"etap[19]" -0.104954986009029 4.33166732824727 0.0204196756109857 0.143052028011211 -8.64295666146661 -2.77934818418622 -0.155182746461766 2.55183321347771 8.72618588826493
"etap[20]" 0.102658462517333 4.98830278434097 0.0235150848361283 0.163593069268756 -10.2320333884733 -2.69123460649019 0.103606164395494 3.00371471150109 10.0518397206581
"etap[21]" 0.162913122198692 4.99051087416989 0.0235254938714049 0.16731288064353 -10.0963670088816 -2.65280534975521 0.199480031172371 3.01392845724788 10.1405574956236
"etap[22]" -0.508270122386185 8.26206490704538 0.0389477474825013 0.900549977615992 -14.7419475499415 -6.76316178163884 -2.20039774584679 6.08145954547726 15.0020893643871
"etap[23]" -0.312725504860785 6.11421814645032 0.0288227007533925 0.586343107699607 -11.4741341754405 -4.70794568098844 -0.755161518602793 4.1271249894011 11.637944826372
"etap[24]" -0.147357489631551 4.33314702786873 0.0204266509818954 0.136210220636212 -8.70599347579788 -2.79879845921269 -0.183557207940198 2.49417542414559 8.51187300342965
"etap[25]" 0.0998944540249824 4.97150763714016 0.0234359117529501 0.157796494106943 -10.2787698265013 -2.67428745147736 0.109581587349697 2.97430939053957 10.2615213667919
"etap[26]" 0.15132159549168 4.91963453510201 0.0231913796048677 0.158465955383473 -9.98128011009484 -2.64739563356044 0.174078122202194 2.98900740529548 10.1282568018073
"etap[27]" -0.082731399605332 4.35771822374358 0.0205424807100619 0.127762517498194 -8.61356490293106 -2.8507996708104 -0.135758283453272 2.61688257318526 8.7845165190873
"etap[28]" -0.477908888582976 8.24601977572692 0.0388721100080992 0.911127226873003 -14.7234265003629 -6.79115152375025 -2.1309573160804 6.19349196493143 14.8018187079144
"etap[29]" -0.345566645605542 6.16474202756907 0.0290608726130653 0.583908638275961 -11.4074074234641 -4.73016185206914 -0.811447589164566 4.05304300135225 11.6590338730903
"etap[30]" 0.184348924881993 5.00856849838825 0.0236106183283177 0.160921611419034 -9.76943844206658 -2.64708329090437 0.162386436527929 2.95545257728496 10.3941159627966
"etap[31]" -0.129884673590911 4.3998436270541 0.0207410617656691 0.13887677524528 -8.67324058818076 -2.81270300346754 -0.146504488180766 2.5337951865778 8.67287244039273
"etap[32]" 0.2051048584617 5.02568447741046 0.0236913038272061 0.169504288505795 -9.96395549876889 -2.65084651411276 0.175740436666879 3.07788036118861 10.4163251357649
"etap[33]" 0.156016222948641 4.96990014359282 0.0234283339556965 0.15807911565612 -10.139596386016 -2.61933853520102 0.22086626812482 2.97757368468177 10.1170363588438
"etap[34]" 0.166939844439704 4.98894127713529 0.0235180947200256 0.162708851818885 -10.0603455497087 -2.65468781260669 0.170514750610319 3.0129438508671 10.1928251367339
"etap[35]" 0.23989545601742 4.98366346444839 0.0234932148724206 0.172821634822503 -9.70922608833434 -2.61256113432091 0.196318308180123 3.06334271805159 10.4049799466396
"etap[36]" 0.150574226382008 4.97039949870005 0.0234306879382468 0.170023870816462 -10.0916197028498 -2.635700298192 0.150283201788327 3.01241742870793 10.1222003232975
"etap[37]" -0.134640025800596 4.3515547053821 0.0205134256058661 0.125463591707057 -8.70325586088382 -2.81659287507995 -0.163874475954342 2.49085298468252 8.63682167858675
"etap[38]" -0.354089380797329 6.12191498660146 0.028858984005823 0.575541869758754 -11.5264117759616 -4.74568464105494 -0.751173520618174 4.08172574119792 11.5634749251667
"etap[39]" 0.149594905344185 5.00458803977724 0.0235918542664772 0.165917955980745 -10.10690221887 -2.66503688439315 0.137027596445087 3.0078512420399 10.1760999099287
"etap[40]" 0.192203101077929 4.92782677819378 0.0232299982091565 0.154680322264604 -9.93884885854933 -2.60685041827208 0.197073140170154 3.00115227689262 10.265385732087
"etap[41]" 0.15808929603688 4.94205729166709 0.0232970814930015 0.16784027578415 -9.97072572090096 -2.64175192089629 0.170273671936573 2.98111503271083 10.0899075445572
"etap[42]" 0.166661539340674 5.04262188827656 0.0237711475477338 0.167352079086875 -10.1126642206972 -2.67947144991289 0.183141429281673 3.02918626742038 10.3645615609862
"etap[43]" 0.177145420136015 5.07019226902574 0.0239011155689847 0.176466091460915 -10.122906400033 -2.66481399053099 0.190474289847389 3.07896584333223 10.2187280497879
"etap[44]" 0.169820213769155 5.01396082979023 0.0236360380223227 0.158594183721538 -10.0404723438002 -2.63339407248192 0.185058062726783 3.00386358742653 10.3474751682063
"etap[45]" 0.187757143945967 4.98539509121726 0.0235013778392924 0.158283782669624 -9.89526633790711 -2.64198163747806 0.173212072569734 3.01810209185053 10.1158623943243
"etap[46]" 0.174693353726819 5.0197617032887 0.0236633836022398 0.168969735910608 -10.1946888288997 -2.62652952569402 0.187336448673575 3.02078289895091 10.2816645092445
"etap[47]" 0.206887805515231 4.94044500177226 0.023289481085549 0.166189622783074 -9.96230226443191 -2.59371954782107 0.184911451576977 3.02127467916001 10.1932775593151
"etap[48]" 0.127905079858141 5.06553490118069 0.0238791605264133 0.155555832128178 -10.3478795929035 -2.67175622952468 0.13499123513309 3.00840530822506 10.3155849509802
"etap[49]" 0.142953142756468 4.97565562467625 0.0234554655537171 0.161112449127647 -10.1008008557284 -2.64355055169483 0.159059659974079 3.00499685703971 10.0942093190658
"etap[50]" 0.190003220720128 4.96588640584934 0.023409413014521 0.155744710674226 -9.91947985610706 -2.62510923416803 0.17039358462543 2.98306095760286 10.2646594671079
"etap[51]" -0.167772001835001 6.17615172560508 0.0291146584454157 0.0723892098020927 -12.8491438848658 -3.56426879648243 -0.107589759308002 3.27476206156829 12.2785555942534
"etap[52]" -0.0127713591021545 5.37960451229055 0.025359698871616 0.0377144749494166 -10.9094787126616 -3.14342831294361 0.0106793041753421 3.11369251539749 10.8580069754976
"etap[53]" -0.0122232621587394 5.32085687195166 0.0250827598392004 0.0342188295133716 -10.6873602412243 -3.09470904579145 -0.00493032168291038 3.09679945607573 10.7118524411889
"etap[54]" -0.0303632338086064 5.27830575421843 0.0248821719465589 0.0334567719853132 -10.7634458383067 -3.09122156445937 -0.00474637330381419 3.09476200703893 10.4505132274507
"etap[55]" -0.00364459383189599 5.34076379304554 0.0251766019651873 0.0349958460265447 -10.8154796747386 -3.10369690265587 0.00765789606990104 3.11486675562312 10.6538122027097
"etap[56]" 0.00301141106332776 5.32091201854793 0.0250830198027483 0.0312903581753857 -10.6401230567668 -3.07954507142984 0.0397696368169451 3.1052573985201 10.5680840598308
"etap[57]" 0.039718098801102 5.25966262076114 0.0247942873726241 0.0334123464778048 -10.4539174951205 -3.04233920624105 0.0198773543758485 3.15587085808753 10.5814571112225
"etap[58]" 0.0254163064543454 5.39193652666971 0.0254178325449039 0.0342623370834025 -10.7248650391425 -3.13354890838992 -0.00460553183190774 3.12288011509612 11.0550011644173
"etap[59]" -0.0437571616534682 5.32146617584389 0.0250856321252937 0.0335494169056457 -10.7780718677199 -3.17928109251835 -0.0366540784121384 3.09441160652459 10.6385663214094
"etap[60]" 0.0199379702744079 5.3081960254984 0.0250230760366493 0.0328737097339789 -10.6614939584107 -3.0905784144525 0.0212684233460687 3.13274554150375 10.6661751556291
"etap[61]" -0.0607445905956889 5.33128257657775 0.0251319070821321 0.0339653426128058 -10.8095268763896 -3.13563249618387 -0.0680225432486325 3.03069570579895 10.762280920525
"etap[62]" -0.00107718532099509 5.31120050547193 0.0250372392910708 0.0326448877793284 -10.673850062147 -3.11402836359625 0.024338481844595 3.09700442213221 10.6979452819112
"etap[63]" -0.006105812975955 5.25354387338515 0.0247654433208779 0.0319622255049094 -10.6463914440936 -3.10059316818603 0.0126103552323558 3.10755159928644 10.5213865069387
"etap[64]" -0.00066462010212819 5.30268736281507 0.024997107951725 0.0360784847482521 -10.7829444694697 -3.11291140084646 -0.0275636460670385 3.09289135667407 10.700510479531
"etap[65]" 0.0286437145233668 5.28026084940608 0.0248913883536592 0.0322577481073308 -10.6298201378049 -3.01652006000918 0.0310136913509639 3.05652348100362 10.696434713009
"etap[66]" 0.0263503637391428 5.37345308937434 0.025330700785896 0.0351467110184521 -10.5248634957184 -3.09174378172377 -0.0018895369628576 3.11437392561265 10.7978617606944
"etap[67]" -0.0318786107085965 5.29613803253246 0.0249662341126912 0.0330929864052996 -10.7034436073236 -3.12554523489943 -0.00942428521810623 3.05109168721781 10.5671108338035
"etap[68]" 0.0381455336634215 5.27398169676267 0.0248617881442308 0.0345343096857631 -10.622398483422 -3.04198668857661 0.0541659518328291 3.11923975317547 10.5181229038433
"etap[69]" -0.0121714089698955 5.28640928045749 0.0249203723355933 0.0317209934421146 -10.565933855223 -3.10464457164078 -0.0089554820410537 3.09146096237577 10.6838000718954
"etap[70]" 0.048485824858949 5.2955657660457 0.0249635364226017 0.0332012763740464 -10.5822365125612 -3.07373881249763 0.0235940883012751 3.15710085195115 10.6727660812033
"etap[71]" 0.0271803300067016 5.41831047430625 0.0255421605263736 0.0360092970743214 -10.8488338675796 -3.10884108334349 0.00407783951688067 3.08249207041414 11.1494790486424
"etap[72]" -0.0223930389495303 5.29509176957879 0.0249613019818283 0.0329988202867273 -10.7383700793913 -3.12552798542317 -0.0424595346665038 3.07075705952515 10.7811998213966
"etap[73]" -0.0367672543503369 5.35047150301929 0.0252223645488688 0.0349656709169462 -10.9235753321087 -3.15317338318739 -0.0254171215707009 3.08393564367866 10.6954379044659
"etap[74]" 0.0187057992024748 5.25211763992916 0.0247587199918893 0.0336564050428125 -10.6516621082715 -3.01850223515542 0.0392706385357386 3.04528212340416 10.5331533282647
"etap[75]" 0.0142642585974587 5.26595156803868 0.0248239337544006 0.0340389515685853 -10.5126742944384 -3.08156726534969 0.0109483005304061 3.10808031859413 10.6498481991904
"etap[76]" -0.0158427565603182 5.24919488844447 0.024744942009259 0.0325031900754848 -10.6055367396982 -3.07139270162282 0.0193298297179844 3.06678196625798 10.3978170780484
"etap[77]" -0.0178444464081203 5.30785370722921 0.0250214623328529 0.0351539249196905 -10.8599525910553 -3.07921042767183 0.0098021001444368 3.11588733741151 10.4576264163952
"etap[78]" -0.0534368083596799 5.28455186051359 0.0249116163740076 0.0338790405710525 -10.6191629078494 -3.14646267149287 -0.0479678573931884 3.04572632059921 10.730728886071
"etap[79]" -0.0228207473933162 5.23488690461208 0.024677493526639 0.0329080435118865 -10.5873934176472 -3.04644268622651 0.0164425459060923 3.0262847335004 10.481769688347
"etap[80]" 0.0018653565864289 5.32183567683569 0.0250873739696735 0.0344311566173826 -10.7430841749091 -3.07869059580956 0.0106910794062231 3.11883986849932 10.7298911116541
"etap[81]" 0.0140826739385861 5.31875418162542 0.0250728476619443 0.0338887766409665 -10.6047843823544 -3.14600833047208 0.0202834608636132 3.08743422664025 10.7586565764582
"etap[82]" 0.0567895388090173 5.35537155989025 0.0252454636384798 0.0345799058633357 -10.5525447172075 -3.08627974643409 0.0414996930851124 3.16216740451475 10.8657482922259
"etap[83]" 0.0479953516985319 5.33036164491548 0.0251275657686428 0.0356342180781894 -10.6133577648396 -3.0470206760949 0.0254695978297654 3.15625738539132 10.8020444609336
"etap[84]" 0.0520472412883931 5.28770617805174 0.0249264859694826 0.0336802386284861 -10.5183604076346 -3.05601613371075 -0.00191382026789389 3.12872062973802 10.8207634916328
"etap[85]" 0.0238817406002197 5.30860407950189 0.0250249996216691 0.0334045253104682 -10.7065922584572 -3.084113653468 0.00581917684143509 3.14423562560204 10.8184808744749
"etap[86]" -0.0262787346336538 5.34670546195166 0.0252046112610212 0.0340762754066582 -10.7973095093301 -3.13889110446543 -0.0307220133721448 3.06355355799368 10.7958122141025
"etap[87]" -0.0421491315413383 5.27529800659127 0.0248679932882704 0.0338462849666432 -10.8687199187773 -3.09250556649414 0.00802810360606641 3.05152096519175 10.5808015301565
"etap[88]" 0.0210882127221291 5.24355743695594 0.0247183668080847 0.0303521841416825 -10.5495574066379 -3.02598680268224 0.0298889508192462 3.10662342118646 10.578356548541
"etap[89]" 0.0319215290558904 5.26252764340762 0.0248077932189013 0.0323916897744668 -10.5536418119762 -3.10070171860145 0.0076838371028617 3.12663271730777 10.7395307289209
"etap[90]" 0.0358245348477329 5.31169144071787 0.0250395535820143 0.0333771503318381 -10.6524200044575 -3.01848776830548 0.0338393314498825 3.06229362904773 10.8137267422833
"etap[91]" -0.0218210128404282 5.33846785123497 0.0251657787916975 0.0330040358285767 -10.8218731189125 -3.13701984347875 -0.00263487225705024 3.12412813370894 10.7574707529402
"etap[92]" 0.047561803175772 5.29422283345511 0.0249572057776584 0.0340438446889446 -10.5041083143125 -3.08014311764826 0.0193795765427684 3.15941904870109 10.9116085920913
"etap[93]" -0.107024322479257 5.31244408049358 0.0250431015599423 0.0329498850589458 -10.9894364907332 -3.20615776587039 -0.0658067386763021 3.01518286675323 10.5595076142042
"etap[94]" 0.0376282997965666 5.32802799458988 0.0251165648355084 0.0346749925804117 -10.5831894177759 -3.05640835453399 0.0184998433322747 3.11702956124425 10.7801365811382
"etap[95]" 0.0244242763330484 5.28865674675581 0.0249309669933268 0.0325088225069839 -10.5559924434496 -3.06138732398091 0.0214703788231795 3.09213777229371 10.7909933643199
"etap[96]" -0.0161645602936207 5.34606080177094 0.0252015723037855 0.0315596802610752 -10.6636498075932 -3.14576290720034 -0.040541097402199 3.08847126595683 10.7065361460071
"etap[97]" -0.01990189713294 5.30229859449391 0.0249952752802836 0.031359953040698 -10.6386498818989 -3.14475744493694 -0.0432625101136138 3.05916202489977 10.7273120193819
"etap[98]" -0.00668333098182661 5.35317849954076 0.0252351254528487 0.0329400160234896 -10.754209516075 -3.14370091234967 -0.0265245082103654 3.10550027607747 10.8474726583746
"etap[99]" 0.046718175308924 5.24797588334372 0.0247391955641054 0.0326790497187886 -10.5157559159227 -3.06650704819378 0.0272832040673853 3.13043681301687 10.7934925390846
"etap[100]" -0.0331649575757571 5.33071754789465 0.0251292435113762 0.0349393813773679 -10.6977891065661 -3.12648480623587 -0.0581053917578426 3.02158515667139 10.6973188660308
"etap[101]" -0.00990513414400731 5.30171323259431 0.0249925158578259 0.0332160879778138 -10.7196547951681 -3.08803204016828 0.00718961251005771 3.11371377381578 10.597571083513
"etap[102]" -0.0544469291180841 5.35530758680314 0.0252451620664551 0.0348095251772219 -10.9629762703761 -3.13623923697927 0.00155721363309638 3.07282473716853 10.7481456698581
"etap[103]" -0.0117990247216145 5.32324978221967 0.0250940401263823 0.0326882158805343 -10.7695188290958 -3.10459726872482 0.00494260593405975 3.08766252553835 10.6452753814923
"etap[104]" -0.0399440309677549 5.30177578053938 0.0249928107116666 0.0356360588589686 -10.7082708575294 -3.16409020287682 -0.0304066207570175 3.06984295944628 10.5751484400633
"etap[105]" -0.00827406951650442 5.27405475511655 0.0248621325446138 0.0334458310832012 -10.6225192137467 -3.09515907322731 -0.0304221630377856 3.09418003652977 10.5573454162114
"etap[106]" 0.0372248142598254 5.29066809892239 0.0249404485983691 0.0307670900120176 -10.7016711788265 -3.08371366565809 0.0429371334931599 3.18374674205711 10.6255706464857
"etap[107]" 0.00414809786055336 5.38321670244535 0.0253767268993053 0.032926950806773 -10.9133974959049 -3.12092742941911 -0.00315452798515116 3.11552418334517 10.8010573067305
"etap[108]" -0.00276652216287345 5.32998923893787 0.0251258102300286 0.0344787140494549 -10.6148839319502 -3.08297971859642 0.0199238746211726 3.0723096078869 10.5540489730793
"etap[109]" -0.0337571867795462 5.28161304926119 0.0248977626849063 0.0328169189356737 -10.6792869777624 -3.13107784920496 -0.0158986494229656 3.04347207033974 10.6600108827094
"etap[110]" 0.0417429509166831 5.30090440198911 0.0249887029937874 0.0312479845595615 -10.6674950520171 -3.03214658489452 0.0324402311044066 3.12139645931141 10.8219057057856
"etap[111]" -0.0228270966340045 5.31240079145337 0.0250428974934498 0.0330281378833524 -10.8139525428196 -3.15435836480506 0.0209518682201581 3.10698499109911 10.7094465422917
"etap[112]" -0.0110869288346109 5.28175492716269 0.024898431503748 0.0336087546880593 -10.5652820872315 -3.08922055969372 -0.0150059867285971 3.09025543421663 10.62664935649
"etap[113]" -0.00152658207485131 5.26505856779486 0.0248197241108805 0.0328172916653797 -10.6095572183887 -3.04795495098537 -0.00453743179759628 3.02847899109708 10.714183657777
"etap[114]" -0.0838918005651585 5.31017358749826 0.0250323983533181 0.0358062654860372 -10.8993817829506 -3.10536911988983 -0.0289546645851225 3.03311943968579 10.3924208220249
"etap[115]" -0.0405061522291038 5.31654336121229 0.0250624257545702 0.034471598446851 -10.8479578739194 -3.09143700561199 -0.00984669107973263 3.06862431021232 10.5916106211583
"etap[116]" 0.0509952562511483 5.30667783661629 0.0250159192256249 0.0331420770798697 -10.6667443325647 -3.06160088186834 0.0380087561905494 3.1533665575527 10.7293139143377
"etap[117]" 0.0444722483341473 5.31893682422443 0.0250737086474129 0.033953638070078 -10.7711343786192 -3.02165227590878 0.0367540742710424 3.11966017422799 10.9151555595149
"etap[118]" 0.0256754904123231 5.3744976109395 0.0253356247077748 0.0343406437773003 -10.7529891631001 -3.09821731447989 0.00572676177443401 3.14307290744868 10.83552987677
"etap[119]" 0.00204362480616345 5.30327911916769 0.0249998975179233 0.0376647390460077 -10.5686744664216 -3.09315755821531 -0.0524761403282393 3.07972916636783 10.6651243734873
"etap[120]" -0.0389476874020498 5.27986352898093 0.024889515367213 0.0315846280184553 -10.6506828103403 -3.15420903198285 -0.0549753228920916 3.05536283721615 10.6854902977448
"etap[121]" 0.0110489963034028 5.32830869576686 0.0251178880735467 0.0342196021138663 -10.6899760535312 -3.1103179685541 0.044300057318665 3.18413983911307 10.6176240664639
"etap[122]" 0.0263865129352296 5.34756772013382 0.0252086759850727 0.0347771420469197 -10.6597347926857 -3.10488764110895 0.0155632925380522 3.13618737300895 10.779138107441
"etap[123]" 0.0263763839713265 5.35685634521688 0.0252524629836336 0.034552125697136 -10.8244014231322 -3.07455156288207 0.00454328365988625 3.12620182714562 11.0258897570139
"etap[124]" -0.0153896602811076 5.28806883837155 0.0249281955666253 0.0328218126032812 -10.6796493898089 -3.08149070400275 -0.0255709046805577 3.05306827889847 10.5754833597769
"etap[125]" 0.0297701896662907 5.28313863118323 0.0249049543470552 0.033517861063144 -10.6465983873912 -3.11059102844744 0.0213929578921035 3.12473333589826 10.7126441976874
"etap[126]" 0.0300593574931949 5.31664302623839 0.0250628955800089 0.0330907217246002 -10.6752133525737 -3.0599126010409 0.00277055648859945 3.0638772528589 10.664058211729
"etap[127]" -0.00456909261705614 5.32604254318202 0.0251072053278137 0.0328107610500355 -10.7607192095942 -3.11086629431451 0.00444163691031791 3.11539867778765 10.7502112192312
"etap[128]" -0.0310380188684352 5.24919179082518 0.0247449274069416 0.0318071417578047 -10.7537849928104 -3.10113684648281 -0.00931083855859282 3.04494456476363 10.6530827472192
"etap[129]" 0.0448229790984829 5.30672066445837 0.0250161211180086 0.0333130790465528 -10.4519086714231 -3.07729825062841 0.0171518954134373 3.10885120754405 10.8092688118091
"etap[130]" -0.0363494381659614 5.29453089494268 0.0249586579934377 0.0329597311721276 -10.6514016085866 -3.1032917278907 -0.0350301732924022 3.02402556287178 10.5032962231615
"etap[131]" 0.0190353841000326 5.27178538020504 0.0248514346086872 0.0322817476274572 -10.5961979389423 -3.04725444396261 0.00167672370527543 3.0738352479674 10.7083873968413
"etap[132]" -0.00885181434256085 5.30253031244589 0.0249963676091848 0.0320609474871551 -10.6766551581706 -3.12006162056143 -0.0202857411765121 3.11496543907736 10.6016890029933
"etap[133]" 0.0397594280733127 5.3101758125939 0.0250324088425195 0.0315313059946442 -10.6002689938106 -3.05056445418415 0.0140797791659195 3.10131439923821 10.7739648055813
"etap[134]" -0.0387174592176044 5.28705673943237 0.0249234244864711 0.0332831418443572 -10.8060410833066 -3.10858083336725 -0.036496312117754 3.05639403173718 10.5690976042782
"etap[135]" -0.0124543125976994 5.3259463339317 0.0251067517930582 0.0336099981166851 -10.8669130123008 -3.10128583976167 0.0162143985323871 3.13333396385116 10.678045945683
"etap[136]" 0.00389891148316718 5.31846005495972 0.0250714611355453 0.0350334256361028 -10.8284705177563 -3.09419972605291 0.0374913145908741 3.13062933920453 10.6061938576769
"etap[137]" 0.017793675430893 5.2951955632028 0.0249617912696641 0.033865916412132 -10.5783072823623 -3.0960713402914 -0.0187096518750852 3.12159060278454 10.6410216868682
"etap[138]" 0.013208641420195 5.30646597177637 0.0250149204851916 0.0324944497394383 -10.7258823545557 -3.06758706425316 0.0210271298818603 3.09085147074131 10.7716557616368
"etap[139]" 0.0529665455305042 5.25567967481012 0.0247755115853503 0.032579347336958 -10.450194559019 -3.074833681969 0.0302512711910341 3.13779611987074 10.7480266397963
"etap[140]" 0.0279862769404149 5.33103505943307 0.0251307402751223 0.0352146816876234 -10.6881338264347 -3.10048537162101 0.0316200057589185 3.11540408672866 10.9486073402305
"etap[141]" -0.0678792557975685 5.29368463159478 0.0249546686697579 0.0339055589826956 -10.8038290385165 -3.15366896469283 -0.0357289707415024 3.0306816945936 10.6777002022586
"etap[142]" -0.0204191158864524 5.32689220392161 0.0251112106669515 0.0363160216109082 -10.7841339507964 -3.10691037218432 -0.00675395565474385 3.06766446377767 10.7064587537236
"etap[143]" 0.0106624807591469 5.30986930554426 0.025030963954431 0.0333443790917766 -10.6447182140996 -3.10608769957224 0.00149323793894761 3.15605371167637 10.8681769283775
"etap[144]" -0.0124597968574288 5.30748895500576 0.0250197428743819 0.0320525310404119 -10.8096875500003 -3.105154921123 0.0118946530999423 3.08944890429857 10.6937368122639
"etap[145]" -0.0151209779521188 5.37779696129096 0.0253511779944883 0.0360279573416154 -10.8513648812217 -3.09354737354834 -0.00752507705965528 3.05087131317068 10.8679015148393
"etap[146]" 0.00192313190288721 5.33597018193183 0.0251540046656881 0.0327373752842152 -10.6763840619171 -3.12897768864302 0.0197674017138662 3.09723370357864 10.726916230003
"etap[147]" -0.0517501593914638 5.27159749258461 0.0248505488979505 0.0311675700072224 -10.8397106976489 -3.1091548793321 0.00338073983513321 3.05799761505916 10.5010756505943
"etap[148]" 0.0392784228873195 5.37945615440403 0.025358999505832 0.0352768901955546 -10.736757166782 -3.08310742364426 0.0542909548954976 3.14661756309535 10.9441117068062
"etap[149]" 0.010345681257943 5.29875788257155 0.0249785842042134 0.034355209321451 -10.5862476576524 -3.03827274684164 -0.0128575060665947 3.06967827284664 10.8281948251277
"etap[150]" 0.00104337085084848 5.28724683057312 0.0249243205847022 0.0335671754680337 -10.6276762312284 -3.08898408316632 -0.0120367814652889 3.05866877846003 10.7642756809627
"etap[151]" -0.0147168148735895 5.34507811032709 0.0251969398518937 0.0342197228441154 -10.8886981244683 -3.08494038456544 0.0265368322237529 3.08913942377792 10.6382059391792
"etap[152]" -0.0383518297338056 5.28177532078278 0.0248985276401951 0.0324040165465658 -10.6391867626006 -3.13448366416777 -0.0721087420711331 3.04315759546875 10.6433986917011
"etap[153]" 0.0455004028736308 5.34376129613985 0.0251907323302847 0.0333450628715423 -10.638533493823 -3.07769639788454 0.0158006185287547 3.15535495926028 10.8498360767131
"etap[154]" 0.0130863659315263 5.28208821146281 0.0249000026210058 0.0344191604678183 -10.7183068120561 -3.0428306100923 0.0462089258257561 3.06429144163318 10.5435508241971
"etap[155]" 0.05098325917952 5.33230512635165 0.0251367274279936 0.0349529384011168 -10.7423248369346 -3.06348852054414 0.0529621918316413 3.1439488204101 10.8323020998525
"etap[156]" -0.010100643837054 5.3150074785428 0.0250551855342322 0.0331196043372101 -10.7223758771575 -3.09334343945165 -0.00344433540014172 3.09899118121147 10.6303572180425
"etap[157]" -0.0492643232239214 5.28697631673747 0.0249230453702516 0.0338354314665605 -10.7901486094416 -3.12913130384998 -0.0307131322570192 3.06062741376957 10.5466807709506
"etap[158]" 0.00285322657021736 5.30480938296682 0.0250071112506524 0.0341119870626518 -10.7447111086181 -3.09692996242797 -0.0320737490312246 3.09307335347854 10.731760748922
"etap[159]" 0.026750574793269 5.31987883060955 0.0250781493080985 0.0331414179852853 -10.6311109788837 -3.08474061863808 0.00474802886499322 3.13024604445015 10.7206548420427
"etap[160]" -0.032876577270025 5.27766674211859 0.0248791596146318 0.0330357621607712 -10.6638023635985 -3.14277510907175 -0.018155177841083 3.08093979952925 10.5697931999662
"etap[161]" 0.0300067792343619 5.25622067763432 0.0247780618971212 0.030696867383384 -10.5473737713945 -3.05822368255323 0.0392704435346242 3.12618731770973 10.4181129806599
"etap[162]" 0.0125001393315308 5.39479104171339 0.0254312888578665 0.0356501184473878 -10.7576697105831 -3.09427216640296 -0.00676571583933362 3.12060821089416 11.0430784506883
"etap[163]" 0.0334606576032804 5.23987956080702 0.0247010291336496 0.0314698335969879 -10.581093253253 -3.02630652911269 0.0210687281779767 3.11520926305908 10.6352532115868
"etap[164]" -0.024884355766593 5.30558750519909 0.0250107793540326 0.0341609838589425 -10.8212289822127 -3.12672549172267 -0.0254435599644903 3.09982707028389 10.6464709193388
"etap[165]" 0.030585698404921 5.31522615529439 0.0250562163863251 0.0352953292303561 -10.5818575878711 -3.10837656665394 0.00963082174098448 3.15503359439825 10.8059693936102
"etap[166]" -0.025659165094456 5.34720086922311 0.0252069466332951 0.0338226922864548 -10.8558208572014 -3.15123611970148 -0.000286173016186532 3.09125687611535 10.7492084359774
"etap[167]" 0.0110905962918225 5.28097795615854 0.0248947688273092 0.0335336411269963 -10.7852939601115 -3.07412137747949 0.0121800756919011 3.10660514579398 10.7050441459128
"etap[168]" -0.00166401431725557 5.24696591609057 0.0247344345328155 0.033038251161148 -10.5463415631874 -3.09185736087634 0.00445322707923955 3.05760842916552 10.6369844216655
"etap[169]" -0.0125924957825976 5.31760449508099 0.0250674279875989 0.034687086045753 -10.8256295709651 -3.11406963242891 0.0277453188170802 3.08947965317919 10.8097358773169
"etap[170]" -0.0220685989296142 5.27653391750906 0.0248738194282099 0.0334692783992518 -10.6914699789409 -3.12728022898169 -0.00475653650648104 3.08714575535244 10.498061831649
"etap[171]" 0.0170025877411141 5.26890769555022 0.0248378690731303 0.0321138070813797 -10.6195455806582 -3.0683159151913 0.0422695106679784 3.12624591588857 10.4936249576189
"etap[172]" -0.0203365144066322 5.31748921953282 0.0250668845734534 0.0341079479600838 -10.8941163633747 -3.08550330726214 0.0149417157797312 3.08834399145239 10.5915974669741
"etap[173]" -0.0464850817346563 5.34973406837967 0.0252188882486398 0.0358595365590711 -10.9170892623809 -3.12186268772835 0.000475866532818837 3.0734705715816 10.624673667006
"etap[174]" 0.0334522060751219 5.2681001921781 0.0248340624657286 0.0330321343077633 -10.6485786182914 -3.03558068859181 0.0334671748060117 3.12409200572491 10.7928019946657
"etap[175]" -0.00403836748362265 5.36973699632845 0.0253131829552809 0.0346557200842035 -10.764552658228 -3.12548880558517 -0.0403003929142772 3.13848140275651 10.7337500066493
"etap[176]" -0.0544386809619198 5.31092604601921 0.0250359454768029 0.0338508362493557 -10.7799657833996 -3.14345665965994 -0.0564197130643048 3.02359089982911 10.6032338390308
"etap[177]" -0.0195667544759482 5.33812967202975 0.0251641845996357 0.0330273889228241 -10.6802226046657 -3.15220167143444 0.0196781011731289 3.12194386839589 10.5949789821804
"etap[178]" -0.00336198643712397 5.25575993556335 0.0247758899381694 0.0323184216170214 -10.70961179387 -3.04766348994275 0.0192791922342448 3.09410500433474 10.4881468778719
"etap[179]" -0.0121892431087059 5.26456620264679 0.0248174030793137 0.0326123470405139 -10.6966937889319 -3.0818430997168 -0.0429233356982065 3.05503687495851 10.8037403061031
"etap[180]" 0.0235570132207519 5.31452528626717 0.025052912458046 0.0331905839388696 -10.854973796705 -3.0465701891733 0.0274085651997317 3.14807770254948 10.6983573844701
"etap[181]" 0.00589579105970581 5.35613931995289 0.0252490828941239 0.0343822135477286 -10.8902465842198 -3.07778465172324 0.0201010500738009 3.08763960630489 10.8312288473256
"etap[182]" 0.0267898151664494 5.35778364012346 0.0252568342937443 0.0343955532212837 -10.7998985105507 -3.06032513686817 0.0302703366650261 3.12938181356274 10.790174259779
"etap[183]" 0.00244308746694175 5.25439090286351 0.0247694362561313 0.0323501872525988 -10.5129397787059 -3.06527304642787 -0.00561645921241893 3.03764545192488 10.519151557522
"etap[184]" -0.0284096759642731 5.32881780689205 0.0251202880464066 0.0344582928740602 -10.839591754549 -3.10682232631152 -0.041405689426507 3.10762501515749 10.5452202167807
"etap[185]" -0.0502913085549736 5.28401898862219 0.0249091043918215 0.0342280132872339 -10.6861321619161 -3.12698744385557 -0.0587008961332203 3.02965158165335 10.4801960336006
"etap[186]" 0.0191352306010935 5.26826769945843 0.0248348521026207 0.0330619293749048 -10.6838223412743 -3.06371760346562 -0.0126762217366549 3.09811210083067 10.7185087774368
"etap[187]" -0.0155243141161694 5.30517849980314 0.0250088512841058 0.0339782076979691 -10.6126079096488 -3.11943921561155 -0.034788002057105 3.06593278787209 10.6725469025401
"etap[188]" -0.0506456001088561 5.32554587403913 0.0251048640070207 0.0359097354345646 -10.7753588391826 -3.1570242533172 -0.0130858242112104 3.05181010498289 10.5546528766123
"etap[189]" -0.0129579733279941 5.27444234104552 0.0248639596422049 0.0328123625188638 -10.6556408265917 -3.10803460841446 -0.00336323717052186 3.08481358930022 10.6809796667261
"etap[190]" -0.00911412786110041 5.2983466226303 0.0249766455062582 0.0335598850145837 -10.7178270461995 -3.10244277617294 -0.00963323840587689 3.09681049584376 10.6184545107945
"etap[191]" -0.0345356364799251 5.38130833906645 0.025367730788064 0.0328878701885127 -10.9793377671284 -3.14395069226469 -0.00308648765392602 3.09144540135455 10.7745681655616
"etap[192]" -0.0446389534935559 5.28101539181919 0.0248949453007059 0.0317509496593775 -10.606515150226 -3.12942922391238 -0.0644113718464866 3.0163658251177 10.5959581439267
"etap[193]" -0.00730216088335535 5.34505393133128 0.0251968258710144 0.0325705061344726 -10.8057164728721 -3.14387485208604 -0.0061798015859041 3.13198971134348 10.7617160713582
"etap[194]" 0.047227134360127 5.25031711178555 0.0247502322208222 0.0314904211519318 -10.448476761019 -3.02132858762937 0.0278785578849421 3.13047862173664 10.6169411272983
"etap[195]" -0.0180123011657982 5.32742283697219 0.0251137120951407 0.034301655861873 -10.7528711462731 -3.15641762681497 -0.01832129832556 3.08533495126867 10.6554194661993
"etap[196]" 0.0652408558882274 5.27997616234609 0.0248900463259883 0.0315037698330264 -10.6640189796078 -3.03889318744858 0.0544655454065169 3.12007967513079 10.769046755102
"etap[197]" 0.00392306913130557 5.33382797252847 0.0251439061937158 0.0323355717768881 -10.8416226739089 -3.08763201067216 0.0221553096251405 3.13777009271476 10.6239069577918
"etap[198]" -0.0162630454473684 5.30556901985791 0.0250106922132986 0.0330541376228033 -10.5987324891442 -3.08633870790381 -0.0165513503779155 3.09856105490524 10.567982245335
"etap[199]" 0.0250513992230591 5.27076634150365 0.0248466308141803 0.0326110947785128 -10.574536987028 -3.10459790937319 0.0307733371513122 3.12546886221385 10.6568728422084
"etap[200]" 0.0136878630395445 5.28672370220988 0.0249218545339484 0.0323809118635913 -10.6788466905892 -3.08618400758604 0.0299143304522185 3.11625064906134 10.6559547978512
"etap[201]" -0.00633982513587493 5.32909068929347 0.0251215744263833 0.0330289945458785 -10.7617426760416 -3.12179691969231 -0.0110523314421807 3.11128764077733 10.7757497283204
"etap[202]" 0.0217990868606658 5.30521270453818 0.0250090125267731 0.0324241496994468 -10.7108479649933 -3.06351786030758 -0.00759887624630448 3.11858135231607 10.7753148037432
"etap[203]" -0.0126697798237096 5.30637568151121 0.0250144948527997 0.0329565548774072 -10.6325923281133 -3.11474392290038 -0.0100723696460164 3.09808933139572 10.615102477561
"etap[204]" -0.00374955162088893 5.24886704832794 0.0247433965561287 0.0322073709142592 -10.6253398910701 -3.10001086001146 0.0257536498113598 3.07407475189778 10.4833972963013
"etap[205]" 0.0341143459959384 5.2901172916488 0.0249378520679805 0.0321611296917508 -10.5960128630735 -3.10152982110974 0.0218492234466272 3.13997342635054 10.8339416614169
"etap[206]" 0.0538222575295278 5.23402792015417 0.0246734442350716 0.030278633521809 -10.4361369896608 -3.06252397935065 0.0395814918356216 3.11407475629471 10.6027184982847
"etap[207]" 0.0217198957818652 5.30485708756374 0.0250073361322789 0.033260928693157 -10.6876779220026 -3.09851681083155 0.0217845394785636 3.1326904781276 10.624790777092
"etap[208]" 0.0487242905531064 5.28924377780103 0.0249337342842124 0.0327916863915086 -10.48031025709 -3.04950999712349 0.011148735282011 3.17847680292701 10.7787772083416
"etap[209]" -0.0307859755690747 5.28602795728864 0.0249185747609365 0.0325479498226305 -10.8299858579196 -3.09593733222362 -0.0125942633333736 3.03039962006007 10.6377500359481
"etap[210]" 0.018199958109376 5.33416883381277 0.0251455130292196 0.0335656635540253 -10.7837056950347 -3.08969047344628 0.0182170069616808 3.14188322687049 10.7359392006366
"etap[211]" 0.0525585413687374 5.36508235516047 0.0252912407663884 0.0336511566960307 -10.5693075358078 -3.06164363212349 0.0396411702415839 3.14845530522157 10.71974425651
"etap[212]" 0.0194963977232835 5.33416164330751 0.0251454791328528 0.03266517581079 -10.7498891381101 -3.09690841317837 0.022935284334726 3.12850214085374 10.6735090238661
"etap[213]" -0.0247972445056718 5.34562010646013 0.0251994948461674 0.0358243050391752 -10.7763220583572 -3.15013151002627 -0.0140341668200875 3.0984904199483 10.7255718650399
"etap[214]" -0.0218523603894568 5.33758844351695 0.0251616332239585 0.0343854660017471 -10.9604922131313 -3.09160769389758 0.00326302445867679 3.09047580686328 10.718968339154
"etap[215]" 0.00492927242706833 5.31044141487521 0.025033660903681 0.0334965175510373 -10.7398958769008 -3.09225190966807 0.00782374539657185 3.10841722617114 10.7050585101477
"etap[216]" -0.00131702103968373 5.2897808743653 0.0249362661816974 0.0348621618219934 -10.7470134440416 -3.11049667952306 -0.00474978900027107 3.06383246093852 10.837316707781
"etap[217]" 0.00118813070563071 5.32676632531868 0.0251106172695266 0.0345340290299831 -10.7980482472894 -3.10701117436416 0.0266169032163283 3.08706586811151 10.6541111019113
"etap[218]" 0.00129898250875828 5.35772198482946 0.0252565436479011 0.0338037613387266 -10.8043643906164 -3.17293680328259 0.0082938387133144 3.15135849837568 10.7131526717094
"etap[219]" 0.00000751749017937688 5.2585728869327 0.0247891503180922 0.0316836442306868 -10.773994820795 -3.10367330846241 0.0180452834196117 3.0970073464012 10.5261302437649
"etap[220]" -0.0156313098074018 5.23947831305458 0.024699137633605 0.0322249492584487 -10.6459199524824 -3.08206066362236 -0.0041554046222826 3.07269176778747 10.538882461414
"etap[221]" -0.0625703017741336 5.28729552624284 0.0249245501382907 0.0340023962928659 -10.6759873749322 -3.12085144661691 -0.0751334183006293 3.02605616482805 10.5782375787202
"etap[222]" 0.0498551384464428 5.33518345366513 0.0251502959930725 0.0349902162380322 -10.6945820081079 -3.04613930051379 0.0478544182960207 3.14867372543676 10.8567799193768
"etap[223]" 0.0435967293934187 5.29125068432565 0.0249431949322975 0.0341128506740835 -10.5539500014058 -3.06426295437415 0.0580114182451406 3.12336167132482 10.7244264870023
"etap[224]" 0.0220834076727922 5.32569728878581 0.0251055777829817 0.0350580787065293 -10.7257829359814 -3.09582678829479 0.0318318136897928 3.13606104515183 10.7825442703998
"etap[225]" 0.00638078436546116 5.28352478158768 0.0249067746775188 0.0355540666851867 -10.5966313878617 -3.08239322532229 -0.0297024782160742 3.09777547766321 10.5994536251538
"etap[226]" 0.0290835513386049 5.30089788415995 0.0249886722684461 0.0354967254592594 -10.6648119858094 -3.07890276749499 0.026461088911975 3.16782075146874 10.7090048571083
"etap[227]" 0.0229843147551672 5.3332343524652 0.0251411078419013 0.0338540870785023 -10.630225471765 -3.10616810971373 0.00632544517452486 3.11606365345424 10.8759558831768
"etap[228]" -0.0239739044025777 5.30397727201205 0.0250031886419937 0.0342975076185384 -10.7466662838998 -3.10521140577639 0.00106686487382638 3.07367434314634 10.7361261730575
"etap[229]" 0.0125089170109522 5.27100386675017 0.0248477505189304 0.0313257131544361 -10.57841208072 -3.10683462256899 0.00102604563173557 3.14634749072345 10.4896342625928
"etap[230]" -0.00377741091795136 5.29413661429806 0.0249567993366543 0.0331090899009967 -10.7404831768144 -3.08991769795199 -0.0141152452558751 3.08044268406287 10.7695716576558
"etap[231]" 0.00863506169241004 5.2548952570481 0.0247718138045582 0.0330874673378344 -10.5206406956449 -3.11368314419378 -0.000555437438433409 3.1008096652327 10.6994854547852
"etap[232]" -0.0201148643243557 5.30921179414354 0.0250278644159633 0.032909587005977 -10.789517702687 -3.11537137945442 -0.00084698612354957 3.11459967290549 10.6487869212383
"etap[233]" -0.0399867143898076 5.27232387772854 0.0248539731103573 0.0339119653565099 -10.8121741149396 -3.15415179476519 -0.0184274884006787 3.10275150232327 10.4587178641406
"etap[234]" -0.0560729579398698 5.31289006502843 0.0250452039512016 0.0331435844214577 -10.7780604752378 -3.14411959953109 -0.0236574447312099 3.07530892708292 10.6091807137873
"etap[235]" 0.0182385430689346 5.26857842429924 0.0248363168735675 0.0323259683589368 -10.7356588720432 -3.07253330068112 0.00399906211072373 3.11207226531014 10.7282659697638
"etap[236]" -0.009664193902977 5.27383513134839 0.024861097228242 0.0327103328064763 -10.7205703517686 -3.06966333140699 0.00195932215196809 3.07585168654061 10.710886452443
"etap[237]" -0.0453559728860427 5.32426508379561 0.0250988263039109 0.0338309554544472 -10.7318213101935 -3.12015371542608 -0.0669424915813119 3.06599678926832 10.7703528698986
"etap[238]" 0.006191525418225 5.31315807146687 0.0250464673456684 0.0351864143628809 -10.7624855861236 -3.12520435125546 0.0345699858351887 3.08149381305228 10.6450845944726
"etap[239]" -0.0382181399505685 5.27579312725625 0.0248703273094685 0.0356097373217367 -10.7913842040245 -3.11996367748055 -0.0195274034261299 3.10035952824163 10.5287711784288
"etap[240]" -0.0448268386510671 5.31468234573705 0.0250536528434873 0.0328903392557424 -10.794725523549 -3.15251947943754 -0.0484296921250017 3.06693637053658 10.6526726005754
"etap[241]" -0.059699543229612 5.3192798522934 0.0250753256972376 0.0344519267865779 -10.8584537552431 -3.19665451008166 -0.0395872688224323 3.10235575681646 10.6027706240849
"etap[242]" 0.0151182886005069 5.293429654029 0.0249534666939858 0.0325512340753247 -10.7036082897387 -3.08365858808587 0.017518484063077 3.06421706574616 10.7789980871885
"etap[243]" 0.0351070558076547 5.27568856446999 0.024869834395767 0.034260800259689 -10.5921830987668 -3.04029040435587 0.0202215350106972 3.09098023063526 10.8114310775962
"etap[244]" -0.0221489740800633 5.35606299261282 0.0252487230835923 0.034348307977548 -10.8202407917099 -3.11862940595238 -0.0202471000835045 3.0519448346939 10.9239944434749
"etap[245]" -0.01656653009616 5.32378729027855 0.0250965739636714 0.0328654362960049 -10.8601694120069 -3.10867056681434 0.00498453656755213 3.10577899716786 10.6756989921168
"etap[246]" 0.0648355091273358 5.21551734422245 0.024586184543305 0.0335596813043739 -10.4131808054346 -2.99675890956553 0.0327721667707452 3.13683603669868 10.6676072357123
"etap[247]" -0.0204753179841815 5.33845198203287 0.0251657039835614 0.0339627475881611 -10.6218870361553 -3.15230127951855 -0.0441284000741676 3.10056710758696 10.8371852897484
"etap[248]" -0.00331966801795773 5.32687561354431 0.0251111324591629 0.0330443170950569 -10.6648331200723 -3.12785716256775 -0.0175830556453132 3.09177390347112 10.8067769051893
"etap[249]" 0.0384843974882213 5.29616056964791 0.0249663403536723 0.036725748451014 -10.5419691693043 -2.99364180943263 0.0716233530977089 3.1178795257823 10.6280882810971
"etap[250]" -0.00480950991367882 5.28000651512827 0.0248901894103757 0.0329511237221892 -10.6862370637037 -3.07984674619835 -0.00742522217192825 3.06752891716672 10.5940990988577
"etap[251]" 0.0617473238368544 5.31193568137235 0.0250407049435011 0.0330765671659058 -10.5147700234706 -3.02628702605512 0.0554426327318169 3.1333008499015 10.9184808058748
"etap[252]" 0.0242856462671015 5.30937787170614 0.0250286473131014 0.0344517577803523 -10.5963930723113 -3.1043816997763 0.0416143230619136 3.09293250137621 10.7948974023702
"etap[253]" -0.0196264364426382 5.31724549677568 0.0250657356533581 0.0311548274116195 -10.7838565615288 -3.12305261641541 -0.0453282917840776 3.0606894092384 10.6818446707185
"etap[254]" 0.0521699816273908 5.29540850702937 0.0249627950964893 0.0333566032580639 -10.5885351284646 -3.01626152133326 0.011916054723668 3.10942888620144 10.7175992922735
"etap[255]" -0.0101536217728664 5.30342681521684 0.025000593763776 0.0325253205552455 -10.7281929090226 -3.09952117118884 -0.0109058488357451 3.09806382797506 10.7416055126884
"etap[256]" -0.0183531841484486 5.22303919626752 0.0246216428938927 0.0329742387717189 -10.6044624851448 -3.07542509259795 -0.0305460671946989 3.04102741098953 10.5359528814104
"etap[257]" -0.0598850218425966 5.28270065533896 0.0249028897091253 0.034444207750312 -10.6534428411803 -3.09847983248219 -0.0180424647324069 3.04885717210156 10.5010083148602
"etap[258]" -0.0710277133357804 5.25844746595717 0.0247885590779436 0.0330108846279869 -10.6530656686137 -3.15350486012394 -0.0612635786788057 3.02679540799082 10.3363776753948
"etap[259]" 0.0309143887129635 5.27227738230609 0.024853753928834 0.0337865066556711 -10.4959914299379 -3.04238239020386 -0.0100680641939422 3.08378732509516 10.7572169496447
"etap[260]" -0.0189944678912461 5.3217631986112 0.0250870323040466 0.0333819109653908 -10.895317805136 -3.08689921630519 0.0164641880322253 3.08309691919001 10.7417349329824
"etap[261]" -0.0290372810875416 5.33274721819612 0.0251388114689345 0.0326478197862195 -10.8257121274399 -3.08921214072499 -0.0195223625996292 3.08417569863692 10.6938647165638
"etap[262]" -0.00321842982734085 5.33263382444614 0.0251382769256708 0.0331686808845446 -10.7532125084866 -3.14396837916528 -0.0130043725315306 3.11049380842911 10.6361729486654
"etap[263]" -0.00271221614348096 5.31089060735479 0.0250357784173368 0.0343415304704323 -10.7013799555809 -3.1221070457807 -0.0239770224430894 3.11802204155547 10.5892355273645
"etap[264]" 0.0431482778810761 5.24143970461326 0.024708383722083 0.0315094970869363 -10.5235152092161 -3.06824303745777 0.0151832729518477 3.1259842760109 10.6985243298603
"etap[265]" -0.0503809566038095 5.35941526675844 0.025264525855464 0.0338278291399761 -10.9804516362062 -3.12986816399181 -0.033173977001667 3.05513547850824 10.6240257200116
"etap[266]" -0.00978666536125291 5.26204564335957 0.0248055210488845 0.0323436603001709 -10.7172714607611 -3.05840098514484 0.00884918927939017 3.01798858071572 10.5891374082734
"etap[267]" -0.0486135107982857 5.2902751901598 0.0249385964086997 0.0355573438307083 -10.8523097180628 -3.12126528775409 -0.0142481939941508 3.06311369644505 10.5371950282455
"etap[268]" 0.0109581390651973 5.41533989883359 0.025528157099302 0.0347986114461681 -10.9265579721653 -3.12622387179086 -0.00773040294915515 3.10932239727757 11.0155958319474
"etap[269]" 0.00249229081539843 5.28632409793716 0.0249199707813415 0.0328436302606378 -10.7293723137184 -3.09319970080959 0.0172636820328192 3.09951619435972 10.6766472660955
"etap[270]" 0.00540173693321808 5.28791491891915 0.0249274699833683 0.0325225196720724 -10.6647709452799 -3.09988029758643 0.00693089878939386 3.10574410097701 10.6919060004327
"etap[271]" -0.0164117278278557 5.35401743727011 0.0252390802432314 0.0334249421473539 -10.8258445879896 -3.12886101687031 -0.0131588512611761 3.11419508387277 10.772267345748
"etap[272]" 0.0113070694180549 5.29119697391672 0.0249429417390017 0.0334612065102079 -10.650148536733 -3.08395680699035 0.0304409522484814 3.09939184065234 10.7335392954933
"etap[273]" 0.0101406876068847 5.31172388506723 0.0250397065261439 0.0351600622001533 -10.6454089059144 -3.0623882488796 -0.000801615902703808 3.07995386542517 10.7252322993861
"etap[274]" 0.00984788344411338 5.35297436779963 0.0252341631665926 0.0337506776479246 -10.9269893708173 -3.09900276606063 0.00692252893957478 3.12724940399552 10.7760002692075
"etap[275]" 0.0294667153185996 5.27138729093425 0.024849557997868 0.0331140170482355 -10.6002495717992 -3.05377928314876 0.00432446283729761 3.13410621870104 10.601484055988
"etap[276]" 0.0422874068166491 5.33330805961806 0.025141455300752 0.0330622915963376 -10.7575064308145 -3.06505554946775 0.0223612628061949 3.13713994730676 10.8290995561391
"etap[277]" -0.000233998935952134 5.25247857827579 0.0247604214715726 0.0321488947767409 -10.5963558851549 -3.12181544957843 -0.020875916684853 3.10447952441751 10.6146323824309
"etap[278]" 0.0303929271614706 5.23306051749267 0.024668883855191 0.0331472668647804 -10.7080934112228 -3.01116396012618 0.0309207350649403 3.06387290858866 10.6614728704785
"etap[279]" -0.0479281975618797 5.32285279419753 0.0250921687068989 0.0354624879510425 -10.8915972414629 -3.09322742970123 0.0125980549313576 3.08938557626557 10.441750964088
"etap[280]" 0.0109703817662525 5.31974088004178 0.0250774990028856 0.0338469316978468 -10.8335613541247 -3.06890063126201 0.00904583847144531 3.10893472248828 10.7866336820869
"etap[281]" -0.019426722373208 5.28920692124444 0.0249335605407384 0.0320993256323334 -10.7635187703969 -3.13447727363917 -0.00699439442536922 3.11372537824299 10.5609449887266
"etap[282]" 0.00447484956179043 5.30457916541692 0.0250060259947145 0.0343505582252902 -10.7224830027114 -3.1079618171424 0.0361453688688165 3.12135823117425 10.5627306087468
"etap[283]" -0.0463916059369452 5.29025693288585 0.0249385103430849 0.0342167792762747 -10.8735082535268 -3.11792263557265 -0.0169799383758115 3.0498894977409 10.5667273862025
"etap[284]" -0.0109598099803284 5.31405680893073 0.0250507040347031 0.033524728893366 -10.7464168549597 -3.12028451917625 -0.040576217795995 3.07897744656997 10.7757286486952
"etap[285]" 0.0316763123540509 5.28752039589074 0.0249256101839768 0.0334416394753369 -10.7435504204859 -3.07867069826274 0.0412054083057765 3.15750659563161 10.6790413381279
"etap[286]" 0.0247016220975608 5.24955076065193 0.0247466196069332 0.0314956217783801 -10.4282653456904 -3.12207288207476 -0.0251560136007048 3.12955654399415 10.6040107163955
"etap[287]" -0.0128926294317344 5.25466111124302 0.0247707100306479 0.0330495854552474 -10.5902415500004 -3.08302191414089 0.0183390397088277 3.06235260217851 10.5245420402423
"etap[288]" -0.0438370564550639 5.34751557364908 0.0252084301641862 0.0362237710842564 -10.7464117975782 -3.16729240075925 -0.0235573383616562 3.08220036984786 10.7174041116389
"etap[289]" -0.0361588653151832 5.35647290849357 0.0252506554455856 0.0353914406151011 -10.9374487480585 -3.13726992065674 -0.0352192536153879 3.08476822413044 10.7983899405407
"etap[290]" -0.0291403368114733 5.29401214817616 0.0249562125977288 0.0327025070660701 -10.864021962997 -3.07737748808919 -0.0217599035376501 3.09396126501329 10.5918321728858
"etap[291]" -0.007789899670037 5.25999304001152 0.0247958449839079 0.0323206346549537 -10.5781656435812 -3.06689969545368 -0.00785912710138726 3.05487144100144 10.6243110932827
"etap[292]" 0.00226766234595695 5.31523804715607 0.0250562724450986 0.0332565162503287 -10.8501479905885 -3.05533703516926 0.0357328020525664 3.10932342416251 10.6830067122869
"etap[293]" 0.0345906542591725 5.26261065052903 0.0248081845182242 0.0314080754042049 -10.6316607935775 -3.04549168471669 0.0406772194473804 3.12176568780847 10.6707199107272
"etap[294]" 0.051635921599608 5.38403819628213 0.0253805994583899 0.0349229890664828 -10.6712569313838 -3.09828517622812 0.0364348912362791 3.16410559435222 10.7709259142132
"etap[295]" 0.0144492576587841 5.29302861816642 0.0249515761927996 0.0332049960507266 -10.6603014505716 -3.10112612559763 0.00896615536564541 3.08981083775116 10.8705888838378
"etap[296]" -0.00037902889981196 5.25327786981403 0.0247641893680181 0.0332890414113293 -10.5768696402519 -3.1123793690646 -0.0136813708890644 3.10688258513711 10.6314643608832
"etap[297]" 0.0160504843317589 5.33657167503078 0.0251568401313488 0.0350764797780015 -10.609870820432 -3.07721885643498 0.00401765785546021 3.10527815859516 10.6917197586347
"etap[298]" -0.0272427214670942 5.31961100755422 0.0250768867781079 0.0352828185725109 -10.8700283096181 -3.11318050816255 0.0333999791024557 3.06573976448145 10.6492518290969
"etap[299]" -0.0533476968782654 5.30107598845134 0.0249895118601275 0.0339360539412945 -10.7236680289864 -3.14508989562049 -0.0455044021838583 3.04577236810961 10.5856299225936
"etap[300]" 0.0107727394012565 5.35150054710475 0.0252272155092086 0.0328219904442881 -10.9104020961429 -3.12893557473871 0.0260784544158832 3.13892950572109 10.7523663325886
"mean.p0" 0.422647795517246 0.242905692450466 0.00114506841547026 0.00432783570134875 -0.0445577828404794 0.262246021629677 0.421698954805889 0.574327093358791 0.918260237257711
"mumup0" 0.925321369829199 0.0261895962935634 0.000123458940904778 0.000432428229585155 0.870110195207728 0.908219002885759 0.927203318763818 0.944065069112373 0.971492116029692
"mupsi" 13.6310811819978 1.44136694764902 0.00679466895240519 0.00881303854277582 10.8925930806644 12.6505126501106 13.5972957543732 14.5873753321278 16.5226431550197
"ppo[1]" 0.627808816758343 0.0987223056413463 0.000465381411822446 0.00139500587541213 0.433142178619191 0.565631729160244 0.623863720459726 0.686580437107825 0.835501675841031
"ppo[2]" 0.628119985836004 0.0984191152933372 0.000463952158815329 0.00128628961030342 0.431008485927772 0.566596717688779 0.62405844242412 0.685945056816546 0.837251792037094
"ppo[3]" 0.4836461945848 0.134596802142144 0.000634495410138225 0.00371472603581044 0.178427841641764 0.397144850147992 0.510611633139946 0.587605920897367 0.677919084764123
"ppo[4]" 0.555504601479619 0.10711491433724 0.000504944548627191 0.00171281682805639 0.305449698181431 0.496302799536048 0.569232618732443 0.626840605338355 0.738059045969464
"ppo[5]" 0.592070139682102 0.0982265071601277 0.000463044195367968 0.00115283858358192 0.375341273128255 0.536157732640085 0.597470464782278 0.65309183205401 0.782345088382547
"ppo[6]" 0.554920990635658 0.106540810294775 0.000502238196216968 0.00183530299809538 0.306149370621284 0.4956422457297 0.568757569739435 0.626690736012921 0.736249121675532
"ppo[7]" 0.593027421237607 0.0993951182796198 0.000468553081015721 0.00116324180469556 0.37180993750864 0.536952001597044 0.599294814471006 0.654165175636274 0.784234781759362
"ppo[8]" 0.66129467346083 0.103425265569962 0.000487551377536932 0.00211998515475023 0.478918855955946 0.591332737889119 0.649332212523021 0.725668645748144 0.886724318259923
"ppo[9]" 0.556966029644115 0.106185092556758 0.000500561326718699 0.00167032350424376 0.311181866080258 0.497837549573666 0.570620987673426 0.628175720465048 0.738269548745336
"ppo[10]" 0.593373840687131 0.0991077143458598 0.000467198245879045 0.00115113921910218 0.37460115668424 0.537399710985531 0.599097002858006 0.653554401458337 0.785666672230608
"ppo[11]" 0.592695913841246 0.0983081163684401 0.000463428904865335 0.00107183366633738 0.375062317766032 0.536834160030426 0.598167857049681 0.653694978433097 0.781320205209944
"ppo[12]" 0.627472133703498 0.0976651510928962 0.000460397937489304 0.00121094383352269 0.429787221359125 0.566314263890636 0.624200289457873 0.685163599447264 0.832089143048894
"ppo[13]" 0.591752434704825 0.0986927316421971 0.000465241998653478 0.00106373754847879 0.374079445943176 0.535193204718126 0.598046936904731 0.652878689881118 0.782492978144701
"ppo[14]" 0.693732386517628 0.111738345960647 0.000526739614315615 0.00287393047790504 0.507830504754936 0.611421679573457 0.677348632462881 0.772136753099639 0.926876106381237
"ppo[15]" 0.592178580699698 0.0983240730241615 0.000463504125261772 0.00105961962266214 0.375312447211908 0.53628723084057 0.597989621433201 0.653616358630906 0.78068860553742
"ppo[16]" 0.626175038877444 0.0971050057836724 0.000457757387178624 0.00128888210680153 0.433279499179565 0.565957834525848 0.622773571730931 0.68346214087198 0.830580705478337
"psi0" 0.999996820282237 0.00000672832109196931 0.0000000317176098008798 0.0000000420263115237144 0.999981404885547 0.999996794094085 0.99999875614732 0.999999537849752 0.999999933272136
"sdeps" 0.460024349217623 0.327659402380807 0.00154460123562 0.0115574863247978 0.0271969350167991 0.200187048000907 0.408675592462532 0.650312345899858 1.22823315130818
