"Mean" "SD" "Naive SE" "Time-series SE" "2.5%" "25%" "50%" "75%" "97.5%"
"N" 25.0105333333333 0.109647842624507 0.000516884887081763 0.00161348786615004 25 25 25 25 25
"betapsi[1]" 0.0775091440762497 2.60186801896823 0.0122653234664323 0.0184265691126746 -5.45187496506815 -1.05791403371295 0.00256512321735755 1.11519707038275 6.11342619512398
"betapsi[2]" -0.564247073499273 3.31047995622281 0.0156057521735153 0.0496075971067959 -9.45336602051556 -1.49824885699026 -0.0613392735920641 0.853302461232225 5.57962998425547
"betapsi[3]" 0.0740659620862257 2.63317455897855 0.0124129039113442 0.018894102281718 -5.55372343000949 -1.04169705216928 0.00444775410049232 1.10058721910915 6.12903806162836
"betapsi[4]" 0.0929268936871771 2.65181621904778 0.0125007815396611 0.0190838064806702 -5.52036073853112 -1.02673680024546 0.00622267037921375 1.11694360379113 6.24413764855683
"betapsi[5]" 0.106700130547495 2.64567646278273 0.0124718384510621 0.0193660116273106 -5.47870870509551 -1.00925624408627 0.00449813608808339 1.14548734906661 6.11203665568481
"betapsi[6]" 0.0911864540614143 2.63303802370689 0.0124122602779011 0.0190651098336783 -5.48526236924463 -1.02897573367225 0.00560482939554099 1.11795659545479 6.1563182880693
"betapsi[7]" 0.0765214784168512 2.63938846951739 0.0124421965665422 0.0184200912227736 -5.5492893783314 -1.0481287765354 -0.00121160709270589 1.10378659480411 6.13104288367579
"betapsi[8]" 0.0649461944238468 2.60537331570223 0.0122818475937035 0.0185820592320619 -5.52024480388195 -1.0469967681361 0.00472118152573406 1.10276941254951 6.04929864787913
"betapsi[9]" 0.0798888907035563 2.62360729139786 0.0123678033794526 0.0186899939397751 -5.54904983087512 -1.03930394223495 0.00803044060055777 1.12247536223816 6.0884946061171
"betapsi[10]" 0.06604051437246 2.6123044410805 0.0123145212320784 0.0185080117715822 -5.5038810345861 -1.05935056633256 0.000894530646555123 1.10989533816066 6.07241684786191
"betapsi[11]" 0.104384353813148 2.65562625980485 0.0125187422440339 0.019283757686326 -5.55083626022146 -1.01255695582607 0.00547672724225953 1.12685521903319 6.18816209358664
"betapsi[12]" 0.0905138128618579 2.62252597410906 0.0123627060008692 0.0182275619777842 -5.47761078632049 -1.04281915985156 0.00516752035656534 1.11376167801524 6.1662149416398
"betapsi[13]" -0.398085002783809 3.20510683440401 0.0151090185135628 0.0447054065352758 -8.84464200108107 -1.3159288964147 -0.0329278874320542 0.922639827716271 5.88898382750867
"betapsi[14]" 0.0501990035491441 2.61833017201081 0.0123429268000945 0.0180108113005806 -5.51735850703371 -1.08121854990607 0.00123042456288679 1.0955047761255 6.04797319040438
"betapsi[15]" 0.0789803917411675 2.61791296813458 0.0123409600821611 0.018602589420865 -5.6013446968939 -1.02679501697391 0.00632793514919053 1.14385482845412 6.04873434728194
"betapsi[16]" 0.0717684173397187 2.60415591194002 0.0122761086973322 0.018504794269589 -5.56278661505817 -1.01253088239204 0.0053567474124327 1.09869448758119 6.07110645122082
"etap[1]" -0.0145481626528491 5.60335257823919 0.0264144573696804 0.0436677534845951 -11.4633787746401 -3.12531607430344 -0.0257269012208549 3.13205539517947 11.3982313455307
"etap[2]" -0.0503292252116044 5.50061314307548 0.0259301390276835 0.0450789454763037 -11.196102822164 -3.15827789350872 -0.054855631807526 3.0505478071579 11.1454743406473
"etap[3]" 0.0412532813971898 5.83937666291869 0.0275270855750152 0.0615346502440449 -11.643114287701 -3.31491008250231 0.0305688614157461 3.40307110904006 11.8886477228904
"etap[4]" 0.00299036087227062 5.56429883457436 0.0262303562565062 0.0401469053105766 -11.1310569374567 -3.10065566222661 0.0157485753972989 3.09261494856707 11.2688600216426
"etap[5]" -0.0151742880315003 5.78307969920212 0.0272616991429872 0.0597010118200751 -11.6222576726502 -3.387107180765 -0.0249071791270065 3.33807910933194 11.6846626196316
"etap[6]" 0.0254345399939158 5.49509828609503 0.0259041417425625 0.0413844954643081 -11.2020891383194 -3.0560326051163 0.079174232906757 3.14286670379267 10.9839570578246
"etap[7]" -0.0334080628002332 5.61415475754677 0.0264653793312803 0.0427181684505371 -11.3060290709837 -3.18365464840467 -0.026703862685104 3.08327053254202 11.311459446555
"etap[8]" 0.116065490906274 5.74082410927374 0.0270625043817779 0.0577757792751446 -11.4931837947252 -3.21946368033398 0.0858208094639967 3.45034307622782 11.7354758009266
"etap[9]" 0.0135264240609038 5.53965856070607 0.0261142008915558 0.0414606326809599 -11.1479568021531 -3.08189284684121 0.00696619271439359 3.08231494324287 11.3709797373125
"etap[10]" 0.0730517348759985 5.5048031498433 0.0259498909090084 0.040529574676472 -11.1139759402666 -3.02370367480655 0.0689566938615972 3.15879354815234 11.3741891980075
"etap[11]" -0.0992660649502678 5.59750985487922 0.0263869145076242 0.0480127028209364 -11.5410920327549 -3.16994859372783 -0.0563337941675609 3.05359810192772 11.1691754488532
"etap[12]" -0.062572374307962 5.53976245894431 0.0261146906725479 0.0458144445199452 -11.398689191823 -3.17349285558388 -0.0344315221489732 3.07173652279553 11.0555742577214
"etap[13]" -0.0269701271741958 5.52873175188543 0.0260626914207971 0.040551886490896 -11.1540285397331 -3.11681748492762 -0.00291172114305898 3.06570978444311 11.1955427325476
"etap[14]" 0.0163538106782981 5.55426314850365 0.0261830475786765 0.0412373913319137 -11.2950583797825 -3.10524221319985 0.0172801029013615 3.1255738135089 11.2705233653684
"etap[15]" 0.0178108097729087 5.47977626546519 0.0258319130446369 0.0437088836651601 -11.1756167288893 -3.05652182176556 0.0129644710197021 3.09369948842837 11.1170315809019
"etap[16]" -0.00778863578937865 5.57082683480278 0.0262611295447003 0.0409389420741721 -11.260167976072 -3.1162583653148 0.00452553159159862 3.10033386436423 11.1797484477021
"etap[17]" 0.0100259814875023 5.5282103874085 0.0260602336850831 0.0413330510291008 -11.1853409855086 -3.12170050281252 -0.00303448605611235 3.13164805350194 11.3318132451535
"etap[18]" 0.0114807603099146 5.5262003650172 0.0260507583486616 0.0417853958336815 -11.3307634712079 -3.07445573518004 0.0209789956084607 3.11199673724212 11.3093503119094
"etap[19]" 0.0793676673429539 5.68453549441373 0.0267971573066371 0.055410763119873 -11.3235187599381 -3.25492098230738 0.0631061321165027 3.37288745784717 11.6623359297388
"etap[20]" 0.0676883775923205 5.90964161527814 0.0278583177369693 0.0616547635330168 -11.6666532032827 -3.34120337881246 0.0547071295172047 3.43053693937763 11.9747719253529
"etap[21]" 0.0440778925789941 5.84485022061519 0.0275528881734446 0.0600661232658559 -11.6665053887886 -3.35144778508989 0.0101314879142619 3.41951409147308 11.7925343055871
"etap[22]" 0.0216277174838137 5.53098979181809 0.026073335923121 0.0449629373598568 -11.191988680247 -3.07477234905158 -0.00817758937035084 3.0970091045415 11.2613656663939
"etap[23]" -0.0815250676606059 5.57931805672438 0.0263011575487091 0.0468928246449753 -11.5237334256901 -3.10062749348668 -0.0412374098891654 3.05047285316798 11.0263676516783
"etap[24]" 0.0103494428775136 5.56701182178092 0.0262431454008464 0.0431226467657018 -11.3042947226788 -3.11773103507409 0.0281282606698519 3.12156373855106 11.2966892840278
"etap[25]" -0.0420925077432824 5.51613789847197 0.0260033234264643 0.0406340356833826 -11.4288732438765 -3.11110049617926 -0.000944580919168055 3.11743836589044 11.1532248820466
"etap[26]" 0.00243771154389412 5.87006152909837 0.0276717354213849 0.0449229036063343 -11.7977993455765 -3.27343137092436 -0.0242086667099662 3.28221178497114 12.0020486593185
"etap[27]" -0.00358288693967738 5.79053723868571 0.0272968543212526 0.0400511661832102 -11.8270031201556 -3.24309080429916 0.0153843246189125 3.24121908839874 11.6304495984625
"etap[28]" 0.0467768063576881 5.77709467557105 0.0272334854710199 0.0403067678331288 -11.5940519015454 -3.20923749633588 0.00629546268552363 3.24924437372681 11.8809436690396
"etap[29]" 0.0498554902447928 5.71721610862531 0.0269512151994528 0.0419297224798969 -11.5619945807939 -3.11735282354578 0.0430789299201157 3.2473644525615 11.6153998805451
"etap[30]" -0.0540727249711599 5.80750205248476 0.0273768272204451 0.0436320108659479 -11.8760838979529 -3.28761334235585 -0.0389757339599238 3.18122718020165 11.6572157705277
"etap[31]" -0.00346094710678263 5.75871542339892 0.0271468448453929 0.0398131257840827 -11.548692835906 -3.20795562854846 -0.0275249318949156 3.1401661442573 11.8435438592872
"etap[32]" -0.0100291584874653 5.78788641335842 0.0272843582108215 0.0406643550753608 -11.9072715481222 -3.19098444684709 0.0170144728654844 3.22997278882462 11.7192135819194
"etap[33]" -0.0858306064019082 5.77152983878696 0.0272072525788451 0.0401716038280668 -11.9724837861824 -3.28911609470336 -0.0698949848167658 3.15173765623824 11.5183901336465
"etap[34]" 0.00969086729688048 5.80761238646242 0.0273773473398038 0.0468642588477285 -11.5194200054326 -3.21423748351281 -0.0191181565248197 3.23247736437541 11.710111828742
"etap[35]" 0.0834219784527914 5.70769353581661 0.026906325360737 0.0379187863457854 -11.4384206651161 -3.16842005485728 0.0814646341731828 3.32717781134891 11.7493044316984
"etap[36]" 0.0552725008376725 5.70903723488904 0.0269126596189103 0.0396438300698281 -11.5080011693328 -3.15981322120495 0.0318100075520696 3.24649235709287 11.5847657354744
"etap[37]" -0.0392331382743449 5.78346205818955 0.0272635016005396 0.0386496074720012 -11.9846840623138 -3.25280226928387 -0.0116271613454354 3.22129247790051 11.728086962981
"etap[38]" 0.0170559440960078 5.74874970567675 0.0270998660015213 0.0399672165357855 -11.6943551423802 -3.20496357011588 0.00517727335796079 3.21839043011264 11.6510063380189
"etap[39]" 0.0336346045159067 5.75127822786042 0.0271117855694044 0.0427931906580517 -11.6192663668558 -3.18898685260304 0.0186589567629476 3.25378423705916 11.62809814825
"etap[40]" -0.026742381249128 5.72293429707982 0.0269781709983347 0.0368529080901353 -11.6943882859241 -3.24973632636076 -0.0144822200259632 3.19230784716533 11.6039381422621
"etap[41]" -0.0127765903759004 5.64365163678628 0.0266044289535076 0.0388464822627174 -11.368914905415 -3.1808906358573 -0.0257812017532429 3.1859873277034 11.4565205925804
"etap[42]" -0.00576426229173109 5.72015671893412 0.0269650773693874 0.0402627535402247 -11.5551299715712 -3.21611449261164 -0.017595883717424 3.19440622493983 11.5740302124633
"etap[43]" 0.0328693878508289 5.73100579530248 0.0270162204058519 0.0378271572429076 -11.6581974319949 -3.17948960767672 0.0245850715069786 3.25665406310101 11.6671861140426
"etap[44]" -0.0133475623872381 5.7425145831709 0.0270704733521519 0.0376980226304487 -11.7217781691321 -3.21899183614512 0.0125191282191625 3.24510437099304 11.6632555260188
"etap[45]" 0.0358688994496957 5.72019807411743 0.0269652723195911 0.0387532905869233 -11.5595972308663 -3.17159607810513 0.0194218763933651 3.24825098637244 11.7840683250948
"etap[46]" -0.0314669092281502 5.80468218566405 0.027363534240772 0.040277184817987 -11.7859177209352 -3.26842967604332 -0.0457275878555539 3.19967983644995 11.7540996115496
"etap[47]" -0.0188158391052198 5.71328342126979 0.0269326763334703 0.037063867462803 -11.8073551746164 -3.20066750906486 0.00584461914552879 3.16728459106736 11.621121362712
"etap[48]" 0.0205319764382393 5.73712596794715 0.0270450711763791 0.0389657141250241 -11.7903019591585 -3.17443449040246 0.0186335678722111 3.1870492075081 11.7571580648449
"etap[49]" -0.04999120355855 5.68028354676787 0.0267771134332129 0.0408436548715388 -11.8121806300222 -3.28519141343163 -0.032398699067074 3.17899682440492 11.4980838824056
"etap[50]" -0.0301420848571693 5.74037462717209 0.0270603855028305 0.039715452987777 -11.7943073824088 -3.23951939887081 -0.00812968295847209 3.20600782120521 11.5158613524199
"etap[51]" 0.0365434393027875 5.72099897549666 0.0269690478048999 0.0374884811531375 -11.536404123544 -3.18875931592792 -0.00168886616945873 3.28384901200214 11.7897840828468
"etap[52]" 0.00804391719523144 5.76175747023271 0.027161185191692 0.0433420420513553 -11.6059856450231 -3.18463222091226 -0.000663840294863628 3.18197105255143 11.4696881093013
"etap[53]" -0.0144680354133711 5.72249707519384 0.0269761099145983 0.0421146181480172 -11.7065404694995 -3.26202225527257 -0.0374234217598705 3.25727998226208 11.7222891311269
"etap[54]" -0.0185381977258777 5.70625416708208 0.0268995401114516 0.0390844050520035 -11.7320943409209 -3.22857368517816 -0.0274965237029278 3.1987352200261 11.633516404612
"etap[55]" 0.064987906462141 5.82130054555513 0.0274418739405799 0.0421766811332835 -11.8573285526652 -3.1858580257005 0.0640358167779116 3.27659046608363 11.9787194306025
"etap[56]" 0.0147751410723746 5.8378289971003 0.0275197898083806 0.0414870053857945 -11.9011642453782 -3.24414061352661 0.0227541358110785 3.30904893017971 11.8062936360143
"etap[57]" 0.0179525385984369 5.68104461825194 0.0267807011585952 0.0377671275237608 -11.5227167891854 -3.18038960987047 0.00317702989609215 3.20486943542664 11.7600394454101
"etap[58]" -0.0383109056316769 5.73547855512325 0.0270373051978511 0.0403924999157772 -11.7957302363899 -3.2275429866354 -0.0273613632673825 3.17397040478273 11.7933075421168
"etap[59]" 0.0396626252305425 5.72356462181807 0.0269811423776465 0.0399104028637003 -11.5416502933349 -3.17504924678945 0.0330139563505649 3.22396679669813 11.6316852666148
"etap[60]" 0.00124575976287203 5.66054572830157 0.0266840684646572 0.0373971190041926 -11.559101944376 -3.22887395303013 -0.0194335290146865 3.20709967996303 11.6247328228255
"etap[61]" 0.0109351263334825 5.63617782592771 0.0265691970712449 0.0403175752537022 -11.3836299224059 -3.1835304119424 0.0147172921673447 3.20219291703231 11.3919187794829
"etap[62]" 0.0302828066492225 5.79986590941816 0.0273408300968151 0.040337978382222 -11.4921028102061 -3.21575699240398 0.00273238038172935 3.26945290381937 11.8430766322287
"etap[63]" -0.0708484341277662 5.76141239590233 0.0271595584956985 0.0400226379307636 -11.7737139039101 -3.30239388030092 -0.0546771741202087 3.1720794599497 11.4108551929287
"etap[64]" 0.0339321925962557 5.68272890055548 0.026788640941517 0.0371341825828814 -11.5510505149311 -3.21688160356007 0.0484813521807736 3.27474436853669 11.5365539497149
"etap[65]" -0.0197876288251066 5.76940645236302 0.0271972428392488 0.0376339108757498 -11.5306580021628 -3.24571166498752 -0.0479154468008904 3.19265498822502 11.7494803515234
"etap[66]" 0.0204485811409211 5.75738264373259 0.0271405620617936 0.0430978424903736 -11.5138337931138 -3.21864567272793 -0.0347388553598631 3.19191798362097 11.7172706600003
"etap[67]" 0.0404365525516856 5.74834391927463 0.027097953106077 0.0412992640231769 -11.4761296226155 -3.19844378687887 0.0191825899525819 3.23888338996302 11.8248607669936
"etap[68]" 0.10642052415303 5.71451944164749 0.0269385029894087 0.0380403522274422 -11.2218557448947 -3.12193766993998 0.0508642134150848 3.29889959237248 11.6337971953009
"etap[69]" -0.0266070258914735 5.67955428705227 0.0267736756699453 0.0383045097082615 -11.6959518541241 -3.20970542871484 -0.00627414575009286 3.19498410971981 11.475651533309
"etap[70]" 0.00694036305438179 5.7614797912861 0.0271598762005844 0.0391854160813419 -11.6051815053661 -3.25584738965494 -0.0277246521963754 3.27995161477282 11.7847968621349
"etap[71]" -0.0465630063691912 5.67160548815298 0.0267362046725854 0.0394124807307663 -11.4922947497275 -3.24473819806864 -0.0159161698611894 3.17654191147415 11.4698101732268
"etap[72]" 0.00883351024065378 5.75363375576466 0.0271228896344334 0.0407829731091488 -11.392140933349 -3.25412433269432 -0.0164578154490272 3.20952705304052 11.7398145527949
"etap[73]" -0.0104745435015515 5.71197404339377 0.0269265038669685 0.0409821794304555 -11.6094487663253 -3.24690379023803 -0.0068791943618402 3.20536016944607 11.6212377563212
"etap[74]" -0.00549779244635925 5.7774575783222 0.0272351962109949 0.0390672450705812 -11.8739832054003 -3.20986280977285 -0.000214624830700429 3.16642780455419 11.6110522731586
"etap[75]" -0.0601344898786959 5.63515484834364 0.0265643747086669 0.0396411286300312 -11.6411034792509 -3.19086779835848 -0.0466784086264447 3.11527355901432 11.163190703743
"etap[76]" -0.0740798923454365 5.70194671331106 0.026879234579644 0.0395397329520822 -11.5867925124941 -3.29383216750013 -0.0603402310738468 3.11935540925818 11.3838230785236
"etap[77]" 0.0143448510505641 5.79629813912662 0.0273240114663693 0.0385161929314746 -11.6764674903465 -3.25718991806512 -0.0120722411437241 3.23557943497495 11.9806616040234
"etap[78]" 0.084934636209127 5.71390001652047 0.026935582991357 0.0421233190602627 -11.4995589218531 -3.12363797787104 0.0248553283949826 3.25401130262864 11.880311764249
"etap[79]" -0.0990429303709412 5.66924094006602 0.0267250580860072 0.0389915695095055 -11.6129188137411 -3.23768015522045 -0.0629097190021873 3.09871173683749 11.2971436843332
"etap[80]" -0.0529870775779533 5.69196600894108 0.0268321850880371 0.0389241315622115 -11.4787125851014 -3.26945731321878 -0.0670164678700427 3.14500831864726 11.432524383665
"etap[81]" -0.0368170768984753 5.8457362934372 0.027557065160785 0.0406331340316059 -11.7894595304456 -3.24563586044116 0.0376356854474567 3.21801086895994 11.3039121946556
"etap[82]" 0.00640974606042136 5.69729137443427 0.0268572891017206 0.0387050239013822 -11.5840288673951 -3.17402879001548 -0.0007827704476142 3.20578215744007 11.5778663092372
"etap[83]" -0.0115999818781604 5.76484993161217 0.0271757631944385 0.0405580168789224 -11.7067907376814 -3.23042492319573 0.000228521256083392 3.17218164041879 11.7795773265566
"etap[84]" -0.0159030781634445 5.7050638871137 0.0268939290778705 0.0397485274855076 -11.7048623023073 -3.19080809527748 -0.0155718355671114 3.19278285121393 11.5411066535349
"etap[85]" -0.0452132122551454 5.67716011656821 0.0267623894420479 0.0379534735129237 -11.7114873959046 -3.22689574912029 -0.0381810907340683 3.13922783313502 11.5227477437759
"etap[86]" -0.0616976261657707 5.77638898492594 0.0272301588134161 0.0384150389953936 -11.9056124715022 -3.25901129054228 -0.0556418450695419 3.20151157614785 11.5483735834094
"etap[87]" -0.0997024103603881 5.74208555530383 0.0270684508953911 0.0395220427826849 -11.9922038480938 -3.30444758726873 -0.0602616625394011 3.14257713879812 11.4243806857192
"etap[88]" -0.0627254235271662 5.68924235109207 0.026819345641806 0.0373752964958847 -11.9703080922725 -3.20995271734048 -0.00596617333235088 3.15386434703206 11.2540552991857
"etap[89]" -0.0263596367086949 5.75151714689459 0.0271129118445325 0.0396415070186363 -11.7351055298236 -3.25530688891254 -0.0543905386344026 3.1594864425272 11.7348803673398
"etap[90]" -0.0105942425175674 5.81048449057553 0.0273908865684348 0.0435796312854713 -11.683231041551 -3.23701774665993 0.0339764179426781 3.23387716525687 11.704272049163
"etap[91]" 0.0224496020358033 5.69040818168047 0.0268248414199045 0.0410454626957207 -11.2786485805777 -3.20756052731473 0.0231363518519458 3.17895650889831 11.5773555458476
"etap[92]" 0.0250151254661235 5.72635663047583 0.02699430403268 0.0404654499726657 -11.4113937751204 -3.1753413561938 0.0234085305015148 3.20453683495067 11.7940045404874
"etap[93]" -0.0370952957671961 5.74003654619425 0.0270587917738171 0.0420940007181348 -11.6892962063531 -3.25431553951684 -0.0314042773035919 3.22729485921374 11.4795628175711
"etap[94]" 0.0569886350465983 5.7148344540316 0.0269399879720284 0.0392376722881604 -11.5689151594309 -3.18761104957591 0.0590741448611999 3.28728799079467 11.4823776371158
"etap[95]" 0.0746561241829113 5.64528188717925 0.0266121140275602 0.0360998783378845 -11.3035543381378 -3.16371002991985 0.0125246330500743 3.23852224031423 11.6908775000135
"etap[96]" -0.0211732973890112 5.79347129494569 0.0273106855951047 0.0403799818897475 -11.9205003963215 -3.20749644907037 -0.00251748586478501 3.20600848264495 11.7476307254636
"etap[97]" -0.0443827151752387 5.69248163372486 0.0268346157665782 0.040464300848107 -11.690186081917 -3.2685958054036 -0.00800773917531559 3.1791228694356 11.5183543866562
"etap[98]" 0.0494492875499529 5.70542341702137 0.0268956239181089 0.0390940641791896 -11.3558720260123 -3.1914000878782 0.0337825906760484 3.26339319102575 11.7125293294057
"etap[99]" 0.032016595564885 5.69619610077779 0.026852125932189 0.0362657693370387 -11.6450802804787 -3.18318741968569 0.00980148460844609 3.21336767989821 11.6601947161099
"etap[100]" 0.00247561858704005 5.71968802622605 0.0269628679307729 0.0384934855967649 -11.8520023596197 -3.16825835771678 0.0291407465202973 3.21406879863381 11.5719970291828
"etap[101]" 0.0583708459236408 5.75893800609253 0.0271478941102731 0.0439157936580065 -11.5755451755464 -3.20161005457915 0.00849343100569594 3.27995273889394 11.8121614233773
"etap[102]" -0.0581203433354984 5.67926241526823 0.0267722997731604 0.0395379060700702 -11.550150612162 -3.2674028080326 -0.0543105488194269 3.21085149570343 11.4501868276361
"etap[103]" 0.0243312746656669 5.72991051470723 0.0270110572036106 0.0385718702928224 -11.3876057760934 -3.19578601460258 -0.0120400881128 3.25348154791502 11.6934713198705
"etap[104]" 0.00652520896607886 5.71640967113799 0.0269474136166802 0.0390176231514569 -11.5918138814196 -3.22706182148842 0.0000437584428730081 3.21626458143705 11.5827585858879
"etap[105]" -0.0469796144869754 5.65252179356842 0.0266462432735798 0.0388834420355771 -11.9170047375975 -3.17634872324777 0.00233915975364548 3.18065675148376 11.2565820441743
"etap[106]" -0.075777001681429 5.744395164988 0.0270793384998549 0.0427261526366244 -11.7485573265623 -3.29410845309619 -0.0215197677663363 3.1720761449218 11.5323075520439
"etap[107]" -0.0806398304085856 5.74539201061568 0.027084037675209 0.0380868860286991 -12.0040392384765 -3.27515914379337 -0.0445549941901714 3.19237975621864 11.5909365309002
"etap[108]" 0.0165728928638312 5.7370976594734 0.0270449377289541 0.0412418720302685 -11.6490390411376 -3.19193007707634 0.00510811066094622 3.27001622602661 11.57694695538
"etap[109]" -0.000284927458050661 5.76108322800597 0.027158006783354 0.0411570407037238 -11.7853574027035 -3.19783923789233 -0.018983514996287 3.22778497512579 11.8350075443053
"etap[110]" -0.0431734529618662 5.76872013804385 0.0271940075225213 0.0422838311111018 -11.6303712716161 -3.24312222298249 -0.0294708851434334 3.17604067120032 11.569634784474
"etap[111]" -0.0723515719444807 5.71522161613957 0.0269418130717082 0.0384985683901475 -11.5848492831489 -3.32473570699525 -0.064633165947582 3.16001596287485 11.6462049593851
"etap[112]" -0.0615052074636116 5.70731080266744 0.0269045211393692 0.0415534000398146 -11.664950000326 -3.23069513171426 -0.0287477176386969 3.15019775089975 11.5925305696674
"etap[113]" -0.00572447103309644 5.83931688447084 0.0275268037767096 0.0385337847741237 -11.7327754723282 -3.28835799187141 -0.00405898531608538 3.25331627088095 11.9204414730658
"etap[114]" -0.0310294129960421 5.73187248334729 0.0270203060124763 0.0406483753019222 -11.683294019421 -3.21986296863592 -0.0101063835262123 3.22014061925675 11.4879634364504
"etap[115]" -0.00777690101595176 5.74470892059653 0.0270808175579777 0.0394929485949654 -11.7808987003772 -3.22301134800684 0.0142996907065964 3.25502206332378 11.5191583074432
"etap[116]" 0.00320942086264137 5.72766951049753 0.0270004930084549 0.0360186329056839 -11.6005091663894 -3.19368966700674 -0.0319501274133191 3.2144565441093 11.6270147568555
"etap[117]" 0.0176446665870311 5.74253064978533 0.0270705490908986 0.040168643449012 -11.5408470599502 -3.19922579817659 0.0263789964910273 3.23974692259028 11.5323690023061
"etap[118]" 0.0497864000896818 5.79342823898475 0.0273104826273584 0.0410654140634344 -11.7963064606429 -3.24002335166528 0.0260579162920363 3.32523468490382 11.9221461947388
"etap[119]" -0.0691354014135042 5.7787776004867 0.0272414188551538 0.0395188542109837 -11.8390149243917 -3.25271320004051 -0.0371339461471306 3.1422735926324 11.7660481212153
"etap[120]" 0.00610730530847953 5.71383378043164 0.0269352707514399 0.0397143299869959 -11.4943376866524 -3.24072368097664 0.00147663049120148 3.22131164042041 11.5509732811263
"etap[121]" 0.0353454137207847 5.69326172198382 0.0268382931378971 0.0400765721485362 -11.4346068792669 -3.18710938108334 -0.0204447765332544 3.22521728207738 11.7032083346206
"etap[122]" -0.0553513411482263 5.71621545266369 0.0269464980620122 0.0405032614609162 -11.7497649679341 -3.3008178016851 -0.0849650865845819 3.19359600885873 11.5235127173164
"etap[123]" -0.0251601001508817 5.73361697666354 0.027028529632834 0.0410280750215072 -11.6278904113417 -3.23709044673277 -0.050197775402273 3.20821289677678 11.5809816982412
"etap[124]" -0.0625991401135053 5.71842094404923 0.0269568948481093 0.0408852676135181 -11.9489396015066 -3.25605367480935 -0.0765475777459867 3.18335154053703 11.5190149046685
"etap[125]" -0.0795006054896418 5.69462625088589 0.0268447255888289 0.0359729531420003 -11.7417358613659 -3.27663163452738 -0.0505565455785066 3.11722931089122 11.428370955526
"etap[126]" 0.00871335451277395 5.74475389463113 0.02708102956761 0.0375569357002727 -11.7750262855579 -3.2443473432223 0.0134382069055296 3.24124475176103 11.7218956989525
"etap[127]" 0.00829800265226213 5.74856718565848 0.0270990055939039 0.0379684666442939 -11.5997063322314 -3.20912058335428 -0.0173295428785562 3.2115690863863 11.7922878430123
"etap[128]" -0.0169290712809819 5.72177643811848 0.0269727127988466 0.0429083126247983 -11.6973405803764 -3.21933652709417 0.00996143114865425 3.21270956574335 11.5234687081642
"etap[129]" -0.0242002612659537 5.71009429293489 0.0269176426383257 0.0397558835714621 -11.6379574747441 -3.20151175718405 -0.0491067227524119 3.17144335027755 11.5475774447826
"etap[130]" 0.0192773716577079 5.79118014104443 0.0272998849920359 0.0445861632114857 -11.7552028134474 -3.20252176072798 0.00623037879082558 3.24407809402296 11.7213785673288
"etap[131]" 0.012325209535109 5.70554275221321 0.0268961864695981 0.0388091034440866 -11.5602972697672 -3.19071009880231 0.0142783629262437 3.17426123684062 11.6049424041228
"etap[132]" -0.0202585877968124 5.77859417830272 0.0272405541946864 0.0438214336635654 -11.6898558333069 -3.20731857770822 0.00254603790522221 3.21873895102579 11.6373551434849
"etap[133]" 0.0525591200159328 5.73371467259679 0.02702899017588 0.0422975876593245 -11.5603462998295 -3.16145001891352 0.0671161640849297 3.28618338669303 11.6159405470028
"etap[134]" -0.0393774807808391 5.88423430901351 0.0277385465466266 0.0442215847664627 -11.8761415198421 -3.24628603070105 -0.0133513583765205 3.18362752037147 11.9075821656779
"etap[135]" 0.0327479429707727 5.75773721337385 0.0271422335191119 0.0411661178142557 -11.4153446732472 -3.22020729871155 -0.0142834358420398 3.21556254674936 11.9168515858712
"etap[136]" 0.0954156630128643 5.69660860500704 0.0268540704957741 0.04127937951527 -11.5957100665437 -3.11420835707497 0.0686648605908383 3.27819458231596 11.778334685227
"etap[137]" -0.0334202967323493 5.68661354016498 0.0268069533082526 0.0401866361410815 -11.5874070825796 -3.25685376269432 -0.00510218553051381 3.16386902942715 11.468907469058
"etap[138]" 0.00439751409144087 5.82113315292199 0.0274410848441398 0.037616866947417 -11.8049249639832 -3.27074686207663 -0.0225455965382159 3.23729696653994 11.9882677649653
"etap[139]" -0.0149060597459598 5.65700311445575 0.0266673684228339 0.038536549348103 -11.5355179146543 -3.1785459526479 0.025754750070953 3.19425975163567 11.3097873739349
"etap[140]" 0.0656299059179722 5.7651598695203 0.0271772242557491 0.0479353017840288 -11.6122877545877 -3.17856331298705 0.0470844097309592 3.28176345670334 11.7771105422348
"etap[141]" -0.00879297720708302 5.66091264037382 0.0266857981047531 0.0387482879632585 -11.3374051796948 -3.28743144003888 -0.0404029547187843 3.20242127788404 11.7120014002516
"etap[142]" -0.0587286407537197 5.77665735997357 0.0272314239455233 0.0415394115405739 -11.887622382146 -3.24909207040708 -0.0416147928264463 3.18765127468889 11.4425919498675
"etap[143]" -0.0722987411275142 5.71572150828826 0.0269441695858962 0.042996700302774 -11.6598238102525 -3.2179064223365 -0.0479012996785781 3.10694310034101 11.3099095548517
"etap[144]" -0.00464248698947454 5.67326036688335 0.026744005845734 0.0403160216582043 -11.4462303056051 -3.19424604427329 -0.0055138198968856 3.18796147524214 11.451314798572
"etap[145]" -0.0839969286649296 5.66530070685243 0.0267064836485086 0.0391884705899396 -11.6581225468409 -3.30921100901737 -0.0706379104794542 3.16937162603139 11.3879748637663
"etap[146]" -0.117334367158484 5.70191406770226 0.0268790806867682 0.0410820163702728 -11.7524922152779 -3.35480090654551 -0.0901112065311163 3.13059247559688 11.4630761675679
"etap[147]" 0.00445205880982992 5.75258542676878 0.0271179477641541 0.0417705769621664 -11.6795834170152 -3.23486947628606 0.00696501290283274 3.22835860866942 11.5929536341115
"etap[148]" 0.00155338374534927 5.70369423547287 0.0268874724781166 0.039022643608009 -11.8157996397305 -3.19944523596661 0.0466953350585215 3.25450783890381 11.4770926926283
"etap[149]" -0.0216469793629025 5.73160707177087 0.0270190548503064 0.0413497872338922 -11.6131762503041 -3.2567919370541 -0.027154706346685 3.20360204972168 11.6122040033159
"etap[150]" -0.0501505578942471 5.76003183337562 0.0271530504615352 0.04173707723979 -11.8737106778832 -3.21156165909868 -0.0457774120040835 3.14552757926818 11.6649887430762
"etap[151]" -0.088718489197352 5.77759926285941 0.0272358641183086 0.0408894772900177 -11.9178991140682 -3.29001183541932 -0.0608069076901805 3.1369678292531 11.6071010077756
"etap[152]" -0.00969172161398289 5.69297759969311 0.0268369537725741 0.0399579406982153 -11.7432075459538 -3.19988779476287 0.00094662050426862 3.19265924658952 11.5224024765352
"etap[153]" 0.0688878589709904 5.78350828229565 0.0272637195030655 0.0397007661784723 -11.5713405988358 -3.18725303516975 0.0534588592668609 3.3100650758338 11.6795361808314
"etap[154]" 0.0218195028583204 5.71780471937152 0.0269539899371203 0.0397164544143913 -11.5489769333951 -3.19693382954696 0.0052816621122771 3.22426644509464 11.6938967955907
"etap[155]" -0.0587061970893137 5.66090754825961 0.0266857741002966 0.0381015843620905 -11.5171249425923 -3.27889174580052 -0.0715297048181877 3.12763181197549 11.4509848579078
"etap[156]" 0.0335632905651499 5.74878606279932 0.0271000373906407 0.0368952460257061 -11.5189576255792 -3.16615557798864 0.0204790640319725 3.20507817600968 11.9464460811837
"etap[157]" -0.03830126662642 5.7228082082117 0.0269775766097102 0.0417682658530324 -11.664982498785 -3.24254320236935 0.00461970454828637 3.19993900506108 11.4716240784962
"etap[158]" -0.0368611929892053 5.67495288502369 0.0267519844527628 0.0392882175395573 -11.5849086995361 -3.21126263586639 -0.00219141564009631 3.13634409513804 11.5392296755189
"etap[159]" 0.0027025817658524 5.68129271436645 0.026781870694895 0.0377291902640618 -11.6122165458953 -3.19771425542132 -0.0244844731758131 3.20930314558355 11.5515359533313
"etap[160]" -0.0291440016148798 5.7640356269611 0.0271719245255003 0.0405116314804954 -11.7669651631203 -3.23041473270414 0.0181973976424524 3.1748479402347 11.6945135605452
"etap[161]" -0.00689162150564071 5.69775902856385 0.0268594936444292 0.0385725136839069 -11.6004650210446 -3.24992358998239 -0.0441734741147397 3.21646335554401 11.6447880557095
"etap[162]" -0.0374145343150286 5.72813414158373 0.0270026833004002 0.0402988185335058 -11.729660325333 -3.21505703013088 -0.0249548483326002 3.15732144073919 11.5294455091092
"etap[163]" -0.0161851561257924 5.76948870477262 0.0271976305808261 0.0420232049137946 -11.739963069713 -3.26298617006789 -0.000244924904084634 3.22399181776472 11.7341019463862
"etap[164]" 0.0129700710030599 5.67134501729096 0.0267349768011665 0.0375664550494394 -11.5707450095025 -3.16789882598307 0.0148874890558958 3.22213306377771 11.5779804975818
"etap[165]" -0.0628295171466669 5.62093904620712 0.0264973607747287 0.036465133860975 -11.6067981785525 -3.26991071752824 -0.0203085649571463 3.16367662487093 11.3884720644945
"etap[166]" 0.0677360665781143 5.69610719399564 0.0268517068215986 0.0394991799153847 -11.2597257524026 -3.13474226049411 0.0449177916533274 3.21372615058825 11.7310109284316
"etap[167]" -0.00688614367231385 5.73187404731301 0.0270203133850814 0.0365233656746587 -11.6692630285453 -3.20958439882989 0.00803284263834064 3.20351418150579 11.4763719115413
"etap[168]" -0.00253852156459292 5.75269231694074 0.027118451649257 0.0402619631106502 -11.730407502468 -3.24169457401588 0.0380386309105471 3.23798270108418 11.5875829504644
"etap[169]" 0.0377713079059786 5.75635032013768 0.027135695641698 0.0422194456338412 -11.5979837761377 -3.16466644928558 0.0495443573675428 3.22325357970571 11.6688644466618
"etap[170]" -0.0270142653085568 5.73675004509267 0.0270432990590484 0.0407076981029641 -11.4738359697651 -3.24604916316532 -0.00508844184342079 3.20762013189589 11.5611639488819
"etap[171]" -0.0409002287464652 5.70441759162187 0.0268908824117044 0.0398579387067468 -11.7150873464304 -3.25616135340335 -0.0165502901377847 3.19483540677397 11.3964269084277
"etap[172]" -0.0804297576698529 5.7785544821717 0.0272403670653302 0.0423713211750086 -11.8199271576049 -3.29373772106237 -0.034208515984017 3.22356549055822 11.5551373670555
"etap[173]" -0.0376979450740688 5.69675648768277 0.026854767621393 0.0417196270377374 -11.7579379633431 -3.19142047081587 0.00728058954507048 3.18590889350733 11.5251501037131
"etap[174]" -0.0288833584066187 5.78029428858742 0.0272485685914269 0.0411668051351694 -11.7009298633342 -3.31200009914042 -0.0507553151200615 3.25425350507908 11.5527419569044
"etap[175]" 0.0331289255020162 5.70376708798782 0.0268878159081656 0.0422662491033411 -11.3909221349299 -3.19798058236931 -0.0112968877738962 3.20557588216453 11.6445218457726
"etap[176]" -0.0008644967552951 5.69383358705371 0.0268409889356893 0.0405506375531506 -11.7441497299838 -3.18181863659582 0.0307407682197479 3.20467038327207 11.5037350102489
"etap[177]" -0.0210470152259938 5.72872491463691 0.0270054682312806 0.0391083649883369 -11.6098548535221 -3.24216769744379 -0.0305804226000102 3.15194135670093 11.6262186443882
"etap[178]" 0.0428570269056549 5.64614914844624 0.0266162023363799 0.0406999939769725 -11.378717731276 -3.16252744921055 0.000790361062836513 3.21018592838242 11.7064992178607
"etap[179]" -0.0127082687385705 5.72281334050443 0.0269776008035702 0.0397994511577852 -11.6210221721469 -3.215585627485 0.0129290302625254 3.24978178899388 11.4624641020417
"etap[180]" 0.0289862627419041 5.75955112487681 0.02715078437994 0.0411384070612143 -11.7545544840362 -3.1611133650931 0.0447250274394635 3.24821554762346 11.6717653684214
"etap[181]" 0.0126128696868319 5.76603574414328 0.0271813531683182 0.0408454975965936 -11.7778479704407 -3.22672844538025 0.0360223941871917 3.24949158444051 11.6765228075005
"etap[182]" -0.0369443042567486 5.66914217470396 0.0267245925016255 0.0378558491065191 -11.7577298222343 -3.20893238501289 -0.0106663946299999 3.15989570306708 11.3060553773955
"etap[183]" 0.0305787979542927 5.69160274693928 0.0268304726545383 0.038976215197694 -11.444448761641 -3.19534037769324 0.0176701501602341 3.21205238161333 11.6544220001085
"etap[184]" 0.025267713613991 5.80635276874994 0.0273714094449624 0.0427147281883784 -11.6147088747902 -3.24930805364453 -0.00533199507619575 3.24832526232496 11.8699807742573
"etap[185]" -0.0537704903666405 5.75130708713263 0.0271119216133182 0.039475405209642 -11.753348165837 -3.29470759085492 -0.0184720295143637 3.16365585581439 11.5344060522478
"etap[186]" 0.0236124541510382 5.75549443501905 0.0271316609605561 0.0408682363719493 -11.6438840415256 -3.21047295303109 -0.0178983573103288 3.21247650109923 11.987225531049
"etap[187]" 0.011903440161134 5.70152085488228 0.0268772270637585 0.0460381571017235 -11.6006957394946 -3.23789776126246 0.00150029781841825 3.20251887796825 11.5917084023969
"etap[188]" -0.0477971682131822 5.71201007880321 0.0269266737395177 0.037550219145566 -11.7633777019446 -3.25417392633884 -0.022061211656813 3.1857838396819 11.6358808954934
"etap[189]" 0.0774372053702698 5.67342234019916 0.0267447693952672 0.0373122727113305 -11.4135122654462 -3.17248427635606 0.0905306740109639 3.24489968356406 11.6656517142033
"etap[190]" 0.0436942611082539 5.7738802192572 0.0272183323786376 0.0391891292569294 -11.6778273056568 -3.16062578463687 0.0369193295597738 3.28754512500749 11.7978260278473
"etap[191]" -0.0812234146857655 5.85540110883806 0.0276026255375108 0.0415862117175267 -11.7045966961379 -3.27124877090259 -0.0749046307944323 3.12611502387023 11.6907769995925
"etap[192]" -0.0645878220026705 5.74274877714384 0.0270715773531277 0.0396075047326004 -12.0365013375619 -3.19499167280828 -0.0149875573950648 3.18502051828417 11.3763659402203
"etap[193]" 0.00350740155545634 5.7693542861721 0.0271969969254664 0.0398929236803311 -11.6051252794211 -3.22932997898305 -0.0235071762275656 3.23739817562789 11.6950312397644
"etap[194]" 0.0441786067939443 5.66721445903064 0.0267155051627934 0.0397674467848323 -11.4351499652667 -3.1628116561143 0.062281367539254 3.25937795973578 11.5159788746874
"etap[195]" 0.00751929359212234 5.7163310778779 0.0269470431244991 0.0386757084536603 -11.5630918132709 -3.22663725022295 0.0248876151059167 3.18288041735548 11.6670091093559
"etap[196]" 0.0315040229123747 5.70432278670926 0.0268904354970604 0.0382576212145236 -11.606763423001 -3.19070192207726 0.0321820193364935 3.26290795058472 11.5732799704015
"etap[197]" 0.0119227450089911 5.71769974432749 0.0269534950800171 0.0404280572746517 -11.6706446143224 -3.19834860696449 0.020412157821242 3.22866804946931 11.4730592465458
"etap[198]" 0.00435101106150516 5.68752494811349 0.0268112497265248 0.0367733344687634 -11.6324718585522 -3.18019589091432 0.0154016970259307 3.18844196799353 11.626943301008
"etap[199]" -0.0275184150065596 5.72893694589738 0.0270064677562279 0.0387433197901355 -11.6784403818995 -3.2984794869318 -0.0157878420605853 3.22097397588575 11.6528580658961
"etap[200]" 0.000871696289665422 5.81843934886032 0.0274283861300118 0.0412379646646993 -11.9940178334672 -3.1931048493722 0.00938422924395891 3.27364972009861 11.7430372549901
"etap[201]" 0.0573763271767578 5.70666642352286 0.0269014835069507 0.0409862842000657 -11.5101723767622 -3.12998454691857 0.0460732295590046 3.24035723894465 11.7293799166736
"etap[202]" -0.0108081467676361 5.8011903127238 0.0273470733938714 0.039675892640979 -11.6837782201558 -3.26015904715817 -0.0410355414982905 3.18183375061898 11.9149634705726
"etap[203]" 0.031203423443608 5.68382866794959 0.026793825294731 0.0388455488467689 -11.5821236687419 -3.22836873133816 -0.0376587462285034 3.28019321569347 11.7616263939866
"etap[204]" 0.012465966390319 5.64489824824878 0.0266103055362985 0.0382468832444461 -11.5849999211778 -3.19595569495323 0.0284364894491599 3.21532914030252 11.5294358171549
"etap[205]" 0.00569473980991982 5.58761927959339 0.0263402898885945 0.0369752243084011 -11.222959260566 -3.21529355435 -0.0301240547483649 3.21846841644278 11.4754565982366
"etap[206]" -0.00456351886125905 5.70125024295609 0.0268759513869047 0.037702578287958 -11.567489803115 -3.22133467810487 -0.0314299697559272 3.18778813730422 11.6924756296271
"etap[207]" -0.00592366180789538 5.71088165131275 0.0269213542813138 0.0419715597946218 -11.7144048616699 -3.20589543874399 0.021395371974607 3.21985590866186 11.5257829025662
"etap[208]" -0.034170100865663 5.7634937037631 0.0271693698750457 0.0407197269802264 -11.7302873517027 -3.28835342393326 -0.0393640112079191 3.15679517829454 11.8982785398734
"etap[209]" -0.0261735348019739 5.72391309233227 0.026982785083404 0.0387680845922953 -11.7416650996913 -3.27480816084152 -0.00261011258112685 3.2454653589819 11.4942670781395
"etap[210]" -0.0442039240493225 5.7091599732206 0.026913238212954 0.0399326600939773 -11.8039348245681 -3.26297561601631 -0.0407817493401021 3.20424980121436 11.4013734105094
"etap[211]" -0.00517547269223711 5.72420276521272 0.026984150614458 0.0387030144457678 -11.6433817899428 -3.23255112511761 -0.0175191686201823 3.25050445793886 11.5416598384051
"etap[212]" 0.0520235131625288 5.72794080440289 0.0270017719001894 0.0415039096982465 -11.6746202217363 -3.14407144357462 0.0697786012762508 3.23854695604979 11.7969419854176
"etap[213]" -0.00252000663456742 5.80786512455905 0.0273785387586171 0.0486795555728207 -11.5360235262517 -3.19456259615964 0.0104705000463854 3.20189168745189 11.5250820703158
"etap[214]" -0.0144235861557556 5.78180231143148 0.0272556774792883 0.0395875611387998 -11.7090903001502 -3.21356723005462 0.00281450045749397 3.19124912331117 11.6064299845843
"etap[215]" 0.0167022545200489 5.75443489781857 0.0271266662542935 0.0376657618315916 -11.505025476779 -3.19680380530043 -0.0487073356888819 3.2319529364406 11.7333500616611
"etap[216]" -0.0197195182965089 5.71937888294163 0.0269614106153544 0.0396850144055726 -11.725319237161 -3.22014070267672 -0.00831547747956364 3.20270364364895 11.5822514217182
"etap[217]" 0.0600983730140733 5.68460107757944 0.0267974664686452 0.0369646187248267 -11.5688262226056 -3.1119351249183 0.0424042630904127 3.26141055818022 11.6391093890892
"etap[218]" -0.00505227929732494 5.64719787796866 0.0266211460947595 0.0387342160478789 -11.4040915714786 -3.22466044919052 0.00576858024782565 3.19319002236335 11.4613302372931
"etap[219]" 0.0178660115205638 5.76333298801118 0.0271686122537256 0.0391777800623636 -11.5368215997905 -3.15692943558524 0.00196729787678393 3.19761873008151 11.7070154724368
"etap[220]" -0.00347640188619524 5.74124706666951 0.0270644982220626 0.0384551986929638 -11.7145931874154 -3.18745611707083 -0.0172258866729685 3.20730653115218 11.7011493314552
"etap[221]" -0.0443180062803511 5.63549834577859 0.0265659939711041 0.037519916363165 -11.6018109215106 -3.19103818098213 -0.0271477155949332 3.1938812002136 11.3603158466814
"etap[222]" 0.0199095653478298 5.75690718499837 0.0271383207278261 0.0415955500154121 -11.5475780120244 -3.23485306462992 -0.0183180757270928 3.24551852614863 11.7732925279634
"etap[223]" 0.00725650662286873 5.74645374705214 0.0270890427487694 0.0395377832490267 -11.7129191369268 -3.15854280466115 0.00354888273460068 3.20834421052828 11.5728721063287
"etap[224]" -0.00422368181600982 5.73479805029245 0.0270340972673145 0.038964096638329 -11.6913620979951 -3.19792313503773 0.0212143258749862 3.22398957450338 11.4158770268104
"etap[225]" -0.0434368407717016 5.8317037301059 0.0274909150228584 0.0419210005127574 -11.8750712160838 -3.29635694733998 -0.0447957335278687 3.22327389596731 11.594504269706
"etap[226]" -0.0087900029251171 5.72890757816969 0.027006329315432 0.0413694093883954 -11.6619420802156 -3.22453906253077 -0.0141651315407886 3.2275459707494 11.6030014725537
"etap[227]" -0.03810174783007 5.71350888913032 0.0269337391991578 0.0399797603027764 -11.7429675939733 -3.24899777939981 -0.0377273246869933 3.15826988580927 11.7029018428552
"etap[228]" 0.0453855166043176 5.76844465898582 0.027192708901788 0.0410705872405622 -11.7873259490414 -3.1530709742362 0.0293019361075172 3.28534768215643 11.6892957072206
"etap[229]" -0.0264189373499201 5.73846657670781 0.027051390866683 0.0398225211442695 -11.651155807999 -3.25232828881246 -0.0377714047169441 3.15660368976263 11.7073870670077
"etap[230]" -0.0150214008199208 5.71276107527519 0.0269302139708376 0.0389822243215692 -11.6046125671894 -3.21918727767469 0.00523778185913684 3.20417066434329 11.5544811197975
"etap[231]" 0.011178930859657 5.66562927568086 0.0267080325368198 0.0385337494578495 -11.3456271462577 -3.16036276197757 0.0145333298581886 3.16889071290853 11.6187732560061
"etap[232]" -0.00452264417406339 5.81010074496168 0.0273890775742628 0.0404420160215652 -12.0090065992045 -3.17813246240851 0.02089419019363 3.24404951927344 11.8963886011606
"etap[233]" -0.0426347617305467 5.71877354356612 0.0269585570181722 0.039263141334147 -11.5802761136724 -3.26041181843816 -0.0170550634348255 3.16426092608736 11.4990575352221
"etap[234]" -0.00499646776571348 5.74050379351901 0.0270609943988293 0.0375214143730392 -11.5917824743589 -3.24129295137645 0.0161210467919112 3.23077351487261 11.5897836584472
"etap[235]" -0.0371338737455791 5.76287104858214 0.0271664346503737 0.0425700402877577 -11.5162422370137 -3.25730803710266 -0.0457809729358799 3.18555452141974 11.7185745304292
"etap[236]" -0.0164387482305798 5.68772033194322 0.026812170774731 0.0391133726144608 -11.5470185277354 -3.21319632776867 -0.0211552671380134 3.23465183151932 11.585279869247
"etap[237]" 0.0619412059990298 5.71974804065862 0.0269631508415212 0.0422220489032701 -11.2403282220611 -3.15678713653502 -0.0109172072983927 3.19726442391815 11.7996994189755
"etap[238]" 0.0217433259627092 5.73403706545952 0.0270305099504096 0.0387681765638323 -11.5609494921169 -3.22078266279594 0.0170581813902327 3.23527684285994 11.7332953121816
"etap[239]" 0.0547679146562214 5.65160362651053 0.0266419149925606 0.0372698087406775 -11.4308877509496 -3.1780256072395 0.0136482529145325 3.24890419801239 11.6264878295534
"etap[240]" 0.0034715989166752 5.81297051443959 0.0274026057973179 0.0411779563374792 -11.8370154471787 -3.20282316071814 0.0196976733572874 3.24852084778856 11.763417078188
"etap[241]" 0.0103664742523608 5.76747330121704 0.0271881298773529 0.0406900113283839 -11.6135945656816 -3.21700541984328 -0.00570907286641222 3.19869648029522 11.8017325768524
"etap[242]" 0.00806580677930489 5.77885511668073 0.0272417842699968 0.042227442186007 -11.6253112500513 -3.23111905813063 -0.0128521354109264 3.23577938792066 11.8634695035759
"etap[243]" -0.0257785152597413 5.6472338334567 0.0266213155905555 0.0373942528126535 -11.5869072112058 -3.21026692802507 -0.00938916286627179 3.22291688014646 11.2826846333577
"etap[244]" 0.0432842355362151 5.71817094937937 0.0269557163619338 0.0373478563487839 -11.604846939347 -3.18405500043229 0.054746913476634 3.26279359102629 11.7522702752926
"etap[245]" 0.0136627236897694 5.68841406621899 0.0268154410694693 0.0371559660853555 -11.5065558337296 -3.22378909127558 0.00438807710620576 3.23074221274171 11.6185970556022
"etap[246]" 0.0674991728222947 5.69687156578725 0.0268553101047799 0.038717383874301 -11.3922280759964 -3.14754768991922 0.0308790072359668 3.24914616053929 11.8336405718838
"etap[247]" -0.022492034577683 5.68468649631085 0.0267978691364066 0.0427506721676325 -11.3691037721567 -3.19195877318613 -0.0332195835099844 3.14980036469574 11.5775710255351
"etap[248]" 0.00960151701771652 5.74498242580911 0.0270821068739144 0.0367536121043008 -11.6354102422707 -3.24359114447984 0.0220535440850241 3.229937291314 11.7244541546447
"etap[249]" -0.0160701697540547 5.71028953167087 0.0269185630025535 0.0376241143614057 -11.5036068976744 -3.23056676574639 -0.050837129625514 3.1957476337097 11.5349906858938
"etap[250]" -0.0436722920461996 5.71186556822287 0.026925992510109 0.0384154257183199 -11.8023363985295 -3.22668490997309 -0.032884707051939 3.15839259719269 11.6193315964659
"etap[251]" 0.0104717553793551 5.76451081219819 0.0271741645701901 0.0412025192327197 -11.6325810658403 -3.23691489205085 -0.00266468814229325 3.23910208665237 11.7295507204767
"etap[252]" -0.0559524629406952 5.83084782981538 0.0274868802701955 0.0422547651698292 -12.160300696721 -3.25652143996362 -0.0211297378178332 3.21108725508916 11.7122584466154
"etap[253]" -0.026391277975911 5.79449153519247 0.027315495053751 0.0403523282251167 -11.7921233789123 -3.2633609203859 -0.0358034879976436 3.18768964317474 11.64229237037
"etap[254]" 0.0090210422592059 5.7405479888588 0.0270612027376591 0.0391389719886242 -11.6416979027586 -3.23977753391235 0.00502387111753555 3.2747706702076 11.5659279756289
"etap[255]" -0.0327128957770277 5.71188906298729 0.0269261032654906 0.0365460109560851 -11.8921069368962 -3.23983254923384 -0.0219557103291204 3.22206868201511 11.5151694473467
"etap[256]" 0.0283654126075485 5.66935231605314 0.0267255831174456 0.0391189003920541 -11.4762513501731 -3.19522638711328 0.0374422924656801 3.25504401690122 11.4786263267454
"etap[257]" 0.00953570865276956 5.73253510610048 0.0270234296460906 0.040946563060058 -11.7783369063326 -3.22702089971546 0.00373949172286044 3.24436028827573 11.5031005024432
"etap[258]" 0.0362607798752202 5.66607681378038 0.0267101422516532 0.039369334354324 -11.3325505876793 -3.1735946364108 0.00427916945144558 3.21013718180084 11.7210487587278
"etap[259]" -0.0200314230756127 5.75172814936856 0.0271139065197338 0.0399397854108296 -11.7831722921557 -3.23925214097523 0.00566455550814975 3.2346026255359 11.6226406972105
"etap[260]" 0.0261186077286072 5.73736383646003 0.0270461924993023 0.0373571313607241 -11.537920993041 -3.18837895502298 0.0119707317152639 3.27216731885898 11.7617335809861
"etap[261]" 0.0681782948365572 5.70537639632719 0.0268954022604308 0.0408839951957492 -11.3961725184809 -3.18661882594705 0.0285489917328096 3.25669367583691 11.7853165227206
"etap[262]" 0.00741437079227192 5.74584123116789 0.0270861553212005 0.0385846294893404 -11.7955936421811 -3.18489373086501 0.0140135713010565 3.21336220567136 11.7742430540276
"etap[263]" 0.0669448227652836 5.71131496067921 0.0269233969212563 0.0380973264608346 -11.4569113527697 -3.17805759072689 -0.000358763206165244 3.27569769467122 11.8626885062931
"etap[264]" -0.00113844765986276 5.74463386347355 0.0270804637353068 0.0380651304770248 -11.730755692764 -3.24787776400873 0.00180101028387155 3.2334815674186 11.6435212878957
"etap[265]" -0.010350096105117 5.74198812610117 0.0270679916097252 0.0402062224138308 -11.7702685236001 -3.22950434259608 -0.0243669238445872 3.2240279946226 11.6448043464823
"etap[266]" 0.0211578718655463 5.6366033394389 0.0265712029611733 0.0385859908820822 -11.4972554325124 -3.13134940829142 0.0252045861603034 3.197072054881 11.5652591959561
"etap[267]" 0.044326408822379 5.74706777456293 0.0270919373022142 0.0400274947956549 -11.6610366694477 -3.19297802764026 0.00220255234154031 3.23550261876256 11.7008852005788
"etap[268]" -0.0478493944672369 5.78299057795198 0.027261279021385 0.0394639090252913 -11.9939116276875 -3.25536678348622 0.0119653997032834 3.25388211646941 11.480214353187
"etap[269]" -0.0414317368748909 5.69053587501685 0.0268254433720649 0.0385441183805975 -11.654431067986 -3.2522818129511 -0.000911364295201831 3.14942166169977 11.568567112251
"etap[270]" 0.038976043825873 5.71822744790825 0.0269559826985531 0.0404078248443977 -11.4357618520468 -3.17111610285128 0.0348363832691755 3.19447816069947 11.5932117693864
"etap[271]" -0.0110696809883966 5.74561182325259 0.0270850738819167 0.0389153471755342 -11.4463445921578 -3.24489480899928 -0.056226641325941 3.16935036316195 11.8382571711495
"etap[272]" 0.00862245725050675 5.76079162683317 0.0271566321622428 0.0394418221400706 -11.5818769166012 -3.23879031402141 -0.0395137170710282 3.21661584865409 11.89354446374
"etap[273]" -0.0151724495224844 5.73588893690131 0.0270392397561054 0.0382351050538246 -11.646865648591 -3.20880376652116 -0.0015835616679497 3.24823702178994 11.3833926395239
"etap[274]" -0.0467697926573441 5.76178435266485 0.0271613119166924 0.0417410088299848 -11.8022444227106 -3.28275406757229 -0.0515452158144177 3.20854308565756 11.5571071205365
"etap[275]" -0.00686586413584899 5.69804688063198 0.0268608505920915 0.0396360783552398 -11.6008008347344 -3.22107926120321 0.0174164311394817 3.18397522549244 11.5331605281643
"mean.p0" -0.917501326283042 0.332795738374743 0.00156881415569843 0.00420884065883415 -1.63504708713443 -1.11565085614414 -0.899957111047363 -0.699367415464499 -0.30807476275133
"mumup0" 0.953144089995252 0.0208900157074061 0.0000984764784386687 0.000184849736508106 0.906491993722964 0.940667341861511 0.955459295756191 0.968177232135356 0.986823873100465
"mupsi" 9.11698881177881 1.37971694518248 0.00650404805371011 0.0100784120826661 6.57613234730433 8.15338218526445 9.05649690765322 10.0287568431619 11.9716825688784
"ppo[1]" 0.235699524824853 0.107462592521201 0.000506583519304188 0.00142075619057282 0.051753300794464 0.155333236341756 0.231361018489421 0.306800051801545 0.465169590121331
"ppo[2]" 0.191621634172031 0.115043790013902 0.000542321627014874 0.00227214230547215 0.0200875485015587 0.102288913001519 0.178524491877937 0.26811601463167 0.432778688683393
"ppo[3]" 0.296797973427281 0.114432253740135 0.000539438817374063 0.000867313303296514 0.0963777329337429 0.217646084836721 0.288932929797591 0.364299177264695 0.552708339547449
"ppo[4]" 0.296212788537137 0.114125782408551 0.000537994097662045 0.000830774184405668 0.0976569241700842 0.217190995148595 0.288821264861255 0.363186123623505 0.550627813195214
"ppo[5]" 0.237212179929978 0.107210185001258 0.000505393658844361 0.00151128548245857 0.0532386797906875 0.156351050654976 0.2336906712611 0.308394254409278 0.463970896194117
"ppo[6]" 0.295343929565588 0.11454325408099 0.000539962077998945 0.000827708428446572 0.0953517405672255 0.216461626430446 0.287966348498537 0.362976014506231 0.549832905729717
"ppo[7]" 0.490926484297516 0.156546608049862 0.000737967787492068 0.00334837971172258 0.238992076523422 0.366129545804271 0.477756260907185 0.601839935051329 0.814375781601741
"ppo[8]" 0.295675733206514 0.114786877054543 0.00054111052770996 0.00089902003812092 0.0961852428106983 0.215682195301256 0.288507184839916 0.364050097126073 0.549390312249036
"ppo[9]" 0.492934286439801 0.156534959091323 0.00073791287377489 0.00308397554918286 0.241142290129092 0.368792850310481 0.47871245358074 0.603572023592647 0.817961102123288
"ppo[10]" 0.237333348774053 0.10725224210523 0.000505591917933796 0.00145402557336154 0.0530691323914081 0.157335134145038 0.233112072414063 0.308002806056457 0.465207562374684
"ppo[11]" 0.295366952877198 0.114796295307695 0.000541154925781096 0.000915865502343061 0.0948803050331648 0.215363345828858 0.288116630769322 0.364340257338747 0.551892576620471
"ppo[12]" 0.359289152036088 0.125355553439318 0.000590931745975564 0.00121506768511169 0.146643642938738 0.272104880392558 0.343082728463636 0.435381495099567 0.640169650642171
"ppo[13]" 0.190527547615187 0.112656511881206 0.000531067889973491 0.00219914137844778 0.0203995205539718 0.102425017398514 0.178348639696407 0.266490596853717 0.427350004466306
"ppo[14]" 0.358103455028979 0.124821089462441 0.000588412258626566 0.00111516310440747 0.146249458267619 0.272055063555185 0.341991141908175 0.432742876403292 0.639512294485243
"ppo[15]" 0.424287763553111 0.139368709259448 0.000656990396017148 0.00215624246196812 0.197449510989626 0.318728774076404 0.406163719525582 0.515878958990392 0.729398503636724
"ppo[16]" 0.236200705170353 0.10716037554232 0.000505158854803143 0.00148806469225958 0.0541189451962939 0.155281463585015 0.231441607315006 0.307951455433563 0.460991684329273
"psi0" 0.999742191116462 0.000440579229413815 0.00000207691040512302 0.00000305019628720464 0.998608710974451 0.999712322329488 0.999883382770552 0.999955888981546 0.999993679352397
"sdeps" 0.82372548445606 0.449745821823509 0.0021201221361448 0.0135112742979251 0.0554324687976689 0.520100139589108 0.78923064733015 1.07587191653849 1.82025804777387
