"Mean" "SD" "Naive SE" "Time-series SE" "2.5%" "25%" "50%" "75%" "97.5%"
"N" 10.6337333333333 1.10315114047027 0.00520030434733468 0.0272258580539157 10 10 10 11 14
"betapsi[1]" -1.37960748208137 3.51767462919241 0.0165824772287322 0.0644330693697652 -9.20612391647186 -3.46022845943453 -0.570031286261902 0.555738312711004 5.11424673948324
"betapsi[2]" 0.380447685158608 2.54448433359562 0.0119948141793893 0.018356977254623 -4.36837337824069 -0.991238856215535 0.108798322059625 1.54038304063356 6.28753495133086
"betapsi[3]" 0.339293293724384 2.55913080138877 0.0120638582907024 0.0185586909423997 -4.49679246456622 -1.01094558497915 0.0869204233092741 1.50220651855116 6.33924010539596
"betapsi[4]" 0.388402631211862 2.64110483107347 0.0124502875725107 0.0198052659354459 -4.49665587808931 -1.01198430793986 0.100352167581183 1.537629979286 6.67456856759198
"betapsi[5]" 0.367124738112462 2.54442804396029 0.0119945488275036 0.0204906857432957 -4.39965170241022 -1.0000299923413 0.102458677217083 1.51568423334837 6.40239502517296
"betapsi[6]" 0.366747480842934 2.58006914953036 0.0121625626104209 0.0183593184851271 -4.44721132784383 -0.990307148367638 0.0906183890309425 1.50269736207285 6.54992291873967
"betapsi[7]" 0.386647819998065 2.59959523582479 0.0122546094639463 0.0200521244023268 -4.52836685202511 -0.97885098339844 0.102173605024306 1.54675984273124 6.57210521419154
"betapsi[8]" -1.42526078338213 3.48342286003283 0.016421012840463 0.0634403095055417 -9.10403153384652 -3.50533508524572 -0.608639727570714 0.50279024636499 5.01497703702951
"betapsi[9]" -1.39336229385113 3.51162000949294 0.0165539354777522 0.0643974543477592 -9.18622051928329 -3.46698633298149 -0.588337357036499 0.5330963628302 5.08363534451094
"betapsi[10]" 0.385409119912773 2.58086402093598 0.0121663096701614 0.0199033107329847 -4.43960833088499 -0.995342575161965 0.100601391275096 1.52809696096152 6.58985822420756
"betapsi[11]" 0.371294958299982 2.56470808232547 0.0120901498451753 0.0190375141924676 -4.44108668972351 -0.981794878009624 0.0908868855123337 1.52745281109644 6.49035968755819
"betapsi[12]" 0.388014003329755 2.57838278415781 0.0121546130078176 0.0185704903931977 -4.45700905242782 -0.977504115401028 0.105192965855212 1.55520297197933 6.55932981892668
"betapsi[13]" 0.364663995933167 2.58077693982407 0.0121658991658631 0.0197929126488474 -4.47064008935301 -0.998859614787661 0.0896457604836016 1.51965390378805 6.50724431303231
"betapsi[14]" 0.367971473556898 2.57405382436811 0.0121342060956657 0.0177628986938931 -4.49793788281663 -0.987590271885025 0.0885783601060166 1.51300727147489 6.51131545191734
"betapsi[15]" 0.391653642023686 2.58882403680719 0.012203833544834 0.018607584148494 -4.49004623572313 -0.969016141776577 0.113940480183398 1.56275758327277 6.59409074648473
"betapsi[16]" 0.375453813577053 2.586013111649 0.0121905827165622 0.0196706431399883 -4.47974104393355 -0.9895164746857 0.104117199711079 1.51923046546895 6.52673255116195
"etap[1]" 0.0116445542608259 3.97991885580017 0.0187615174100567 0.0717431971280941 -8.32174779823503 -1.93096148242195 0.0889287071996984 2.06954910609469 7.82996004901476
"etap[2]" 0.175444955158867 6.47379570960014 0.0305177656418309 0.288348672874179 -12.2385713441281 -3.49875030121611 0.0339118176010666 3.606759088077 13.4231833101208
"etap[3]" 0.19503692886819 6.5210585886264 0.0307405649902167 0.297628364345407 -12.2548886882626 -3.47232669106978 0.0027805190217504 3.6251643853074 13.4798771094453
"etap[4]" 0.204910430051584 6.58318066652276 0.0310334112738295 0.289773163377742 -12.3941216812062 -3.44683561861632 0.031349445243358 3.65162456569462 13.7635347234385
"etap[5]" 0.185261667652815 6.5452427361943 0.0308545701551666 0.304603499559907 -12.3419687587368 -3.49654643706446 0.00941188789087517 3.62944915834605 13.5966833079183
"etap[6]" 0.0273814997237511 7.01353716107394 0.0330621312446615 0.298275986941435 -14.203768282288 -4.14113988239353 0.211434908215263 4.5307771003239 13.0324580261527
"etap[7]" 0.0172402284243167 3.97679986048919 0.0187468143251575 0.0714680124720181 -8.16624489502053 -1.93298366472062 0.0856393173477858 2.04387476676015 7.98088114845364
"etap[8]" 0.177074581107092 6.45535562366443 0.0304308382430922 0.291042549981676 -12.263447971076 -3.47104373309979 -0.0126293612986117 3.57669823078404 13.6293845965046
"etap[9]" 0.190694876850056 6.50665426068974 0.0306726623371337 0.296757945167818 -12.3940070659882 -3.50293987033448 0.031367380121897 3.62610990596885 13.6359597114048
"etap[10]" 0.182541514501946 6.39445847787187 0.0301437663447934 0.292239974604157 -12.2069289323794 -3.46880065967892 0.0237624679478697 3.56780004356203 13.5020318952843
"etap[11]" -0.194121267485723 7.77099306070115 0.0366328125985026 0.214127814794742 -15.6225310435876 -4.81932406296994 -0.105567957361731 4.67429139272252 14.6490542238847
"etap[12]" -0.221347033769703 6.93807302181878 0.0327063898806367 0.117841255964942 -14.4092160026158 -4.18401598910814 -0.139045593115219 3.86309878126821 13.2943213437529
"etap[13]" -0.112868367520822 6.67520515127571 0.0314672188551895 0.0599175188578372 -13.4538670602389 -3.84329777906549 -0.125813251657913 3.60704177839247 12.9824553398474
"etap[14]" -0.0740162504862373 6.48892329211635 0.0305890777496987 0.0481516350279335 -13.1084381992677 -3.66231313753356 -0.0417631967904517 3.57734645970312 12.82129123749
"etap[15]" 0.0265721430722464 6.52049233703692 0.0307378956546248 0.042818005625773 -13.1558167088018 -3.52347860359839 0.0295146732341067 3.65360678131458 13.0234039829407
"etap[16]" -0.0975395309904684 6.58547290303086 0.0310442169803559 0.0417975295927435 -12.9822920347954 -3.69283834480439 -0.108146114247398 3.54204894726383 12.8111571114001
"etap[17]" -0.00184280634625296 6.47692338091962 0.0305325096258264 0.0414037713809638 -12.9752372136191 -3.56273737426321 0.0492856356467888 3.58457399439632 12.7467856857029
"etap[18]" -0.0488996056056831 6.39223371501792 0.030133278712123 0.0409477017984365 -12.9480747976872 -3.62824683331991 -0.0363264550446941 3.54335690783373 12.6665756630101
"etap[19]" 0.00400810122168669 6.52334020872524 0.0307513206505099 0.0466344657205402 -13.0534893372939 -3.52217696422442 0.0134267371141923 3.6106732226125 12.9774708109911
"etap[20]" 0.0521356770138053 6.49480550539466 0.0306168067690153 0.0395883844427257 -12.7742489401629 -3.50126781260632 0.0536380055224581 3.55329135807844 13.0172348218457
"etap[21]" -0.0220868530523907 6.56120991471454 0.0309298401565538 0.0415007941048396 -13.2353562709702 -3.59812258619442 -0.00504923017301383 3.53263623755833 13.0856007263455
"etap[22]" -0.0060475103649392 6.45974833452078 0.0304515456806543 0.044320973518872 -13.0422389057205 -3.55351848042511 0.0203720895932044 3.56574444021843 12.9761397142783
"etap[23]" -0.00348942433379253 6.39869035874078 0.0301637156225239 0.0386442411374544 -13.0761501418938 -3.54074732822925 0.0102293896796708 3.55186917845055 12.9974757391288
"etap[24]" -0.0752878126935148 6.40628886219186 0.0301995353113048 0.0376565919551995 -13.1476143126798 -3.54923595816714 -0.0201004193941478 3.52126880883769 12.4987523194239
"etap[25]" 0.050175840340272 6.46985027685429 0.0304991666935022 0.0431419840260788 -12.7138924667962 -3.53353178515931 0.0260868945001227 3.61359025216864 12.8859323174624
"etap[26]" 0.0207910462395879 6.40937099322289 0.0302140646163217 0.036382510772975 -12.7020603327229 -3.52497303948704 0.00317562973174717 3.56006968993195 12.6757366929485
"etap[27]" -0.0183210762561713 6.51348151077022 0.0307048463026588 0.0407610088271778 -12.8865898272383 -3.61164759788986 -0.0376347823342783 3.53184258967136 13.0493367933101
"etap[28]" 0.00562609080612139 6.44684271908573 0.0303907080260576 0.0422919771229929 -12.8921786040676 -3.54691504938305 0.0259030014111649 3.61496229725355 12.8188639144359
"etap[29]" 0.015913832201104 6.52847844997275 0.0307755425520398 0.0399843032909814 -12.8365135369135 -3.5660541072604 0.0123274704446839 3.58186025288473 12.9599409229468
"etap[30]" -0.0592463193672621 6.50550554029665 0.0306672472172694 0.0454089032218973 -13.2618385663593 -3.63106647866313 -0.0232684195054008 3.54668547966783 12.9593676265894
"etap[31]" 0.0113412893179279 6.52873178406768 0.030776736780416 0.042003356016751 -13.0998801642931 -3.59544623799652 0.0195940426197245 3.59153108936731 13.1228566651551
"etap[32]" 0.0323354817647114 6.49796007539385 0.0306316775546029 0.0429895596515025 -12.9618895149366 -3.5493785901926 -0.0125142170311119 3.5814392680565 13.1753814570728
"etap[33]" -0.103361857931553 6.37552438747901 0.0300545101867108 0.0409907842406005 -12.7908499391829 -3.70440848093748 -0.0752666801494648 3.50941520677641 12.4558693562699
"etap[34]" -0.0443893783835358 6.45101743429126 0.0304103878222666 0.0408826367664915 -13.0833160402287 -3.59468270057589 -0.0435172265682462 3.50556903108821 12.8313760862433
"etap[35]" -0.0669591236259562 6.40817893486464 0.0302084451993305 0.0446467171183677 -13.1507678365222 -3.60482896674818 -0.00700290653175735 3.55128697726042 12.6942320812596
"etap[36]" -0.0244029844120323 6.56701399358561 0.0309572008467422 0.0429717260126081 -13.1289577818812 -3.58726183780766 -0.0305445008859578 3.53126108296576 13.0959267437725
"etap[37]" 0.0227731008796733 6.53761408119478 0.0308186083306233 0.0417661359808119 -12.9684091080155 -3.5760814667029 0.00457889146340913 3.59511791854823 13.1039921318512
"etap[38]" -0.015993683078387 6.59231307729209 0.0310764618710533 0.0377284106475798 -13.2474219208381 -3.6328999250941 -0.0498549531100665 3.54729575140075 13.4512391247844
"etap[39]" 0.0183451773217851 6.35630686094862 0.0299639178978623 0.0421241784133694 -12.6803449195363 -3.50695023372415 -0.0145798550140165 3.47314181144595 12.832025640427
"etap[40]" 0.00637772764886846 6.53885920539283 0.0308244779023823 0.0427157141281257 -13.0024634935777 -3.58966598221752 -0.00770533646117372 3.58480267132637 13.0819841358161
"etap[41]" 0.0275966932648025 6.65531019632969 0.0313734331381647 0.0423708432061861 -13.060467902206 -3.5957809550926 0.00948280204331389 3.59825949337301 13.2032909050614
"etap[42]" -0.0546705477175976 6.42501028183523 0.0302877889298599 0.0400014096893816 -12.8284477917411 -3.62681465916278 -0.0945843433028653 3.4678365943329 12.972177037502
"etap[43]" -0.0584981332896404 6.57106287132609 0.0309762874394522 0.0400918966054721 -13.0826883150753 -3.6624818223517 -0.0773754577868462 3.55720945789575 12.9759880221717
"etap[44]" 0.00577443264181595 6.48327687099919 0.0305624602652895 0.0375247334210754 -12.9364857695445 -3.57681856235984 0.0172933689978972 3.62213521656979 12.963226872614
"etap[45]" 0.0331133298372875 6.51531926799098 0.0307135095732787 0.0411566967910666 -12.9961039677316 -3.55307376050674 0.0267571874917002 3.61286977514985 13.1759981323098
"etap[46]" 0.0266583053227195 6.57243630422612 0.0309827618642329 0.0467697928345353 -12.7632242398568 -3.52143734100758 0.0172964809420648 3.54853756532874 13.0386524716218
"etap[47]" -0.100693514309876 6.63999770931709 0.0313012493821417 0.0452696819503969 -13.3443121101097 -3.65170295963723 -0.0584370533879348 3.51372459775609 12.7197310595671
"etap[48]" -0.00245667960028896 6.53434136196383 0.0308031805842158 0.0432818147987876 -13.1890216240792 -3.5731557625748 0.0398380913084216 3.59335638865062 12.878015865322
"etap[49]" 0.072477706336571 6.51233572417556 0.030699445012853 0.0433058058183165 -12.6896050151391 -3.51233428432034 0.032614930694982 3.60165175407885 13.0808237852214
"etap[50]" 0.0423613314391117 6.42023455076093 0.0302652759176748 0.0410686061816053 -12.6359356937315 -3.57399909866902 0.0249695495101175 3.57798041947483 13.0155312980872
"etap[51]" -0.0310003001255137 6.46646906378796 0.03048322750225 0.0419393524380882 -13.1857216434194 -3.60307554700927 0.0219345718259986 3.57306643632449 12.8511697462982
"etap[52]" 0.0713024660941136 6.54795121584758 0.0308673380506968 0.0411290784290161 -12.9624425799865 -3.53737804796994 0.0669635858554957 3.66738473301987 13.0508847742387
"etap[53]" 0.0676322153059334 6.55559114625376 0.0309033530280168 0.0412868781143812 -12.9800850333665 -3.50571230835796 0.0281468552106223 3.65272469251529 13.0046970691852
"etap[54]" 0.0397176167148156 6.55435181924787 0.0308975107844837 0.0426617292287309 -13.1233870975197 -3.47435729755183 0.0786166330792033 3.63570741287169 13.1090875450565
"etap[55]" 0.0930768543223238 6.50307640980081 0.0306557961862962 0.0435486811728066 -12.6280966506427 -3.52683112910079 0.0562770698724727 3.69883678596482 13.3676450410932
"etap[56]" -0.00433527879962063 6.42687633096985 0.0302965855698407 0.0374589603508304 -12.912807185524 -3.5194944767256 0.00725008878868105 3.55335023952348 12.7739679210179
"etap[57]" 0.0225602503233132 6.53919484915733 0.030826060142262 0.0395609236499518 -13.1122966033765 -3.61555888814611 0.027783587953252 3.60559854142075 13.1060394175489
"etap[58]" -0.0789390649540589 6.39125304031959 0.0301286557672608 0.0379951003406611 -13.0064005736087 -3.62539191687859 -0.063787744626344 3.46725317709751 12.7469452657295
"etap[59]" -0.0563264272716219 6.62253211926626 0.0312189158010593 0.0378261823656145 -13.4081155469221 -3.61925153960742 -0.0115820066982902 3.55442594707472 12.925034089953
"etap[60]" -0.0513644965858308 6.40818946288935 0.0302084948289149 0.0374197930439742 -12.8914415777141 -3.58897258169327 -0.0269173161764132 3.49554407658961 12.6770707381248
"etap[61]" -0.0524522093906516 6.50000214282556 0.0306413039527936 0.0415008104790587 -12.9892593819826 -3.61960496817094 -0.02558697207152 3.54793457874628 12.7846853675231
"etap[62]" -0.0208571994124543 6.54366836537353 0.0308471484999434 0.0442165021342192 -13.131139837241 -3.6442032111601 -0.019765189505127 3.58254632698832 12.7980815365001
"etap[63]" -0.000172273404506781 6.47173366430429 0.0305080450670855 0.0413931791234944 -12.8664663729952 -3.57424086137206 0.00132810540183497 3.54154544486236 12.9930491596226
"etap[64]" 0.0298411788607011 6.55813299204044 0.0309153354039668 0.0485497540009823 -12.9219283924907 -3.50174060383824 0.0333891649709112 3.56166785338738 12.8448320888437
"etap[65]" 0.017356812675039 6.42704152964906 0.0302973643238827 0.042241819288624 -12.8879571809804 -3.54995072119194 0.0110143164261064 3.55657731432634 12.7721958733587
"etap[66]" 0.0308880687293232 6.48729228928694 0.0305813891286266 0.0429684410374275 -12.7323963056565 -3.57474177988586 -0.0232280908849917 3.58922699574122 12.9777906550166
"etap[67]" 0.0526495292310095 6.49354704177377 0.0306108743146139 0.0441959899077479 -12.7075493162284 -3.51795950453088 0.0700928249658171 3.61124058318613 13.1043894706688
"etap[68]" 0.0412055642845004 6.46692917882166 0.0304853965053197 0.040981615211195 -12.882114784785 -3.55142048965805 0.0102627760088984 3.62498044085231 12.9196114745706
"etap[69]" 0.0621422222281962 6.5323405305593 0.0307937485745214 0.0406772105625838 -12.9069258882554 -3.50645481063038 0.0662302058552997 3.61901816762776 12.9656802009858
"etap[70]" 0.0666684628637982 6.4988917528405 0.0306360695242057 0.042700850511552 -12.9666980305788 -3.45646618293927 0.0506223452690127 3.60129607110073 13.0134951086062
"etap[71]" 0.0411999284695119 6.52024181499966 0.0307367146824156 0.0429094274483845 -12.82646699147 -3.56417606117735 0.00984076318549124 3.57265099759656 13.0957648692059
"etap[72]" 0.0338832533766828 6.53244886760105 0.0307942592802339 0.0445737462299209 -13.0353606818783 -3.53713264965066 0.0266201659081997 3.59860607292831 13.0101575159858
"etap[73]" -0.044909610750227 6.49120519803907 0.0305998347573786 0.0413008583515434 -13.0727313695686 -3.63220170517364 -0.00720949282024775 3.61109290170831 12.885380457733
"etap[74]" -0.0272980192648011 6.42420114185263 0.0302839746074024 0.0427923032942436 -12.7768329976306 -3.59653233014614 -0.0304541397840927 3.5506863911281 12.8023167712051
"etap[75]" -0.0417337195673749 6.44152329192725 0.0303656320059523 0.0432626245094129 -13.0388038080838 -3.59215117983869 -0.0269802017225426 3.53073207105862 12.7104750466267
"etap[76]" -0.0378084112397352 6.56750843360699 0.0309595316593556 0.0372901349537493 -13.2937149395115 -3.61953390063215 -0.0267288825376253 3.57115693785435 13.1209708837874
"etap[77]" 0.0315036553127985 6.56499539194713 0.0309476850673617 0.0417795085036461 -13.0712054378324 -3.53182282569405 0.0233601585099474 3.57944211756263 13.0479399155643
"etap[78]" 0.0212292466156489 6.48920886998221 0.0305904239766688 0.039975678376074 -13.0555217311355 -3.52229615591389 0.0247233501631626 3.5860522385248 12.8910776265511
"etap[79]" 0.0729540926832827 6.46576819549074 0.030479923577412 0.0398126294735221 -12.7759148998065 -3.5059590664352 0.0530836029171565 3.56195283911067 13.1640489663915
"etap[80]" 0.00765740512167311 6.53104110100272 0.0307876230048472 0.0412232919657041 -13.12623568827 -3.52237958675138 0.0201332646858489 3.63526435499362 12.8801429527245
"etap[81]" -0.0698808720341504 6.43243659699361 0.0303227969152447 0.0388197432259119 -13.0533363437124 -3.60998403338158 -0.0127659354941411 3.52953827070571 12.5732126481167
"etap[82]" 0.0946115835311707 6.48229767860193 0.0305578443080616 0.0381878311100717 -12.8276120393366 -3.49769911026758 0.0760610724759111 3.65598350600116 13.0596076368483
"etap[83]" 0.0238557425105885 6.49639154250244 0.0306242834196427 0.0419031752456475 -12.9439495690477 -3.56993591071488 -0.0190712411282912 3.59083635432361 13.1535735896535
"etap[84]" -0.0609811864867165 6.46904236593984 0.0304953581649275 0.0407958038934828 -12.9875707518054 -3.63263975723093 -0.0259376835367257 3.53685341746685 12.7812590272229
"etap[85]" 0.0491057308957874 6.50717245321437 0.0306751051201212 0.0409685701381655 -12.7641095070857 -3.56918092411134 0.0274037687754925 3.63038753749583 13.1947660365626
"etap[86]" 0.0727689431896089 6.49803165991201 0.0306320150072577 0.044683267480222 -12.7094897166152 -3.54173290445323 0.0462371614452269 3.64082950374267 12.9635837850163
"etap[87]" -0.000133643958203628 6.50240510772586 0.0306526316379667 0.0445185469807953 -12.9026699707745 -3.59602609777879 -0.00958934181272526 3.57023165447484 13.059557619151
"etap[88]" 0.0125053638302919 6.52504042374686 0.030759335540985 0.0402840213496455 -12.9505303032209 -3.55344827503923 0.00760576435084591 3.61016769499675 13.2044881214683
"etap[89]" -0.00237103794992128 6.50372663872394 0.0306588613948353 0.0401023005306364 -12.8275482531737 -3.58783580342727 -0.0167424767798665 3.55528136130428 12.9181393354693
"etap[90]" 0.0182171592642544 6.47941858242258 0.0305442721185142 0.0410759997019078 -12.8358950300577 -3.59687419333472 -0.00373464202495803 3.58770715832122 13.166980877878
"etap[91]" -0.00643269344256974 6.6104262360799 0.0311618481204371 0.0443121132813265 -12.9914605930691 -3.60982024877364 0.0169810033634151 3.59072966032628 13.0135358330693
"etap[92]" -0.0241309500133117 6.54947127069145 0.0308745036579493 0.0410103480243464 -13.1754757305966 -3.61102783581278 -0.0494539519820096 3.56038898964619 12.9529937834697
"etap[93]" -0.0242318147863695 6.47197106096017 0.0305091641656536 0.0418029118212545 -12.9460664579001 -3.61401109577383 -0.000588411315755201 3.62524481916063 12.8217218975523
"etap[94]" 0.0207518987320457 6.50521490099776 0.0306658771304753 0.0411087021246388 -12.8982859725144 -3.55104819213398 0.0112804901516824 3.64557592385092 12.8798199202351
"etap[95]" 0.0116918841196269 6.54382456327323 0.030847884823904 0.0456504211753671 -13.073731890536 -3.56831167591966 -0.00791911553045348 3.58531122111447 12.9107478000994
"etap[96]" -0.0109000476354102 6.54539722864966 0.0308552984395854 0.0402572872922513 -13.0315808620839 -3.59492693750322 0.0235479190552166 3.57251587768445 13.0250055561015
"etap[97]" -0.0253733883606263 6.44365042829542 0.0303756594229553 0.0401394954771734 -12.8780934610002 -3.58166558364471 -0.0367637612934827 3.57223058661118 12.7270406601446
"etap[98]" 0.0494625545906043 6.54629177533762 0.030859515373113 0.0434480303057112 -13.117159539652 -3.53148757353351 0.0629722879185102 3.61222602972867 12.9899833714604
"etap[99]" 0.0524396311049824 6.37990288864227 0.0300751506391373 0.0384990645723854 -12.7761965667468 -3.49435226620629 0.0391783459791569 3.5716671388754 12.8855425620793
"etap[100]" 0.00804397871965655 6.51046928425463 0.0306906465306879 0.0386749456349525 -13.133465779195 -3.54869882801145 -0.000831265011105511 3.57819711836824 13.0280577146932
"etap[101]" 0.0201756860969392 6.53739874353822 0.0308175932191753 0.0405200890089573 -12.9067668967668 -3.59676567708986 -0.0234579341212053 3.55591198944946 13.2337861114722
"etap[102]" 0.0318637368335332 6.50441117733088 0.0306620883407749 0.0391825639502134 -12.5731436767258 -3.51275659564569 0.0370519762525734 3.60834155485351 12.8305256694993
"etap[103]" -0.0268115623296925 6.50435907874859 0.0306618427457028 0.0399977114735834 -13.2121200801943 -3.54517513639071 0.00887944354158302 3.52842779152436 13.1484016238081
"etap[104]" -0.0202151375552326 6.34868597719841 0.0299279927073396 0.0388299604573118 -12.6472647902199 -3.5718550687103 -0.0312355978626037 3.54597688767416 12.7680801776635
"etap[105]" -0.034883757939535 6.44524685695049 0.0303831850598065 0.0416687120921736 -13.0089775602579 -3.58120282787882 -0.0148152168244053 3.52841176513408 12.7780093645731
"etap[106]" -0.0499871678409056 6.49984277828542 0.0306405527011469 0.037922201536632 -12.8358695934409 -3.56467794674867 -0.0111775400197928 3.51837418934496 12.81129706609
"etap[107]" 0.0432844887266962 6.45722758415079 0.0304396627494523 0.0433861535851913 -12.5715904428726 -3.51605814730642 -0.0136291043506369 3.5735870880784 13.1177847556919
"etap[108]" 0.0126921305910321 6.48372979519843 0.0305645953704405 0.0391407847974976 -12.9500540126703 -3.5524135187016 0.0303373947006952 3.604900741283 12.8955417496497
"etap[109]" 0.00079896791841115 6.52350164113932 0.0307520816502079 0.0373876968837173 -12.8277228092677 -3.62602459280702 -0.0214058121685316 3.61603040022164 12.8879762744801
"etap[110]" 0.0430967285996972 6.54974651186314 0.0308758011572758 0.041979383925742 -12.8854412415779 -3.52898380097845 0.039509595290519 3.60782099628082 13.0233477036621
"etap[111]" -0.0518701828684299 6.40638751427664 0.0302000003616923 0.04374424384495 -12.9326352930519 -3.55980845862801 0.000155858380061748 3.58000207171694 12.5190260287387
"etap[112]" 0.0998159421951398 6.44531079838398 0.0303834864826146 0.0404010157362575 -12.7125437164096 -3.5141200643375 0.064952790153236 3.64782754038532 13.0825262678556
"etap[113]" 0.0507896489741419 6.50696982143514 0.0306741499047534 0.0395566730074499 -12.8798307499093 -3.49592926036351 0.0432389193905756 3.57673845504577 12.8965036656242
"etap[114]" 0.0151135421407634 6.54045478517446 0.0308319995376058 0.0425423924183058 -12.9786416927857 -3.60170653068702 0.0137223285716794 3.60365003530555 13.0997797774494
"etap[115]" -0.00392141867382266 6.61044492943678 0.0311619362417665 0.0447837134091139 -13.0876607180556 -3.6512445084196 -0.0107190212119652 3.61043111905154 13.2077481479204
"etap[116]" -0.0245559901475788 6.51690698248737 0.0307209941311919 0.0401568462943517 -13.1533523529494 -3.60080223927134 -0.02488586800847 3.52634666994034 12.9713347782938
"etap[117]" 0.0418988481018125 6.47332329629925 0.0305155386641737 0.0400253602285638 -12.8693040800558 -3.5473238656519 0.0414885178722559 3.60881876556043 12.9964881049993
"etap[118]" 0.0860312622222775 6.50846321685066 0.0306811898382554 0.0394494483881033 -12.7205009163185 -3.52419741557044 0.0892262704452032 3.65726275448622 12.8527102108061
"etap[119]" -0.120519257539077 6.49302988153537 0.0306084363978703 0.0411662542944652 -13.1275080796592 -3.62162168624957 -0.0883113019972084 3.44971384487145 12.7949664332481
"etap[120]" -0.0120686311760963 6.48153444564423 0.0305542463933948 0.0413908583559632 -13.0265563833729 -3.62137427268411 -0.0477567087513069 3.57227274829127 13.053890631783
"etap[121]" 0.0231808237697483 6.52204364278518 0.0307452085800534 0.0391496563584295 -12.666095529337 -3.6237272535251 0.000428643373799328 3.57629721695223 13.008597334546
"etap[122]" 0.00295252245005411 6.44898116704015 0.0304007887663895 0.0388284834895046 -12.8283413965621 -3.58636424485699 -0.0120383611025148 3.53299108569208 12.7829720364044
"etap[123]" -0.00193216557522266 6.55599329808186 0.0309052487899149 0.0404191962123545 -13.1264382342346 -3.63839020661317 0.00119470322121361 3.61805974368587 13.1344533906264
"etap[124]" 0.00833956457873914 6.4184180040857 0.0302567126345255 0.0406405979772189 -13.0201842024847 -3.57694696319115 0.0400674611707879 3.60278206380338 12.9953798894419
"etap[125]" 0.0614903146358854 6.49053374343269 0.0305966694900091 0.0398996119390626 -12.7568832648577 -3.55708233533177 0.0365525807843542 3.6436325733756 13.219083461897
"etap[126]" -0.0393899118419677 6.53081548596383 0.0307865594453543 0.0380529697302953 -13.0230660186433 -3.57299155775513 -0.0401402767958905 3.53674403088163 12.826244988028
"etap[127]" -0.0419767037301501 6.47827220949343 0.0305388680647011 0.0389433818090133 -12.9584594788558 -3.63589864669244 -0.0368654133343793 3.54508843239192 12.7983726732189
"etap[128]" 0.0782701425668427 6.65270889554623 0.031361170488672 0.0477376277902372 -13.0500375726497 -3.53578375301338 0.0280027519861227 3.63992294596683 13.4850174842638
"etap[129]" 0.0382729578903884 6.58455613317889 0.0310398952858284 0.0466462302136086 -12.8302948425372 -3.52146982998367 -0.00435066059617801 3.56612901577324 13.045505725161
"etap[130]" 0.0296851663180247 6.53266912304684 0.0307952975743627 0.0438818431375057 -12.913261241517 -3.58959383893634 0.0241560611281767 3.61296762060483 12.9101463207559
"etap[131]" 0.0396356065170453 6.46552056215631 0.0304787562226786 0.039613188099933 -12.720851425238 -3.54341484108741 -0.0117244691379976 3.55119758882763 13.0456739771802
"etap[132]" 0.0120394843043567 6.40773669900042 0.030206360479474 0.0412861880348138 -12.776136063357 -3.60801185968101 -0.0244983172682138 3.59437625308534 12.9711492823576
"etap[133]" 0.0657421436558398 6.4847899225605 0.0305695928587514 0.0411424684829858 -12.8111519236277 -3.54117187743732 0.0894701501712647 3.61785897180027 13.1008535275915
"etap[134]" 0.0147605591805578 6.54425412235523 0.030849909784836 0.0435257946306459 -12.9373914774082 -3.58367835478183 0.013221694770256 3.56925006364764 13.2081910453812
"etap[135]" 0.0535632821046527 6.58529144748771 0.0310433615907223 0.0411719804321276 -13.199697588933 -3.52495028805302 0.0222019030632351 3.63726854488614 13.2263265663633
"etap[136]" 0.0125273647712079 6.44086689966363 0.0303625377431475 0.0411760605962994 -12.7519692028381 -3.60108049352194 -0.00491469238752129 3.52430257822602 13.1300215496471
"etap[137]" 0.0415402709070158 6.48110412015178 0.0305522178195693 0.0457598923401129 -12.5967269477014 -3.5811454097535 -0.0203641646452595 3.57069165699167 13.1915166205028
"etap[138]" -0.0494556704734726 6.51251643710172 0.0307002969017566 0.0381142519269968 -13.0513471063044 -3.61197108361723 0.00714734009682082 3.58207879281869 12.9136963704489
"etap[139]" 0.0129070938816366 6.413415212643 0.0302331292494989 0.0425476798743995 -12.7653750328183 -3.5305768109331 0.000211807816632774 3.56109970785393 12.8480516422205
"etap[140]" -0.0679233320629147 6.50743458268274 0.0306763408102854 0.0399742995691086 -13.0801759670032 -3.59319531022308 -0.0785358042189152 3.48368039200553 12.8217435715378
"etap[141]" -0.0334568584174656 6.39754500358395 0.0301583163665355 0.0386165604316528 -12.8237891839549 -3.64130981907573 -0.0473747576802312 3.51414916133817 12.8044100998758
"etap[142]" -0.0685019203044454 6.55511643333888 0.0309011152098753 0.0415189304634975 -13.1858635246544 -3.61404373197098 -0.058562562550114 3.47211359417682 13.0451483552892
"etap[143]" 0.0203662526112712 6.49773347744047 0.0306306093616067 0.040317368703171 -13.0192618974954 -3.53483495493319 0.0468213594774034 3.55861615113417 13.0074590619336
"etap[144]" -0.093955365117042 6.48265235908154 0.0305595162878769 0.0414854830869563 -13.3274048241158 -3.63801466166339 -0.0169247030619363 3.5315828788694 12.6615598305459
"etap[145]" 0.0401754601307411 6.44492150413006 0.0303816513319024 0.039440033704616 -12.6908736645531 -3.51825428164468 0.0417015689752775 3.59108899551563 12.9516390967196
"etap[146]" 0.00614962867216894 6.45867571551605 0.0304464893061752 0.0419398406506036 -12.9091472211878 -3.58307311868167 0.0014262871754422 3.56083765039105 12.9147126410781
"etap[147]" -0.0288263675875242 6.49029945382539 0.0305955650382085 0.0443386201196778 -12.846144490197 -3.62463978277593 -0.0412208446455449 3.50967432644872 13.0067666403612
"etap[148]" -0.0348677292682125 6.46765284025448 0.0304888078780292 0.0393868787575134 -12.9626823896069 -3.60039111426567 -0.0544229052557681 3.54991427724221 12.9204493744813
"etap[149]" 0.078965894266947 6.48097266353609 0.0305515981271401 0.042000134633514 -12.6498123406034 -3.52384059890178 0.00494146758480093 3.60248069328016 13.158820553992
"etap[150]" 0.0201414328168384 6.56295712178032 0.0309380765696494 0.0420643322762819 -12.8925484234317 -3.5152950685503 0.00237183081476276 3.61328531531521 13.0071991709829
"etap[151]" -0.013663652734566 6.48358616180984 0.0305639182761533 0.0373950441925588 -12.900223804258 -3.65228011283027 0.018945532333938 3.63908416264555 13.0172447301308
"etap[152]" -0.0227089036012353 6.50961694936523 0.0306866285854869 0.0406608826840985 -12.9365995012316 -3.5688906499612 -0.0082069906146166 3.54219878570546 12.8090152607601
"etap[153]" -0.0101803152777022 6.57380305662568 0.0309892047968325 0.0393259248417141 -13.0290243036583 -3.5768712637185 -0.0148340996894175 3.56514721253789 13.0594789736701
"etap[154]" -0.0196174941059724 6.51142863041172 0.0306951689318424 0.0441889417186375 -12.9275007916159 -3.58777118536493 -0.0442392768246385 3.49020956891289 13.0148420006134
"etap[155]" 0.0327169439535519 6.47353772821399 0.0305165495059138 0.039116872339051 -12.7272842306691 -3.54287763594196 0.016655033527858 3.60438757246185 12.7228095598375
"etap[156]" 0.0597347360312916 6.40423013093803 0.0301898303591033 0.038968998328209 -12.6978737481936 -3.47962438274877 0.0810421151841313 3.61568542160248 12.7791161450249
"etap[157]" -0.00357455036164303 6.54090062160304 0.0308341012306854 0.0404966928731497 -13.0966127247017 -3.65355805661267 0.00383244249979788 3.64667026285986 12.7980472877747
"etap[158]" 0.0333520953359816 6.43060005069515 0.0303141393529673 0.0442562229753834 -12.7172846888059 -3.51618240434467 0.0225602431850715 3.5729394552837 12.7651641872044
"etap[159]" -0.0400144594496364 6.53654938865444 0.0308135893218556 0.04228774659448 -13.1458480280706 -3.59923935649867 -0.00345476486928911 3.53963836189759 13.0667765733241
"etap[160]" 0.0159786402898935 6.47551477534222 0.0305258693954544 0.0452157367044718 -12.9387141378523 -3.56120213062078 0.011414881249986 3.54886874703788 12.9004841332514
"etap[161]" -0.0445444490171051 6.4948619737606 0.0306170729634451 0.0438935376238335 -12.9233125560574 -3.63061485116423 -0.0670604593692156 3.52568316801572 13.1351518136367
"etap[162]" -0.0359625239113662 6.38966288847605 0.0301211597195829 0.0385196641280771 -12.676972078613 -3.56642560679709 -0.0304988295123553 3.52579250298268 12.5545509690282
"etap[163]" -0.137458480399327 6.44132142420194 0.0303646803923692 0.0399694700665834 -13.0952056235816 -3.67601231426362 -0.0926359134094179 3.46045090923686 12.4930592424179
"etap[164]" -0.0754984204570955 6.48483852941368 0.0305698219936548 0.0444984768984024 -12.970187607888 -3.64969126353904 -0.0434330400587192 3.48363568888922 12.8487409486354
"etap[165]" -0.0763768104279341 6.50635445234418 0.030671249027039 0.0460661775176558 -12.9029043576109 -3.5992180975171 -0.00808656311636885 3.49514037954953 12.6464812696299
"etap[166]" 0.0219407681290698 6.51281464476815 0.0307017026661774 0.0419244380036262 -12.7200243347853 -3.55440394132726 0.00862633457537651 3.51164352813978 13.1159766055117
"etap[167]" 0.0240880926181724 6.52892683757029 0.0307776562714453 0.0378231833174069 -12.8064764819709 -3.55643964944286 0.0302026695986234 3.59469830701802 12.9253517098735
"etap[168]" 0.01116927587781 6.61183283136784 0.0311684788742136 0.0464095355302721 -13.1815237462806 -3.57839723838687 0.0253970432703716 3.61677616962553 13.005590710528
"etap[169]" 0.0137439768694463 6.53287925535768 0.0307962881475756 0.0434255661886064 -13.0109506930309 -3.55541472320722 0.00989948075251741 3.59322729926473 13.1555429216394
"etap[170]" -0.0277140962644803 6.52268794100874 0.0307482458310067 0.0415945011713362 -13.1758454139945 -3.62779874458767 -0.00325475047138007 3.56876026904085 13.1391203792658
"etap[171]" 0.0498987471053225 6.45401455425188 0.0304245163812545 0.0425933110897408 -12.7882266663891 -3.51549629532956 0.0566492495793655 3.5784900462969 12.8082349474258
"etap[172]" -0.0384489249103352 6.45752539373612 0.030441066637301 0.041808593095243 -12.7956305188331 -3.59365082111335 -0.0553775790221057 3.54573018091014 12.6956093056475
"etap[173]" -0.0340838761024188 6.4443446601441 0.0303789320632747 0.0428845200303339 -12.9101518610777 -3.56000703326659 0.00770267630672152 3.53791479763917 12.7709891913894
"etap[174]" 0.00838718975982517 6.4770071140732 0.0305329043476978 0.043233520921147 -12.7436013323504 -3.60876066450945 -0.024980969760689 3.56217995842014 13.035632995282
"etap[175]" -0.0512056117696992 6.42232414721628 0.0302751263698316 0.0414670239158029 -12.9689781762279 -3.55693867395268 -0.0414069051321388 3.48255860488778 12.7121125126775
"etap[176]" -0.00953000478064263 6.52689506978422 0.0307680784262498 0.0424756985904862 -12.9638153622049 -3.5765884523918 0.00997973970466134 3.58071478036726 12.8810573099252
"etap[177]" -0.0180670446529217 6.49988739026507 0.0306407630040357 0.0399534763211446 -13.1135712349415 -3.57071807211156 0.0125949334622926 3.60201150734736 12.8956431858922
"etap[178]" -0.0303397813331616 6.5114435403213 0.0306952392178302 0.0392930629234216 -12.8977188190557 -3.59481790921793 -0.0398994793340188 3.51753635332493 12.9218975483486
"etap[179]" -0.00151026827228559 6.48241566691626 0.0305584005103094 0.0469446911746934 -12.6115119462482 -3.58539056605106 -0.00646070427432456 3.56447720062779 12.9894827913862
"etap[180]" 0.0873593808416079 6.51212230556638 0.0306984389478811 0.0422414102470301 -12.7448198215615 -3.55294219714319 0.105377781866955 3.67864263443899 13.100502438486
"etap[181]" -0.0000938139435502182 6.40591615625562 0.0301977783586721 0.0404098753073417 -12.8418525451487 -3.56287139831068 0.013762645990207 3.5364305229403 12.8465563157403
"etap[182]" -0.0449192268871129 6.41033941826011 0.0302186298157277 0.0397389442568055 -13.2435232193417 -3.58393687258414 0.0368816220902461 3.54155883835535 12.6756240863949
"etap[183]" 0.0422767170606105 6.43542214921096 0.0303368709433679 0.0425253439114089 -12.7367991772434 -3.51973033267178 -0.0124232527800375 3.55425275034237 13.1454693787721
"etap[184]" 0.0367818562197735 6.47366904592294 0.0305171685435304 0.0395221652644161 -13.102292690465 -3.54769754874175 0.0518912009840152 3.63406142928715 12.9720751258788
"etap[185]" -0.0301495667353116 6.46791714485592 0.030490053821869 0.0449056980547625 -12.9229668588157 -3.56924381489715 -0.0292044228303826 3.56618582079446 12.8704997729338
"etap[186]" -0.00195169721472497 6.48642426212002 0.0305772972093201 0.0443800361638868 -13.0180375179747 -3.51316423435719 -0.00479654350346561 3.54420335255108 12.8521282533413
"etap[187]" -0.00321858409140133 6.47233322891557 0.0305108714417681 0.0403734019659997 -12.9289635971276 -3.63870497690164 -0.0470427510652138 3.59543041708154 13.0602401283471
"etap[188]" 0.0625383477012812 6.53465510551133 0.0308046595854824 0.0395609466705049 -12.979931316649 -3.52742884618344 0.0411670872735682 3.61994423215221 13.2334055711425
"etap[189]" -0.0715151074244581 6.49978693013164 0.0306402894304251 0.0369929625362323 -13.1550850061562 -3.67179710183143 -0.0472934663398141 3.53336488652257 12.9636819333663
"etap[190]" 0.060862533167288 6.49008147103312 0.0305945374574712 0.0436652685223438 -12.7399899193045 -3.55284752626338 -0.0149812039552353 3.57707001104797 12.9335765059947
"etap[191]" -0.0122767274206985 6.46927481205123 0.030496453926405 0.0402446620446446 -13.0560407969637 -3.58610833153862 0.0174129916646667 3.56628480443506 12.8416307685073
"etap[192]" 0.00576721612602524 6.43189896610792 0.0303202624989444 0.0404455355407358 -12.7179917958035 -3.61150663831138 0.0191121965379896 3.59963961250777 12.9659160471989
"etap[193]" -0.0448691283250196 6.4049538315676 0.0301932419165881 0.0438644705650793 -12.8624714283671 -3.57372563012246 -0.0156462323386212 3.51013890635732 12.6623815380214
"etap[194]" -0.0605740520175319 6.60778087379298 0.0311493777630252 0.0406324954828911 -13.2514352380517 -3.61926675559859 0.0134245441894519 3.5948385283983 12.7498214346418
"etap[195]" -0.0137933652854337 6.47901372674788 0.030542363610561 0.0404411758616137 -12.8960928949426 -3.60676139304907 -0.017297513069088 3.52372727572401 12.8662010891962
"etap[196]" -0.0728208586396463 6.54379394064778 0.0308477404674633 0.0417857857999622 -13.2064376515899 -3.6656433960608 -0.0552314028589172 3.54720903649888 12.9723148759885
"etap[197]" -0.00879938108122061 6.47610138315735 0.0305286346912143 0.0401249793858065 -12.6120806443502 -3.61841220720237 0.0239681474688853 3.59058952644 12.8743815269197
"etap[198]" 0.0137204458896508 6.520227889163 0.030736649035392 0.0396640209346475 -12.7592149767413 -3.58698694047044 -0.0158033692773626 3.5634929260677 12.9244569701667
"etap[199]" 0.0202676588105654 6.49687538035135 0.0306265642531358 0.0396114822940938 -12.9719874479173 -3.57044408858969 0.0120962501653942 3.6063364160773 13.1152018265212
"etap[200]" 0.0229757204876127 6.52979111821331 0.0307817305294688 0.0397420034850506 -12.9142766894515 -3.50846836563749 0.0528503000804974 3.53872161945342 12.9809440215325
"etap[201]" 0.037881051026036 6.51884322286735 0.0307301216558765 0.0414992250983126 -12.9044945809104 -3.55240921836007 0.0196805327304478 3.62079692138778 13.0622057333351
"etap[202]" 0.00778364085109326 6.44740535332714 0.0303933603093071 0.0420618756294115 -12.7913701085319 -3.62752918557575 0.0250957423364977 3.59790283913825 12.7369253218245
"etap[203]" 0.0475379970760116 6.41006515733341 0.0302173369373205 0.0407631256235543 -12.8087195246664 -3.49194068203216 0.0312005142325169 3.55775280821859 13.2306899779779
"etap[204]" -0.0509542459776261 6.40545213193937 0.0301955909270677 0.042334877083823 -12.7328465316442 -3.6015812656168 -0.0485241319932022 3.44510410366398 12.6464287599322
"etap[205]" -0.013966001301825 6.57469942940168 0.0309934303386217 0.0402042777525694 -12.932596819827 -3.66072964176402 -0.0649250521567523 3.57229582032623 13.3018438505479
"etap[206]" 0.0614676524131443 6.56071124273412 0.0309274893942941 0.0422934716026529 -12.9125051266795 -3.53475064307011 0.0298354421061303 3.5743350813863 13.1486900336095
"etap[207]" -0.055168405432099 6.40786338350128 0.0302069576759382 0.0451958187629099 -12.912564215107 -3.58194613425653 -0.0473733016660098 3.52820311422629 12.6474011237615
"etap[208]" -0.0135151242190903 6.53844943978747 0.030822546248794 0.0416773063749934 -13.3288501515287 -3.58622914780618 -0.0154133345752566 3.59987394797625 13.1123957574243
"etap[209]" -0.0437785547512423 6.42429462095653 0.0302844152721242 0.0378691346834143 -12.8584185253952 -3.61211399114309 -0.061248592473915 3.54186917156898 12.875387667783
"etap[210]" -0.0022814051637657 6.52313118163452 0.0307503352873546 0.0416210459174068 -13.1655268389075 -3.61291858646168 -0.0427170881289076 3.59465977141258 13.1835416495263
"etap[211]" -0.0550381782033818 6.42824881763793 0.0303030555340412 0.0429917465106515 -12.8841012616026 -3.57562684206669 -0.0563283848744737 3.46624071688915 12.6842616632815
"etap[212]" 0.0289366188507462 6.49457517137455 0.0306157209640315 0.0381140010592342 -12.9645268724846 -3.51563240090048 0.00607630660844369 3.62817000536987 12.903900749816
"etap[213]" -0.013749946409774 6.4312899751082 0.0303173916878404 0.0400822204445966 -12.9751804287287 -3.59629627761539 -0.00210394452018952 3.60850702454949 12.7484296341138
"etap[214]" 0.0332487021680575 6.5004138502175 0.0306432447600517 0.0431229900700946 -12.7302639295435 -3.54641995752305 0.03525437409864 3.56142510988485 13.1133328190578
"etap[215]" 0.00558231100055637 6.60480939278341 0.0311353700672117 0.0466613428121374 -13.2126151820548 -3.57187062731469 0.0336588810860538 3.58757464001963 13.0963684516079
"etap[216]" 0.110116809900859 6.47613423656428 0.0305287895636598 0.0389015563885513 -12.7550437332827 -3.48083786928472 0.0369509072011007 3.62873184707658 13.1976218877863
"etap[217]" -0.0245519494653077 6.42941107698681 0.0303085344771552 0.0392227831651376 -12.9738659165226 -3.5436273955392 -0.0328237148689146 3.54432857986821 12.7574423375548
"etap[218]" 0.0383923105119941 6.44758743676524 0.030394218658866 0.0397437296734368 -12.7815120637396 -3.49650224665696 0.0104912070480126 3.55386542010871 13.0482931058788
"etap[219]" 0.0894855330486403 6.50220385290472 0.0306516829136415 0.0436080704074946 -12.5532396656346 -3.55653975656937 0.0225416813957452 3.62573548604374 13.2625310443616
"etap[220]" 0.00363499551426524 6.43626873274904 0.0303408617764386 0.0424680658759165 -12.9433811425368 -3.5348296204915 0.0633569916441962 3.63309869576928 12.7972464075811
"etap[221]" -0.0317966055610822 6.49585736429047 0.0306217652794024 0.0393963980305553 -12.9438548707954 -3.57578604659733 -0.0606526617908148 3.50480844350815 12.8563217482878
"etap[222]" -0.00701993115816977 6.49609373630355 0.030622879547758 0.0389479409989818 -13.0627387751634 -3.57728432598941 -0.00847591969180485 3.57844115006633 12.8474171257282
"etap[223]" 0.00815866877993093 6.46734431909783 0.0304873534953491 0.0400172922119067 -12.7562447524858 -3.53707357874977 -0.0210721576489739 3.54728750387641 12.951891428692
"etap[224]" -0.00677760607778974 6.45347092418858 0.0304219536845598 0.0403457763736602 -12.9509298571509 -3.53732854847529 0.000290487754001652 3.57460096160096 12.9129311398691
"etap[225]" -0.000997069080572988 6.46838228506917 0.0304922465138623 0.0397437352845123 -13.0686235722742 -3.54650145382508 -0.021280941284311 3.56984155893774 12.8343416712614
"etap[226]" -0.0213375222470704 6.47169550654129 0.0305078651896657 0.0442751557416991 -13.0818035758747 -3.58139651835385 -0.023180758114766 3.57508578555578 12.9839590990545
"etap[227]" -0.0175486084904798 6.47917766002851 0.030543136399457 0.0408532049679707 -13.0966713723038 -3.57478243574711 0.0128200466508205 3.60369813124633 12.7352646380024
"etap[228]" 0.0527205652626528 6.59889918940296 0.0311075091012883 0.0433185902474554 -12.7871806901363 -3.54473847904144 0.0275223616609631 3.63074537940928 13.1287860102726
"etap[229]" -0.0702942730539283 6.57543990572671 0.0309969209774933 0.0449017075953485 -13.5404994951534 -3.6045618837263 0.000153489808203392 3.5238277593504 12.9487667763348
"etap[230]" 0.0426275184226534 6.52703445435835 0.0307687354914335 0.0442147103593995 -12.7380633840754 -3.54890296759954 0.0111434150029822 3.60668732980822 13.0270321546461
"etap[231]" -0.00268753018341901 6.43593307965849 0.0303392794925956 0.0425956760889949 -12.9519330182313 -3.57085487019754 -0.0206871706414786 3.53201212193955 12.9566781054051
"etap[232]" -0.0115911508839603 6.4755385832755 0.0305259816271282 0.0439482701351703 -12.8918856453572 -3.60953017351224 -0.0146796004737782 3.56244768969484 13.0957705178067
"etap[233]" 0.0295908628325909 6.6074832226063 0.031147974621875 0.0447452112073868 -12.8947070355312 -3.57680711234101 -0.0196390566094792 3.5512227911778 13.2707178853448
"etap[234]" -0.00354689809683858 6.45751542897998 0.03044101966299 0.0404512408777241 -13.0182091482619 -3.58910644962674 -0.0155105057172997 3.56852557827936 12.6920905193353
"etap[235]" 0.0378629624257595 6.44281095367048 0.0303717021016224 0.0401129696392776 -12.7414922449357 -3.51703965623609 0.0086246020744828 3.55604977823959 12.9166124056949
"etap[236]" -0.0454294766019287 6.45530696286293 0.0304306088538741 0.0415112351617792 -13.1969594327472 -3.63100166844182 -0.0723274176283951 3.55423849478587 12.6743149744567
"etap[237]" -0.0144214411437091 6.51837457677756 0.0307279124370227 0.0413993922928485 -12.8874449407059 -3.60064365951001 -0.0110475935052206 3.59377158092395 12.8582308855346
"etap[238]" -0.0146601788315425 6.5032566969173 0.0306566460679137 0.041183473481058 -13.2179826403889 -3.60907323607524 0.00295415610901479 3.60573880998835 13.0116530768188
"etap[239]" 0.032455196110325 6.42618434452847 0.0302933235144727 0.0396615395720275 -12.8258130857343 -3.51287780509217 0.027014236205634 3.56884524502884 12.945158455396
"etap[240]" -0.0137757157126739 6.52151368555778 0.0307427103377252 0.0412267461830928 -13.1931770557742 -3.59113240563484 -0.00486647267538449 3.59614819226859 13.0544580981341
"etap[241]" -0.0935870478686021 6.48225239188165 0.0305576308244149 0.0398465833464322 -12.9649704870738 -3.68501385925321 -0.0855801989622176 3.46749407147754 12.6177302385006
"etap[242]" 0.065272768316556 6.52673962059664 0.030767345631752 0.0418272283000381 -12.8061929666973 -3.55019716363962 0.00893231459300094 3.60399996999168 13.2650585978108
"etap[243]" 0.0667699554649493 6.44422749790826 0.0303783797551983 0.0408076592188763 -12.8934555265819 -3.51284850546686 0.0811172967081029 3.6401039409851 12.9554799754295
"etap[244]" 0.064049395216539 6.5081060857782 0.0306795063062347 0.0420058111163189 -13.0080243157341 -3.55864506790115 0.0401234752845429 3.64954253101864 13.2423763570514
"etap[245]" -0.0938077699559301 6.47586761700324 0.0305275327069957 0.0408924452389888 -13.1714480861267 -3.68176388634887 -0.0370300623682457 3.53310309957423 12.721776721038
"etap[246]" 0.0239154718356658 6.54663017897199 0.030861110623144 0.0389240379640354 -12.9209370273862 -3.53891727008183 -0.00388404381048867 3.61412199557102 12.8466255175245
"etap[247]" 0.00487672761408955 6.47442256284182 0.0305207206563509 0.0392244569061555 -13.0780509738299 -3.53276058245749 0.0104039584577221 3.60465525206718 13.1595377970326
"etap[248]" 0.0283325460714263 6.4491939553034 0.0304017918598822 0.0417760579396836 -12.7556617466623 -3.54537711609707 0.0207496912877781 3.58230271884269 12.8593277087075
"etap[249]" 0.0420696777797432 6.44729613054639 0.030392845428181 0.0391396829220431 -12.8186518366001 -3.53556260345058 0.0228828140992367 3.55835573112328 13.1394751409521
"etap[250]" 0.0479182000458304 6.53483520496402 0.0308055085824443 0.0412973720067113 -12.9440970773184 -3.58283834278771 -0.00987685139959722 3.6639587325862 13.146344947923
"etap[251]" 0.0946663310298671 6.47082049137366 0.0305037403286079 0.0417706725915952 -12.6819157572717 -3.45842102818397 0.0778951252138588 3.59808897136732 13.0024717458251
"etap[252]" 0.0149282201387018 6.3611333929435 0.0299866703878836 0.0379598258376106 -12.7455536736904 -3.58017610530124 0.00197573638087607 3.57768850951221 12.8746745372433
"etap[253]" -0.0321106656961743 6.45355274848732 0.0304223394080031 0.0409658222574906 -13.2116850943276 -3.58757581408413 -0.0331079619605242 3.5649694008933 12.6932183395808
"etap[254]" -0.00535826899977946 6.5362393100329 0.0308121275972156 0.0418671932345696 -13.0304954241558 -3.61597765287835 -0.0118093123091654 3.61686500310972 13.1618647243618
"etap[255]" -0.0220154011455671 6.54905433511546 0.0308725382047953 0.0493577008926826 -12.8328866852087 -3.56469227960626 0.0271511999909318 3.58314240619966 12.6964957897527
"etap[256]" 0.0663463372737617 6.49177603986292 0.0306025257315428 0.0382113808908273 -12.9242586197686 -3.4952465985944 0.023016779430369 3.65229448993636 13.1509317495842
"etap[257]" -0.0121961933766211 6.55829993248166 0.0309161223687537 0.0393574107747054 -13.0438077035469 -3.591490809672 0.0156634260283776 3.57622824442271 12.9428686383364
"etap[258]" -0.0847881406900887 6.47955705093642 0.0305449248653483 0.0377967578336171 -13.2388941900616 -3.65635922804046 -0.0463055065777054 3.54095881148285 12.7335997391803
"etap[259]" -0.000288267455285798 6.42367874108885 0.0302815119865853 0.039239735387231 -12.9205867680866 -3.53835905714688 0.0339954028762422 3.59873306152295 12.6858585714983
"etap[260]" 0.0393203546832471 6.51782766852268 0.0307253342867846 0.040469680244777 -13.0353146366095 -3.56292137778451 0.056212898915591 3.6718008470683 13.0730053413148
"mean.p0" -0.970840486023058 0.295797096516104 0.00139440088534552 0.00844740285050127 -1.58933591517744 -1.14646454682575 -0.958918327870926 -0.781162285200264 -0.41264720130304
"mumup0" 0.861820694124072 0.150875945172954 0.000711236026331504 0.00377257639014109 0.382218536520082 0.83622682051253 0.910677705312216 0.952947042564944 0.991177295651554
"mupsi" 5.38384757614667 1.29846538719106 0.00612102453612544 0.0146517757483476 3.06392174147244 4.4643761454839 5.30752666531784 6.21879771327061 8.14629421999959
"ppo[1]" 0.24479070917144 0.104706391525867 0.000493590663210096 0.00267820981819743 0.0463606292296079 0.176289552540686 0.249773875263192 0.306343679596866 0.457358245654309
"ppo[2]" 0.318976537402422 0.0970591111496532 0.000457541037799058 0.00168876209458024 0.158111440529133 0.256021257331762 0.305155038369782 0.369031132915825 0.554151189466389
"ppo[3]" 0.317927628699572 0.0964398539697686 0.000454621831457758 0.00161823120963331 0.15871761373277 0.254541190068134 0.304516632577559 0.368582755419793 0.550202648531419
"ppo[4]" 0.25583284462582 0.0870638769258512 0.000410423051804402 0.00187709986695375 0.0814519875209227 0.199649555256994 0.259275852677345 0.309980324529617 0.428719999507667
"ppo[5]" 0.285641841901078 0.0883561139811184 0.000416514715702269 0.00138038909862816 0.11941289278931 0.230683005243561 0.28119237632164 0.335527197987137 0.479887002958785
"ppo[6]" 0.286296418079468 0.0883482012344666 0.000416477414656834 0.00149557467246776 0.120854385186073 0.23097345461377 0.281647213262177 0.336105918271332 0.480401580328267
"ppo[7]" 0.352462218898641 0.112802864624921 0.000531757803423664 0.00265324939746807 0.184603989133211 0.274694176852303 0.328456405701926 0.410187001485589 0.633538887994794
"ppo[8]" 0.246084489937753 0.106570680020029 0.000502379003452163 0.00261960770334165 0.0468329839019182 0.177053128287633 0.249741894863978 0.306748295176369 0.462086829660301
"ppo[9]" 0.24534287345082 0.104313338489053 0.000491737793425448 0.00260905658513966 0.0466387602934909 0.177324957413429 0.249892347630498 0.306074908691623 0.455480691094871
"ppo[10]" 0.319341992878875 0.0984814624957929 0.000464246066346292 0.00172329029347336 0.158189463641126 0.254981338057312 0.304583158301516 0.370750421571379 0.557917323557589
"ppo[11]" 0.317951758617749 0.0959318386986344 0.000452227024503323 0.00166697348452542 0.160060637302451 0.255046367323144 0.304165047048653 0.368145326853957 0.548732144522651
"ppo[12]" 0.256169330397641 0.0879632595999116 0.000414662782389134 0.00207368680448917 0.078827170504373 0.200246757559217 0.259151147524438 0.310537492862422 0.429128317439406
"ppo[13]" 0.286057043775119 0.088171236892608 0.000415643196749124 0.00145784090356136 0.121074180949732 0.231000886246762 0.281083896363188 0.336226893232474 0.481530120047454
"ppo[14]" 0.318974424804694 0.0973127297998894 0.00045873660758184 0.00159476808135215 0.159201696571749 0.255294283385945 0.304582548495126 0.369444585310187 0.555530552454483
"ppo[15]" 0.285545618996408 0.0877131130521872 0.000413483580254559 0.00145881022580779 0.118257199530621 0.231118531973428 0.280838655415744 0.335904695748814 0.476471048698801
"ppo[16]" 0.256334706035758 0.0869278521175603 0.000409781824708722 0.00192050103429436 0.0824090280532852 0.200121223124884 0.25861330242588 0.310791917688556 0.428813255829279
"psi0" 0.990726683356064 0.0126522874811684 0.0000596434551697056 0.00013503397133018 0.95537977672054 0.988619139785891 0.995070257870609 0.998012320439673 0.999710276620625
"sdeps" 0.453806758057694 0.367157320407054 0.00173079620681406 0.0155635791831714 0.0169458522480409 0.168483218024084 0.379881180438069 0.646149761390273 1.34296774018434
