"Mean" "SD" "Naive SE" "Time-series SE" "2.5%" "25%" "50%" "75%" "97.5%"
"N" 10.3588888888889 0.879453338824366 0.00414578279746573 0.0242766345250786 10 10 10 10 13
"betapsi[1]" 0.404909179950016 2.59850003675509 0.0122494466460201 0.0212204673026202 -4.44117918320913 -0.939193741206859 0.0782502381923365 1.55822913803835 6.52428504770063
"betapsi[2]" -1.21055271874194 3.47639778152429 0.0163878963027846 0.0628406241567218 -8.92536855461295 -3.14722812773987 -0.42499254326647 0.608441556710451 5.38034980703153
"betapsi[3]" 0.416869164444837 2.61360827087087 0.0123206675446536 0.0213425576058259 -4.4900929987467 -0.943997531152257 0.0973682759189507 1.57805403992657 6.71847619442629
"betapsi[4]" -1.16661634864588 3.44053091290354 0.0162188182626402 0.0587811542365781 -8.79582465081881 -3.09539471935082 -0.413768855195383 0.606727416013292 5.36359329724969
"betapsi[5]" 0.382641771104214 2.6306161294614 0.0124008433589391 0.019722247344433 -4.54710463413529 -1.00035433127567 0.0666297954557549 1.52598285771098 6.70879888700015
"betapsi[6]" 0.39615377916251 2.57582618469285 0.0121425610823612 0.0197274324887396 -4.50121359982645 -0.940954244470865 0.0877162898156574 1.55745201519811 6.55604401559011
"betapsi[7]" 0.41433494672249 2.64186161461117 0.01245385508432 0.0222938521668906 -4.54723820432883 -0.946554336383248 0.0831660812490875 1.57066197683655 6.74046375836347
"betapsi[8]" 0.406353255256654 2.62453997381439 0.0123722000865288 0.0213669285831762 -4.48282116692684 -0.95723679101076 0.0815922847092376 1.54741955530313 6.67326303358503
"betapsi[9]" 0.394888605832371 2.60001114486367 0.012256570077958 0.0201886460160748 -4.4611727957854 -0.959393053797921 0.072232062855541 1.54715463701916 6.67170627292619
"betapsi[10]" 0.393831329310505 2.57779433835893 0.0121518390477193 0.0203674529696843 -4.44151160737728 -0.951359737080666 0.08065523397981 1.51845088076762 6.55732602676452
"betapsi[11]" -1.22569314549826 3.47743576447188 0.0163927894013246 0.0689011573563834 -8.93560822351055 -3.18923478797623 -0.430555858169757 0.590014536440053 5.32391157752657
"betapsi[12]" 0.412846726217679 2.59237790950486 0.0122205866613939 0.0214730663435573 -4.40936464942786 -0.950882994844852 0.0825753882473808 1.57161238094916 6.61687858316444
"betapsi[13]" 0.386398379023455 2.57780457954166 0.0121518873251176 0.0192939457117231 -4.42296406395822 -0.945650241182262 0.0808957874172853 1.52221895683858 6.45928034192243
"betapsi[14]" 0.42319691840116 2.61979837012221 0.0123498479523658 0.0209601176650613 -4.43679769382762 -0.949073286780884 0.092397617512776 1.56965697539856 6.71845308733256
"betapsi[15]" -1.16295683757463 3.4316952937262 0.0161771667543984 0.0581486591618415 -8.7686509810997 -3.08357649129084 -0.412383647612747 0.603721867906344 5.3608216665605
"betapsi[16]" 0.403054450287525 2.56219085980707 0.0120782835444252 0.0197136825101091 -4.37468565325876 -0.947000540048147 0.086234553613413 1.568143480483 6.47613124368984
"etap[1]" -0.0311641364550432 6.15508379614239 0.0290153432734915 0.16267476274375 -12.3381996918139 -3.25459291628616 -0.0295124414945824 3.20768876810655 12.3086746671887
"etap[2]" -0.0895840074196312 5.99641047887039 0.0282673500825822 0.142882168445871 -12.1797329121966 -3.2860604508521 -0.0569253765561941 3.11543110141977 12.0820744220191
"etap[3]" 0.146431748984887 4.63100990138294 0.0218307900333995 0.0744872033078572 -9.09932369143983 -2.24083035379068 0.0941858031628744 2.4489474704376 9.7210381454198
"etap[4]" 0.224484574423695 6.13862320628218 0.0289377473087416 0.147351356920132 -11.934290295528 -3.27907239535057 0.150334358641675 3.63909630685758 12.8543401334098
"etap[5]" -0.0729288697949563 5.94638694931894 0.0280315369028174 0.15842371275473 -12.1103110588097 -3.25916686403828 -0.0314546546791844 3.13367457042618 11.9937045807755
"etap[6]" -0.0522639028975908 5.99715738142711 0.0282708710150005 0.15366277818156 -12.2054215629372 -3.31719911261083 -0.0479014549149877 3.16353959155575 12.0660037945467
"etap[7]" -0.0691446831803927 6.00180407463046 0.0282927757368283 0.147059056664093 -12.2669172668688 -3.28298650579495 -0.0944630329635132 3.12774982309247 12.1941890805714
"etap[8]" -0.00504130776725149 6.04688688377344 0.028505298137228 0.148146617074193 -12.065614536752 -3.27437256459927 -0.0280033457147942 3.22376233345456 12.2336686750378
"etap[9]" -0.100945312554765 6.08964403482541 0.0287068572802484 0.145830605297191 -12.3511628165131 -3.3365180926441 -0.086878645598764 3.1606895702623 12.0919335156397
"etap[10]" 0.161120810891502 4.63179071247592 0.0218344708121906 0.0660809550834552 -9.24207513963319 -2.21927709744505 0.111354772389031 2.4796676441611 9.80850740073865
"etap[11]" 0.0303809938954583 7.22220720403919 0.0340458112607363 0.160083973392325 -14.4216075135763 -3.8909107086038 0.0318713744059894 4.04445917662383 14.2879646674844
"etap[12]" 0.0232667632266549 6.47541342627203 0.0305253916313558 0.0809479870976329 -12.8921348584402 -3.51191301099061 -0.00840670400867357 3.53606590771777 13.0121729744516
"etap[13]" -0.0136840207936329 6.26875907571261 0.0295512136804073 0.0557880466170539 -12.6939735468457 -3.40363462605682 0.0170602842683435 3.41705284105278 12.3876758674453
"etap[14]" -0.00644659838729152 6.26159218903853 0.0295174286526257 0.0457348540781267 -12.7190343862146 -3.398345340761 -0.0229188667928882 3.40505671817674 12.5760807182824
"etap[15]" 0.0471554122839829 6.241090360989 0.0294207821083554 0.0452364706690211 -12.4165110135209 -3.28870206611289 0.0679175934917093 3.3919821041824 12.6567385954721
"etap[16]" 0.0385056213530451 6.1994058384882 0.0292242793848165 0.0428066583784589 -12.291855556145 -3.33865265688799 0.0199063952273149 3.37715587317655 12.5209477055106
"etap[17]" -0.0258778816669396 6.23235926808839 0.0293796233417075 0.0474490662643118 -12.7066337653364 -3.41750908025548 -0.0125575850667717 3.34559848567397 12.6263705693979
"etap[18]" 0.00256357291323171 6.19004161920399 0.029180136031774 0.0425898530127795 -12.5237823166753 -3.37917516515074 -0.0301761048519914 3.3097728555238 12.7725598223888
"etap[19]" 0.0577935566718118 6.09882097314757 0.0287501177823692 0.0440101929413037 -12.0853138808861 -3.29463560598586 -0.00444672252452424 3.35565756100314 12.4992605220559
"etap[20]" -0.00976859256590681 6.27826354389629 0.0295960181731024 0.0488460892778867 -12.8049197283998 -3.3516823134865 -0.0122964620533704 3.34069985515697 12.563372682138
"etap[21]" 0.0190157955269068 6.0674871561849 0.0286024087526708 0.0396699978898466 -12.2536611264601 -3.26939032943646 0.0171052032222916 3.32618546328336 12.3939497527872
"etap[22]" -0.0106854180991209 6.23956184718335 0.0294135766251747 0.0475873407404395 -12.7656752253543 -3.32863419188722 0.00755396456928057 3.36540115541474 12.3318511562744
"etap[23]" 0.00124466742531025 6.14195180055203 0.0289534384526084 0.0441643221158679 -12.4005785545142 -3.35042480857343 0.0166979130913584 3.34774817246213 12.2981780178255
"etap[24]" 0.0313704691480366 6.25292843959114 0.0294765873460608 0.047825726751581 -12.5380152709287 -3.28050676482086 0.00139430742309094 3.33256942925059 12.6941500437779
"etap[25]" -0.025136338595143 6.22661062863128 0.0293525239954227 0.0482033086227304 -12.3880334715876 -3.36101066187853 -0.0204180137672337 3.31765166211672 12.5572979618523
"etap[26]" -0.192371573248098 6.20827526542729 0.0292660902643757 0.0442145679473778 -13.1462337883885 -3.45605466306647 -0.0782918287582982 3.23438817230845 11.9618845775935
"etap[27]" 0.0395020405658645 6.15209662335803 0.0290012616059422 0.0444355704474025 -12.5304990568913 -3.2866824447697 0.039784921319423 3.40386170670418 12.3100374721103
"etap[28]" -0.0538151498704798 6.06012461849442 0.0285677014171529 0.0386741844717883 -12.626918242158 -3.32691782980699 -0.0223390186283744 3.30162585996185 12.1772202965013
"etap[29]" -0.0279161108697855 6.31882626889512 0.0297872326925028 0.0448987174218496 -12.8217963141783 -3.39514494684804 0.0199284695829716 3.34814086702521 12.6534093146384
"etap[30]" 0.000370418140916885 6.20712113670066 0.0292606496493826 0.0459007967124296 -12.5952875403584 -3.306708624525 0.0126901152133253 3.35739960152038 12.417222578141
"etap[31]" -0.0839914285805953 6.28716071806833 0.029637959854372 0.0529900576249302 -12.7234299918273 -3.44908888168893 -0.061536234063781 3.29549721874155 12.4971065015692
"etap[32]" 0.0204865929889032 6.15595327881794 0.0290194420541315 0.0438309867476779 -12.2204756322511 -3.31902666860654 0.0243408359612432 3.37011771545903 12.3536883541416
"etap[33]" 0.000693445885796026 6.15800712602164 0.0290291239826999 0.0434819099237969 -12.2808207615442 -3.32240894395288 0.00262666930279751 3.32889141457403 12.4559180814921
"etap[34]" 0.0546383724936693 6.30057365320745 0.0297011890369886 0.0397596534246063 -12.4570690585245 -3.33818449444928 -0.00860741112746734 3.39580721083152 12.9179648638171
"etap[35]" 0.0420046676297723 6.21846493493639 0.0293141248270952 0.0422997003745333 -12.5075040419641 -3.34190852948845 0.0443925900183853 3.37335998451958 12.6987579673692
"etap[36]" -0.0137809488480209 6.24149816805774 0.0294227045293136 0.0451401619649497 -12.7149506495268 -3.37180753139402 -0.010393251152004 3.36158774250026 12.3840276299132
"etap[37]" 0.000249558158775163 6.29694929172028 0.0296841036330883 0.0454046499583393 -12.4523850495224 -3.37010592611922 -0.0104089282832305 3.33990786772756 12.4930631542824
"etap[38]" 0.0763999245213176 6.20920628438067 0.0292704791298113 0.0450811587011589 -12.3810669706629 -3.25000969570439 0.0388019921618876 3.3285499263885 12.8738491273924
"etap[39]" 0.0301095594399922 6.18820856716947 0.0291714949416148 0.0479575047153512 -12.4976365282186 -3.26355460692217 0.0526405715389033 3.31837441988697 12.4642252070686
"etap[40]" 0.0333832174154382 6.16594868581645 0.0290665608545939 0.044533723199376 -12.2985203986264 -3.3049300519123 0.00435666892114608 3.34895920623513 12.482147581524
"etap[41]" 0.0265010374791594 6.1816056126231 0.0291403683153775 0.0465870562884684 -12.1830349142131 -3.32340120050359 0.00635033230706085 3.34535382624383 12.4761850419362
"etap[42]" -0.0400295074976851 6.20293120319119 0.0292408981134008 0.0434441984331655 -12.6664095301738 -3.35628375282197 -0.037711255639918 3.32189601226272 12.4643675241918
"etap[43]" 0.0231178944254444 6.21194263892665 0.0292833784288459 0.0409003672996954 -12.498504013471 -3.2862851901901 0.0120515100454706 3.3030066114939 12.5660941950321
"etap[44]" 0.0441649001781067 6.25122502493585 0.0294685573723679 0.0469243409672217 -12.5275032730654 -3.26374059101095 0.051095088922612 3.38419356498163 12.5922608407939
"etap[45]" 0.0638817063446634 6.19341386758673 0.0291960329631025 0.0440569501199689 -12.3762795802799 -3.29044665915057 0.0458366127026499 3.36145421474586 12.7694853125334
"etap[46]" 0.00381846224387046 6.25366367786237 0.0294800532925099 0.0453832263877953 -12.4483455790407 -3.3752978559854 -0.0046966507331776 3.33023058458397 12.5513153856711
"etap[47]" -0.0373773410628976 6.20029537570389 0.0292284727034654 0.0409318337664988 -12.6135408922529 -3.38191419120038 -0.000969077121995468 3.330921074563 12.4910982268666
"etap[48]" 0.0712583658523095 6.2157084614631 0.0293011306865277 0.0397666743974697 -12.3507020651031 -3.30685586475128 0.0150691037075371 3.3483127733833 12.732631271074
"etap[49]" 0.0598819360266762 6.2426088664873 0.0294279404119229 0.045506712922384 -12.6313423837982 -3.33703886268986 0.0333627039700618 3.44743313400912 12.7803498820786
"etap[50]" 0.102477713183436 6.12498255824714 0.0288734446772392 0.0546498830893454 -12.0619964214997 -3.23760872051187 0.0515209941656249 3.31802128617705 12.676173030701
"etap[51]" -0.101531759875933 6.20973565813527 0.0292729746216224 0.0453212452879096 -12.7053965880434 -3.41331911482408 -0.045245372433939 3.30412719022527 12.1639586077628
"etap[52]" -0.00479397095846054 6.27730867213914 0.0295915168644714 0.0502744623502071 -12.6549809263192 -3.31094117423525 -0.0225686840489475 3.36218033152388 12.6188903754648
"etap[53]" 0.0403695960664337 6.20613149373767 0.0292559844277154 0.0434834573822853 -12.4609137547675 -3.30097230364179 0.0371530771620746 3.36854504980007 12.7112106832156
"etap[54]" -0.0380352341666071 6.23983149967221 0.0294148477791976 0.0472259948677774 -12.6542377191821 -3.3549990905968 -0.0299685740518154 3.30862914484624 12.5313370453443
"etap[55]" -0.0422129198584357 6.18778276281405 0.0291694876806337 0.0425805957604467 -12.4121274461448 -3.36716703704613 -0.026230723481207 3.25990567932702 12.3344340854585
"etap[56]" 0.0645525624841868 6.21014858419549 0.0292749211737378 0.0439860129843455 -12.4061480486085 -3.27124490188162 0.0559941938895 3.35961139913082 12.6914610270001
"etap[57]" -0.0121036711499869 6.24808456474756 0.0294537531010666 0.0481580160583246 -12.6319064336648 -3.28414351654715 0.0298092232868866 3.34077089111924 12.4002776678125
"etap[58]" 0.0296310555264116 6.19932856375667 0.0292239151082387 0.0454644789389672 -12.4926051796763 -3.32213699737465 0.0456387038184725 3.35718918013608 12.6161833064607
"etap[59]" 0.00277929917142725 6.17768777934982 0.0291218994722101 0.043688195617207 -12.5620522321811 -3.34585170243041 -0.00444021922178123 3.34244789411975 12.5050264684749
"etap[60]" -0.0446954659214514 6.28879859777066 0.0296456808933339 0.044796970971766 -12.6544348262772 -3.38997185518295 -0.0554400820683394 3.36202488091162 12.3713086681843
"etap[61]" -0.0720500567467144 6.15697077042103 0.0290242385555471 0.04115039027168 -12.5020227066045 -3.34552952694674 -0.0234718312606684 3.27698701355413 12.269200468382
"etap[62]" 0.0883253230048577 6.24717529285699 0.0294494667522682 0.0564266199208351 -12.1033217426985 -3.29502632620471 0.0130590978404862 3.3990258891814 12.7959252777851
"etap[63]" -0.0114093349782981 6.28892316600278 0.0296462681136116 0.0549311058851045 -12.6596169836523 -3.3157927051928 0.033752247256988 3.42196100880981 12.437708033269
"etap[64]" -0.015468748286106 6.13579983578631 0.0289244378125854 0.0454493119302868 -12.222694477322 -3.31921832710209 -0.0205650466635762 3.30319549660087 12.0896425858
"etap[65]" -0.0568711226075432 6.22849469277203 0.0293614055589568 0.0502044751201895 -12.4661128100375 -3.37799682140425 -0.0600987359971439 3.32590993803261 12.2774407755156
"etap[66]" 0.0182932417911925 6.18238271248796 0.0291440315992715 0.0421578622708429 -12.5060531936804 -3.38677823668294 -0.0016670784840665 3.36530560996387 12.7485961413318
"etap[67]" -0.00334752860903277 6.15649534433556 0.0290219973754872 0.0403006772708219 -12.3324599574436 -3.34799191515242 0.00145855107945923 3.35174400896487 12.3900449545773
"etap[68]" 0.00779233463419218 6.11678403018254 0.0288347964453044 0.0442857583198936 -12.2411832619274 -3.27955165173719 0.00288945936276635 3.29302576440444 12.2576628740992
"etap[69]" 0.0744752527443908 6.17305873179457 0.0291000779327651 0.0427467567033956 -12.3741101741362 -3.268596789175 0.050851061354405 3.35807776340518 12.7528767262591
"etap[70]" 0.0464484626368811 6.16015074097112 0.0290392290804801 0.0451679308100538 -12.3402973481981 -3.30156216872312 0.0414006513432146 3.40067791603419 12.4964124634337
"etap[71]" 0.0447470601278037 6.18602869397184 0.0291612189208137 0.0424428388219613 -12.3513715425284 -3.2717393088857 0.0126076252797692 3.33854326078982 12.7220579160786
"etap[72]" -0.0203196348259161 6.16212434951218 0.0290485327603654 0.0431534568834612 -12.428802313254 -3.35199654612861 0.000596900010770592 3.31218255771046 12.4141567012021
"etap[73]" -0.0102956866245282 6.17464583216687 0.0291075595956696 0.0404425995067807 -12.4561795304585 -3.37040966461677 0.00574596861475612 3.34254951384661 12.3961317190337
"etap[74]" 0.0991800775027323 6.25452423499641 0.0294841099977438 0.0476050719425476 -12.4378764937251 -3.26212610084427 0.0173198775376545 3.33446316608116 12.884604934657
"etap[75]" -0.00474975178430463 6.27608721490796 0.0295857588598641 0.053790981863144 -12.3583663820954 -3.32449603788826 -0.0135377778336838 3.32222182745587 12.466594919163
"etap[76]" 0.0679849591428153 6.17462340498802 0.0291074538729347 0.0473610261713718 -12.2375983842861 -3.29880818656437 0.0177238520546047 3.362896849254 12.369209662275
"etap[77]" 0.0271799932477143 6.11306642929437 0.0288172715066526 0.0416714441205283 -12.2233762489876 -3.25783649343177 0.0559228902116356 3.3266906694612 12.4765444189743
"etap[78]" -0.0277956075867257 6.14824442146367 0.0289831021520621 0.0433544029139136 -12.3887126565444 -3.2932859050203 -0.0208098469230898 3.26783481013059 12.0970521837503
"etap[79]" 0.0141343224748124 6.17947914772957 0.0291303440637363 0.0421646692959328 -12.3945019571956 -3.32219037664136 -0.0075356564520202 3.28349085799039 12.5729214053753
"etap[80]" 0.0082700429190186 6.23672764206084 0.0294002160540987 0.044428053775245 -12.5947288992412 -3.35621192443371 0.0113151469748188 3.3958280747812 12.513823701631
"etap[81]" 0.00740710911361005 6.1858081431815 0.0291601792344174 0.0411934544630714 -12.5930048753992 -3.3389168596742 -0.044442190114823 3.33469860726866 12.4896736193902
"etap[82]" -0.015467720187977 6.14841337035354 0.0289838985847668 0.0420295033785742 -12.2521662764059 -3.3425131941006 -0.0535088659629738 3.28289571444358 12.5025728159439
"etap[83]" 0.0121555135624613 6.20892870246228 0.0292691705960992 0.0433867631284013 -12.4052089491303 -3.36680258808707 -0.00645177049096742 3.36429244414919 12.7174217569037
"etap[84]" 0.0717481663986367 6.16821276171943 0.0290772338107548 0.0426787409053174 -12.2279746610702 -3.30477291434238 0.0443312279169972 3.40280484946263 12.5860517546291
"etap[85]" 0.00973857923221372 6.12370178841539 0.0288674070703514 0.0424240249657151 -12.4682716810619 -3.32933359171453 0.0101900755831872 3.32366672511499 12.3439651328845
"etap[86]" 0.0345715226836 6.23528292543716 0.0293934055946221 0.0459742254338093 -12.5575314662957 -3.3313081690752 0.0271155187740365 3.35453238270903 12.5952116996924
"etap[87]" -0.0542283551797285 6.13053003246215 0.0288995957214785 0.0414644526301169 -12.5820448725754 -3.34069857474168 -0.0195066354501865 3.34524401762646 12.2935343982245
"etap[88]" 0.0426964874782485 6.193280173702 0.0291954027240859 0.0455455726385778 -12.5369521263151 -3.34683223556704 0.0336464036435665 3.38376755384745 12.6416058421363
"etap[89]" 0.028063091343299 6.13633470393689 0.0289269592052274 0.0405005345359571 -12.2908136370296 -3.2825711139318 0.0111345207723218 3.27741547998684 12.4097586648978
"etap[90]" -0.0409087717002629 6.20458862880571 0.0292487112926764 0.043918350725548 -12.7218465942768 -3.34902631208621 -0.0331757920351284 3.34183364208466 12.5594786739606
"etap[91]" 0.00205178560408514 6.26057914718236 0.0295126531275182 0.0566792785556564 -12.7704839787704 -3.33034687890213 0.0100598244321658 3.34166563312359 12.5229548540485
"etap[92]" 0.0152244101286864 6.13236940353727 0.0289082665998807 0.0438021199905163 -12.5739137536513 -3.31536902367545 0.012955428693294 3.31157089272278 12.528756660716
"etap[93]" 0.072584472750651 6.17253131845928 0.0290975916824593 0.0441157263050184 -12.2957514481886 -3.28007592507899 0.0120621197373478 3.40759634528174 12.6335750799516
"etap[94]" -0.0289444106234327 6.13162419520737 0.0289047536541243 0.0428227837440603 -12.5176657546865 -3.39111343668213 -0.0209804186306809 3.34132429513618 12.4138324428734
"etap[95]" 0.0239393009687973 6.16947951866083 0.0290832053602439 0.0423163060014088 -12.2978488209425 -3.37454463619548 0.00621700341793995 3.31368925571098 12.5195901045023
"etap[96]" 0.0751828287888874 6.1803232939674 0.0291343234072635 0.044523825981525 -12.1209035357137 -3.24827748707657 0.00788774699144292 3.3496370494096 12.7866139003998
"etap[97]" -0.0216295282708259 6.22798181281889 0.0293589878196715 0.0424300215732231 -12.487010623455 -3.42604695719651 -0.0235820855333806 3.38036048190829 12.4649609690458
"etap[98]" -0.0837553209331647 6.12047343801365 0.0288521884806106 0.0438254384189787 -12.6218944792071 -3.40382552245441 -0.0529976587415882 3.30178193988065 12.3091060543136
"etap[99]" 0.0517957446906251 6.25392660720941 0.0294812927533383 0.0431991044885841 -12.5159521154846 -3.30834904101333 0.038267386925069 3.38827832319186 12.5213184750444
"etap[100]" 0.029237556011292 6.1906543515289 0.029183024479654 0.0435210456991974 -12.4643511789488 -3.31844716495235 0.0241529177158034 3.36868532750461 12.5432812631833
"etap[101]" -0.0467206966191282 6.2309465742927 0.0293729638392897 0.0437637707618219 -12.5600724416626 -3.3629682616102 -0.0683633471334737 3.26329959791532 12.585874263375
"etap[102]" 0.0284355524172639 6.27917460659034 0.0296003129638294 0.0521481619970329 -12.4726437902418 -3.29390262480926 0.0491962616893822 3.38678381950423 12.4626086516616
"etap[103]" -0.00258361946919594 6.28733121591415 0.0296387635889251 0.0471259232635482 -12.6380301516108 -3.31968684765407 0.0168993862510882 3.33820081714039 12.7776633742696
"etap[104]" -0.0186050886701608 6.25559616585075 0.0294891631282509 0.046724533709269 -12.7021692040047 -3.38978231310674 -0.01191436820453 3.36509059116109 12.4797293632758
"etap[105]" 0.0627235335652636 6.18570089865244 0.0291596736788591 0.044751649295268 -12.547356085177 -3.24669452581043 0.0488122326797205 3.41275657327998 12.5203013571325
"etap[106]" -0.0173090569872974 6.23296289946779 0.0293824688873189 0.0446680415396006 -12.5660083080467 -3.38064586199991 -0.0298617179858122 3.3527073722287 12.6173573274548
"etap[107]" 0.0370635000647103 6.14596580795969 0.028972360664993 0.0428427605153067 -12.5605701633358 -3.26694967646511 0.0467103872685146 3.34363376412107 12.5424641078231
"etap[108]" -0.0920291735129344 6.31243529993096 0.0297571053758835 0.0505280175753544 -13.0128274966728 -3.40752139822346 -0.0653050389230988 3.27021255402506 12.4335981553037
"etap[109]" -0.026166431548252 6.1860198985579 0.0291611774588347 0.0447476962939574 -12.6202440016633 -3.36207537180608 0.011904409667014 3.29654883826444 12.408529222536
"etap[110]" 0.0777528865382523 6.26881566326445 0.0295514804366849 0.0471262310666751 -12.2787637806227 -3.34864000513464 0.0291684286938199 3.37873537084448 12.9341250664394
"etap[111]" 0.065372681228512 6.27001351813719 0.0295571271787075 0.0474032317823188 -12.3598848700752 -3.30591560582999 0.0396022966617375 3.37025242374352 12.6148071426977
"etap[112]" 0.0132161715764164 6.21376710496035 0.0292919790442091 0.0453632012370538 -12.4756586221042 -3.31526830833758 -0.0123563174443064 3.33367060927739 12.669600675329
"etap[113]" -0.0137643748697213 6.17703540597065 0.0291188241546083 0.0467708874579627 -12.6149598523615 -3.3186721424449 0.0427633014008752 3.3348613339703 12.3649740966066
"etap[114]" 0.0617668773820512 6.29115149499967 0.029656772557241 0.0472355647356363 -12.3990993772044 -3.34334120631939 0.0197029360500783 3.3704506333882 12.6435585469847
"etap[115]" -0.0762005411853904 6.12270189561363 0.0288626935304809 0.0385138883624788 -12.5403195389872 -3.36166964206417 -0.0666736794501341 3.25714516553263 12.3590747933336
"etap[116]" -0.0169048640666513 6.15977638818573 0.0290374643645261 0.0425614756754336 -12.6433697249909 -3.35331167687662 -0.0166703408304954 3.32642990906852 12.4056479520917
"etap[117]" -0.0573661382899901 6.18034801316813 0.0291344399346933 0.0421546301536462 -12.5200883459002 -3.38527908746023 -0.0278862283899516 3.28421167954684 12.3021698561665
"etap[118]" -0.0268638346344179 6.11003582435767 0.0288029850979736 0.0425551287396352 -12.4705652930634 -3.37174278058826 -0.0362181362483578 3.29771827160924 12.2807946907243
"etap[119]" -0.0166501469396033 6.22230204382282 0.0293322131318535 0.0469157977284356 -12.544580957094 -3.34000623103804 -0.0129750194055951 3.29586721295692 12.7269662614414
"etap[120]" -0.0235171105208828 6.22573173998508 0.0293483808746118 0.044361753081571 -12.6485251130918 -3.37011065912668 -0.00299320921856379 3.34013922753886 12.5164002594444
"etap[121]" -0.0123961618133912 6.10281052292023 0.0287689247003567 0.0421563030493825 -12.5784071930726 -3.32956587533821 0.033332743518346 3.33603801771205 12.247195036683
"etap[122]" -0.00715242623626461 6.10416212933298 0.0287752962340898 0.0387389870519196 -12.2589607866687 -3.38845211377912 0.0115757299348229 3.3186504114916 12.4072925728469
"etap[123]" 0.0483855654100526 6.20132259997209 0.0292333150851044 0.0406542550736947 -12.8136871019609 -3.27237212875702 0.0631690798592975 3.37123324410721 12.5227263014639
"etap[124]" -0.045923034903587 6.15905181673382 0.0290340487019454 0.0428872104887446 -12.5810153144158 -3.38633490140462 -0.0175170296414936 3.30519142262533 12.2834287224736
"etap[125]" -0.00578901592910578 6.17349884227751 0.0291021526334782 0.046410291162383 -12.456938026072 -3.29100529624023 -0.00569123432642416 3.29023528410959 12.4385614509019
"etap[126]" -0.0216340615106059 6.28569583503154 0.0296310543295123 0.047876927019784 -12.6292687838408 -3.33905303788656 -0.0256956444902653 3.33924658882313 12.4420782080968
"etap[127]" 0.0541956155009615 6.17840822630483 0.029125295691726 0.0436314193577405 -12.4848026632608 -3.25861431890449 0.0689230895533918 3.39487646917098 12.3902925526372
"etap[128]" -0.0171801879868141 6.203061205431 0.0292415109498364 0.0451014430327917 -12.3748348883292 -3.36481845975813 -0.024948423184902 3.34334908642442 12.4926529056444
"etap[129]" -0.087563073714216 6.16346906463601 0.0290548718082508 0.0414863235163157 -12.4942904133394 -3.35941683627131 -0.0515774327958312 3.23973313157131 12.3321938736391
"etap[130]" -0.0532142836631429 6.13540723107003 0.028922587056204 0.042849322915177 -12.5552197218213 -3.39343756175297 -0.00603288622160118 3.30213789941838 12.1399069827101
"etap[131]" -0.0578631295726457 6.24902035931865 0.0294581644789801 0.0519140411014286 -12.7617866441338 -3.37939960711247 -0.0357598550212173 3.31171749398217 12.4486082222202
"etap[132]" -0.0305231606690609 6.21325769982282 0.0292895776853616 0.0438747837577056 -12.6672698747073 -3.41212531454038 -0.0454005204847333 3.30624955950677 12.6887209721002
"etap[133]" -0.0419060202912573 6.2337389762534 0.0293861273483711 0.0461494596836332 -12.5149869966247 -3.41097784147632 -0.0375987677078079 3.30499300458016 12.510712812082
"etap[134]" -0.00105562492403114 6.26302809668319 0.0295241975861771 0.0530637686147844 -12.6914794291072 -3.36493416308846 -0.00172760488022137 3.34233699922181 12.6488750438776
"etap[135]" -0.0207174484048277 6.25394260562214 0.0294813681705792 0.0467844083579124 -12.6750584306289 -3.35631743069527 -0.0376376998760086 3.27174422951095 12.6243385047225
"etap[136]" -0.0217884696890122 6.20070326069585 0.0292303954917572 0.0459509061132636 -12.6916870888542 -3.35152605270963 -0.0125861345362184 3.34398349665698 12.4019273462327
"etap[137]" 0.0117416509241302 6.20760665869762 0.0292629384220257 0.041309924645578 -12.4719069802128 -3.34519372041622 -0.00611908740939056 3.30159004495803 12.7054903672524
"etap[138]" 0.0150679288916134 6.22537796542239 0.0293467131653299 0.0451062769549868 -12.2766572238109 -3.32887614286558 0.0222036265796976 3.35647721304257 12.4169254583089
"etap[139]" 0.0480699657464015 6.22369498804161 0.029338779533873 0.0450749719263719 -12.3078446252306 -3.30589122117745 0.0335535002456036 3.40003122818016 12.6172335758031
"etap[140]" -0.00872361966034011 6.215155444321 0.0292985237387191 0.0469174440113159 -12.5632271918642 -3.32552819067554 -0.0291364835231754 3.31170083484265 12.5579020377033
"etap[141]" 0.00245252016532444 6.25474775820293 0.0294851636962443 0.0474957367175836 -12.4425239863785 -3.38463954481374 -0.0234366389873879 3.32846177880573 12.8299713636499
"etap[142]" -0.00558903761845461 6.13478842593545 0.0289196699808247 0.0433464077339666 -12.5030754054346 -3.29617588509948 0.00835670186865791 3.27714998890554 12.3607034885433
"etap[143]" 0.0329345071566745 6.1604686129316 0.0290407275432721 0.043233445894325 -12.5631382019136 -3.27045437561384 0.0492659900026356 3.37463366693231 12.1567620675929
"etap[144]" 0.0139672038866447 6.30484324783076 0.0297213160990623 0.0445021351148014 -12.7625885244369 -3.26652937683655 0.0448625725003755 3.3314592591721 12.6250297041958
"etap[145]" 0.0260894574183406 6.19231020393103 0.0291908302427352 0.0466970668771167 -12.5254555284043 -3.28272026165866 0.0617539143863948 3.3693696844132 12.6762199568504
"etap[146]" 0.0504244968097102 6.20013608591643 0.0292277218042062 0.0459378373393864 -12.3756437995121 -3.27689765813537 0.0382004986759667 3.31595509090998 12.6974779111405
"etap[147]" 0.0159218848457455 6.19581527979884 0.0292073533288332 0.0468896408317947 -12.442302511275 -3.28887348658211 -0.0195460524444298 3.25243644671758 12.6780999183682
"etap[148]" 0.019986274087311 6.21663868616214 0.0293055158078125 0.0430325572583328 -12.5865216200891 -3.33212580753882 0.0304369943302965 3.3507458249418 12.6079588630034
"etap[149]" 0.0300474248467721 6.21748160285881 0.0293094893552271 0.0450070941784709 -12.6203350730626 -3.27126403227012 0.0613815606618088 3.37314365280569 12.4805278607554
"etap[150]" 0.076738929964647 6.17020685935011 0.0290866340771347 0.0471346964619971 -12.1818104232942 -3.28807472223355 0.0116009879130556 3.38841740658119 12.8325740540518
"etap[151]" 0.0347811883086036 6.12692850206496 0.0288826179443684 0.0472345511193313 -12.091850777626 -3.29972312902109 0.0191459628314249 3.32096733406316 12.3057136641334
"etap[152]" 0.0273535312448237 6.25720965960529 0.0294967692107525 0.0442915513439437 -12.4319629933803 -3.31275610212987 0.0515419667283478 3.34866041302472 12.6717768579612
"etap[153]" -0.029179479356289 6.18702644918149 0.0291659223839784 0.0423771190319136 -12.4490221406443 -3.36980116207528 -0.00600964839283357 3.29462431030138 12.4789168470683
"etap[154]" -0.0176901847854372 6.27643532660637 0.0295873998741478 0.0425028261551979 -12.508691316669 -3.36853565547199 -0.0774905404224675 3.29376670148218 12.5748549335325
"etap[155]" -0.0130742340052633 6.16478888436838 0.0290610934981355 0.0428714356626883 -12.5797402785428 -3.32162356164862 0.0101043933679366 3.29754222711882 12.4359514431743
"etap[156]" -0.0841927136933649 6.23031534541953 0.0293699881978451 0.0417549366898584 -12.6467674174895 -3.38450309165347 -0.0599365493570951 3.26468588753616 12.3235021813732
"etap[157]" 0.0691113089730601 6.14391188334941 0.0289626783715265 0.0429523462810963 -12.3045974914859 -3.26166421020924 0.033152006780122 3.35200226384565 12.4957159577736
"etap[158]" 0.0178387544331538 6.13229441367041 0.0289079130942582 0.0427165313658904 -12.457504745955 -3.32543321887939 0.0153511463797075 3.30603804045743 12.3889378019741
"etap[159]" -0.00987475453435504 6.14141420554517 0.0289509042054425 0.0417455814313343 -12.4154237142985 -3.36659986840433 -0.0180974655234269 3.36534396093495 12.3233064938088
"etap[160]" -0.0203018837550371 6.20088129463705 0.0292312347518045 0.0435974434038405 -12.6370868968745 -3.34092683135248 0.0196375382846085 3.35314185823465 12.4554869511348
"etap[161]" -0.0509806316708037 6.24102692048196 0.0294204830469373 0.0427587689509423 -12.7242373551971 -3.39276274926357 -0.00365190756637895 3.3297068574909 12.2861517989883
"etap[162]" -0.0814523753865294 6.16575777334504 0.029065660884573 0.0480057778945444 -12.4144325162162 -3.37990621919986 -0.0396072743206619 3.28193903446623 12.3569854174162
"etap[163]" -0.0413566800117781 6.14749444090565 0.0289795667098066 0.0446078939383044 -12.5611086307306 -3.35493867184906 -0.0183401389381595 3.30665103340157 12.3978408748851
"etap[164]" 0.018210085114458 6.04551995088139 0.0284988543537786 0.0441015311271864 -12.2782477984723 -3.27559618219958 0.0256003040012475 3.3258966853005 12.2281520339257
"etap[165]" -0.060190678404717 6.16866732330472 0.0290793766346176 0.0416652936399331 -12.915504142743 -3.31419744152209 -0.0254061672520326 3.28696128029093 12.2966041559052
"etap[166]" -0.0265318072970924 6.27190953981046 0.0295660651105905 0.0442082750899382 -12.5385618157058 -3.34202586280349 0.00344807242197937 3.33895226035035 12.5330719962107
"etap[167]" -0.0125548115229975 6.20057403799668 0.0292297863301114 0.0430301548955594 -12.6649897060465 -3.37799077144805 0.0255400029913506 3.386397643258 12.3586668740548
"etap[168]" 0.0320494074940487 6.16247280849169 0.0290501754117479 0.0418768554468306 -12.459125345754 -3.32340082948205 0.0272653299475848 3.31572523986046 12.6777474114409
"etap[169]" -0.0258713461936565 6.21097376440442 0.0292788111105474 0.0430840311634986 -12.7103927674451 -3.33206542012816 0.0507416721205313 3.37728005445922 12.4121238757771
"etap[170]" 0.0600343825397105 6.21752433506269 0.0293096907967681 0.0456179401771517 -12.4090653629436 -3.28074209922247 0.00814985855813322 3.37114919432218 12.6542593636571
"etap[171]" 0.0877738910691404 6.20321160136097 0.0292422199230494 0.0461763603762097 -12.2864128775962 -3.22653110409401 0.0411237840846476 3.36385799304963 12.5835065584466
"etap[172]" 0.00155422155506611 6.13910959608789 0.0289400401722744 0.0398044336477101 -12.4163098988418 -3.31544269904025 0.00265744956366598 3.30395325880697 12.5471520245304
"etap[173]" 0.0138979302208695 6.15080858144863 0.0289951897181516 0.0482634453907887 -12.5215772676896 -3.28005527048928 0.0554390248182738 3.33647714020878 12.5026033489764
"etap[174]" -0.000304714698671743 6.22312559736429 0.0293360954004792 0.0424416919235038 -12.3137297304601 -3.3846541940596 -0.0143050218854934 3.33481913216067 12.6750213549994
"etap[175]" -0.0241514980648681 6.24294836459413 0.0294295408213465 0.0452732473523715 -12.5605691305029 -3.29889998243851 0.0130366896452039 3.31440317323478 12.3629227973223
"etap[176]" 0.0384527231253049 6.33691761593036 0.029872516120299 0.0524368652193534 -12.5515541382968 -3.30529195469562 0.0067361567569558 3.34341821833059 12.5872296692037
"etap[177]" 0.0363589575948849 6.24512962179947 0.0294398233664225 0.051596163877343 -12.2890138354677 -3.32902709477939 0.0295835946773255 3.39231479057001 12.6682601153901
"etap[178]" -0.00841513282474183 6.29239795618267 0.0296626484316076 0.0492804987005675 -12.6440218951978 -3.35051000354935 -0.0127367970505336 3.30242029736876 12.6064251505167
"etap[179]" -0.0256871525969433 6.26623293163776 0.0295393053230368 0.0468429057281648 -12.5830823453003 -3.32270881037746 -0.0296236126098604 3.29699678724946 12.6576775309452
"etap[180]" -0.0225278658136318 6.20506374466399 0.0292509510103113 0.0420082466688228 -12.6508541248519 -3.38725086523509 0.00813750077298443 3.35048588466483 12.4776536495802
"etap[181]" 0.0334181892256209 6.16807164885891 0.0290765685983508 0.042317203511436 -12.3931017494428 -3.3173646818814 0.0304310008148924 3.36174512408042 12.4842503320616
"etap[182]" 0.012720754323515 6.20695323780767 0.0292598581664107 0.045765139228545 -12.5354585554626 -3.31641896587187 0.0361593492593532 3.30370027270219 12.7192627782392
"etap[183]" -0.0509683073668119 6.21639722906178 0.0293043775681257 0.0430432470534297 -12.7547954526555 -3.33104878210944 -0.00526238141777999 3.27927023329817 12.585310110362
"etap[184]" 0.00680962080645871 6.1545675673108 0.0290129097474417 0.0434593902261801 -12.3784616290768 -3.29369414242144 0.001786221152949 3.31069397083185 12.4559787381936
"etap[185]" -0.084380301532406 6.29191200441089 0.0296603576329866 0.0510119154312418 -12.9464973811048 -3.42190072163171 -0.0376806615254038 3.34264924635869 12.5039222674522
"etap[186]" -0.0288997398837501 6.14051930147008 0.0289466855871758 0.0443410264131336 -12.3821675940313 -3.34686477664362 -0.0378578875735102 3.23548770591592 12.4420445870976
"etap[187]" 0.0644956953862501 6.22426245334368 0.0293414545909609 0.0445208331216346 -12.4218969145458 -3.31104978883963 0.0244448852322866 3.40298071834724 12.6779572700872
"etap[188]" 0.0317703512039607 6.22110674238582 0.0293265784268424 0.0419909221683605 -12.5493021738456 -3.30217442518909 0.0623384849452638 3.3910189681446 12.7124925347494
"etap[189]" 0.0097534714864127 6.17571244017446 0.0291125876340365 0.0446931545413171 -12.4459317925165 -3.34041880908861 0.0214070569559899 3.37838646350996 12.4822957404249
"etap[190]" -0.0500409170652768 6.18645862942397 0.0291632456559715 0.0449628792011018 -12.5754956269791 -3.33111636219468 -0.0316694124669346 3.27349494885613 12.4197927372829
"etap[191]" 0.0187782115282453 6.24749588341639 0.0294509780306585 0.0419858107836315 -12.6962056342364 -3.31383652116097 -0.0046997279468995 3.37731242762526 12.449713180885
"etap[192]" 0.0170867146069861 6.18712400538919 0.0291663822683518 0.0442350234892793 -12.2818184955778 -3.29053190394849 0.0392043940283022 3.31446827810775 12.4127260718297
"etap[193]" -0.0161743157618042 6.25195475036747 0.0294719973310419 0.0425063313205671 -12.6557521320911 -3.37084137476019 -0.0270565855189817 3.30805934699231 12.6169881882792
"etap[194]" -0.0552795469600717 6.08274754610833 0.0286743469206602 0.0440614146929061 -12.3513359373908 -3.40381570869587 -0.0721984812034195 3.26943532210773 12.3359142495828
"etap[195]" -0.040691577211024 6.30371942854463 0.029716018364142 0.04553767539405 -12.9112633840594 -3.3773159711391 -0.0106331599838946 3.33929374555327 12.2690957363057
"etap[196]" 0.0246311991149674 6.19373943299523 0.0291975676931563 0.0484372975511063 -12.3019331089322 -3.29850990969055 0.0200651535522638 3.30432843832027 12.5797179129657
"etap[197]" -0.013793215419441 6.16882310575044 0.0290801110001093 0.0430166288025546 -12.3532173797108 -3.3128932393417 -0.026198762969864 3.3061143408772 12.4041624227092
"etap[198]" -0.0425718635185337 6.19963613790814 0.0292253650266935 0.0413828439768903 -12.6537890181941 -3.3378767286673 0.0119124121525509 3.34625899541344 12.3783510999753
"etap[199]" -0.042528718925031 6.21026425536547 0.0292754664528623 0.0485508232482149 -12.6483016472266 -3.38987571583127 -0.0144321095604607 3.33955966569633 12.4168967986127
"etap[200]" 0.0552642968970908 6.18546338847129 0.0291585540451278 0.0477848578702966 -12.2827552377796 -3.3201945898929 0.0321127100298941 3.33543352016933 12.7880045912577
"etap[201]" 0.0981833085528913 6.22507246848765 0.0293452730389686 0.0447007794692084 -12.1642118243313 -3.33630655553169 0.0346947055507959 3.39636977945897 12.9607527863246
"etap[202]" 0.0231133351060652 6.11849026180213 0.0288428396982943 0.0408577195170609 -12.4229027318007 -3.27030386897877 0.00323383935143786 3.35418979172133 12.4623058930768
"etap[203]" -0.0280070631406931 6.18815463839842 0.0291712407189501 0.0429779241578367 -12.4783532609638 -3.34407903251543 0.019981646954269 3.35148403212833 12.410118721857
"etap[204]" 0.00505135152224264 6.08770118676318 0.0286976986066509 0.0425210335537646 -12.2482968014775 -3.34465681270054 0.0282407899147986 3.35856956778461 12.2863670741567
"etap[205]" -0.00553340702560941 6.20171549344422 0.0292351672026939 0.0458525544930646 -12.5682322862972 -3.30940511726407 0.00716190932549373 3.34333058669684 12.445736587639
"etap[206]" 0.0156815906218739 6.19173076886253 0.0291880987596273 0.0464662727709466 -12.3376929792778 -3.33503816058956 0.032551529210118 3.34778186308182 12.5049535410287
"etap[207]" -0.0235130634925204 6.22515882406669 0.0293456801230722 0.045630224328664 -12.5589046569013 -3.33078364642796 -0.00909287483327172 3.34372986301203 12.4320537159915
"etap[208]" 0.0503868649673229 6.22151871987702 0.0293285205073606 0.0477868740930507 -12.4806666887488 -3.29519628674219 0.0598933404837202 3.39485754426375 12.7561360129169
"etap[209]" 0.00339612715499221 6.23122713636086 0.0293742864215626 0.0518402336836018 -12.6665622221042 -3.3536183725538 0.0373913206447539 3.37637557116682 12.6130275916827
"etap[210]" -0.0316673753981976 6.15218099825999 0.0290016593530444 0.0485890206011559 -12.241173912251 -3.33040034943753 -0.0299056905081473 3.29290603028081 12.3590159477919
"etap[211]" -0.0323282725635834 6.20836482773747 0.0292665124651548 0.0449466837177462 -12.6765094637598 -3.2967178911316 0.0155344655816425 3.2658649275278 12.3098012217033
"etap[212]" -0.00532066413487267 6.19342910030485 0.0291961047708244 0.0458359227074891 -12.466468006321 -3.37615270644509 -0.0304106195386439 3.3536581844005 12.2176529382732
"etap[213]" -0.0701593964479324 6.1979811655028 0.0292175634119569 0.0451017504221995 -12.6912138260531 -3.40239544313676 -0.0205077735761868 3.27094766130248 12.2517861561866
"etap[214]" 0.0485743610758981 6.19533447462641 0.0292050867915142 0.0434938975312613 -12.3195207401407 -3.33425241821327 0.0337558812613369 3.39057267367217 12.7075314005566
"etap[215]" 0.0227160783738002 6.26427811273155 0.0295300902183396 0.0424213920475249 -12.7110309272578 -3.34731285308186 -0.00126840430905892 3.33567503599499 12.725299757898
"etap[216]" -0.0413380341270773 6.24197935154517 0.0294249728500266 0.0454883455090598 -12.6408330033114 -3.33760114277197 0.0118355769956889 3.32689479299659 12.3102179854128
"etap[217]" 0.00766891779139883 6.16954367208585 0.0290835077823897 0.0407992150780229 -12.5411359644821 -3.3017756693798 0.0159057647004589 3.34963005223833 12.418470041949
"etap[218]" -0.0586413975112853 6.18821967317408 0.0291715472958226 0.0538049599802951 -12.5094708758163 -3.34286326771392 -0.0142046032671512 3.23195239161236 12.2996912491485
"etap[219]" -0.00987296200923363 6.29169907048949 0.0296593538528548 0.0486164123672094 -12.7165114593484 -3.36799666327864 -0.021584446118781 3.35213274982384 12.8407905202135
"etap[220]" 0.0285469641167853 6.16911208024821 0.0290814732389557 0.0477593003420462 -12.4315235734082 -3.35491705936807 0.00213819961003737 3.35711630674309 12.5966961483182
"etap[221]" 0.0870690880438864 6.19949839478254 0.0292247156993724 0.0447983786058403 -12.3872330696462 -3.27039787193223 0.0748281381571303 3.39823175289374 12.4783654991683
"etap[222]" 0.0158127042904647 6.19915446800228 0.029223094412982 0.0455086921063777 -12.4817150841334 -3.3531523821857 0.0190100460394339 3.34205280075874 12.4654471648605
"etap[223]" -0.0193087843046241 6.31490029448224 0.0297687254716354 0.0448940298559544 -12.8315847486583 -3.37417563759856 -0.024231109070451 3.32349509350359 12.7263121072635
"etap[224]" 0.0487472899820458 6.18732417771352 0.0291673258897381 0.0388352342663382 -12.330617529816 -3.26330445147925 0.0202692115100191 3.34209845550804 12.5914692761135
"etap[225]" 0.058358869582593 6.19817231928227 0.029218464519515 0.0438914298699638 -12.3186437882213 -3.30196435215888 0.0433984552253387 3.40566746541669 12.6227823857046
"etap[226]" 0.0129934376925321 6.26848201096851 0.0295499075846781 0.0498988935164549 -12.4814675037481 -3.33493681646454 -0.0160897542221747 3.31313765221395 12.7793448712865
"etap[227]" -0.0239992894127679 6.24809878284015 0.0294538201257979 0.0423346701140972 -12.5235891562181 -3.3596708473636 -0.00774472520070646 3.28060004733689 12.7328834343511
"etap[228]" -0.0186290038490457 6.17191603670308 0.029094691216445 0.0416322611281196 -12.5256134048723 -3.32740653319986 -0.0388106887021707 3.28980965932188 12.466684127851
"etap[229]" 0.0527877757018582 6.18104642817871 0.029137732294627 0.0473194010751003 -12.3571442824191 -3.33380351615078 0.0479464964604837 3.36702884448658 12.6667108428602
"etap[230]" -0.0303990789468468 6.10541078545581 0.0287811824555019 0.0411107567596889 -12.4410372535199 -3.35037070120594 0.00347211486690849 3.32549567525537 12.2387682088121
"etap[231]" -0.0598982256117111 6.23446892772808 0.0293895683726223 0.0438093015523246 -12.9272251695849 -3.36273503893351 -0.00960155155147723 3.29371084008796 12.3259894935308
"etap[232]" 0.014526547242288 6.21886883339404 0.029316028822684 0.0462251153432521 -12.4918849944197 -3.33590020419851 -0.022867221898896 3.37406746200717 12.6952578874195
"etap[233]" -0.000866672021727327 6.16490286574258 0.0290616308114864 0.041705250345739 -12.4578279311859 -3.33359517042537 -0.00344776464746533 3.30973597963822 12.348644826582
"etap[234]" 0.00934008166496538 6.20241312639433 0.0292384558759593 0.0496060344905161 -12.563891616061 -3.30298490944926 -0.00666116037633033 3.34112847933934 12.5031423781363
"etap[235]" 0.0699523515883414 6.21313030903661 0.0292889771594364 0.0406950178464853 -12.4262697751534 -3.27338691637896 0.0633200218961535 3.38946387021483 12.7697408998395
"etap[236]" -0.0501424761059251 6.26249809882056 0.0295216991522925 0.048931351226605 -12.5260037142432 -3.40843419496273 -0.0423541001466902 3.24220490714886 12.2690459319336
"etap[237]" 0.0159333015714918 6.38862687560849 0.0301162759080893 0.0490143029808379 -12.5844132232973 -3.36495877815404 -0.0231729396371394 3.36731663391916 12.7274351004089
"etap[238]" 0.0239627875439544 6.26585171359015 0.0295375082439263 0.0475704890002115 -12.2594604022498 -3.34410047423552 -0.022910900590967 3.32621720960237 12.806205698039
"etap[239]" 0.0171267256047386 6.13884985806583 0.0289388157554962 0.0439461464915098 -12.3737865034928 -3.29905059716653 0.00106743293598727 3.31671203540779 12.4810534780912
"etap[240]" 0.0693759871383499 6.20248591367479 0.0292387989984899 0.0454297781235334 -12.3010887228277 -3.24756411514529 0.0625694486215706 3.38735697269308 12.6027225919238
"etap[241]" -0.100411297535023 6.17903392207513 0.0291282452498735 0.0444049777226858 -12.6422541321553 -3.41243162979058 -0.0761850431753767 3.28006301736829 12.155978927851
"etap[242]" -0.0120126477426052 6.20157369326103 0.0292344987502198 0.0452673609402937 -12.6169666429582 -3.32194070366967 -0.0188209316489647 3.33025404174213 12.588592033865
"etap[243]" 0.0560868739304488 6.11548984079985 0.0288286955780468 0.0439722112259387 -12.3289610140499 -3.25249137211674 0.0673960369433947 3.37793653132098 12.4932800899034
"etap[244]" -0.0583206854313834 6.21194068706143 0.0292833692276651 0.0505882731687354 -12.6229384705763 -3.36284887638118 -0.0394030657235011 3.27887409294986 12.290879094502
"etap[245]" 0.0853579331674788 6.20434129165593 0.0292475453341707 0.043274530828646 -12.1755573847362 -3.33723363971305 0.0429542458071234 3.37509593828038 12.8319116379435
"etap[246]" -0.0239439222622527 6.26606162299026 0.029538497766328 0.045368196772096 -12.7704413758968 -3.39803579032889 0.0134992219032971 3.34407021145849 12.5289807731887
"etap[247]" 0.0482940206776106 6.26848948160457 0.0295499428015943 0.0430081717609834 -12.3716394034197 -3.32835968733982 0.029825605270474 3.39820861806693 12.9374823966428
"etap[248]" -0.0240284006558375 6.23078939552689 0.029372222891482 0.0444595978500414 -12.4544075761889 -3.38816364492179 -0.0608979592710402 3.30375442219594 12.7638958640323
"etap[249]" -0.00416196050243563 6.09607408927341 0.0287371688476055 0.0414597476751226 -12.4029235136164 -3.31123894733459 -0.00562145370747709 3.30729171659206 12.2831747546832
"etap[250]" 0.0553398460985175 6.224530558402 0.0293427184503263 0.0388751742482319 -12.3930077808412 -3.28451895302191 0.0867797380298457 3.41532755443427 12.6848954751329
"etap[251]" 0.0169778129700845 6.23672291237953 0.0294001937581672 0.0508002887341467 -12.4276089335359 -3.32642871418524 -0.00390325421394356 3.31354436484228 12.7352913021983
"etap[252]" -0.00263861871887343 6.19398746205114 0.0291987369133388 0.0394133056955374 -12.6029421334301 -3.30490974378421 0.00228691353974803 3.31302154562596 12.3719800430391
"etap[253]" 0.0122447395123522 6.13128043551563 0.0289031331553968 0.0412612127392503 -12.4061693368173 -3.34471502733973 0.030972223099091 3.33376792369228 12.5652491262529
"etap[254]" 0.0236226006679529 6.12445118078606 0.0288709397398652 0.0387869964512408 -12.2348377422192 -3.32857763573806 -0.0524309776895178 3.28383590909369 12.6037949098987
"etap[255]" -0.000324608997857278 6.3121456039434 0.0297557397359016 0.0476851401160679 -12.6680320246605 -3.33614824880307 0.00986390884029209 3.36937358383342 12.7295558640566
"etap[256]" 0.0433442754220264 6.2425858086518 0.029427831716244 0.050239070611018 -12.3090092363454 -3.32794943023014 0.0347181992394575 3.37319837985989 12.4721224618749
"etap[257]" -0.0228550580979405 6.20626767143663 0.0292566263755446 0.0433800148759426 -12.5577586899989 -3.34474993321043 -0.0106611506380715 3.38706770661298 12.4243263723843
"etap[258]" 0.0107321201912989 6.17972839327389 0.0291315190185001 0.0440214084854198 -12.4334275404168 -3.30962681679813 -0.0163613738258529 3.32331034464295 12.5372723819764
"etap[259]" 0.0369599230908647 6.22541285936813 0.0293468776569676 0.0473739071509251 -12.5218867783945 -3.31861049624447 0.0033641976677684 3.34564919285785 12.7899879656253
"etap[260]" -0.0553877055641902 6.17911168679026 0.0291286118362562 0.0412872891386534 -12.5095160436131 -3.37873191159701 -0.00945332212383585 3.32421062876655 12.317215289991
"mean.p0" -1.18535772003605 0.342756211905712 0.00161576827821561 0.00886819145325761 -1.91963386635252 -1.39222448983553 -1.1626987724253 -0.964101170974575 -0.571706826826279
"mumup0" 0.891944781825734 0.112868008421387 0.000532064894225221 0.0027883373342542 0.541938988813176 0.875127749399693 0.921273714481215 0.953944214554835 0.989901415548469
"mupsi" 5.26260318785123 1.29398188859903 0.00609988912107299 0.0143810216187767 2.93665532508577 4.35085727412531 5.18681931415678 6.09348933250905 8.00935040572749
"ppo[1]" 0.262147128323022 0.0961787649613234 0.000453391046068659 0.00130897277079278 0.0973608499106704 0.197543111908545 0.252869403384424 0.316004434051525 0.486154641794351
"ppo[2]" 0.203911587261212 0.107197286423043 0.000505332854363535 0.00252264980054328 0.0274983218394825 0.127574529291611 0.200666923165207 0.264508612339101 0.43246704493849
"ppo[3]" 0.220433367190359 0.0902052874658025 0.000425231803106339 0.00189808494585425 0.0537753628192445 0.158653147209727 0.219609201898917 0.276088647804181 0.40679326650559
"ppo[4]" 0.204137095544148 0.108782376847586 0.000512805042283458 0.00268183765702075 0.0267704394628633 0.127046781513736 0.199942205825666 0.264339228111456 0.441200820085869
"ppo[5]" 0.302625666371081 0.10985161094394 0.000517845460151508 0.0016911674325537 0.132980184001724 0.228555226439226 0.28317456650679 0.358056798898411 0.571564295275654
"ppo[6]" 0.260992364125853 0.0954952299830337 0.000450168831279814 0.00121602050454334 0.0952711256859146 0.196987595883267 0.252956961013797 0.314800677337536 0.480821191830077
"ppo[7]" 0.260127015913275 0.0948033193688555 0.000446907133364745 0.00117703753876621 0.0954927061973437 0.196590532775632 0.252047220741513 0.313503735001924 0.479654301554768
"ppo[8]" 0.25989710987484 0.0970948776228544 0.000457709642570655 0.00142255460440389 0.0929032229048986 0.194758993829689 0.251223637122964 0.314300662379982 0.483191627344572
"ppo[9]" 0.346550623336878 0.128585807367971 0.000606159309028263 0.00270938892639389 0.163032324751985 0.253077107415626 0.319881428451473 0.416830518874608 0.659419228422988
"ppo[10]" 0.302761695135053 0.108966511200369 0.000513673059946805 0.0017978710927625 0.135014516489768 0.228587348323099 0.283566922517869 0.358474503249753 0.571276394679619
"ppo[11]" 0.204851693806975 0.107949435954078 0.000508878521255945 0.00259725176862661 0.0270687931427077 0.128588738151047 0.200948303336072 0.266061678148358 0.435391803484625
"ppo[12]" 0.260471394003025 0.0959513719736793 0.000452319105244943 0.00132673190907135 0.0943159377060072 0.196008474962102 0.252506223437858 0.314181830702271 0.480789924559351
"ppo[13]" 0.22152747588406 0.0896842279478758 0.000422775504982821 0.00166872678541929 0.0556602114625508 0.160097330659393 0.220138387971945 0.276247007162037 0.409366051242307
"ppo[14]" 0.22111985294386 0.0892182205142239 0.000420578724873363 0.00190043525989492 0.0563961656800546 0.159448325248692 0.220444284609483 0.276035354766322 0.406844324588436
"ppo[15]" 0.204422220736352 0.107812206196503 0.000508231613974864 0.00245565725761417 0.0285391829066042 0.127996674850805 0.200422511118153 0.265091583367957 0.435810081824372
"ppo[16]" 0.302149349869323 0.108189460898582 0.000510010009695359 0.00178942935882658 0.133967628021466 0.229148028813303 0.283710889850114 0.355973211359182 0.567809113755647
"psi0" 0.989571196601669 0.014348990640949 0.0000676417905693157 0.000150606826301825 0.949628978420769 0.987268430436596 0.994441313874236 0.997747566982892 0.999667769876708
"sdeps" 0.586114555092592 0.423363744747706 0.00199575583213089 0.016297180470554 0.0174580358533482 0.258120591898936 0.513991788633778 0.828399343754856 1.60867573460507
