"Mean" "SD" "Naive SE" "Time-series SE" "2.5%" "25%" "50%" "75%" "97.5%"
"N" 25.0925111111111 0.367333066485873 0.00173162468177473 0.00708811049684287 25 25 25 25 26
"betapsi[1]" 0.0347863784153564 2.46232795341294 0.0116075252890899 0.0177412852233784 -5.35658639983417 -1.02440052157733 0.00169400496959017 1.04556417831821 5.63224121216168
"betapsi[2]" 0.0628794584972613 2.46677141733514 0.0116284719788989 0.0189064027035357 -5.2520184187023 -0.996255993052084 0.00224018857823269 1.05134520183058 5.71306122332499
"betapsi[3]" 0.0765962465244065 2.46562742624942 0.0116230791532033 0.0185817358860265 -5.22280799487061 -0.996218288679408 0.00759896566328619 1.07949262270952 5.67040758508911
"betapsi[4]" 0.0030605264930014 2.45431022981304 0.0115697293775755 0.0169611104104197 -5.38235243420127 -1.04006727132665 -0.00224518518993344 1.0036852889894 5.46824060284732
"betapsi[5]" 0.083231351942174 2.4275331106321 0.0114435008272189 0.0175479256135474 -5.18294358523912 -0.950441234557167 0.0101863018837295 1.06381892378293 5.65660044669226
"betapsi[6]" 0.0739480287068331 2.48343138080874 0.0117070077998756 0.0192946247578329 -5.1965820791027 -0.992069210564319 0.00489607811895071 1.08094424018932 5.73743478103076
"betapsi[7]" 0.0490395097342651 2.46687806258685 0.0116289747094366 0.0179838251155049 -5.30046780272513 -1.00663654336312 0.00259447071422654 1.05289981257976 5.60093996119764
"betapsi[8]" 0.0499279956017351 2.44411121931185 0.0115216507809969 0.0180181606935472 -5.25668935426981 -0.998295881493665 0.00128913320705719 1.05311966530902 5.60292311456676
"betapsi[9]" 0.0552550158378905 2.46507651786159 0.0116204821461577 0.0181994834609036 -5.20624998787575 -0.997934855845255 0.00262096025711458 1.05231998640755 5.68327581535529
"betapsi[10]" 0.0969639524092797 2.44798381292967 0.0115399063623832 0.0183205658046406 -5.14252763118919 -0.959821263630652 0.00987376258316815 1.08838924409377 5.76477416108717
"betapsi[11]" 0.0599800161457977 2.467636159534 0.0116325484127174 0.019219498253234 -5.20359158436076 -0.992782256475453 0.00451116497031437 1.0382768988895 5.6801578418937
"betapsi[12]" 0.0250328656698805 2.44749766164452 0.0115376146232471 0.017179819817853 -5.28296787313496 -1.0280204936284 -0.00203965021183207 1.01643573467944 5.55482750561916
"betapsi[13]" 0.0471690334508667 2.46132894515261 0.0116028159189876 0.0189861654475876 -5.21521352589991 -1.02602491842947 0.00170932062627329 1.044463442405 5.66621871693042
"betapsi[14]" 0.0552131738001036 2.4587179330813 0.0115905074900451 0.0181348534331994 -5.20829305112515 -1.00682724437212 0.000880128587587918 1.05210615137305 5.64054685978548
"betapsi[15]" 0.0715178673982278 2.46210720506868 0.0116064846714155 0.0176885696330771 -5.17429536672046 -0.993389638683611 0.00372532191111432 1.06476744693744 5.70983229457397
"betapsi[16]" 0.0640518546998002 2.46595372010227 0.0116246173171767 0.0183496581597637 -5.17509707921133 -0.985751572178412 0.00454795873673411 1.05863069248044 5.70306295979624
"etap[1]" -0.177704604728317 5.07347582893683 0.0239165944188485 0.0852589364362493 -10.5945112238537 -2.97030631162091 -0.118158936351895 2.65891687051629 9.68015013649381
"etap[2]" 0.281938590098616 5.73673265605762 0.027043217086351 0.113554357643946 -10.8814383929025 -2.81654932807779 0.161835626265963 3.18189880796608 12.3101919125946
"etap[3]" 0.21868370892233 5.7965619582261 0.027325255121531 0.114503986406277 -11.0097501008242 -2.8666226834678 0.134090655885437 3.19109030962636 12.211433990792
"etap[4]" 0.17730449504208 5.60597253748679 0.0264268079760164 0.114846590721005 -11.0678276775306 -2.82804815278732 0.102669869461442 3.1357796843227 11.6744893988218
"etap[5]" -0.197006582530883 5.06329370259727 0.0238685954149712 0.103803729296716 -10.4682261864907 -2.98045979619702 -0.125736391521729 2.68407878410117 9.85644789768996
"etap[6]" 0.188790793221934 5.65235193498126 0.026645442552521 0.115310863699016 -11.1098196710542 -2.88330120166585 0.134085080338117 3.14072240979699 11.8587798913624
"etap[7]" -0.218201589915727 5.0472008417642 0.0237927329414794 0.101753473188318 -10.4480404708236 -2.93976112309895 -0.179269177202751 2.59811880015334 9.59741456701924
"etap[8]" 0.174475508018797 5.65403163579732 0.0266533607381037 0.10973042000896 -10.9959116302266 -2.87336287186214 0.10819957156275 3.12272922170537 11.8378159019587
"etap[9]" 0.269133568747687 5.77168715073259 0.0272079941544685 0.110323916067094 -10.8366017295665 -2.86147111853098 0.13139393255304 3.19657369842208 12.018347336805
"etap[10]" 0.24866164077014 5.64057189532638 0.026589910913037 0.112021829958981 -10.8566736124845 -2.79284004431932 0.166913160823726 3.18640713554841 11.8533988452906
"etap[11]" -0.464577691458166 6.76984819690049 0.031913370450879 0.264919337454701 -14.0540329380693 -4.64926444742935 -0.496581882677248 3.94741631256634 12.3240915981122
"etap[12]" -0.494980640904629 6.77863711280509 0.0319548017977818 0.269069407735689 -13.8562673496349 -4.67721383923947 -0.594538997450207 3.95968834683193 12.3899697265482
"etap[13]" -0.147479415736601 5.05272364612618 0.0238187676909163 0.0990040149038785 -10.3987352580811 -2.95952478961464 -0.128453118659225 2.71018621184784 9.84234646795733
"etap[14]" 0.230007426963609 5.71027222071557 0.0269184813979276 0.112026502996959 -10.8246715388603 -2.87809236416662 0.0994952595768684 3.14250747961511 12.0633405104769
"etap[15]" -0.140491281639274 5.09849123334119 0.0240345181661048 0.0888050425139474 -10.3530626622197 -2.94378550564109 -0.0895717593439605 2.69456238443031 10.0026674726814
"etap[16]" 0.204934290974432 5.64560950761764 0.0266136584451179 0.109608701406959 -10.9962605058226 -2.88088433850679 0.0937889186688264 3.14797481015238 12.1247328474198
"etap[17]" -0.723939162383815 8.96834013055372 0.0422771608153465 0.423332646545094 -17.8873289572355 -6.66093186786133 -1.42002454155253 5.75060959082538 15.6932943881995
"etap[18]" 0.246668160905689 5.72992347913586 0.0270111183185132 0.11788054232551 -11.1054145724736 -2.79903053578623 0.136019350110021 3.1885600423482 12.0734210532264
"etap[19]" 0.221997115518932 5.71205114356608 0.0269268673206663 0.116636593525721 -11.1088164878832 -2.84960197538659 0.159768423293028 3.23569635013842 11.8895874861761
"etap[20]" -0.1420036841573 5.01328333251909 0.0236328442695583 0.0861413766735175 -10.2738339079445 -2.95398264487502 -0.126382375767284 2.69895377872505 9.91785176125048
"etap[21]" 0.267916327159377 5.74508536381818 0.0270825921283428 0.115614501454689 -11.0623104694869 -2.77054780660441 0.194156176549727 3.18786937255964 11.9652268213231
"etap[22]" 0.323933742122549 5.65965680280154 0.0266798780296636 0.122783890585187 -10.7577109864196 -2.72442879712369 0.211860440277567 3.23320178598911 12.2532532977459
"etap[23]" 0.214880025505127 5.74594151146045 0.0270866280470331 0.111828611598591 -11.0757766674434 -2.84637950063614 0.137617135114996 3.16106721492126 12.2297166321388
"etap[24]" 0.266368284974505 5.75390351925972 0.0271241613117446 0.119043484656918 -11.410511693794 -2.82233239102538 0.171720567097894 3.23569238728807 12.01754414196
"etap[25]" 0.228742395239283 5.64570945017575 0.026614129578855 0.106415009355804 -10.8617793932906 -2.83008891454528 0.174259401361686 3.166904030242 11.9880933722427
"etap[26]" -0.0857421063525967 6.71154724539508 0.0316385371298184 0.0848696915994901 -13.4527713993767 -3.64041112044235 -0.0936639204781154 3.43431315896693 13.4532636236536
"etap[27]" -0.0336857640077372 6.10835943155916 0.0287950825065353 0.0517770735657956 -12.2999509546966 -3.33484235868252 -0.0139179220985077 3.25099615444347 12.2300476329006
"etap[28]" 0.0923008331725905 6.01943361324993 0.0283758821788751 0.0457873637926799 -11.7829516864368 -3.25871199166046 0.0273511383522377 3.36233435619332 12.6582929667864
"etap[29]" -0.0491240959676428 6.07668142276584 0.028645750940987 0.0494912606175257 -12.2384282827632 -3.30577993393127 -0.0133148309314052 3.21093138611337 12.0647933345192
"etap[30]" -0.00174707787668163 5.9213789381972 0.0279136480078296 0.040953223534756 -11.8619954854043 -3.23647875541161 -0.0157178297210513 3.24146477349976 12.0955120282236
"etap[31]" -0.0298541314269204 6.06301639345824 0.0285813333750635 0.0475521368659305 -12.3132086091694 -3.26620167899327 -0.00266086437008034 3.2458921901433 11.962226946797
"etap[32]" -0.020738930548814 5.93952955772104 0.0279992108488166 0.0406924436392601 -12.0437803669964 -3.23865576365895 0.00793067540204417 3.19160401080977 12.0186412998385
"etap[33]" -0.0147648685950949 5.92698237853979 0.0279400628789244 0.0412674792876108 -11.9530541219445 -3.25474430853592 -0.0188382250042659 3.24152728520529 11.9878230193451
"etap[34]" 0.0444977452864817 6.01774865596357 0.0283679392140538 0.0451179144001451 -11.9227580591655 -3.2484349744207 0.0094037258264229 3.25617302120975 11.9860805314393
"etap[35]" -0.0168886649206872 6.12085797910683 0.0288540012247082 0.0483200916596068 -12.3431872809305 -3.29791455496373 0.00649286465324448 3.29686545491891 12.2206497634986
"etap[36]" 0.0245579006745408 5.92453012831003 0.0279285028604802 0.0438565277422903 -11.7811713121546 -3.22704356427452 -0.00126497513078482 3.22868830770122 11.9180618157243
"etap[37]" -0.0335540100198808 5.93758753858982 0.0279900560828374 0.0448350256085734 -11.9774143125845 -3.24970785259679 -0.0193293542994277 3.16978476799628 11.8592696382475
"etap[38]" 0.0233760056853516 5.95272597865304 0.0280614193736726 0.0436250334391628 -11.8789287033326 -3.25059348718162 0.0375789298124701 3.23601382519311 12.1481674990211
"etap[39]" 0.112907983148561 5.97387453881379 0.0281611146423526 0.0386863723260406 -11.8974320619102 -3.1228627827654 0.0589392869986838 3.29454098889747 12.3954218472809
"etap[40]" 0.0107248798125057 6.035166819777 0.0284500492257091 0.0401073813253513 -11.9043161866902 -3.28656879780302 0.00876693475787323 3.25435166483284 12.3219597374174
"etap[41]" -0.0568124684583282 5.97495313613216 0.0281661991988725 0.0440437617518692 -12.0357521183282 -3.29425587056242 -0.0132543379742169 3.23060824122302 11.8171176480014
"etap[42]" 0.0436645904317673 6.02526255641386 0.0284033600804642 0.0445823876866605 -11.8755195961325 -3.25456422302328 0.0375657158200278 3.29656507548758 12.0264247362364
"etap[43]" -0.0554088021628288 6.00766340957678 0.0283203969066536 0.0436321915906441 -12.1272501574533 -3.30677474460759 -0.0319325254932073 3.18970242936291 11.9836564756983
"etap[44]" -0.0437587090151045 5.94545465384544 0.0280271420198082 0.045035918884745 -12.091223916239 -3.21860732183432 0.0144706571116213 3.20079961599737 11.7569488469512
"etap[45]" -0.0135456214521309 5.91713923714155 0.0278936618653852 0.0363838462256641 -12.0519052582039 -3.26970486422042 0.00826446884502361 3.26502100639084 11.9804863037931
"etap[46]" -0.0629790234025189 5.98249908011622 0.0282017711199498 0.0440942584958561 -12.2614779516166 -3.25696728664428 -0.0118620439767959 3.20950193340604 11.8998944882656
"etap[47]" -0.014910806395996 5.97707037535177 0.0281761799602698 0.0410565376169294 -12.1053009453793 -3.26133471254632 -0.0327536096361207 3.19512702882665 12.0603367519581
"etap[48]" -0.0472863935799048 5.9178053863381 0.027896802122813 0.0403350861660582 -12.1839856576726 -3.25253927560517 -0.0180369720477137 3.24275851091055 11.8925950305726
"etap[49]" 0.0503693409551476 5.90014354480643 0.0278135434033777 0.0404843098138581 -11.844826400362 -3.1751399017059 0.0190609744133471 3.26848355475824 11.9105294047379
"etap[50]" -0.00434264472835564 5.91116472014041 0.0278654977221464 0.0450017768039946 -11.8273797222389 -3.27512980264084 -0.0361724074350424 3.22682767248347 12.0530885206146
"etap[51]" -0.0211760522764649 6.00884670565563 0.0283259750178636 0.0415223536776655 -12.1211421365571 -3.24872058391983 -0.0332277790340259 3.20917642510197 12.0399873666471
"etap[52]" -0.0354796533025043 5.93854632872559 0.0279945758628823 0.0474201750761358 -12.0303978032918 -3.27940616058845 -0.0261767452011263 3.2176819950741 11.8748818696525
"etap[53]" -0.00853890859326115 6.01924942329396 0.0283750138990958 0.0495878729674496 -12.1254594577128 -3.316569980529 -0.01789953277533 3.26196192532441 12.0217293965694
"etap[54]" -0.0616919750793516 5.89157407850569 0.0277731465518284 0.0438988618319211 -11.998810579869 -3.25840160285788 -0.018142758793095 3.21518669309304 11.5670986911674
"etap[55]" -0.037881197948425 5.92651947173372 0.0279378807153135 0.045873191496156 -11.8236106421543 -3.30106945213837 -0.052213440120329 3.195186114057 11.7349317324364
"etap[56]" -0.112946146217267 5.94102873549318 0.0280062780406091 0.0458571170925782 -12.1353376124226 -3.35398957500978 -0.0715064688551221 3.22060686374755 11.5494173015752
"etap[57]" 0.0370176701130168 5.98506120705014 0.0282138491021446 0.0491092299789071 -11.8901573414703 -3.20405939363412 0.0361741760116818 3.28829954100509 11.9151977557674
"etap[58]" 0.0466449037741138 6.02371084487231 0.0283960452421077 0.039438104874836 -11.9455225094238 -3.20446286207079 0.0119668743410472 3.30739304323602 12.2522748344642
"etap[59]" 0.0271405490962177 6.00469100331689 0.0283063848491682 0.0541834691472758 -11.8341626481516 -3.25816353476315 -0.00366323602207481 3.24983287837363 11.7796915142532
"etap[60]" 0.0366683352871297 5.92193766787194 0.0279162818847753 0.043933396053321 -11.6205357590137 -3.26790907290236 -0.020542574262307 3.24350625159848 12.0285470268547
"etap[61]" 0.0234727271924187 5.90837018052772 0.0278523241360769 0.0403975853303147 -11.7798248165998 -3.27280347018343 0.0020292418370881 3.25015149797459 12.1320388726326
"etap[62]" 0.0348159152916472 5.92111475187572 0.0279124026215668 0.0422695354378467 -11.8388825874576 -3.25536761337926 0.0289271980780162 3.27965974678297 12.0703958094205
"etap[63]" 0.0316662335865405 5.98759456411168 0.0282257914618605 0.0423455363894094 -11.9863742381269 -3.24113293647097 0.0306549858474495 3.27123037665443 12.100106499973
"etap[64]" -0.0274741818399373 5.85065532666363 0.0275802537057936 0.041660524349521 -11.8685348048658 -3.2627189867984 -0.00150450434409027 3.23965712491275 11.6299492864388
"etap[65]" -0.0256124828316947 6.00345455651821 0.028300556183062 0.0406356730253042 -11.99370985602 -3.2862138439337 -0.00568257722276827 3.28484331679766 11.9565495823261
"etap[66]" -0.0484738670398617 5.97293538125035 0.0281566874111412 0.0443475014441239 -11.8444211648687 -3.28601704683356 -0.0381853805529817 3.18680768306496 11.8293434407731
"etap[67]" 0.0267314072892861 6.0317915994565 0.0284341382845316 0.0468475892427345 -12.0086257220417 -3.23537391661028 -0.00417933635850727 3.32032494460653 12.0389171868397
"etap[68]" 0.0803179875299282 6.14372226271605 0.0289617844912885 0.0475087966592006 -11.970857810912 -3.21240534387885 0.00539446762884437 3.36042083135197 12.2538428812986
"etap[69]" -0.016025610324876 5.98062428967936 0.028192933273075 0.0452899312953548 -11.9093046824115 -3.23847655254647 -0.0294639499962489 3.23767577280991 11.9834550334874
"etap[70]" 0.0360194366389056 5.90399888120001 0.0278317176334288 0.0434494864646106 -12.0763910797613 -3.2210249234886 0.0361752150985184 3.30643083425288 11.9742030202585
"etap[71]" 0.0441751146036182 6.02619931830284 0.0284077760183579 0.0479938876409808 -11.8728614745634 -3.21629691875544 0.0124206424372471 3.28736326424631 12.1767867206348
"etap[72]" -0.0351817634054411 5.90808899019478 0.0278509985921354 0.0474887777489211 -11.8699128006551 -3.25323062897574 0.00637647248337466 3.22785372337294 11.6720707992635
"etap[73]" 0.0150215641045253 6.01279662140394 0.0283445950992686 0.0469193687598652 -11.7747061081697 -3.28428034518079 -0.023097197579326 3.28176168923401 12.0709203907232
"etap[74]" 0.0090485165624063 5.93375234399453 0.027971976802134 0.0468743193171647 -11.8626014205096 -3.24396791356812 0.0461145402922604 3.25325378351678 11.8064338387726
"etap[75]" -0.0557920365925936 5.88351709068655 0.0277351655470094 0.0425991358340341 -11.9304027695033 -3.26161568027737 0.0032419234167943 3.19545026749294 11.7858478509474
"etap[76]" 0.00563360023048458 5.96580306101787 0.028123065331128 0.0429392521400032 -12.0761588462402 -3.25218198915227 -0.0251570351891168 3.1878883445485 11.9335537210036
"etap[77]" 0.051917111858986 6.05396554447987 0.0285386672638095 0.0628319846052047 -11.773139504527 -3.194029916288 0.0141191660329564 3.21658732827097 12.0867504461596
"etap[78]" 0.0680901604110234 5.9898036297144 0.028236205096979 0.0463646037405679 -11.8953595489519 -3.21807137030539 0.0260391849096733 3.27096062884159 12.3447752957203
"etap[79]" 0.0530935863381768 6.04642465307402 0.0285031191608144 0.0538300579002884 -11.7260514307589 -3.29663570552376 -0.0120826337644942 3.29157544877261 12.1411193667331
"etap[80]" 0.0237602325219171 5.99625176768951 0.0282666019109005 0.0453280735390989 -11.7881612171663 -3.2658654265638 0.000226083283717951 3.24673926104641 12.0993523422273
"etap[81]" -0.0445468773944723 5.89219060163526 0.0277760528697329 0.0399695693390023 -11.9582608068345 -3.28126411565252 -0.0224094427881129 3.22602841500431 11.6973239471585
"etap[82]" -0.0184608722469594 5.97406155903807 0.0281619962641446 0.0439803575329739 -12.0853791502032 -3.24163328535218 -0.012640786133181 3.21717008288293 11.9158827420548
"etap[83]" -0.087829363949172 5.95279533180542 0.0280617463075682 0.0417287467855793 -12.2974747002074 -3.26139299395672 -0.0294059943702494 3.15067780203581 11.7920454700271
"etap[84]" -0.0281534710862484 5.97226561385475 0.0281535300973596 0.0459350667010447 -12.0659051886449 -3.23522499548069 0.0101834879060561 3.18656816608598 11.8889297133056
"etap[85]" 0.0075020511359435 5.98819626402641 0.0282286279024602 0.0455606548389839 -11.9029283106055 -3.20587694864501 0.0347840319869469 3.24738182176383 11.8645389860934
"etap[86]" 0.0298044569746687 5.9646086665165 0.0281174349014525 0.0439879011328758 -11.8583080552878 -3.17643764092648 -0.00526380639906117 3.25042853316437 11.9961337540635
"etap[87]" 0.00797411686624997 5.95364396650743 0.0280657468099185 0.0443299387465498 -11.834386233124 -3.2502866153901 0.0150028238379764 3.22265510364397 11.9992367665733
"etap[88]" -0.100392747121674 6.10795956893174 0.0287931975360326 0.0453789267048088 -12.4454986374428 -3.35354577057661 -0.0501251870378814 3.19396054819315 12.0185600256246
"etap[89]" -0.0574345163948584 5.93945717998966 0.0279988696569188 0.0503922870531281 -11.8470246867314 -3.30734966061133 -0.0590685155661411 3.15976570062485 11.8964167441666
"etap[90]" 0.0359275719334765 5.97270587653014 0.0281556055155147 0.04212897322078 -12.0153750516177 -3.18475705990959 0.0415507636899356 3.24219573503774 12.0939932194309
"etap[91]" -0.0210013293728906 5.93425640614158 0.0279743529738828 0.0452071686289692 -11.8887367236032 -3.23415560294944 -0.00520556248816977 3.21760758231696 11.9739330648211
"etap[92]" -0.000942937603689666 6.13378928200568 0.0289149599711706 0.051496393071552 -12.0544524386527 -3.23754449540129 -0.0189496125185994 3.23534766744938 12.1650351665773
"etap[93]" 0.0104945955590002 6.07417721201549 0.0286339459782997 0.0523873759440179 -12.022571644282 -3.26589517466172 0.00981833457819874 3.28228673347612 12.1764851165389
"etap[94]" -0.0194003120231448 6.12262576381839 0.0288623346417563 0.0615311561721044 -12.0943337108199 -3.25817676946277 -0.0273325812476686 3.23685256064875 12.184359287375
"etap[95]" -0.0610423878893195 5.92110499640696 0.0279123566338461 0.0390562993435482 -12.1894162797209 -3.27661473954549 -0.0502493381294771 3.18519929303938 11.8786043972783
"etap[96]" -0.0505842403746389 5.91058854910043 0.0278627816258165 0.0418462897196976 -12.0896392116147 -3.28110252866495 -0.0357932187051499 3.18464468277252 11.9004307535397
"etap[97]" -0.0241552372873272 5.92818106278411 0.0279457135306421 0.0423905830656523 -11.9325551325442 -3.28119679893386 -0.0269515038391102 3.2255740826274 11.9286895105235
"etap[98]" -0.0759689680635197 6.01513333039765 0.0283556104511027 0.0532318115024525 -12.3398468980867 -3.26245613346029 -0.0130097979532146 3.23483742404716 11.6604688435036
"etap[99]" -0.0159855098443868 6.01844100554447 0.0283712029812779 0.0453953097407957 -12.2597053936609 -3.27364909703737 0.00567931176074639 3.26036392093201 12.1177146942635
"etap[100]" 0.0145720123930536 5.98067883746419 0.0281931904137987 0.042450700064224 -12.1295659019047 -3.20495511247913 0.0192789335675833 3.26861295841712 12.0906022451161
"etap[101]" -0.0325204145146958 5.91278217901438 0.0278731224964002 0.042573479717421 -12.0521573892562 -3.2840256622425 0.0104797184652697 3.22291579081536 11.8150743245093
"etap[102]" 0.0153363829692496 6.01676189492322 0.0283632875779002 0.0463892714293525 -11.9232767514282 -3.235671652729 0.0177078846473804 3.28585853986666 12.1480279036522
"etap[103]" 0.0457125959555529 6.0823132982675 0.0286722998567071 0.0495515263946695 -12.0345467817801 -3.27275238775707 0.0348978553569249 3.32182724782583 12.1913537435765
"etap[104]" -0.0256851512711884 5.87657914029634 0.0277024597352197 0.0406567245089186 -12.1829679047031 -3.21551532334046 0.0314777420988929 3.23126981311735 11.7496284182209
"etap[105]" 0.00165649219069338 5.97636219824515 0.0281728415813739 0.0430759838158445 -12.0384268955185 -3.247152603108 0.00812933528139602 3.24340413591701 12.033631913061
"etap[106]" 0.0753147214195708 5.92895850052724 0.0279493784073096 0.041355760616181 -11.7324465608106 -3.1868548881165 0.0592220575350406 3.27593730499863 12.0997796781191
"etap[107]" 0.0326039578448443 5.98290808332432 0.0282036991795629 0.0446037335323643 -11.987870206167 -3.21806328004501 0.0336921479667679 3.22434933341085 12.3132091833623
"etap[108]" -0.000529080653422185 5.96380300390829 0.028113636971495 0.0460225748472682 -11.9506570114355 -3.2826262864972 -0.0195033250928843 3.20294042473855 12.0277309243462
"etap[109]" 0.0191561337320019 6.00330032091723 0.0282998291094663 0.0446098030182033 -11.9719455993688 -3.24724452353084 0.069897259321403 3.27556939439308 12.0779101963667
"etap[110]" -0.0087700647489113 5.92045914386811 0.0279093120557803 0.040486256478125 -11.9972157686435 -3.30618728615883 -0.00680091517771444 3.27262848482173 11.9185503479324
"etap[111]" 0.0371325639676997 5.99781627627822 0.0282739770751159 0.0429149210113537 -11.9876867855951 -3.22576712167917 0.026104403344604 3.28949980280583 12.0543548796378
"etap[112]" 0.0313353538435034 5.89189227603443 0.0277746465493639 0.0404758404343293 -11.835426574831 -3.21397505851322 0.0351700425464722 3.25692531077173 11.9209616925662
"etap[113]" -0.0957475045846663 5.91373916378594 0.0278776337658767 0.0406423041903019 -12.1369188919729 -3.30560958288469 -0.0659881316942238 3.14416690839498 11.7675546464744
"etap[114]" -0.00426274943240618 5.85680714586843 0.027609253659636 0.0407359262426791 -11.77086734635 -3.21714409210141 -0.00461207008455553 3.22673303997994 11.7770137553245
"etap[115]" -0.037528320781861 5.97903543779735 0.0281854433534746 0.0404782824366795 -12.1475887938261 -3.29585398554752 -0.0508207553054927 3.22663310774533 11.9383087708432
"etap[116]" -0.028345427018645 5.91528229570256 0.0278849081594934 0.0455328940544588 -11.8421958423657 -3.26150677492754 -0.0324598660787426 3.2339590363942 11.8619410264307
"etap[117]" 0.00515114225224403 5.87079009911683 0.027675169933389 0.0415950213138071 -11.9605301689461 -3.16221435992843 0.0390047723617873 3.23994991411716 11.7425102130945
"etap[118]" -0.00597935262372002 6.00648805235233 0.0283148562195621 0.0420861760958161 -11.8696910043351 -3.24230970078604 -0.0321026497015948 3.24427090774141 11.8620496710428
"etap[119]" -0.0163850608014787 5.93648505707332 0.0279848589351277 0.0465792686367897 -12.0062741031535 -3.25059245516723 0.0332402418866312 3.24233661490809 11.7992301828877
"etap[120]" 0.00302679792856226 6.00911821143826 0.0283272549083972 0.0434866747584288 -11.9865070933304 -3.24568398406039 -0.00679807439390192 3.2513908781903 12.1391505038197
"etap[121]" 0.00121227040363174 6.01166793838388 0.0283392744364866 0.0441343156584504 -12.1045160310124 -3.28162622979284 0.0132496194984063 3.28972342114727 12.1264483332297
"etap[122]" -0.0151861813020824 5.94636960564255 0.0280314551439428 0.0402062186196648 -12.0131491450209 -3.21516616815362 -0.0155478309593988 3.2848622220945 11.9800190154263
"etap[123]" -0.00264476509249612 5.91633857856845 0.0278898875246755 0.0422638902307584 -11.8657249508935 -3.25534144434179 0.00652221867302308 3.28239752932952 12.0145987224378
"etap[124]" 0.0105563672937256 6.09061809124167 0.0287114490262297 0.0445058549788835 -12.131649886561 -3.29437333650318 -0.0260173805206946 3.2759395355878 12.2718251667498
"etap[125]" 0.0128189920408975 5.96402618526622 0.0281146890585059 0.0433212111759018 -11.8867114651907 -3.20707241138245 -0.00930538594662367 3.21316910374122 11.9967699416146
"etap[126]" -0.0971996539077803 5.89363804658736 0.0277828761906731 0.038887740598571 -12.1037230809917 -3.38290955241188 -0.0670618596358178 3.21566099281144 11.8251019297289
"etap[127]" -0.0121036024346504 6.0075911261135 0.0283200561591399 0.045020506033771 -12.0873464703645 -3.19661313617787 -0.00699867462728567 3.2476058437579 11.9781135432256
"etap[128]" 0.0195780638348848 6.03398146091329 0.028444461390438 0.0473247130473981 -11.8802733688446 -3.29579364305869 0.003263774229216 3.28319100069753 11.9809002988833
"etap[129]" 0.0158501099729129 5.98982317514809 0.028236297235037 0.0444897043117767 -12.0439316966743 -3.30219191941572 0.00636386281723787 3.30913684036645 12.2634134547529
"etap[130]" -0.0244810281820831 6.0624734083926 0.0285787737189169 0.0440192724784079 -12.0975403309025 -3.31848108136367 -0.0174231248357705 3.26557674665039 11.9969105584002
"etap[131]" 0.0350580070407306 5.84518168528711 0.0275544507128928 0.0451027570802894 -11.8323696755862 -3.18260185524686 0.074549720238641 3.22168008878002 11.7573207136861
"etap[132]" 0.0466710902243885 5.91485209807231 0.0278828801884161 0.0421127466051236 -11.8985357187109 -3.2222235886443 0.0638662094185306 3.33341071559173 12.0791972327614
"etap[133]" 0.0871670321839535 5.89189297759856 0.0277746498565689 0.0423053248947642 -11.7453492418365 -3.16702297894848 0.0511630070876036 3.25173261466727 12.1638364469509
"etap[134]" 0.0161932453283856 5.95728879661185 0.0280829287038059 0.0409981268717854 -11.8222480192856 -3.24897874510841 0.0210318355781379 3.30748977027961 12.0629242316829
"etap[135]" -0.0173248232568611 5.94918718359952 0.0280447373338088 0.0404374065403172 -12.0575665964269 -3.25475873645877 -0.0389849104961937 3.19206061709067 12.0236702006236
"etap[136]" -0.0258751104983187 5.96779471903782 0.0281324540970727 0.0436576786301072 -12.0061863855965 -3.31532606859031 -0.0598152908209536 3.1824267214114 11.9986726115397
"etap[137]" 0.0395898170953636 5.95142496375368 0.0280552863306209 0.041591641280335 -11.758922160618 -3.24256295516629 -0.00441477301104586 3.31292699728457 12.1473131290329
"etap[138]" -0.0327824097381857 5.94851586932718 0.0280415727279803 0.0436080912861765 -11.8925117093657 -3.2844257838884 -0.0291358239363379 3.23765677094885 11.9153466751488
"etap[139]" -0.0436788464475735 5.97916888843075 0.0281860724457934 0.0475568824855234 -12.0468366555821 -3.26004747123081 -0.0385800566449048 3.22796953622179 11.9853886724936
"etap[140]" -0.000534961193967941 6.0007038479656 0.0282875892185912 0.0440960800060826 -12.0828384166227 -3.22394329080864 0.0179506037138404 3.25512376128895 12.0632758171661
"etap[141]" 0.00122652402432494 6.0257723493822 0.0284057632675637 0.0467816791475374 -12.2159700321966 -3.28734900382911 0.0312448420761081 3.30971204746448 12.1236816078353
"etap[142]" -0.00332312084852108 5.92252601465552 0.027919055378111 0.0392675466893195 -11.9643610955171 -3.21749367417424 -0.0296616305960142 3.25958998235527 11.8628951891883
"etap[143]" 0.0138239099446828 5.97614334942597 0.0281718099181466 0.0445845382985272 -12.0651148717154 -3.2354024169218 0.0365676258861108 3.28792012526729 12.0045505070522
"etap[144]" -0.00872890988336881 5.92872381032659 0.0279482720670939 0.0436308378303346 -11.9542638703794 -3.2715821097919 0.00949903058721207 3.22176771036417 12.0083284376239
"etap[145]" -0.113791745573399 5.94647708801045 0.0280319618206842 0.0453826847594684 -12.241671665163 -3.31489065090372 -0.0348078381675651 3.16798133781704 11.6878651975845
"etap[146]" 0.0187849678373323 5.85065754076922 0.0275802641431875 0.0407388592186776 -11.7986157324943 -3.21228476470688 0.0351132988042045 3.24362619982391 11.838923924545
"etap[147]" 0.04784105459027 5.98286339186249 0.0282034885019914 0.0476984057589722 -11.7749617463714 -3.24885928032121 0.00808863942053875 3.27140815000285 12.2182677339582
"etap[148]" 0.0569143290584019 5.99138510784944 0.0282436602564029 0.052386493172064 -11.9352506804338 -3.21739968169875 0.0595892364538454 3.27395849357571 12.124134330945
"etap[149]" 0.0055079812870659 5.97144538411173 0.0281496634972701 0.0424740409209752 -11.9276009906269 -3.25878965645205 0.00419903599649902 3.26215780100113 11.9375581823163
"etap[150]" -0.0101562429440233 5.93061022453111 0.0279571647089348 0.0422434444487748 -12.0546861325418 -3.22974112493909 -0.00250233552717779 3.22948416015587 11.9615837099851
"etap[151]" -0.0685860978387765 5.95184537247502 0.0280572681563391 0.036396287828289 -12.0954066490011 -3.27226838453082 -0.048058146262777 3.17127340548102 11.8021888310379
"etap[152]" 0.0157445210770392 6.01460436595264 0.0283531168887955 0.0459199706890072 -11.931511214319 -3.2287758458117 0.018219965411774 3.24148514563456 11.9386537560144
"etap[153]" 0.0530906790896303 6.13643816522332 0.028927446926409 0.0504539855087435 -12.0236953883705 -3.23632545818349 0.00556638622791614 3.26908111101933 12.3726886363094
"etap[154]" -0.0709809474781274 6.09856956418956 0.0287489326291755 0.0474437742604272 -12.3350023515108 -3.24756782433025 -0.0167069751347431 3.22116638656715 11.766348544417
"etap[155]" 0.0817182499321035 5.94574772205542 0.028028523556599 0.0447339782429836 -11.7658941059283 -3.19783997811412 0.0483079326062365 3.2876721432107 12.1609306669285
"etap[156]" -0.0348088572707522 5.97482288847789 0.0281655852055421 0.042499739755216 -11.9944925220325 -3.28446728339152 -0.0112027286742138 3.1998325908915 11.9742047685922
"etap[157]" -0.0451347668975238 5.94318418817706 0.0280164389420044 0.0467467210323278 -12.0027868010007 -3.28962575042753 -0.0516779735734945 3.22449466766311 11.9875616684865
"etap[158]" 0.0779165921057148 6.05120449405664 0.0285256515472931 0.0602508027590583 -11.9934147000572 -3.12537361167996 0.07015762683065 3.31014469336385 12.1365516521007
"etap[159]" 0.098480076592043 5.96356012733038 0.0281124920403268 0.0410263201252082 -11.7176154675187 -3.19557263614777 0.0455547742306372 3.33000025320528 12.2373382830762
"etap[160]" -0.101560052455389 5.8962592948277 0.0277952328733792 0.0425508044966374 -12.1129067096279 -3.28545255426371 -0.0233430506580979 3.1853508435724 11.533079832145
"etap[161]" -0.004803708729242 6.01899828345094 0.0283738300145223 0.0513001136326153 -12.0325757480566 -3.2437220683871 -0.00593824231346685 3.28262812956993 11.8495951147588
"etap[162]" 0.0105025042578213 5.99581832988256 0.0282645586654837 0.0452201764855014 -11.8710526991357 -3.28359810788008 -0.022751746842561 3.23013059201319 12.0675408099666
"etap[163]" 0.0617288964260872 6.0027204442094 0.0282970955444506 0.0499736316387729 -11.6175426932918 -3.22826723630724 0.020326686944562 3.25859683617601 12.0901193599876
"etap[164]" -0.0536681456472595 6.03244125674466 0.0284372007983577 0.0475542088393288 -12.1966919355717 -3.3166020113129 -0.0464333948684595 3.17676757605166 11.8952837269892
"etap[165]" 0.0695365666095624 5.95638745613892 0.0280786797440688 0.0426604306087988 -11.7811709093818 -3.20747208842964 0.0320242966492231 3.29266244317238 12.1921830257799
"etap[166]" 0.027886125387982 6.03365031554503 0.0284429003562016 0.0427001042419042 -11.9204759656494 -3.29582639329888 -0.00633733892763945 3.24845004773972 12.2425394715757
"etap[167]" 0.018471832078689 6.02025478701372 0.0283797532291212 0.0454319833460327 -11.9114954920036 -3.23999835445148 0.00434029118299908 3.20842965230217 12.0825033926771
"etap[168]" 0.000936457168198975 5.90613798197883 0.0278418014512044 0.0431652591276926 -11.7947179734801 -3.24465788289042 0.0279863607366923 3.2678089814507 11.7748404662622
"etap[169]" 0.0167247420512326 5.91002342321225 0.0278601175968314 0.0425369374976138 -11.7337991370905 -3.19805117044363 0.00898619023176705 3.26088783432558 11.8917874142369
"etap[170]" 0.00838323013316291 6.05094923938639 0.028524448265238 0.04708913419441 -11.917896350881 -3.21648203195075 -0.0131047572308974 3.24802007304275 12.0571925569138
"etap[171]" -0.0150467949688376 5.98699546406156 0.0282229672771402 0.0469998887887337 -12.0584213419505 -3.28921262715287 -0.0372385622473532 3.26091944655658 12.0166934566869
"etap[172]" -0.00852670447319615 5.99798134349207 0.0282747552094243 0.0445282892875863 -12.0114764819394 -3.27985581592359 -0.0179796732751705 3.25743268308728 11.9464154177955
"etap[173]" -0.0459479558200006 6.00793249863926 0.0283216654046591 0.0405667316848643 -12.3327877751493 -3.2550244666608 -0.00441024839593352 3.2560560909719 11.8711060940931
"etap[174]" -0.0149200158025514 5.93741488378971 0.0279892421803043 0.0421737610500933 -12.0003744589546 -3.2421418735446 0.00686876705260331 3.21428852402403 12.0608755870204
"etap[175]" 0.00531414945655954 5.92119265034341 0.0279127698384651 0.0430126347954186 -11.8849562261679 -3.23529306937776 0.00273831535476758 3.27445901156663 11.9848696631925
"etap[176]" -0.055458685031289 5.99833916165067 0.0282764419804001 0.0466361776198634 -12.0916575996459 -3.28558012718312 -0.0429695650062139 3.22605982046745 11.8562894716566
"etap[177]" 0.0208446531297525 5.92981754685024 0.0279534279905119 0.0432164124023849 -11.8272156492775 -3.2451723229549 -0.00161792582590839 3.23983150398989 12.0863765839006
"etap[178]" 0.0469007411553849 5.97568871657248 0.0281696667583223 0.0423767478948056 -11.9826660628505 -3.19033363168233 0.0412722978037029 3.28749536711149 11.9758852691543
"etap[179]" -0.00606074584425402 6.04133368541504 0.028479120109118 0.0467506487102351 -12.0038369810685 -3.2355571088558 -0.0139056801890769 3.23525276261219 11.9965760064588
"etap[180]" 0.0544852052551908 5.99848672933879 0.0282771376211532 0.0487911339994206 -11.6316811160408 -3.18242697298914 0.0221575174705202 3.27069138653058 11.9227503761461
"etap[181]" 0.0728776825236292 5.93960617834453 0.0279995720418996 0.0515570458657491 -11.7686693519771 -3.24218352444032 0.0246524375372045 3.31032288146914 12.2046113887392
"etap[182]" 0.0183941493588021 5.96407449680112 0.0281149168012654 0.0450246410213076 -11.7713519810311 -3.19676637276878 0.0108861757159761 3.24457473620952 12.0179156767579
"etap[183]" 0.0546386780155568 5.95562448753174 0.0280750830755623 0.0411606495052051 -11.8396997770437 -3.19978445011034 0.0141967124198951 3.27552843718823 12.2702391428442
"etap[184]" -0.00280458190359421 6.00195059697861 0.0282934664498015 0.0477130309463569 -12.0818788375717 -3.2711352642738 -0.00856911072812253 3.24866575551501 12.0164984798148
"etap[185]" 0.0257599793571054 5.89858737709256 0.0278062075584235 0.0419508172572975 -11.7536217087572 -3.25804336503232 -0.0225721206267668 3.26166131455255 11.9781482248126
"etap[186]" 0.00908302437309665 6.07574374401426 0.0286413306809615 0.0457742706194002 -12.1079152197106 -3.24564106979336 0.00690395777564116 3.2552299409209 12.1159026704129
"etap[187]" -0.107182032033843 5.92314678869749 0.0279219817350088 0.0447246463368833 -12.118824915564 -3.3067535940505 -0.0756471155423831 3.1758432021459 11.6758012358233
"etap[188]" -0.00315307914632466 6.10617181476824 0.0287847699820853 0.0468656719870177 -12.013128678662 -3.2685551826369 0.0196142514298929 3.32137640123228 12.2194720131022
"etap[189]" -0.0706834063125495 5.96587228748339 0.028123391667816 0.0456228076422655 -12.0512359122273 -3.27012743319898 -0.00412413811576733 3.18351253450663 11.807726373481
"etap[190]" 0.0374521401170842 5.92210977391039 0.0279170932004211 0.0453361569356911 -11.9223869573205 -3.21431759145081 0.0201109616561417 3.26768954130853 11.8594435628707
"etap[191]" -0.0928167879167256 6.04311939395422 0.0284875380198998 0.0433340357450443 -12.2751217657365 -3.35311042064817 -0.0612430632536057 3.23228506634677 11.9367374318909
"etap[192]" -0.0686166447192749 5.98237487826303 0.0282011856267989 0.0437198611729117 -12.2155174052131 -3.27595325119585 -0.0296579322897046 3.21247917055028 11.8397435602116
"etap[193]" -0.0201591528835775 5.93175875200657 0.0279625789193767 0.0446032671782195 -12.1168428579185 -3.23638572786451 0.0310462742475477 3.23239861674319 11.8099554470073
"etap[194]" -0.00944030409947197 5.98698807162256 0.0282229324288485 0.044024664105054 -12.0119846371814 -3.22765031873918 -0.0113336339486337 3.21034345085015 12.0303837942477
"etap[195]" -0.0135738336216269 6.02648053936749 0.0284091017071701 0.048114299727575 -12.0922058639647 -3.24577224761328 -0.00931889540123965 3.23640377266966 12.1951266553102
"etap[196]" 0.0891237530741989 6.09324971323671 0.0287238546112844 0.0498388977220786 -11.8450165068115 -3.25738804032168 0.0432864423985913 3.33733028872987 12.7035706288657
"etap[197]" 0.0469134196989607 6.06623956617324 0.0285965275569549 0.0457593880719253 -12.0086019069111 -3.25132440901222 0.0319518712865417 3.31032099813736 12.3051166638964
"etap[198]" 0.0285438790756034 5.94350184950585 0.0280179364118691 0.0450423799298713 -11.7575380311449 -3.20428994817387 0.0427616734657469 3.31404113019197 11.9057049762337
"etap[199]" 0.0181155650423799 5.90244212026475 0.027824378992002 0.0460198820699097 -11.8777610003392 -3.22107121040279 -0.0294320343266916 3.24749465389165 11.701902651038
"etap[200]" -0.0243981270754748 5.95635791358682 0.0280785404791427 0.044274080361209 -11.8057421898181 -3.28881440469723 -0.0367317210090593 3.21835282347358 11.9710816223009
"etap[201]" 0.042701603478301 5.98326299813869 0.0282053722640428 0.0417004262594292 -11.9302316505674 -3.18451118099032 0.0232353815741577 3.24403826275585 12.0259503999438
"etap[202]" -0.0390137046655899 5.90636002674676 0.0278428481802786 0.0450245132064774 -11.95719400438 -3.27548026817815 -0.0628766674468548 3.18950165563815 11.8444237186413
"etap[203]" 0.00387574991215935 5.94325429253986 0.0280167694171399 0.0410080601859392 -11.8584974326463 -3.23983874858126 0.0142191881696626 3.24325523359077 11.905826501465
"etap[204]" -0.0215148073295763 5.90511185722402 0.0278369642527213 0.0426109766977188 -11.9544006287113 -3.23284162526492 -0.00545515771669224 3.18933767856206 11.9984898614681
"etap[205]" -0.0238244275698766 5.96685152412819 0.0281280078336289 0.0417258052970361 -12.040247979815 -3.24198893028251 -0.0202786060494943 3.2268571976535 12.1930238232838
"etap[206]" -0.0359486162784759 5.98776111234891 0.0282265765777801 0.0443792724280401 -12.0300653023505 -3.27017388382666 -0.0137657782616926 3.25875362933924 11.754047871389
"etap[207]" -0.0184812177877611 6.0563437020167 0.0285498780059497 0.0420148738000026 -12.2255354029508 -3.2634812112464 0.0210541320517822 3.17024428592001 12.3274986571515
"etap[208]" 0.0530187970756498 5.88863228385098 0.0277592787988337 0.0438283496375887 -11.7657781506445 -3.19091311539376 0.026890514461514 3.24256297774719 11.9563577541753
"etap[209]" -0.0352239934199674 5.91604075907362 0.0278884835901131 0.0463652597984121 -12.1149800265972 -3.22930764641404 -0.0463016202408098 3.19598744816514 11.7004083590855
"etap[210]" -0.000516372487232615 5.85323089757593 0.0275923950635104 0.0424222766649731 -11.886572493656 -3.20257474972691 0.0374966837298393 3.22730580729334 11.8475665320473
"etap[211]" -0.0207853688350703 5.97280219102082 0.028156059546378 0.0417572608743073 -11.8974846648732 -3.28294886459544 -0.0397611871912926 3.23759703462612 11.9106238398709
"etap[212]" 0.0809457379108692 5.91397274924737 0.0278787348983018 0.0406873702507099 -11.7749522077114 -3.18618446945342 0.0596379306822497 3.27930548588074 12.2066714808818
"etap[213]" 0.123553699472578 6.06543325803747 0.0285927265839514 0.0551276535610549 -11.4768056056679 -3.20356574796061 0.0528009432279689 3.3638293629872 12.1577611773198
"etap[214]" -0.0080494272033657 5.98420138524752 0.0282097958632964 0.0429660300567422 -11.9406382189806 -3.2938279178643 -0.0234093470037322 3.23707281192431 12.2435458672631
"etap[215]" -0.0379287150776739 6.02348570569873 0.0283949839258654 0.046220805735796 -12.2144980907612 -3.26319668677398 -0.0267812766889356 3.19856463529874 11.9166741023419
"etap[216]" 0.0391094555567574 5.85732726168756 0.0276117055091207 0.0431970144933047 -11.8460948128355 -3.21103427421569 0.0068163392008186 3.29086337616901 11.8980115206034
"etap[217]" -0.0807339997132342 5.98994763417672 0.0282368839405245 0.0452148792058623 -12.1981218615111 -3.29079746408026 -0.0285417702664978 3.18285791354534 11.8376774130611
"etap[218]" 0.0285241578173492 5.97218257751152 0.0281531386602837 0.0441975510516715 -11.8737219380741 -3.30852344159275 -0.0287462429149641 3.24846586022595 12.1578820587648
"etap[219]" -0.0533944069121512 5.88390745720334 0.0277370057524172 0.0454803570869021 -12.0105314640304 -3.26605592064492 -0.0467576966446725 3.1763393241527 11.8486847046347
"etap[220]" -0.00514952750461562 5.97978155586624 0.0281889605877818 0.0435768034494896 -11.9225375457259 -3.24118981465298 0.00314211195848929 3.22570769282556 11.9227336961281
"etap[221]" -0.0705930107134368 6.02601358803994 0.0284069004775021 0.0481958208770078 -12.0291849989826 -3.33404628314866 -0.0471770550739615 3.25843276651523 11.8305190301301
"etap[222]" -0.0271321951659764 5.86067136587042 0.0276274697674187 0.0402851971182798 -12.0643142086324 -3.2507526135849 -0.0217843627458152 3.19287641379484 11.8818973151715
"etap[223]" -0.0733566135312458 5.99774680476488 0.0282736495832613 0.0407632330828235 -12.2952086071296 -3.28532328485599 -0.0506554256589463 3.14829708791344 11.8585054883813
"etap[224]" -0.0464445989921007 5.91882215161657 0.0279015952003015 0.04239623616484 -11.9012430780472 -3.27827675894419 -0.017979605907337 3.2664942044327 11.6960424470212
"etap[225]" -0.0373323189749474 5.91176312552667 0.0278683186321899 0.041899636041905 -11.9201002248019 -3.24714518061989 -0.0207888029267472 3.20791451300702 11.7899576894661
"etap[226]" -0.065426082121394 5.93387677949195 0.0279725633966943 0.0530117873253923 -12.081464476875 -3.24186666881819 -0.0314530469143772 3.18899617237434 11.6875919313671
"etap[227]" 0.00823209099470707 6.05510154462137 0.0285440224198327 0.0453132190702871 -12.1122478222246 -3.21051813645342 -0.0163917646494142 3.2730263228424 12.122063809134
"etap[228]" -0.0460261790448666 5.8954132107191 0.0277912443946416 0.04240557538158 -11.933834222851 -3.29179293511214 -0.0409385876255189 3.23399450929355 11.6017276023821
"etap[229]" -0.016887954523538 5.97578388636872 0.0281701153930442 0.0451190974100131 -11.8877402418072 -3.26101794723704 -0.0348271101226079 3.20239838409406 12.1271420337064
"etap[230]" -0.102728111209503 6.01825929227936 0.0283703463767312 0.0410643863677097 -12.2455333970576 -3.33407194293799 -0.0501614324307462 3.17041426391046 11.7339974026823
"etap[231]" 0.0454014910169221 5.90389903096156 0.0278312469348907 0.0410726328205289 -11.833961417931 -3.21050460672611 0.0358665941972287 3.32889914121306 11.9138838473407
"etap[232]" 0.0302522331436169 5.97546692834452 0.0281686212385891 0.0434200234684362 -11.9717078046668 -3.19966455798323 0.00872799842002816 3.25591016176017 11.9104855242103
"etap[233]" -0.0709236643502457 6.08969222675498 0.028707084459183 0.0510840848391202 -12.5065562656499 -3.20834468620915 0.00384204586696065 3.25789025809871 11.9170160794571
"etap[234]" -0.106282672352453 5.96891202721783 0.0281377211383445 0.0459955392270321 -12.4815241571302 -3.2604050841305 -0.0463236187517478 3.1494773728077 11.7516276139888
"etap[235]" 0.0340096414488182 5.91436992917062 0.0278806072224156 0.0441740393866828 -11.8916366309893 -3.19490129431568 0.0226315672647903 3.30123596038021 12.0008620527828
"etap[236]" -0.12949227772107 5.9779990207215 0.0281805576365247 0.0413870151884956 -12.4589295015134 -3.33657537282733 -0.0515970134870035 3.20700645676404 11.6418528477328
"etap[237]" -0.0201465868158197 6.04692478179455 0.0285054767902127 0.0442287645461895 -12.1915331606231 -3.26433347526302 -0.0170962996722043 3.21256468766973 12.1070303162069
"etap[238]" -0.0528955946941972 5.94030664067847 0.0280028740530082 0.0427971877768797 -12.178538450841 -3.29629522513547 -0.0182419695662558 3.22627436558895 11.8563392197339
"etap[239]" 0.0389764856017002 5.91585317066738 0.0278875992898856 0.0414050511567479 -11.8154174862204 -3.24345785522934 0.0252456638361567 3.24608333156421 12.0674686624779
"etap[240]" -0.0109466792180749 5.85585207730249 0.0276047514232395 0.0402434903334381 -11.887834925074 -3.25342773040349 -0.0110029627464611 3.33060664353898 11.7465428012486
"etap[241]" -0.012395545758445 6.05771524730043 0.0285563435324218 0.0438734672348687 -12.1472987885386 -3.29207383905102 -0.0112613859284344 3.25940871621415 12.2220328966261
"etap[242]" 0.00109039579795806 5.99200802153027 0.0282465966996549 0.0448818919251517 -12.1294900059137 -3.19312135578224 -0.0197410651279942 3.23713612100265 12.0806496890039
"etap[243]" -0.00491887344897362 5.95604397856399 0.0280770605752527 0.0430616731821299 -11.8378655682763 -3.29505256169046 0.00946356592523762 3.249550722652 12.0873221390539
"etap[244]" 0.0425163991922307 5.95164460512631 0.028056321729981 0.042218329809992 -11.9413562811615 -3.19207992548582 0.0344866622055341 3.26271756010184 12.1532175704949
"etap[245]" -0.00598118479363034 6.03450804344947 0.0284469437243193 0.0467908147162454 -11.9609352674543 -3.25335894033742 0.00787330805195822 3.28493451684573 11.87785241962
"etap[246]" 0.0341540655731993 5.95099354900847 0.0280532526220086 0.0416854940917916 -12.1481282076113 -3.22413488971199 0.0342217660615977 3.24681360864147 12.0813314892484
"etap[247]" 0.00519859807624576 5.92985541976288 0.0279536065251342 0.0429035944886744 -11.7743173314902 -3.2331659705396 0.0100754161395059 3.25726722555386 12.0163400151855
"etap[248]" -0.0246299983559013 5.91860543789097 0.0279005736020019 0.0441635957752004 -11.7336098752001 -3.245259847549 -0.0385431897817341 3.18394626970744 11.9136644286905
"etap[249]" -0.00383356299628283 6.01490047883406 0.0283545127783052 0.0421494533008789 -12.3920362233939 -3.22109754494823 0.0131118054853689 3.29323538146098 12.0342333827232
"etap[250]" -0.0139214278562476 5.8951627645341 0.0277900637800033 0.0423693667341375 -11.7788434391629 -3.23214615358944 -0.0201988770820201 3.19061253891049 11.8856649522265
"etap[251]" 0.0545312930631186 6.00284977760274 0.0282977052279137 0.0451110409911188 -11.9922075823693 -3.20367148844962 -0.0144851986736464 3.28162068873754 12.3749072717795
"etap[252]" -0.040227954309798 5.98659759323047 0.0282210916960555 0.0467351874297141 -11.9816279015717 -3.22226079135286 0.0197573743160312 3.22220599499798 11.7246782958055
"etap[253]" 0.0597778360177007 5.95079825104184 0.0280523319785649 0.041584707121933 -11.9690062009289 -3.20478531524469 0.0291849463907842 3.31345684413629 12.1891357420854
"etap[254]" -0.0307407913474643 6.04334333858521 0.0284885937050143 0.0453705374660423 -12.3157311952769 -3.21581863745777 -0.00100182534621214 3.28420929500663 11.7317111819275
"etap[255]" -0.0295795173543474 5.90284624274574 0.027826284043647 0.0399133974795836 -11.8010130539167 -3.3057269660944 -0.0301790369030962 3.24861201848509 11.883286714219
"etap[256]" 0.0559472867580762 5.94522874686675 0.0280260770840979 0.0397058932114794 -11.7530104512243 -3.20457980896221 0.00968964338101615 3.24407702994706 12.1012587910388
"etap[257]" 0.00317677953061109 5.94708429552701 0.0280348242243678 0.0409794792998794 -11.8692602160713 -3.22074398563629 -0.0374173742800305 3.2258073786569 11.9626791548795
"etap[258]" 0.0033753079691489 6.00528856551532 0.0283092017843861 0.0437821713070711 -12.1730162033193 -3.24496192553207 0.0145637961741768 3.20338247801583 12.1282644413711
"etap[259]" 0.0101191588440948 6.02121872520619 0.0283842972773381 0.0440410662069288 -12.1595402948456 -3.26384779725426 -0.00330957277102541 3.30029279248479 12.2423829465857
"etap[260]" 0.0682565400448537 5.9013872541831 0.0278194063056049 0.0404906324574542 -11.8749611915009 -3.18482873734163 0.0207791848307866 3.27077032895754 12.0752519324947
"etap[261]" -0.0610594387767139 6.04348972237454 0.0284892837648149 0.0469314597412024 -12.562956697599 -3.314188724273 -0.00822424967092236 3.22640393671184 12.0318976251436
"etap[262]" 0.0280524065574514 6.01601756534279 0.0283597787746085 0.0455283496500063 -11.5575552736546 -3.24955871024321 -0.0045733058268449 3.24236958543265 12.1860164656375
"etap[263]" -0.00773875221140648 6.0216641366671 0.028386396967101 0.0527304185209976 -12.0856235478558 -3.285709866836 -0.0198822599837011 3.23661042623589 11.99165553291
"etap[264]" 0.0345489487701617 5.94191790381056 0.0280104696202547 0.0440587223718706 -11.7355639154801 -3.22802199332903 0.016212526290834 3.22929151109341 12.0049092784694
"etap[265]" 0.00261144508497987 5.93842463448727 0.0279940021907413 0.0403303050779088 -12.0346099227747 -3.25939358508165 0.0156616744893073 3.25206201269166 11.8812252257315
"etap[266]" 0.0321114670118306 5.9601192360078 0.0280962715230767 0.0441300726969255 -11.6893325794354 -3.21232471514912 0.00442738533200804 3.1952935099096 12.0708940522705
"etap[267]" -0.0433856989116796 6.05051338556336 0.0285223936306122 0.0475170813851062 -12.3345692672652 -3.29412432034844 -0.0194224689503776 3.24184315497517 12.035887275637
"etap[268]" -0.0125185955832969 6.0229291908335 0.0283923604896318 0.048070722589946 -12.0847806586621 -3.18660231041784 0.0247614412021516 3.21275843332499 12.0090056944352
"etap[269]" 0.015701040015174 5.9923106304071 0.0282480232115807 0.0426996227756226 -11.9778409208436 -3.24562307899675 0.000743285151261077 3.26989250085122 12.1788007098798
"etap[270]" -0.00807014345646448 5.98171094570029 0.0281980558186832 0.0432974761387452 -11.9422170616225 -3.28262971680221 0.00724064195391931 3.24680868545233 11.8924871307103
"etap[271]" 0.0296162984788162 5.9736203245102 0.028159916264633 0.0422359640296808 -11.987361447377 -3.2426068631711 0.0161614882536702 3.24764798541073 11.9735828597055
"etap[272]" -0.0195697475979706 5.96166646542742 0.0281035652325078 0.0427741433460379 -12.0858904015893 -3.28559977836191 -0.0454382414160455 3.24213421005583 12.0819416575556
"etap[273]" 0.00282759740750966 6.03748816644923 0.0284609921588652 0.0448336477379487 -12.198218946427 -3.23737716887321 0.0342122415415414 3.23151587360852 12.1749155784055
"etap[274]" 0.00338069090763709 5.92507633197904 0.0279310776892686 0.0417342248511086 -11.8346188156535 -3.23466005438783 -0.00666231816487473 3.23013168810124 11.9206151384538
"etap[275]" -0.0411844389933658 5.87267521802465 0.0276840564691428 0.0411438451825704 -11.9770275823565 -3.28635335633691 -0.0419025212533955 3.20837236044194 11.833190258907
"mean.p0" -0.626701919143262 0.233004990197124 0.00109839605745794 0.00787069185419682 -1.11087399072894 -0.778211605984119 -0.62234368933507 -0.471784792075568 -0.183497061673688
"mumup0" 0.918687689073666 0.035195090491321 0.000165911247672582 0.000479121989238418 0.843114629680216 0.896544644264134 0.921243815825215 0.944145482419357 0.978428352375481
"mupsi" 9.21263961296993 1.37446713426422 0.00647930020770848 0.00918514239718428 6.64293760870469 8.25403623096508 9.17242373056558 10.1173047849864 12.0262488140379
"ppo[1]" 0.324469903333508 0.0812654381807831 0.000383088949424853 0.00248562244467374 0.146557214551859 0.27604398749433 0.330308067395 0.377746611247658 0.466758862884772
"ppo[2]" 0.344396341273008 0.0781382581750852 0.000368347281504719 0.00185272476000252 0.185633683250836 0.296139689475862 0.344407268038977 0.391814830807862 0.499279446050469
"ppo[3]" 0.34367332899771 0.0788007392400235 0.000371470247194223 0.00198158471045651 0.182504804010524 0.295573899453463 0.34445857822222 0.391821476859305 0.497881928106974
"ppo[4]" 0.343906474194878 0.0771520452181959 0.000363698229041316 0.00186098897060606 0.187015302665122 0.296585459868138 0.344096889555985 0.391143381001091 0.495841095920103
"ppo[5]" 0.324929717155703 0.0817114195786744 0.000385191325896399 0.00255867337737622 0.143878499190611 0.276432658677911 0.330550253659908 0.378206719209361 0.468288134849936
"ppo[6]" 0.383884416708576 0.0885761088182489 0.000417551781310009 0.00200770180995525 0.236571691390325 0.326696120611148 0.372879558895232 0.429164216850353 0.600758255422638
"ppo[7]" 0.384054731216679 0.08786024443121 0.000414177164226775 0.0020706787179329 0.237246128470252 0.326787714301674 0.373179553638088 0.429762607601386 0.598718565291768
"ppo[8]" 0.344921691870376 0.078444973602593 0.000369793151895955 0.00183933153695315 0.186024048561166 0.296878563153008 0.345089843031202 0.392466770908776 0.502036715667624
"ppo[9]" 0.3255984455967 0.0806825132944997 0.000380341015158097 0.00230870280812283 0.150494283422259 0.277471363325039 0.330360000123111 0.37803469975581 0.468216947714161
"ppo[10]" 0.343950086700313 0.078099757786532 0.000368165788932558 0.00194398461831075 0.185456464406791 0.29617311159931 0.344336383175617 0.391303143288857 0.499577619251044
"ppo[11]" 0.363965852676287 0.0812323887550412 0.00038293315293781 0.00177944899200158 0.215883097998857 0.312704052500135 0.359923642846462 0.408596686013482 0.543615694949783
"ppo[12]" 0.344706821696864 0.0782857102720955 0.000369042377356027 0.00189498898202032 0.185826567396099 0.296906150941223 0.344897212147042 0.391832570524668 0.502592599405381
"ppo[13]" 0.384115439075571 0.0880136043172008 0.000414900109662415 0.00214841096805306 0.236725019610538 0.326768081857044 0.37308055386138 0.429225059974625 0.601158611715508
"ppo[14]" 0.363252777562535 0.080575198199212 0.000379835126947419 0.00179812579746937 0.214897097030562 0.312300311284802 0.359533759883946 0.407919096258756 0.542477645222172
"ppo[15]" 0.383577748777803 0.088234835349179 0.000415943002748553 0.00207437317001326 0.236503937142493 0.326430806916969 0.372700334642553 0.428442052711032 0.599804846081758
"ppo[16]" 0.343548345117767 0.0790394931519857 0.000372595743928778 0.00191312098871225 0.180355399653732 0.295895641459068 0.344060524012242 0.391021443069538 0.499459841122415
"psi0" 0.999763493307577 0.00041643482879076 0.00000196309260906804 0.00000264152057186215 0.998698502758627 0.999739861506979 0.99989614632168 0.999959626832243 0.999994015002739
"sdeps" 0.293519891881584 0.243641517448732 0.00114853712777719 0.0109119438623603 0.0084729977970841 0.106331350622969 0.233898957690597 0.421253667807286 0.909236299275138
