"Mean" "SD" "Naive SE" "Time-series SE" "2.5%" "25%" "50%" "75%" "97.5%"
"N" 24.2578888888889 0.609746235648101 0.00287437132019829 0.0126182248993531 24 24 24 24 26
"betapsi[1]" 0.0409400684522779 2.57023901842095 0.0121162229279714 0.0180770094782616 -5.45026554964783 -1.13355608270353 0.00478937764896983 1.17939451930231 5.74601804136935
"betapsi[2]" 0.0694489278906569 2.59079645774798 0.0122131316263179 0.0177380608575841 -5.51914400685778 -1.11480754722424 0.00564358706438763 1.20511284749282 5.88395266087806
"betapsi[3]" 0.0905188625356047 2.5590163371734 0.0120633187012165 0.0185813654066322 -5.29784642881715 -1.09188038326205 0.0080630298337301 1.19358962985692 5.90165535941012
"betapsi[4]" 0.0457403695740191 2.57075340903619 0.0121186477885862 0.0183274464643378 -5.43105135132804 -1.14765499390651 0.00362470682203878 1.17186171435877 5.8316607102116
"betapsi[5]" 0.0760888974368897 2.56603897966473 0.0120964237553996 0.0182142990162759 -5.3861944515327 -1.10921476471851 0.00824894246972636 1.20079681243956 5.76985482252271
"betapsi[6]" 0.0708754366539522 2.56688229752704 0.0121003991939272 0.0173207080954536 -5.31755845080456 -1.12760062530135 0.00574130188119883 1.17980659161834 5.82682143094154
"betapsi[7]" 0.0254844469188534 2.52983046236636 0.0119257351679437 0.0174361666627762 -5.41161413247919 -1.14573715795402 0.00109486935756279 1.15653337238988 5.66565279561462
"betapsi[8]" 0.0799095123528306 2.56768526179861 0.0121041844038037 0.0181268106186203 -5.32430444544079 -1.10973345798726 0.00784560100733943 1.20071508199458 5.95627159396046
"betapsi[9]" 0.0603018814918656 2.5549713666089 0.0120442505271107 0.0174804338270232 -5.40828073985238 -1.10873782785353 0.00423983768063354 1.17053104217204 5.79628332583427
"betapsi[10]" 0.0725657088245981 2.5519835939926 0.0120301660319266 0.0179920303479988 -5.35135447066361 -1.09797277944221 0.00686730278297823 1.18875271429563 5.82610328123497
"betapsi[11]" 0.0530609630163493 2.55772755535446 0.0120572433254589 0.0171859909753781 -5.37782853154494 -1.14216047460537 0.00097869312717779 1.19409977984683 5.81120922969086
"betapsi[12]" 0.0877048530629026 2.58380834807083 0.012180189361382 0.0187379771936619 -5.32558981018485 -1.11635287831059 0.00778248995582861 1.19582956830831 5.91198527823065
"betapsi[13]" 0.0906148102611255 2.58319439044689 0.012177295137387 0.0190761008456743 -5.36190500636225 -1.09562533771592 0.0106944646124063 1.20941304191122 5.94432860035979
"betapsi[14]" 0.0798264555340614 2.57737155736611 0.0121498460390061 0.0184737488467602 -5.36076128756598 -1.10481950776767 0.00626071399753979 1.19442661265942 5.92177085802225
"betapsi[15]" 0.103275174627815 2.54215039231068 0.0119838118746595 0.0194041154321358 -5.2237197009327 -1.08148615067307 0.00701432257312368 1.19084442691442 5.97467186572388
"betapsi[16]" 0.0289812220000921 2.55812573447813 0.0120591203598487 0.018085481856 -5.50628325369229 -1.1334318863204 0.00100778428885509 1.15210114662001 5.78158956300092
"etap[1]" 0.765119492297232 7.05054651562028 0.0332365950151086 0.322913925883638 -14.0353468535466 -2.48082189020332 0.785579411303903 4.05090000048969 14.8964148748295
"etap[2]" 0.739278484982003 7.20296701021593 0.0339551121172445 0.298408727418443 -13.7619291783198 -2.46357111305466 0.781173123340112 4.03686695226421 15.0279425019766
"etap[3]" 0.781654434109152 7.05618930861065 0.033263195396364 0.335997758436487 -13.6021239482945 -2.4133796707592 0.804802843658397 3.99482090200309 15.1298213063517
"etap[4]" 0.605186197781938 7.17462619183435 0.0338215122181646 0.32256777785707 -14.5656548892435 -2.54338757398633 0.746940749580729 4.00856648558075 14.6067891145262
"etap[5]" 0.801488541963121 7.28918388609837 0.0343615423678391 0.337208800075944 -14.1850946280209 -2.47022916338606 0.794628794419403 4.09160328863404 15.511525027632
"etap[6]" -1.55525262623764 9.1139441524472 0.042963544757006 0.901930506684824 -19.7726746327591 -6.4629197192782 -3.01705108210881 4.26559422168753 17.9672872214489
"etap[7]" 0.771143438906121 7.31255579977595 0.0344717186255106 0.330025188211023 -13.9741450282697 -2.44101525341295 0.858574083195123 4.09248966755474 15.1809096184766
"etap[8]" -0.245582171969422 5.14029675167492 0.0242315912694701 0.0967892811319099 -10.7375372184696 -2.67128826590392 -0.317647593869274 2.16220759385117 10.3695179053892
"etap[9]" 0.75842036472386 7.21935957898957 0.0340323874275172 0.336436723645635 -13.8865916987979 -2.47665365331407 0.760258421431494 4.01432530145398 15.4164832223658
"etap[10]" 0.763004697887031 7.15175992048424 0.0337137195812838 0.332562611755038 -14.0578653671371 -2.51147066896522 0.794971914885131 4.08774931901744 15.3418395030711
"etap[11]" 0.839050471563435 7.24390021768112 0.0341480731077402 0.32711464209818 -13.7323020574326 -2.45788759066095 0.769166903844285 4.06144349030171 15.6629025186563
"etap[12]" 0.678423940650743 7.24220325713232 0.0341400735589971 0.328993687510392 -14.6007253650938 -2.52098224225065 0.762884032229088 4.08072423845467 15.151096985315
"etap[13]" -0.323722410959132 5.11828426916803 0.0241278234317943 0.0747838491940201 -10.7219444272704 -2.70139481328576 -0.360466174764074 2.11770870017286 9.98789649535181
"etap[14]" -0.240365579758595 5.0811780044237 0.0239529028222928 0.0920207740708938 -10.5805690282298 -2.65865238674129 -0.305052060912058 2.13695292935346 10.3946463895421
"etap[15]" -0.247126282618871 5.17893776124204 0.0244137467354488 0.0894901931341652 -10.6118338147612 -2.68049972490447 -0.304255308032689 2.10122785105823 10.4119681734351
"etap[16]" 0.702223048929414 7.23977636003269 0.0341286330563545 0.302979755476034 -14.0275265665799 -2.49961676741448 0.788307905856762 4.03459164509265 14.6439117087618
"etap[17]" -0.297657669933456 5.05679165289335 0.0238379444587228 0.107576628210289 -10.5548846628601 -2.68267133417382 -0.318890190841346 2.11356606327626 10.0573432783912
"etap[18]" 0.766406115674766 7.33204601607361 0.0345635963862497 0.294778640787493 -13.9486822952342 -2.45658128597022 0.782096587684584 4.05293858823834 15.2534362588348
"etap[19]" -1.48106529476112 9.02988209068998 0.0425672723976123 0.902749913419488 -19.0445099863769 -6.47522121975007 -2.99337620105795 4.26906492751451 18.2187559152982
"etap[20]" -0.30448596424413 5.00033013376648 0.0235717823050514 0.0960922296890867 -10.7798368345162 -2.71259223488564 -0.312118250362672 2.14127578115485 9.83349085341116
"etap[21]" -0.272853205567184 5.03959012792703 0.0237568556923866 0.0794786762896647 -10.6226734569769 -2.69240153250855 -0.318976155638823 2.10631478405904 10.1447906590591
"etap[22]" -1.62551017554691 9.08435594481177 0.0428240646085915 0.857206776512718 -19.84698344491 -6.45935684327363 -3.00878623493563 4.22796983401932 17.2692518041235
"etap[23]" 0.773789572429885 7.3662403433265 0.0347247899907739 0.344769472497228 -13.9486459415603 -2.46671176057172 0.782737666586411 4.07420693915388 15.3792858452798
"etap[24]" -1.54092140104677 9.17427248765403 0.0432479352564889 0.889090483878045 -19.6851278518285 -6.57380605616324 -3.02430653445711 4.25728213354014 18.2482582681051
"etap[25]" -0.293306692601602 9.1654965114826 0.0432065649080733 0.193105794809272 -18.3167290020529 -4.89703546848718 -0.319429243966648 4.02024408840403 18.5805811800773
"etap[26]" -0.132168959278395 7.39538118130459 0.034862161218399 0.079499038255301 -15.1119527603192 -3.76318477461264 -0.104216547992784 3.47413616535963 15.0375252185909
"etap[27]" 0.0661413900635382 7.27495599277171 0.0342944714354839 0.0728270185851458 -14.6709921980894 -3.46044751740577 -0.00968077947550266 3.53713292644987 15.5545052254969
"etap[28]" 0.0339448719414689 7.31161918098074 0.0344673033621674 0.0705008158216252 -14.6537855094513 -3.51027691415623 -0.0147276938967613 3.4768226015452 15.1205962784924
"etap[29]" 0.0180756459628004 7.44571963789775 0.0350994589784756 0.074812407696801 -15.1088329131927 -3.48829788094791 0.0271577369404981 3.53845267849878 15.0514106032931
"etap[30]" 0.0363115164750347 7.36127621409536 0.0347013888611604 0.0859211098647549 -14.7619473026711 -3.43372765038124 0.0333692344469198 3.50709302572249 14.8714720508961
"etap[31]" 0.0253194765086345 7.34305355808138 0.0346154864369024 0.0662188970617899 -14.7262785599848 -3.48185828745047 -0.000128424717105356 3.47696879694616 15.0499808908234
"etap[32]" 0.142532530148473 7.27587501071626 0.0342988037276214 0.0710999516488942 -14.4645393481749 -3.38157863040222 0.0835031279354601 3.60625672764304 15.1157080479603
"etap[33]" -0.0510065798369604 7.34467135210287 0.0346231127910567 0.0866609963254406 -14.9215642922033 -3.52231121857595 -0.0213036946595244 3.49020047227249 14.6495628827996
"etap[34]" 0.0175354776764949 7.30820114715828 0.0344511905962062 0.0803209998794904 -14.7696398347213 -3.46319055125785 -0.0397714214187623 3.48727323297412 15.0069038437158
"etap[35]" 0.109778812651464 7.17629948750492 0.0338294002096018 0.0635478093148792 -14.4131256122001 -3.36526342175299 0.0726490557015475 3.55533278486378 14.825547422
"etap[36]" -0.0845725832755549 7.48714671439743 0.0352947480899267 0.0864644299341052 -15.4001012472834 -3.51753594052897 -0.0180274177767111 3.48059535740311 14.947462455597
"etap[37]" 0.051177081175071 7.32251611289917 0.0345186719918584 0.0763819911126906 -14.3606777550347 -3.50569736664854 0.0236797219636229 3.56781597994002 14.8582995805004
"etap[38]" 0.0228994388418611 7.31921216088668 0.0345030970127068 0.0779457529412407 -14.7926177828434 -3.46558489815162 -0.0452596245291459 3.38485323866324 15.3158017582808
"etap[39]" 0.00311399042620617 7.28681254109484 0.0343503637402889 0.0710208833536248 -15.0822472977811 -3.44269103135641 0.0147209754295782 3.47642681223502 14.6292041020101
"etap[40]" 0.0291829747569889 7.23197806105315 0.0340918715224202 0.0647823930693814 -14.5444770482364 -3.45655718891345 -0.0207278054465959 3.50772027898731 14.6425455082815
"etap[41]" 0.00379159257180692 7.32984750661334 0.034553232513264 0.0728809953006842 -14.7128420648094 -3.52960053215772 -0.0266561780839378 3.50764215917583 14.9182048911492
"etap[42]" -0.0709633566070644 7.22761789337811 0.0340713174948859 0.0701694842855335 -14.683098979876 -3.58114096119579 -0.0242455595749685 3.49599084661248 14.7788787559192
"etap[43]" 0.1011128376336 7.23404283598185 0.0341016049647782 0.072700162891516 -14.4007011179805 -3.38843261224767 0.0315533852036606 3.56808475435235 15.327979074139
"etap[44]" 0.0470995642301965 7.39478463602164 0.0348593490769666 0.0821764577988164 -14.7052360332835 -3.47732770929208 -0.0176518527697617 3.51823157112349 15.1407924479748
"etap[45]" -0.149844647675827 7.42367416869138 0.0349955356400072 0.077604313062266 -15.5807372910545 -3.58116687012851 -0.0782696721479971 3.49285775744465 14.4754523582907
"etap[46]" -0.0103456310316418 7.20062634798223 0.0339440781296584 0.0650192818449257 -14.6463450595348 -3.4061833563353 0.0193846639582194 3.48253686209017 14.3339407706042
"etap[47]" 0.0715131536533334 7.36988607770086 0.0347419761474307 0.0744484212898759 -14.7664474340713 -3.42592007728677 0.0128494352536618 3.49463679274321 14.9695228113138
"etap[48]" -0.102254312974144 7.51762113508391 0.0354384058867276 0.0799223630770914 -15.5953939606373 -3.48841762805833 0.0119568457415177 3.49373886607412 14.8051213112327
"etap[49]" -0.0451939255119147 7.41004329675984 0.0349312790934987 0.075442663870437 -14.9180953219937 -3.52712954332335 -0.0788728649045295 3.44127849535988 14.7045505994972
"etap[50]" 0.213775786234652 7.46235129734842 0.0351778613730087 0.0853560184107807 -14.1619912701344 -3.377978759134 0.120212696198601 3.61052656563492 15.9589590915986
"etap[51]" 0.00771406792683207 7.2581075653125 0.034215047186759 0.0834005551121697 -15.0476615834625 -3.48523085040323 0.0707628827459009 3.54581394940581 14.8726219566457
"etap[52]" -0.150650598826676 7.26767121821523 0.0342601306788952 0.0707403110952521 -15.3579548775835 -3.50227749148883 -0.0181417481866022 3.44552181904528 14.2496650183148
"etap[53]" -0.0554689563720475 7.34940432646474 0.0346454242461665 0.076358700257789 -15.160450424148 -3.49260941027622 -0.0353268405978574 3.48097487174725 14.7062085732978
"etap[54]" -0.00106614267553129 7.31182439879545 0.0344682707682234 0.0712082389349225 -15.0193990548538 -3.50140775907545 -0.0182431213802201 3.50422764553973 14.7304437562495
"etap[55]" -0.00646519317789099 7.26484578996563 0.0342468114823949 0.0815891322519934 -14.4953170129367 -3.46680523582736 0.0209457930989286 3.45976655152412 14.5944795048248
"etap[56]" 0.087236430716829 7.51534549968504 0.0354276784385806 0.0745697331594508 -14.5912510275826 -3.43251240603134 0.0378020069425339 3.49775273384377 15.5144497498478
"etap[57]" 0.0992916819896079 7.48040632465635 0.0352629735879683 0.07624645810253 -14.8050552691519 -3.42597971674476 0.0438104125910316 3.55427123278727 15.2743644063547
"etap[58]" 0.0631386320216248 7.43900183976747 0.0350677909743919 0.0802660384644131 -14.9806765559933 -3.43336479037364 0.0466389044577009 3.54272259547274 15.1824765835226
"etap[59]" -0.00899759689916974 7.44119515569251 0.0350781303648177 0.0805751889608368 -14.9932436083577 -3.47259207523156 0.0277409784836915 3.46309430521213 14.6532493706828
"etap[60]" -0.0715670177733574 7.32491353069878 0.034529973527748 0.0777822032539942 -14.9630945043304 -3.52385110085247 -0.0120783175372328 3.4834372585696 14.5820905284012
"etap[61]" -0.0462613059455413 7.34272053745665 0.0346139165626222 0.065124752048925 -15.0629646216118 -3.54109945426072 0.000419819969532254 3.54941547079721 14.663710899067
"etap[62]" 0.0278126244568292 7.4132150324341 0.0349462307988547 0.0763361341224917 -14.7724240429919 -3.50759329401399 0.0155039178794359 3.53911110973137 15.3502384067001
"etap[63]" 0.0074207199977377 7.06752802033761 0.0333166465960444 0.0593486738132884 -14.3281773903785 -3.43826192483864 -0.00380775043498609 3.47153716636628 14.3662430568872
"etap[64]" 0.0211496398253293 7.2868804961768 0.0343506840836174 0.0689851021505927 -15.0071381106672 -3.48219771467037 0.0111356638733198 3.51694604954699 14.8638289670532
"etap[65]" -0.218136051454897 7.27628202621808 0.0343007224170973 0.0682829816599668 -15.6889913283611 -3.67247830446677 -0.0659901342170122 3.42050298395203 14.1832515636105
"etap[66]" -0.033350928825158 7.4658209725549 0.0351942175787888 0.0886176130990735 -15.20883043166 -3.47413116264423 -0.0171993757415042 3.52421551172688 15.1732857550228
"etap[67]" -0.0567167408916476 7.17744053665669 0.0338347791668877 0.0690162193638723 -14.9429616308887 -3.50585750531269 -0.0840594310279979 3.48846122024841 14.3705303630477
"etap[68]" -0.0651438699712647 7.23794560917789 0.0341200028140605 0.0668456584020003 -14.7600789986995 -3.47886638211609 -0.0376143868462651 3.4216055632455 14.684431031115
"etap[69]" 0.0656521269545955 7.2953748377429 0.0343907267937714 0.0716981794712138 -14.6683953772947 -3.4530206992122 0.0354806185639052 3.55370162882599 15.1631661850284
"etap[70]" 0.0217716750334219 7.48854696055302 0.0353013489136063 0.0849938248623134 -14.7329422436491 -3.45727954308274 -0.0121765261557447 3.49780076494135 14.857787995483
"etap[71]" 0.00778902312074078 7.40060067438472 0.0348867661447412 0.0733874177891347 -14.7408012811379 -3.49512565438264 0.000385079789493404 3.45396462544073 14.743435324663
"etap[72]" 0.0850512895336479 7.46954130698855 0.0352117554034976 0.0812802133676408 -14.5901141505046 -3.45169042416115 0.0215094632575782 3.57087023679513 15.0647032274549
"etap[73]" 0.0335479049240716 7.45892615830074 0.0351617151126945 0.0815643792527268 -14.9283082768016 -3.49155008815478 0.0307749148203508 3.52231023901129 15.3746437260956
"etap[74]" 0.0901103362582143 7.33583652846686 0.0345814650330327 0.0705210173056625 -14.8496190092845 -3.37776627205397 0.0594004089622045 3.57704265916312 15.1195949905138
"etap[75]" 0.0536002775699114 7.30471670751185 0.0344347647901887 0.0706488353134914 -14.6091888799966 -3.48930251015064 0.0236103446645003 3.55148799069843 14.7664747967412
"etap[76]" 0.000780978965142875 7.28607751645187 0.034346898800893 0.0717458674071512 -14.9563990390534 -3.44305945661069 0.00729875815232756 3.47650292296771 14.977818796021
"etap[77]" 0.0180891739245185 7.55278810882104 0.0356041845907498 0.091431082027951 -14.8076132126759 -3.50105454438072 0.00106106210394422 3.47834721516259 15.1990760169487
"etap[78]" 0.11149938982996 7.30983754011321 0.0344589046265736 0.0708977921168865 -14.3862282415103 -3.4547962003633 0.0514731309149 3.59293269932901 15.179599781571
"etap[79]" 0.0324495520450616 7.25686222292081 0.0342091765864253 0.0771208519454641 -14.5698513529298 -3.44885323392192 -0.0121945265792025 3.48245335820261 14.6367518812956
"etap[80]" 0.155098111412855 7.17930744643456 0.0338435798639797 0.0708977230418189 -14.2331128539602 -3.3737081694754 0.11639843948233 3.61180730680981 14.6923576661152
"etap[81]" 0.0429141925630539 7.30767949312272 0.0344487314954997 0.0690631228528577 -14.8349150450663 -3.48973455696166 0.0303611062751363 3.56786941965639 15.0320700882698
"etap[82]" -0.0532714014767531 7.26436100660008 0.0342445261916937 0.0713985662325983 -15.2423784950387 -3.54980875883894 -0.0263175062931232 3.49654579987731 14.8153903528934
"etap[83]" 0.0141411522215301 7.34420491394631 0.0346209139805 0.0687208854486573 -15.2226246202112 -3.4595180162942 -0.00256368206604585 3.49318191799341 15.0358133431802
"etap[84]" -0.116880637937024 7.44713719578942 0.0351061414104618 0.0760163618773683 -15.5968692187711 -3.53420289776177 -0.017075116858012 3.44928020935025 14.5470955727677
"etap[85]" 0.0551273920301282 7.52744031580971 0.0354846939485737 0.104988626597233 -14.9282113474439 -3.47348383646853 -0.00489908992712946 3.52772411343696 15.2528168366481
"etap[86]" -0.00250131771084517 7.24867422485082 0.034170577993361 0.067473859461834 -14.8625918273413 -3.48724673920172 -0.00309528848919624 3.51106400071025 15.2167691618669
"etap[87]" 0.0554296530118742 7.35864531055914 0.034688986662953 0.0737260441702 -14.6245217930074 -3.5290782574202 -0.0210981387201822 3.5081558219105 15.4039560922209
"etap[88]" -0.00609275461532872 7.31883025689798 0.0345012967000389 0.0710005956623861 -15.0286748756405 -3.52893480884515 -0.0350395653442766 3.51629906564463 14.9512804719693
"etap[89]" -0.0597914788349184 7.45008525872332 0.035120038712408 0.0862128092640591 -15.0833481433362 -3.47169741999391 -0.0217224864693924 3.42878334063174 14.6012676803102
"etap[90]" 0.0367234153788642 7.20475235883934 0.0339635283313671 0.0735058120160945 -14.4926913393442 -3.46221821739033 -0.000632885758707533 3.47493493633945 14.4539707894992
"etap[91]" 0.0704779398863273 7.45035657478986 0.0351213177086113 0.0778335123860892 -14.8636418436241 -3.41879932937947 -0.00417944370533717 3.53122036191089 15.3465631818232
"etap[92]" 0.00340260128024398 7.35270512169037 0.0346609843440821 0.0770365042905686 -14.9778029369395 -3.5054969147692 0.00877829515037578 3.53696091869084 15.0086952460238
"etap[93]" -0.0557068978310425 7.33180495611304 0.0345624600186978 0.0742822464304599 -15.0612903296825 -3.54655038989876 -0.0230459101167921 3.45340240834095 14.5207079131112
"etap[94]" -0.132217541671357 7.22663626335645 0.0340666900465864 0.0708658233463502 -15.1832778179204 -3.59087466080242 -0.0600622488772055 3.39593118931831 14.3572548866248
"etap[95]" 0.136742085132127 7.27650889903496 0.0343017919058125 0.0752430348801968 -14.309133874335 -3.42178055542804 0.0521956831050721 3.55442702265248 15.4841940727371
"etap[96]" -0.0937100305041024 7.35757795439177 0.0346839550977271 0.0752122885312195 -15.1213761164044 -3.54917320295408 -0.0687019999648777 3.36412478766454 14.8187381686385
"etap[97]" 0.00530154974735251 7.42405620255683 0.0349973365649199 0.0703325429973074 -14.9634253140761 -3.50764503427307 -0.0215645764499147 3.51199701048883 15.2191347512017
"etap[98]" -0.0139617212950047 7.22305269173365 0.0340497969279507 0.0697535174764011 -14.5916515773296 -3.48768002996929 -0.0364925443149608 3.42236376479529 14.7876798172447
"etap[99]" 0.0707679410068959 7.42141449534782 0.0349848834377106 0.0752797013335077 -14.7349015689283 -3.38287808997471 0.0411068242714255 3.49481743316698 15.1248979531312
"etap[100]" -0.118178789884765 7.46829401935071 0.0352058756331855 0.0852442978789591 -15.5893805629742 -3.54441576305963 -0.0403933971169081 3.41415832255094 14.2902587762191
"etap[101]" 0.0763468248373631 7.24098766762736 0.0341343432151164 0.075433280729793 -14.1138979655494 -3.50857323296887 0.0399691999196821 3.50584490733993 14.5388142772044
"etap[102]" 0.0634803005620352 7.37168106328577 0.0347504377906255 0.0736453697400301 -14.7148603436339 -3.49300401311287 0.0398517321192907 3.59111434358966 14.8855552001951
"etap[103]" 0.0100223209737694 7.46475158341475 0.0351891764300373 0.0671369652465665 -15.0418370692297 -3.41965601689988 0.0517085360130086 3.46561381824215 15.1582653972123
"etap[104]" -0.16604565213679 7.33873030951069 0.0345951064476951 0.079631288940175 -15.1793798841456 -3.56900414503504 -0.0993251958997143 3.39949506464194 14.4185333930018
"etap[105]" 0.061083926065558 7.286010613165 0.0343465834157742 0.0719782049520433 -14.7124963155983 -3.38257848866913 0.0464798328907431 3.4891533253117 14.8307884480442
"etap[106]" 0.0920674397082116 7.25814814933404 0.0342152385016713 0.0755215788636298 -14.1679868054805 -3.4676988044378 0.0268352775313646 3.48092853962253 15.0225294624037
"etap[107]" 0.0862827454768228 7.21998559088332 0.034035338475885 0.0680115810736252 -14.3620798529552 -3.48568776850992 0.0282372228749543 3.5435455121394 15.380714808681
"etap[108]" 0.0549089828373328 7.35849487870081 0.0346882775203722 0.0719639222403774 -15.0520070603881 -3.48237629276001 0.0101423754431299 3.52855497195628 15.4279762976572
"etap[109]" -0.0831790346440529 7.22448498745507 0.0340565488347326 0.073191486667239 -15.2299703582919 -3.53733008210961 -0.0776210624696178 3.39984738086421 14.5571638971284
"etap[110]" 0.0812423138966883 7.36561108953993 0.0347218236599768 0.0750327920718176 -14.5202807408518 -3.45634264679389 0.049979422130704 3.53761916109022 15.3873199838089
"etap[111]" -0.106428949722301 7.25586007423198 0.0342044524122011 0.0691013439301358 -15.45180703113 -3.49812627934554 -0.0379244302489795 3.40979764722537 14.4102503267489
"etap[112]" -0.065586282449765 7.30890577322053 0.0344545122353183 0.0719134196029468 -15.2268031024184 -3.50852546142379 0.00573879642416535 3.41838889821029 14.4008821919305
"etap[113]" 0.0587680018518988 7.2457991943743 0.0341570249697206 0.0705486459576518 -14.7286911226526 -3.41196646352404 0.0448810323844819 3.54670813314087 14.801579521729
"etap[114]" -0.0179483751481649 7.30939655850671 0.0344568258193447 0.0790512966762229 -14.8491810150231 -3.50141387837161 -0.0335911707776639 3.40309438363029 14.90739011923
"etap[115]" 0.0541471722263437 7.30997778859618 0.0344595657642627 0.0720761660907527 -14.5755406627406 -3.45348095087168 0.0475197846996429 3.53901396224362 14.9555407293057
"etap[116]" 0.00326487664109486 7.32242120785514 0.0345182246051904 0.0717846192785075 -14.8314509978973 -3.42868990680231 -0.0161580581203631 3.38701817126846 14.6958806400729
"etap[117]" 0.104342810791734 7.28609049625835 0.0343469599882876 0.0675301877401593 -14.5860381393475 -3.46685201099143 0.0327262565374912 3.51410895759289 15.1012801808951
"etap[118]" 0.0645964155857756 7.16827431684402 0.0337915691923051 0.0688893867611143 -14.1726464676269 -3.48956971979553 0.0225392916049141 3.52114141377454 14.6901641951165
"etap[119]" -0.0210344878613087 7.12565656162841 0.0335906671675591 0.0636328708585678 -14.7220445521052 -3.51407915372115 0.0138706302369925 3.47897772631059 14.5052323591963
"etap[120]" -0.00620033785857432 7.38644886494698 0.0348200538752779 0.0776039563620468 -14.7551792730951 -3.50549918638101 -0.0240175437017872 3.48648777390843 14.6985737362285
"etap[121]" 0.0210114672599254 7.32705547201028 0.0345400707359231 0.0779921744442712 -14.4318821345657 -3.50857872002065 -0.0228612795601748 3.49390064144971 14.9289429000692
"etap[122]" 0.11447064864021 7.4103818046555 0.0349328748350221 0.0818712977658046 -14.5342679243649 -3.48024070083625 -0.0189513750777769 3.51321547905472 15.3250885073214
"etap[123]" -0.0803760540351181 7.18229082002946 0.0338576436219781 0.0677524844698889 -14.9095921722421 -3.5263701187934 -0.0417056297577486 3.45813360414204 14.6766149976698
"etap[124]" 0.00752145592410882 7.19446338366337 0.0339150256372445 0.0671578094020755 -14.5570208717357 -3.45102921329589 -0.0147983578878756 3.50284943954129 14.5082020778479
"etap[125]" 0.042465222024123 7.34585240806343 0.0346286803422479 0.0707386493956062 -14.7030220327515 -3.47362282464797 0.0408389996569666 3.51812427301325 15.6633538049465
"etap[126]" -0.0146229127857196 7.48020830209426 0.0352620401006584 0.0840701810701985 -15.1174013215273 -3.5302924695548 -0.0597598512062931 3.45498026830081 14.9672947163917
"etap[127]" 0.0734059405325785 7.35818177787223 0.0346868015489116 0.0799003993668167 -14.4110178375328 -3.42793470292904 0.0698924761414234 3.52619131181944 14.8921723940848
"etap[128]" -0.01647976947516 7.36608367169759 0.0347240514336324 0.0773399604951228 -14.6273920204159 -3.5273136133757 -0.00113264682055236 3.50490309224098 14.9949676294802
"etap[129]" -0.0289740532018484 7.34373001991532 0.0346186753085689 0.0760980634459504 -15.1998190294283 -3.45668486347177 0.0261284168830232 3.5315296823494 14.6855752508412
"etap[130]" 0.00431557823038985 7.43063845304751 0.0350283655913027 0.0788686374664026 -14.7748605609099 -3.47219634349955 0.0118131810806831 3.47420327492962 14.9152129191832
"etap[131]" 0.0623577595280201 7.31363121585369 0.0344767881855184 0.0706220217689491 -14.7245717496466 -3.45658966683355 0.0107488940591729 3.43784061241711 15.2304237916116
"etap[132]" 0.0577089415645879 7.27074774010384 0.0342746335421612 0.0640497128172842 -14.429968270541 -3.45386796580758 -0.00589341319684428 3.47577820340115 15.2129412896714
"etap[133]" 0.00202756244858002 7.35421627846234 0.0346681080054215 0.0757998813306279 -14.9801446763692 -3.44300771331393 -0.0137211640401224 3.44952358306193 14.7577640541151
"etap[134]" 0.0415059214187509 7.37844486465618 0.034782322656063 0.0765360886104 -14.8005550886992 -3.47658156696446 0.00609094096208852 3.51835522628753 14.851264830678
"etap[135]" -0.0426918889562146 7.38920967260888 0.0348330684474065 0.0926039076375574 -14.7502106354717 -3.45858617923753 0.0284175665406912 3.43989390475225 14.4770602418962
"etap[136]" -0.114030196272095 7.24822543512335 0.0341684623782969 0.0685300972302589 -15.0523761600448 -3.59826158091701 -0.0659934412780613 3.39740721749737 14.3422260002945
"etap[137]" 0.0816222191260578 7.44529098404625 0.0350974382848411 0.0689448219505064 -14.7748700100646 -3.43692851994877 0.0622206887882765 3.5357842427833 15.3880279799791
"etap[138]" -0.0107932521772316 7.17174132880296 0.033807912843416 0.0651239711688273 -14.669697043272 -3.47430717741174 -0.0305291185178836 3.44966438549735 14.8877788000233
"etap[139]" -0.0790378462835 7.33065648958771 0.0345570460955776 0.0700421640470071 -15.1847992443218 -3.49655743020139 -0.0624787006865628 3.43803118082922 14.5603114167658
"etap[140]" 0.187524066015972 7.24250670550031 0.0341415040283221 0.0758223624431256 -14.0808807580487 -3.36543767136604 0.0600446112413059 3.5594530378067 15.6518552627438
"etap[141]" 0.0616149285580671 7.29897333448232 0.0344076902700816 0.0713063910284588 -14.5497293782623 -3.49923991119928 0.0044136937319299 3.49653984779498 15.179176331855
"etap[142]" 0.0526288977697789 7.3187650747125 0.0345009894282699 0.0751569105496747 -14.5886738103024 -3.40342796602571 0.0585009902941389 3.49992006503593 14.9029019227304
"etap[143]" 0.0565865403129936 7.27787225695395 0.0343082188366772 0.0731265653768458 -14.8424763084885 -3.41429243389089 0.0710815078772901 3.53639666456273 15.2100112929086
"etap[144]" 0.0346207313038412 7.21667900690765 0.03401975108954 0.0717769609548465 -14.4898720608597 -3.5030854856868 -0.0451096731871407 3.47623247722299 15.2504033978859
"etap[145]" 0.143341442104259 7.43496046176652 0.0350487397357931 0.0765343933660106 -14.3562799100623 -3.44122510676533 0.0355692296362789 3.50288570371127 15.7234902587461
"etap[146]" 0.068367026685292 7.23016911952813 0.0340833440902927 0.0765106484008649 -14.7562688051374 -3.36868795112396 0.0759145424110995 3.55838951625663 14.8880470674973
"etap[147]" 0.134453373705072 7.2624288747228 0.0342354180346765 0.0711405098971349 -14.3226748640675 -3.374658225387 0.0686685099880893 3.54937505808573 15.1844669439556
"etap[148]" -0.0700928979425961 7.38566725946039 0.0348163693516794 0.076404265220633 -15.2017001718873 -3.48385191810819 -0.0623101891682344 3.4390286110795 14.6560457455616
"etap[149]" 0.00828365955356808 7.60910964681358 0.0358696868670257 0.0865080977067569 -14.6908711440415 -3.48088914098769 -0.0191687866515795 3.47251500208024 15.4881217650668
"etap[150]" -0.0304517919313668 7.36584062335767 0.0347229056927704 0.0772062567004164 -15.5127433096213 -3.4691734174547 0.0417961882554485 3.48343879867206 15.0960125226639
"etap[151]" -0.133278393509015 7.40409490678324 0.0349032381142347 0.087161382395935 -15.3048891854425 -3.51444183230873 -0.0309633412923355 3.44840066019369 14.445914096069
"etap[152]" -0.0307933302345727 7.25588676682154 0.034204578242275 0.064566974544517 -15.0851318721337 -3.43407472993074 0.0165050045322952 3.42023085849769 14.4395175851943
"etap[153]" 0.138416360412019 7.24244265772637 0.0341412021042202 0.0701690694613866 -14.0480022332034 -3.43732619737187 0.0621713562949762 3.55272102587657 15.2115464409326
"etap[154]" -0.087171867524525 7.30132989199543 0.0344187991887334 0.0731203478306343 -15.3155909798526 -3.52112137871726 -0.0245451289483565 3.44831553605126 14.2456786759757
"etap[155]" -0.0769395767679271 7.23745340126415 0.0341176825237035 0.0700268192546542 -15.276755147771 -3.48238073974497 -0.00365724440932387 3.47395192334062 14.2819950594832
"etap[156]" 0.0522100957413391 7.32421741776982 0.0345266920199311 0.0752215565637682 -14.627008174498 -3.48011536317092 0.0215897930904222 3.53125251915744 14.9249391175175
"etap[157]" -0.12919637557839 7.21616277178783 0.0340173175338472 0.0748566363122375 -15.3288981793963 -3.55476750694552 -0.0850810897949861 3.35594845354188 14.6699841225917
"etap[158]" 0.0263578636217487 7.32869515337956 0.0345478002680245 0.069736852507084 -14.821834629632 -3.52334545328632 0.012096425176855 3.53806126532877 15.448453972202
"etap[159]" -0.0545422792486714 7.36077051509622 0.0346990049732169 0.0769757752517135 -14.925061689942 -3.51022977250225 -0.0185468315473009 3.40445535159808 14.7603065442589
"etap[160]" 0.0669178866644772 7.34709097718943 0.0346345190131009 0.0713081315383121 -14.779625293025 -3.4568807368229 0.0368422189023391 3.57458292138263 15.2987159488517
"etap[161]" 0.0215583265665621 7.20235012155704 0.0339522040762183 0.0726948080012052 -14.6724042130255 -3.41101609539047 0.00467677478765164 3.4708436352416 14.8751662862658
"etap[162]" 0.0362503123589916 7.32545538521454 0.0345325278544314 0.0728565416346098 -14.5000206388123 -3.48850856501968 0.0269130020686289 3.49554026710068 14.720353646715
"etap[163]" -0.00382682745468969 7.41695754526887 0.034963873173549 0.0722194482920453 -14.8529318187841 -3.50685283379328 -0.00888768351422906 3.4806058098383 15.0965567834313
"etap[164]" -0.0327409804511223 7.33003603212442 0.0345541212310461 0.0750835719375391 -14.9896104402593 -3.52304888919995 -0.0160146803939458 3.49021773994948 14.6369068678576
"etap[165]" -0.0673133132792384 7.15399399508057 0.0337242511099288 0.0674811871647208 -14.9201459953564 -3.50235486779729 -0.0379464673326289 3.43339057706231 14.6852328537019
"etap[166]" 0.116816459107878 7.33101327426046 0.0345587279946544 0.0728400389335602 -14.8299238642591 -3.40156078211704 0.049197262444989 3.55388883886026 15.36445461636
"etap[167]" -0.0565202340940966 7.37020880926372 0.0347434975186081 0.0777860851106515 -15.1312522894625 -3.47607847906582 -0.0403970959354483 3.46696956114262 15.1473540452697
"etap[168]" 0.123485297346815 7.32857545215358 0.0345472359910338 0.0703513698077569 -14.7192683306536 -3.40223514266575 0.111706455995954 3.57581775710752 15.0317090351261
"etap[169]" 0.0343547377652291 7.49552748874673 0.0353342554390866 0.0761404168849314 -15.0124812109111 -3.51422653762231 -0.00487326343477681 3.46234447589188 15.3009645791338
"etap[170]" -0.0274776154099002 7.31469660915126 0.0344818104976874 0.0715681536981708 -15.1379691432437 -3.49026799167362 0.0207131176331697 3.49000277550832 14.6548484864267
"etap[171]" 0.0889762125713508 7.5361101102792 0.0355255637516462 0.0726285775142118 -15.0203822619668 -3.47086793820273 0.0258708744006565 3.51418177777334 15.600310450178
"etap[172]" -0.0567971396248936 7.39919245392915 0.0348801277298509 0.0713376252501432 -14.9524600082935 -3.51699190420085 -0.0395008114618233 3.35889704831865 14.8015986926301
"etap[173]" -0.034227631611349 7.48904821078778 0.0353037118298735 0.0727565389977842 -15.4885143933952 -3.50952746240244 0.016953617036444 3.50447280256195 14.9948030564808
"etap[174]" 0.0219947908526199 7.36234291260944 0.034706417326179 0.0772839781469228 -15.2384754581124 -3.42326667912456 0.0674251131627773 3.53891405133435 14.9271815863557
"etap[175]" -0.0439174269218459 7.48882126782244 0.0353026420104753 0.0860646868385904 -15.1563597986377 -3.54736038830721 -0.0336734118091836 3.48415556348724 14.9750079392857
"etap[176]" 0.109614202259659 7.38911238173516 0.0348326098138294 0.0812086656817182 -14.8063476359751 -3.43747183039856 0.0670881969993221 3.56408044654482 15.4752021049246
"etap[177]" 0.0484438430340918 7.40016620425206 0.0348847180328943 0.0752829729469915 -14.9243284856073 -3.43212897960799 0.0307734442513161 3.52211306754306 15.2036229012116
"etap[178]" -0.0255521392140176 7.46214314537274 0.0351768801351852 0.0781685374817301 -15.6406168805452 -3.50129699557083 0.00940203093638526 3.52375104525375 14.9360307588472
"etap[179]" 0.0678827648936197 7.22067755831141 0.0340386004416235 0.0686848686433488 -14.5745401732606 -3.44167561057907 0.024798423872732 3.50805883644022 15.2158591429097
"etap[180]" 0.00739749696518962 7.26443512690796 0.0342448755981759 0.0684421717342787 -14.7309995086848 -3.45043653905513 0.0395386733074584 3.47821063720705 14.8779668719873
"etap[181]" 0.0714842087714332 7.41302596734144 0.0349453395374606 0.0777109421269885 -14.9828234669709 -3.48422314773074 0.0479234188179849 3.58290601519317 15.3110345525171
"etap[182]" -0.0242520130467326 7.26778125432616 0.0342606493940967 0.0742257230800488 -14.842720230332 -3.45155603811952 -0.0341896958461768 3.4824715153756 14.54027551921
"etap[183]" 0.0863815846674786 7.35692812625305 0.0346808917785038 0.0799349434041954 -14.7757511842038 -3.4676751384445 0.0611797660332255 3.59263769199314 15.2911052951324
"etap[184]" -0.0408520152449527 7.3325558086019 0.0345659995712748 0.0868522548074339 -15.3641350270932 -3.51994495942075 -0.0362280070312609 3.47548779626135 14.6627406228838
"etap[185]" 0.0386175165233274 7.45508063706991 0.0351435871517644 0.0751087844016912 -14.7754325952644 -3.40685984631335 0.0236251446605354 3.5132609311947 15.3730208622004
"etap[186]" 0.0447603984558516 7.18784313041977 0.0338838174641664 0.0682501162688364 -14.4944243092651 -3.44832127356722 0.0136510883306342 3.52960406214854 14.6914870458304
"etap[187]" -0.0173887103597166 7.35926747753697 0.0346919195862134 0.0727205398875249 -15.0637344655644 -3.44814637259987 -0.0054062731050633 3.44884126173833 14.9897941297851
"etap[188]" 0.0197195018506328 7.24941263703772 0.0341740589017922 0.070087855747901 -14.8166954100293 -3.45161418662182 0.033624712774761 3.51940625183661 14.8164911577031
"etap[189]" 0.0637446074459767 7.32157460957254 0.0345142337026133 0.0727860222401928 -14.5930992633601 -3.48696476263061 0.00196931124200304 3.5030332325475 15.2126442606887
"etap[190]" -0.0133375708907678 7.44931064466815 0.0351163871467332 0.0816900622560793 -14.7274162225293 -3.56260537624447 0.00137451966854 3.45158568889065 15.2840340305749
"etap[191]" -0.0180647286309558 7.53696367119453 0.0355295874763887 0.0865504460019726 -14.9198483859028 -3.53499259824633 -0.028102105363375 3.44902422627368 15.2313177488277
"etap[192]" 0.0229426743084803 7.4773101174879 0.0352483779274031 0.0969465527270499 -14.9871244396612 -3.49804669706248 -0.0285295832253537 3.47718728097754 15.3072948594282
"etap[193]" -0.0496814027116344 7.39675365637257 0.0348686311279162 0.0736544858018131 -15.0384560948087 -3.5078826673473 0.0140725137380389 3.47299387419585 14.6442996334297
"etap[194]" 0.0809032844969187 7.4334280908137 0.0350415160698463 0.0708570315769819 -14.7949153951889 -3.47417945155248 0.0387400498352065 3.50187928959652 15.4569908741903
"etap[195]" -0.0720508043238468 7.40101617183983 0.0348887248185283 0.0805999715980277 -15.1362452401707 -3.49848372961794 -0.0195110351057226 3.43473641900042 14.5722308954244
"etap[196]" 0.0272019999652759 7.40717235142397 0.034917745327396 0.084115724636477 -14.7406483773391 -3.41094892638044 0.0669197365734766 3.48738940145992 14.9468639305077
"etap[197]" -0.0182565410474671 7.7221134409921 0.0364023918614486 0.0958013307297767 -15.5809409643671 -3.4569997105097 -0.0343888556067549 3.49577354111335 15.3744323114845
"etap[198]" -0.0583737931378636 7.25050562635785 0.034179211302859 0.0821045352273412 -14.9900225909252 -3.46512650241107 0.0224976550868082 3.46839737817639 14.3997823854782
"etap[199]" -0.00419186204097316 7.40102833935002 0.0348887821767214 0.078018708229437 -15.075364188548 -3.44556990831868 -0.0095883582000978 3.4527420069534 14.9251286432239
"etap[200]" 0.0746331252539157 7.35807575852315 0.0346863017689071 0.0874087695773155 -14.5056994136237 -3.50105154855232 -0.0320314355952184 3.43632113704468 15.3744067554611
"etap[201]" 0.0127223248240374 7.24672884115844 0.0341614073666884 0.0674246954499432 -14.8925105007124 -3.51346192654747 -0.0143058030434392 3.45812949744244 14.9278250834596
"etap[202]" 0.086101895996065 7.45036084566373 0.0351213378417037 0.0788236931456897 -14.5395906497554 -3.49518823391444 0.0153050886187251 3.50710087579319 15.6672554722216
"etap[203]" 0.191546302169539 7.40048990496364 0.0348862439726825 0.0776185004239841 -14.4792078201383 -3.39041515463182 0.0811480856260973 3.56041046329271 15.7666814662084
"etap[204]" 0.0765876890026452 7.28447928773203 0.0343393646784551 0.0678908806315713 -14.7671930567613 -3.36153070533815 0.105033442325325 3.57965353084582 14.616126357138
"etap[205]" -0.0755351519771753 7.25110050557053 0.0341820155903608 0.0788078055015733 -15.0582836534978 -3.49748062135995 0.00683859539690457 3.46002551764321 14.3343899792935
"etap[206]" -0.032021992139014 7.34441107901226 0.0346218858519412 0.067035869103506 -15.0724564729008 -3.45910607578973 0.0424213068401278 3.46778699611436 14.6203460499044
"etap[207]" 0.0470261309654673 7.43693557777419 0.0350580505219441 0.0814118033255371 -14.7133346800254 -3.43334636864645 0.0328324018647844 3.53052814223816 15.1710655349433
"etap[208]" 0.0872535929018754 7.38809819398106 0.0348278288869073 0.0734996554191891 -14.9667864046444 -3.44892707748784 0.0332104112024869 3.52036758272006 15.3260722620108
"etap[209]" -0.0701143241146004 7.33847182548376 0.0345938879423066 0.0718490759413947 -15.1788164830582 -3.49593298195757 -0.0251601005988656 3.44499657959783 14.5794911468546
"etap[210]" 0.0479226173158666 7.40585771126341 0.0349115480542469 0.0679408307204125 -14.5951191514073 -3.50562084505503 -0.0251364826076774 3.443001780818 15.225050913545
"etap[211]" -0.0216674379392068 7.12662240532879 0.0335952201984265 0.0646205703726756 -14.6027254563613 -3.53713999826004 -0.0257520479271163 3.51332367475939 14.7512382783115
"etap[212]" -0.0278095816131241 7.20955860498787 0.0339861851929917 0.065497235170151 -14.9490948787589 -3.5088407322202 -0.0246165024371341 3.39721316370226 15.0116141738149
"etap[213]" -0.0218110020632277 7.37442797904334 0.034763386875689 0.0746043053339469 -14.8572621531446 -3.5580131782181 -0.0688868743240936 3.42292989717579 15.02475573587
"etap[214]" 0.0116445473614722 7.37605315718234 0.0347710480389072 0.0737876667520902 -14.9835807276807 -3.49528584769868 -0.0326958917667616 3.47727917690351 15.0203679114686
"etap[215]" -0.00127812543449436 7.30312651153375 0.0344272685344585 0.0670752457639661 -14.6668082157501 -3.48128549147264 0.0251338484447065 3.4988854642359 14.6121963234893
"etap[216]" -0.0624630976033317 7.20761674049931 0.0339770311560049 0.067249400819069 -14.8276056753368 -3.53907688465596 -0.05566126468468 3.42921737603187 14.5766901739346
"etap[217]" -0.157729994499244 7.38645558636804 0.0348200855603607 0.0754586795466802 -16.0887967613085 -3.53370320792981 -0.0363545033652904 3.37703877676346 14.773165747126
"etap[218]" 0.0978975619157466 7.43745154714968 0.0350604828249061 0.0716815819927553 -14.7264790676474 -3.47169118541507 0.0198123025911941 3.54637092560611 15.5597943160115
"etap[219]" -0.0974862339824516 7.45785823097541 0.0351566808550041 0.0871754720079318 -15.114923311573 -3.51232023334569 0.00853556659754936 3.48448967594287 14.3148596371484
"etap[220]" 0.141240386035703 7.3313334627272 0.0345602373775617 0.0813425558654436 -14.3862269617487 -3.33501939150194 0.0267155249497254 3.49530841215077 15.3654903862098
"etap[221]" 0.0771188403944938 7.46106782614216 0.0351718110317193 0.08032422916522 -14.5425042258885 -3.54258595124457 0.0464181056067366 3.51454852744203 14.9908862675633
"etap[222]" -0.0255546604855692 7.49180050826322 0.0353166862845983 0.0781051043115455 -15.2683720426459 -3.52029758802526 -0.00227719877849405 3.45381797331839 15.1301290452776
"etap[223]" -0.0464997838997324 7.00269812074949 0.0330110355185617 0.0617412883437859 -14.349103188361 -3.51194716559503 -0.0430756328724599 3.44207717887531 14.2371084623216
"etap[224]" -0.0115977437306842 7.43833536374676 0.0350646491763003 0.0888876800097787 -14.7316118372735 -3.49176601359486 0.021594774797566 3.49897447063754 14.992753375123
"etap[225]" 0.094195554004692 7.1980075490885 0.0339317329932829 0.0795494248709518 -14.2203554057176 -3.44593242203433 0.00762947099381829 3.50042836843611 14.9472484268244
"etap[226]" 0.183084088495497 7.41760916296818 0.0349669449288418 0.0814318653128907 -14.2594463499111 -3.45713214208924 0.0694367352243832 3.60964619440144 15.5455173596915
"etap[227]" -0.0230860945242503 7.34564809117226 0.0346277171831861 0.0813621500115793 -15.0022886098261 -3.52133013477794 0.000156523877420928 3.45168646481293 14.835991989903
"etap[228]" 0.0396233524268352 7.25803344516811 0.0342146977810476 0.0682364293188878 -14.4681049436192 -3.57392110549452 -0.0419453080589243 3.45940576687066 15.5076570619722
"etap[229]" 0.126846068135599 7.26237994578077 0.0342351873814318 0.0706229116618698 -14.0510027605129 -3.41440401422694 0.05612415717335 3.54338277362454 15.2407739817535
"etap[230]" 0.0281264851927155 7.44417686709908 0.0350921862871852 0.0726884167891755 -14.9314169843614 -3.43811165359158 0.026547450195773 3.51488409550972 15.0635639119487
"etap[231]" 0.0501646972300006 7.33103548251739 0.0345588326853816 0.0714296406852874 -14.3961190599619 -3.49801157381305 0.0202105241559627 3.49127133715264 15.0968912540316
"etap[232]" 0.0544973423197153 7.28034466546276 0.0343198738821602 0.069838862724895 -14.7265626871104 -3.49586545260419 0.0147786781937752 3.51005007023045 15.1744646778404
"etap[233]" -0.0696608030434983 7.1305588442982 0.0336137767496865 0.0656003079554093 -15.1381186840279 -3.5578558721135 -0.0226736508750359 3.44612466720886 14.3714924597341
"etap[234]" 0.0614684223214107 7.36856818749479 0.0347357635534202 0.0808711100758469 -14.6998671402417 -3.49176905237822 0.0336466954806654 3.50456922809236 14.9533548369318
"etap[235]" -0.0534541008150602 7.36239927236806 0.0347066830086291 0.0692578516913883 -15.0742526979622 -3.48351039063591 -0.0171319464312372 3.50685182848626 14.5196971092223
"etap[236]" -0.000790102131845002 7.18708804283767 0.0338802579471684 0.0727817377848855 -14.7024759584373 -3.40264727095649 0.00721593353773201 3.45211576835889 14.6020228448576
"etap[237]" 0.0472711284166312 7.32211466633535 0.034516779554608 0.0669429756807462 -14.8685482125326 -3.52812004840997 -0.0206115866753865 3.52640969904414 15.1573503158969
"etap[238]" 0.0399494194386365 7.28163755626633 0.0343259686278571 0.066937351715597 -14.8924823617459 -3.42957711329509 0.0356878304106781 3.58300221318774 14.7949445335308
"etap[239]" 0.140918415140672 7.38598834804691 0.034817882977792 0.0789276109281394 -14.5813136840586 -3.3777130597654 0.085724583511316 3.58422292873717 14.9147673130611
"etap[240]" -0.0335543572213104 7.45447015510293 0.0351407093121735 0.0792819262051599 -15.1024560278435 -3.48533121746377 -0.0175859911014751 3.46050372408786 14.9278145495982
"etap[241]" -0.0811342592391875 7.37530657683693 0.0347675286254076 0.0815202917803631 -15.3950498701098 -3.55764673499509 -0.0609588565079482 3.46867009689452 14.5840202148734
"etap[242]" 0.0240425256134637 7.36709423034383 0.0347288152527761 0.0873454952178458 -14.4838425173119 -3.43345649968682 -0.0250047094118677 3.39553920337313 14.8662984705301
"etap[243]" 0.0312060218163367 7.35141124917361 0.0346548849705449 0.0676109788421302 -15.0411044433132 -3.45134130203723 0.0521833584969815 3.5359516457882 14.8092586965592
"etap[244]" 0.0175515585643766 7.22937959664213 0.0340796222437155 0.0674495848158962 -14.3777433618231 -3.46732953986918 0.0114733169551657 3.46955649582611 14.7927311754714
"etap[245]" -0.017792435328624 7.25743269508605 0.034211865818002 0.072982383221975 -14.8242899623547 -3.49026961959157 -0.013092566604233 3.47824067987938 14.6856627319678
"etap[246]" 0.174786507931034 7.36692544713736 0.0347280196011104 0.0815343396896161 -14.1300202294434 -3.37738974606323 0.037564963535157 3.53724951251969 15.5029055403058
"etap[247]" 0.0277293385363928 7.31726431248362 0.0344939147672766 0.068248683007309 -14.7574183199986 -3.51566285959072 -0.00116755175189469 3.47125707225121 15.1949609822659
"etap[248]" 0.0442596254809383 7.3654438006211 0.0347210350524506 0.0701714050244998 -15.0019147541807 -3.48020872700346 0.0529309108930439 3.51925095480807 15.289401346479
"etap[249]" 0.0198446078139195 7.14907958544253 0.0337010843607248 0.0707311669881488 -14.3294657613497 -3.41539054456153 0.000825898520716421 3.42306694754119 14.6319872037869
"etap[250]" 0.0660817421054747 7.31995968335159 0.0345066208674003 0.0706686853183794 -14.3143084761732 -3.48070533667084 0.0227785127821674 3.47358795291799 15.0784055726806
"etap[251]" -0.0896455662314725 7.40994187338889 0.0349308009791429 0.0698997918143801 -15.2795907706529 -3.51554198056096 -0.00609549466373869 3.38929830139148 14.7247547824851
"etap[252]" 0.0260722187929283 7.24647795879671 0.0341602246958933 0.0751073988198742 -14.6169728083187 -3.48980168606132 0.018322672382673 3.51479267880835 14.5786602680065
"etap[253]" -0.0627544614484693 7.34404024943203 0.0346201377445355 0.07595653271149 -15.1410577552197 -3.48326288537128 0.0173701615141704 3.48019302275774 14.7466674620946
"etap[254]" -0.0882173145933992 7.25222102379464 0.0341872977639256 0.0692301431755142 -15.0205706959733 -3.5445763333293 -0.060568372802371 3.42865714639404 14.3204641493277
"etap[255]" 0.046627871744123 7.28789021948059 0.0343554439649189 0.070778940596343 -14.5436793320218 -3.52364870933317 -0.00207547021987753 3.48928131364811 15.1884880725844
"etap[256]" 0.0834650792125439 7.32043739114574 0.0345088728035381 0.069512606531949 -14.3887086364176 -3.43481060323697 0.050121622819072 3.51250708271161 14.9991588790893
"etap[257]" -0.028950169036201 7.25300405062158 0.0341909889877868 0.0725963961093264 -14.9725192201438 -3.46646232189511 -0.00410556269642373 3.49711151305078 14.7563567261332
"etap[258]" -0.0647909306672344 7.33414067910407 0.0345734707224706 0.0757458732948462 -15.4913237923398 -3.4533041991417 -0.0062865094838794 3.48958890304114 14.4026956683665
"etap[259]" -0.114382898987586 7.43410844452427 0.0350447232879953 0.0767501290588989 -15.1914042792937 -3.54594157866339 -0.070891916399077 3.48987576430143 14.607186897574
"etap[260]" 0.084015656091087 7.42788451884261 0.0350153834209613 0.075902320763515 -14.8709035258452 -3.43680349059312 0.0459231761258949 3.58235732201083 15.2428617374753
"etap[261]" 0.0475796235669247 7.47182857158869 0.035222537672225 0.0837652885324935 -14.7419399586565 -3.46653696800231 -0.0188640645249394 3.5345885909328 14.9960294436097
"etap[262]" 0.0951713905660552 7.24003997166167 0.0341298757334908 0.0751825031098784 -14.2906553225524 -3.44277753978844 0.0134170820543473 3.5088153896755 15.2421082843425
"etap[263]" -0.00748866573705953 7.62901884157135 0.035963539711167 0.0860009435718948 -15.5089275233022 -3.49240901842758 0.0170051879656573 3.54507861493948 14.9579724861336
"etap[264]" -0.0346414319829818 7.46381749393433 0.0351847730899983 0.0777468115495222 -15.3228446150812 -3.48718688827857 -0.0202491574566385 3.48989160287482 14.9458131875861
"etap[265]" 0.0268913329702972 7.20493280341974 0.0339643789552767 0.0649428176392658 -14.6700130504982 -3.42476502775414 0.0412705581862694 3.49360488810927 14.6463776153763
"etap[266]" 0.0921113132480574 7.50542847842526 0.0353809291520342 0.0839067979038278 -14.6601272034845 -3.44639132610065 -0.00422012035932376 3.52505060680377 15.6781930587451
"etap[267]" -0.0213460034865168 7.32218954935713 0.034517132556558 0.0729544779270365 -15.1529788016887 -3.51012314637911 0.0223467756299835 3.52647346212149 14.5366224153743
"etap[268]" -0.0673395405373162 7.18015186659687 0.0338475604987993 0.0658683569594302 -15.1249414847139 -3.46019001440346 0.00518778170107385 3.46048698557149 14.5503652107866
"etap[269]" -0.0924628459866686 7.19534721460407 0.0339191920562552 0.0786884822450492 -15.5746893501769 -3.47547464241315 -0.0390558373152811 3.46796749541955 14.3147113865123
"etap[270]" 0.00898141154678207 7.30349895057448 0.0344290242289337 0.0688470444453852 -14.6543983043275 -3.4876057311555 0.00284540583794425 3.45856549949355 15.1176494948168
"etap[271]" 0.0509790256905307 7.5763058551957 0.0357150483103482 0.0788094977773588 -15.0062255166819 -3.48825405532256 0.054373043748742 3.59067496576105 15.2891161092356
"etap[272]" 0.0363921490278165 7.42693544783733 0.0350109094573368 0.0802739227704644 -14.7932221477365 -3.47995519616411 -0.0161390422262532 3.4858596105068 15.3270712433033
"etap[273]" -0.0907038856790474 7.26559831463778 0.0342503589177195 0.0803197357999084 -15.117756658693 -3.50768934712532 -0.0391683192285286 3.40905511984587 14.5472993089872
"etap[274]" 0.0159404287125825 7.45781346991722 0.0351564698493523 0.0739557537460807 -15.0635172306682 -3.46626985480365 0.0761500268988723 3.52822174581052 14.937328852697
"mean.p0" -0.542692432342036 0.234717796573259 0.00110647030414744 0.00456461334096547 -1.0064607514074 -0.694614889588585 -0.543643261870765 -0.387477076497356 -0.0818987006496846
"mumup0" 0.884770484233429 0.0516825567108805 0.000243633908795479 0.000806088988288069 0.770281215237499 0.854459480915146 0.890050106371179 0.921671860023854 0.967357411817543
"mupsi" 9.06554661632487 1.36634094337346 0.00644099297648131 0.00912433726394932 6.52456593180457 8.11578358808005 9.0172287960575 9.96722166992672 11.8457700499902
"ppo[1]" 0.384366448924389 0.0931663191704718 0.000439190240424206 0.00114927329426436 0.211571095278069 0.325986312888709 0.37718217097012 0.435963117488935 0.596951390482257
"ppo[2]" 0.352743055557681 0.0912152243788765 0.000429992691371707 0.00133524897472782 0.16545935754978 0.298211995193995 0.353523560545994 0.408574061402074 0.538930868874198
"ppo[3]" 0.353197675464381 0.0909975818444964 0.000428966714625475 0.00118905465101408 0.167819205645421 0.29873978223457 0.352640225424997 0.40841958301126 0.542375370648075
"ppo[4]" 0.353485078965321 0.0919814404772357 0.000433604668698401 0.00125395294850076 0.16475416068058 0.29886325924955 0.353187417664714 0.408915163085925 0.542522343841952
"ppo[5]" 0.384597099270149 0.0934698195217626 0.000440620954800807 0.0011866105029659 0.210260638491085 0.326213978948417 0.377337151201659 0.43665007718353 0.596291260369633
"ppo[6]" 0.480633615967577 0.132796114572268 0.000626006887528509 0.00349901724806615 0.29489237582994 0.380515350429926 0.450964597327587 0.560123946418385 0.79270429623646
"ppo[7]" 0.323781747352348 0.0935220035977219 0.000440866952894013 0.00186028062367174 0.123058326817693 0.265903526772524 0.331871625170787 0.385667091838391 0.495326075862758
"ppo[8]" 0.323399095723626 0.0938961332830544 0.000442630617144291 0.00188640732570482 0.122873747349774 0.265615398831035 0.331461179112739 0.385166386745782 0.4966627338709
"ppo[9]" 0.384503291895558 0.0944171651504551 0.00044508678492198 0.0012286514718228 0.209150734911395 0.325188767262805 0.376844996203329 0.438011073515553 0.599411158852356
"ppo[10]" 0.416982733101366 0.102479974666042 0.000483095233481224 0.00167428245312573 0.249993188965059 0.346537689071249 0.401303823689216 0.471376474967884 0.663017693858291
"ppo[11]" 0.353167050261257 0.0900233522675589 0.000424374152356908 0.00124560596215158 0.167989282981209 0.298914636288162 0.353149823404944 0.408556223875332 0.535680923678683
"ppo[12]" 0.417276757711589 0.102575709680843 0.000483546532668979 0.00184628432111111 0.251365225527599 0.346248286616265 0.401398854424054 0.472060894589111 0.659928634994035
"ppo[13]" 0.38502673966121 0.0935072711563409 0.000440797503499319 0.0011432223701736 0.211116426763394 0.325884859981407 0.377836150441931 0.438100151042938 0.596613609440409
"ppo[14]" 0.35364422947154 0.0905848248483075 0.000427020959485559 0.00125505245417045 0.167367903989274 0.299285782056124 0.353978202525717 0.408971924518687 0.538707528174732
"ppo[15]" 0.384691996994286 0.0944492421460133 0.000445237997329175 0.00118363966107225 0.209807746966691 0.325768750696938 0.377322960926412 0.437582886236425 0.599398046412709
"ppo[16]" 0.323452313252646 0.0935066575710123 0.000440794611030342 0.0019365788827982 0.122742558311522 0.265610333645469 0.331981073367564 0.385074401300636 0.495358483789686
"psi0" 0.999728969360996 0.000478433395694616 0.00000225535665627846 0.00000308368414459874 0.998535193033992 0.999701303433722 0.999878712899346 0.999953089479065 0.999992831235358
"sdeps" 0.414271233998177 0.29692112205392 0.00139969959254564 0.0106793290495853 0.017274545265268 0.183225292758072 0.366202583357346 0.584405314052645 1.12199719928939
