"Mean" "SD" "Naive SE" "Time-series SE" "2.5%" "25%" "50%" "75%" "97.5%"
"N" 6.45297777777778 0.916652620859725 0.00432114189468222 0.0188422378451018 6 6 6 7 9
"betapsi[1]" 0.339716899350603 2.12324196977214 0.0100090586328384 0.0207106455131126 -3.6378976565713 -0.644090510432198 0.0465391381704182 1.10650071572888 5.62520420682861
"betapsi[2]" 0.310386964975349 2.08046636842394 0.00980741251428743 0.0171814364393011 -3.61987495450725 -0.650175221864693 0.0429850185717613 1.0757704296146 5.40145843901672
"betapsi[3]" 0.343814815645965 2.13844784402181 0.0100807398114772 0.0212063992113055 -3.65057362830931 -0.632176149719988 0.0474363069839051 1.12289368517801 5.55964045563288
"betapsi[4]" 0.323088302607774 2.09778164807036 0.00988903752532829 0.0188281658804383 -3.63872956020182 -0.647542391891664 0.0447935674759577 1.09224596057069 5.50955258079454
"betapsi[5]" -1.21929521719044 2.87552171973679 0.0135553393831673 0.0580465456479497 -8.1049417951031 -2.62848439227925 -0.403601309439744 0.243893233815896 3.80549689525137
"betapsi[6]" 0.330807134542679 2.09582406353241 0.00987980938331809 0.0176255239342965 -3.62805653475963 -0.635579485183178 0.0512046213520116 1.10498950346193 5.51544621931244
"betapsi[7]" 0.324716060159278 2.11028874544785 0.00994799654778551 0.0184351030489952 -3.64428492554428 -0.649751447788277 0.0474878705832613 1.08644969516963 5.58967356268342
"betapsi[8]" 0.332089394421209 2.12768217134188 0.0100299899437704 0.0218332102027093 -3.59879155407747 -0.647957223424061 0.0517722006615933 1.08264871077027 5.61605248583673
"betapsi[9]" 0.32545121873029 2.12702259457739 0.0100268806690845 0.0193751246714466 -3.6883408582517 -0.650849318099559 0.0382245055413399 1.09854358607843 5.62150985697144
"betapsi[10]" 0.329951283576001 2.15324725284899 0.0101505048937388 0.0194454071849455 -3.74068628688186 -0.646846694688128 0.0455527476217306 1.101833865127 5.67170280955618
"betapsi[11]" 0.30915540703559 2.09174227676698 0.0098605676559768 0.0186283799689545 -3.7077944006901 -0.652743691905108 0.0450265968749363 1.08943562153918 5.50656870939919
"betapsi[12]" 0.34752335948471 2.15289022540619 0.010148821850233 0.0204630751268893 -3.61561754485279 -0.650763966467031 0.0459993119542941 1.11083459696015 5.676675535763
"betapsi[13]" 0.33880601293561 2.17378930788746 0.0102473410698535 0.0218660933259936 -3.72575386158069 -0.651342582585931 0.0459605103926387 1.09873491770868 5.73434817465852
"betapsi[14]" 0.341479092537359 2.10581548384353 0.00992690939035592 0.0210829580678185 -3.56750026375239 -0.646623999503896 0.0477697784475969 1.1125463808275 5.63278409044186
"betapsi[15]" -1.27984607055659 2.85715423699072 0.0134687542391468 0.0616380179032184 -7.93969391738456 -2.77010586167882 -0.449001537187256 0.219378163103278 3.74539336211223
"betapsi[16]" 0.351074441203341 2.12229327157806 0.0100045864266629 0.018765099160995 -3.60231694037227 -0.623186532272161 0.0492287966131576 1.10955308095545 5.59250703904165
"etap[1]" 0.0987411216799001 7.58354121901669 0.035749156142496 0.195548261847206 -14.8005931329507 -4.17967728786578 0.115077257245831 4.30429073049384 15.1203400157951
"etap[2]" 0.0890870796851737 5.10088038154869 0.0240457807187633 0.0899112526104493 -9.87217478958979 -2.35820659322578 0.023949796439305 2.42854147566971 10.2833491096353
"etap[3]" 0.0676668968002565 7.4036072676407 0.0349009393612716 0.200354940995846 -14.5760874838782 -4.14120826964214 0.0794129287787664 4.19164308634809 15.341838611048
"etap[4]" 0.0885474392218011 4.94550974759988 0.023313356526347 0.0919106714680662 -9.61600106988294 -2.23368412915494 0.0180859777207275 2.27580948839836 10.3158616992075
"etap[5]" 0.00979964356671394 5.06302035118451 0.0238673068240538 0.0983208169618953 -10.071288930579 -2.27924336850378 0.00585727191255589 2.21904632038296 10.0535295636717
"etap[6]" 0.112838626872055 5.20589164886904 0.0245408085802514 0.108316746681264 -9.58891435979012 -2.26865580453996 -0.0000471207546690105 2.24198833186558 10.6139119132515
"etap[7]" -0.047044353503119 7.58337012603052 0.0357483496024244 0.156578927668738 -15.6310040834408 -4.06462505819572 0.033770759396345 4.12070477690886 14.9432868751882
"etap[8]" -0.0232451777170976 6.81781924974997 0.0321395081626826 0.0845056339224414 -13.774289924365 -3.65438689313271 -0.0602780316434899 3.56480826477181 13.7515742122443
"etap[9]" -0.0715240141066531 6.8239440533557 0.0321683807637696 0.0604383696063844 -13.8270763777203 -3.47884987459404 -0.032624592904274 3.40792786402947 13.3861359003508
"etap[10]" 0.0577013386647255 6.72018613894268 0.0316792612645481 0.0644671030948421 -13.1820373230147 -3.44136719560569 -0.030085629762913 3.41768225440231 13.8832096003261
"etap[11]" -0.0698175246014199 6.75701056284567 0.031852853263582 0.0628130521200524 -13.9289064946064 -3.46682466439036 -0.0366521474992525 3.39567232574188 13.4247497078893
"etap[12]" 0.0490344447786231 6.70474291587438 0.0316064612128483 0.0581392491065889 -13.444984351961 -3.45460297781425 -0.00451889714169443 3.46534964211904 13.6858822244225
"etap[13]" -0.0860150375798913 6.67172061371067 0.0314507925875793 0.0626754598882876 -13.6219808788602 -3.51409117749159 -0.061826172871886 3.33081802577294 13.5579408314911
"etap[14]" 0.0735447152690733 6.64150852392582 0.031308371430508 0.0603229920491971 -13.3743793718136 -3.32888090808773 0.0573320090516493 3.39560186456759 13.7577040296114
"etap[15]" 0.0260032066816172 6.5965156852204 0.0310962731548185 0.0562978993104666 -13.20944332962 -3.40348832717615 0.0222767949232383 3.41189198778772 13.4546347132335
"etap[16]" -0.0282279842201144 6.68513291630058 0.0315140187883303 0.06109291469312 -13.7328133447489 -3.35779071032024 0.010183573242012 3.36963151482851 13.3095109951073
"etap[17]" -0.0219462614515366 6.65688148791735 0.0313808402777437 0.0605209534188589 -13.4399793946128 -3.39508606176605 -0.0218722766620964 3.38356240268606 13.5899405681853
"etap[18]" 0.119755306221658 6.60721485048477 0.0311467095035616 0.0588993862294719 -12.689728927078 -3.37951783701376 0.00485049336985214 3.42325366316364 13.7070767981375
"etap[19]" -0.00411130680649628 6.62162693312742 0.0312146487126792 0.0544191679516374 -13.1900147836052 -3.33551423525653 0.0401643635208951 3.39126871300938 13.0935993844663
"etap[20]" -0.0107700165680297 6.70459275773508 0.0316057533605913 0.0549487309447277 -13.3514378830666 -3.41665979682623 -0.0137123600003939 3.38968789646208 13.5120564351064
"etap[21]" 0.0277310127269683 6.90797754777758 0.032564518455453 0.0668300477377434 -13.5040191289677 -3.43623444352462 -0.00706455728155456 3.43047091596115 13.7826132407851
"etap[22]" 0.07649851461976 6.61051899939128 0.0311622854108805 0.0623320376179427 -12.9383683378135 -3.37106728292798 0.0300585065626417 3.43844977358634 13.6055681783027
"etap[23]" 0.061112550746588 6.51284158073218 0.0307018296435296 0.0544194658172361 -12.9167627983643 -3.33462857202552 0.00997253272648824 3.43079494872238 13.3372179441326
"etap[24]" 0.0254578579366116 6.60095142241805 0.0311171834204986 0.0570799297460686 -13.0087580136828 -3.42138590278411 -0.0531810795433196 3.34792627706757 13.7708587343143
"etap[25]" -0.0499889127600749 6.76315926524736 0.0318818385246736 0.0723836044086904 -13.7160045414734 -3.44302537721692 -0.0145217489772867 3.40989626411141 13.3245884825374
"etap[26]" 0.048763168471513 6.68124143133463 0.0314956741522749 0.0637432673694715 -13.270331564269 -3.43763185909871 -0.0111230763502948 3.43279108200905 13.5695298901818
"etap[27]" -0.0334182414761233 6.65464020271771 0.0313702747579888 0.0587926154218808 -13.3350971090216 -3.39829191031535 -0.0462318332053489 3.35346790505149 13.3398359021567
"etap[28]" -0.000721535756490796 6.63061372240547 0.0312570128436099 0.0611559097536692 -13.3448182793035 -3.36348925861664 -0.0188890012329524 3.37359871586264 13.3752738953463
"etap[29]" 0.0367021911948023 6.58620751778241 0.0310476799875051 0.0557611037947073 -13.2761361122692 -3.31627719720422 0.0230350723673938 3.42965922927957 13.3821079830155
"etap[30]" -0.0504144356452752 6.72113655565421 0.0316837415718926 0.0574476450552339 -13.5574500099097 -3.43188355782779 -0.025989090269467 3.33495121621497 13.5760284059534
"etap[31]" -0.0237803471381441 6.52185541171712 0.0307443212502891 0.0516842358525531 -13.3346837484377 -3.37896015882636 -0.0549595352058159 3.35502822318229 13.1802742420443
"etap[32]" -0.00127752681770433 6.66676046313306 0.0314274102135183 0.0606050780443156 -13.4924762693636 -3.39740701988931 0.0100089211142564 3.38841055403673 13.5143286809271
"etap[33]" -0.0184506017278364 6.6458492347186 0.0313288337374197 0.0518463191815483 -13.3890970279767 -3.34637581642045 -0.00133862481784285 3.39311070194746 13.1665252709613
"etap[34]" 0.0820383045838723 6.76008780772954 0.0318673595350804 0.0632068221121853 -13.1085110644791 -3.38761012888698 0.0184112583216314 3.44757829497649 13.7842904151084
"etap[35]" 0.0339255984355268 6.67748957733237 0.0314779877428948 0.0585864576225091 -13.3236456144894 -3.43584621102688 -0.00200209217797217 3.40857330053178 13.6246384778809
"etap[36]" 0.0423209374653392 6.64654109991588 0.0313320952212374 0.0519774227805207 -13.3728029873982 -3.36226007333201 0.0246222376407167 3.4668960169921 13.384164853795
"etap[37]" -0.0395656206649937 6.68680991723867 0.0315219242465661 0.0642324427510955 -13.3394777011026 -3.35780414187148 -0.0000721995261296157 3.38863327694398 13.2353425211191
"etap[38]" 0.013949802360689 6.63608936070802 0.0312828252501103 0.0575376840348532 -13.349819598668 -3.38168708034734 0.00845909312306589 3.37529415871589 13.2197812955893
"etap[39]" 0.0624927778070761 6.69504097828156 0.0315607258404314 0.0617574638325101 -13.4530150156721 -3.33344060376638 0.00740427936899432 3.38574569730853 13.7838489210018
"etap[40]" -0.0119502607276645 6.63433848243695 0.0312745715307869 0.0749377378761329 -13.3771419181273 -3.3883495039324 -0.0160028028699995 3.36096505080392 13.3060259868754
"etap[41]" 0.0922665848606843 6.79812270108537 0.0320466577418378 0.0699992736757578 -13.2008351331183 -3.38526344220919 0.0326072852234966 3.44275953591813 13.7725691838098
"etap[42]" -0.124238466453728 6.76969666814602 0.0319126561374802 0.0659224083781704 -13.8038950577167 -3.48298896495274 -0.0580957501037835 3.37063922000998 13.2809869950554
"etap[43]" -0.0731366790211545 6.72037096926447 0.0316801325630408 0.0542123337189456 -13.5559676081469 -3.4500291528856 -0.0545169851056724 3.32828830237475 13.2194532537271
"etap[44]" -0.0291090866519677 6.63523467548952 0.0312787962253517 0.049067129480258 -13.6641016779764 -3.45389797729297 -0.0176158778083285 3.39912045404281 13.2703718129216
"etap[45]" -0.176689098229359 6.82636364991635 0.0321797868513414 0.08920807409731 -14.0451794915675 -3.4404725465069 -0.0582817096078188 3.30108580046319 13.2937661602256
"etap[46]" -0.00543101881116875 6.65223790261764 0.031358950206714 0.0525937921715492 -13.34184258858 -3.39069816967648 0.023931406724548 3.39452715108774 13.3605152777354
"etap[47]" -0.0541948075789157 6.75631408348438 0.0318495700283866 0.0656189340845571 -13.6128348714132 -3.4105808165669 -0.0265187818718181 3.3414815399994 13.4213981263011
"etap[48]" 0.0492367534172989 6.48145981419543 0.0305538945773713 0.056405732483654 -13.0259368390777 -3.35553027756622 0.0489479948229641 3.45572529409582 13.1778602552245
"etap[49]" -0.058059400638171 6.76833773728739 0.0319062500759782 0.0712953373940346 -13.5802095493541 -3.44837674118121 -0.0216739395944699 3.34997791374915 13.3656103414767
"etap[50]" 0.147210967131841 6.65250428924374 0.0313602059653123 0.0573225677857369 -12.8335760809077 -3.30194187122561 0.0864662776585408 3.44057216220806 13.9830144317385
"etap[51]" -0.0625702346707876 6.69649647479372 0.0315675871167897 0.064143361967719 -13.4963663173104 -3.41225644693189 -0.0200508290459442 3.31264644629093 13.1669049938782
"etap[52]" 0.0209485639780556 6.81569255909111 0.0321294828467735 0.0689912395931929 -13.5362192993024 -3.36539386251786 -0.00421999484835852 3.36278261097563 13.7303395925297
"etap[53]" -0.179629814973175 6.80058959139549 0.0320582867742827 0.0635481301186025 -14.1219878817205 -3.45643025837344 -0.0278429556538868 3.34024003741298 12.8927605001647
"etap[54]" -0.00905845503361774 6.6354614869903 0.0312798654250201 0.0575836248332002 -13.5557440452279 -3.43174516388536 0.00679226659917165 3.37762786315471 13.351931858427
"etap[55]" 0.0307960351001659 6.5649993527383 0.0309477037387103 0.0561476676388462 -13.1130497210969 -3.31895943444503 0.0160269632532059 3.39278862029687 13.3268139345399
"etap[56]" -0.0797850518176529 6.69188170138617 0.0315458328663222 0.0664883128048338 -13.9003734231151 -3.41607413831337 -0.0419889170261631 3.32998483169589 13.4005895407471
"etap[57]" -0.0694156701385866 6.80620676496226 0.0320847663844171 0.064278341679386 -13.6656945184529 -3.45334150118902 0.0227890960279866 3.37260743770339 13.3088216530808
"etap[58]" 0.0153267557884408 6.646541161414 0.0313320955111423 0.057875423292484 -13.3769710746847 -3.33437790928887 0.0128846964861682 3.33239183564531 13.408432581791
"etap[59]" -0.106839918573672 6.76777051104774 0.0319035761458414 0.068891622311674 -13.993405480493 -3.40642844026909 -0.0267330691670645 3.38089708892529 13.1248782860011
"etap[60]" -0.14424619494242 6.64741888453144 0.031336233137598 0.0601597868916679 -13.8060558893571 -3.44589356258782 -0.0442494983418818 3.28385722606728 12.8861067098525
"etap[61]" -0.0284708293174523 6.68147992064829 0.0314967984016811 0.0636975955766326 -13.399287918087 -3.36758031505254 -0.0275816309010188 3.39385092668241 13.0919078586661
"etap[62]" 0.0498442638108566 6.65406156435872 0.0313675470306055 0.0631335182101203 -13.2312341146296 -3.38365164071887 0.0454526492854989 3.45168421815916 13.2903374928818
"etap[63]" 0.0593053275409034 6.69641679421022 0.0315672114989169 0.0553516872097764 -13.1066602401937 -3.34536717390514 0.0461114212890803 3.41618255767331 13.4310154436776
"etap[64]" -0.0535047448861741 6.62303430435193 0.0312212831242559 0.0595599046920402 -13.3697509585281 -3.39672920702218 -0.0433075922503915 3.33778135942226 13.1538797729888
"etap[65]" 0.127456503173469 6.65185919631791 0.0313571649680966 0.0596276536910747 -12.9079505018329 -3.33062269952953 0.0384106164606103 3.44585802827673 13.7286095786821
"etap[66]" -0.00398252441692387 6.76439188887483 0.0318876491681778 0.0639830592449098 -13.7380622621213 -3.38194388905539 0.00103716105672532 3.39332116166775 13.4187830789486
"etap[67]" 0.0244494537929721 6.70338965450491 0.0316000818775745 0.058491784956862 -13.2505981807058 -3.36401018120824 -0.00752070780629294 3.38694871718679 13.4624844662964
"etap[68]" 0.0172237235714365 6.69447717379481 0.0315580680405924 0.0617701452007673 -13.2816677504797 -3.38437169600401 0.00829822640621636 3.41097948773622 13.2883859954633
"etap[69]" -0.00688067102047971 6.84184172306494 0.0322527511878951 0.0666811617411195 -13.6371452223652 -3.32305137079632 0.0420620345402359 3.43518872982576 13.3764875966192
"etap[70]" 0.0590989995884636 6.75689168797216 0.0318522928820542 0.0623741474354747 -13.2383188288499 -3.37914558623176 0.0244950432530679 3.43895701385269 13.660668177727
"etap[71]" 0.000512273782611267 6.56212784896469 0.0309341673401068 0.0560440262248888 -12.9675169135246 -3.37955223428065 -0.0534473358863926 3.33966600981764 13.503660086976
"etap[72]" -0.054497862896879 6.88134382332129 0.032438965874311 0.0667748724992679 -13.6406835002834 -3.43100901207693 -0.0289137803756561 3.37313657215036 13.5008894726519
"etap[73]" 0.0596931552703878 6.55847621067514 0.0309169533521269 0.0510336658524225 -13.1885286192575 -3.36171844833967 0.005907122468312 3.41856127830384 13.4091346641247
"etap[74]" -0.135260234255136 6.7636553103288 0.0318841769036126 0.0889285477733215 -13.7352612222475 -3.46972660257147 -0.0879971565640761 3.37912258540126 13.1728745821347
"etap[75]" 0.018096474362392 6.53255124561384 0.0307947418948145 0.0505694499424999 -13.193334785371 -3.37724737997837 0.042822768690864 3.40764560259236 13.2751858174635
"etap[76]" 0.0393617856636577 6.68331434677166 0.0315054459693572 0.0488181435855885 -13.4608237078637 -3.37968324688765 0.00562414519599603 3.45213034564704 13.6352736233519
"etap[77]" -0.0183166551640836 6.63674904506801 0.0312859350320062 0.0577809399780532 -13.4768479844488 -3.4513531513991 -0.0469424268364314 3.41414652743536 13.5072572668028
"etap[78]" 0.0396280459546813 6.70599152012625 0.0316123471897384 0.0607681410438289 -13.4795116576263 -3.37022344535158 0.0275188898921434 3.45074081486274 13.5226153058606
"etap[79]" 0.0227779014091836 6.84628880898723 0.0322737149519763 0.0627577479940215 -13.7362861487575 -3.38949205459176 0.047589484103047 3.46459403392142 13.5584157471824
"etap[80]" -0.0258033950178707 6.72484846321578 0.0317012396719454 0.0564119204675975 -13.5687883513095 -3.43562110958671 0.0212142449910036 3.37369919388782 13.3389026025658
"etap[81]" -0.068495518525607 6.76311537341685 0.0318816316166003 0.0716960389527712 -13.4509816873096 -3.40826146661104 -0.0362672639223421 3.37695675173388 13.3141162797604
"etap[82]" 0.1024150347631 6.60369330225818 0.0311301087660197 0.0564901354647734 -13.1193974115873 -3.35445757478483 0.0569819093870149 3.4290199279967 13.7640031469496
"etap[83]" 0.0145103149896876 6.72163342822398 0.031686083851649 0.0604824783174404 -13.339722076007 -3.37537078426031 0.0142520269284296 3.39739809957858 13.352135337994
"etap[84]" 0.101784577335337 6.7012373586314 0.0315899358575259 0.0601212927638739 -13.3094874245917 -3.29039797749324 0.115854591074452 3.41671743278585 13.7836486491697
"etap[85]" -0.028152927085737 6.64515946930082 0.0313255821520574 0.0582970768986513 -13.3668826218526 -3.41749524606946 -0.0161947777502289 3.38712336357042 13.3291747596345
"etap[86]" 0.0844373758989005 6.70316134823275 0.0315990056314863 0.0573815583903941 -13.2419417847392 -3.36042642532407 -0.00508705574100099 3.40447467974642 13.7267720465686
"etap[87]" -0.0774615223167273 6.642597574972 0.0313135052663734 0.0567680766071818 -13.4959917781339 -3.39676139007009 -0.021785320306215 3.36478462501797 13.1015678027946
"etap[88]" 0.00213179724281786 6.90152689693316 0.0325341097957519 0.077766337612722 -13.4232117563534 -3.36614720277326 -0.00935861230379349 3.38167538050376 13.6567531949293
"etap[89]" 0.0850585517430248 6.64661189387011 0.0313324289471381 0.0529425022757775 -13.1852492476634 -3.35043070118404 0.0560964688636451 3.48254196285619 13.5837475286784
"etap[90]" -0.014325569693983 6.79740529280268 0.0320432758467607 0.0669563503105662 -13.5179232041701 -3.4163495318407 -0.0418072312892005 3.42504628298682 13.3378728916305
"etap[91]" 0.00799016656830796 6.6662687181483 0.0314250921054294 0.0544880294929001 -13.3575808604897 -3.34085143207658 0.0208912498768037 3.39685306916931 13.1645472245985
"etap[92]" 0.0439950358265623 6.84085215360591 0.0322480863127289 0.0691932568019442 -13.4294331236774 -3.4198512394764 -0.0197638546815215 3.47388045834789 13.5609763287817
"etap[93]" -0.00531388619362531 6.74810377942769 0.0318108662838926 0.0585240816863204 -13.9055854506827 -3.44855433670623 0.00434583164978789 3.45589886900359 13.7190926852958
"etap[94]" -0.0780512452695908 6.7076211717378 0.0316200294411084 0.060341107001816 -13.7480425905974 -3.43870128261747 -0.0384378995667196 3.35814333671214 13.172756138869
"etap[95]" -0.0187570968500347 6.62662791780473 0.0312382235805321 0.0558935159357785 -13.53600497849 -3.39452378868334 0.00909975724876782 3.38334002868543 13.4121353967784
"etap[96]" -0.010867606646852 6.71045397384576 0.0316333833983104 0.0644541218137202 -13.3617565290195 -3.38821910465605 -0.0181261356022248 3.3674416685388 13.3310110244827
"etap[97]" 0.0784906723017436 6.56976842815244 0.0309701853758125 0.0547895453080261 -12.9148230545525 -3.34645945264891 0.00406373914403322 3.40120378223744 13.6916976206884
"etap[98]" -0.00830726624872845 6.62225332213598 0.0312176015387833 0.0553333585744746 -13.2036279386871 -3.40646714875565 -0.0110444682375013 3.39977773550959 13.3839258946163
"etap[99]" 0.0170578605426651 6.71829627887214 0.0316703523787389 0.0598784128114873 -13.4691713165391 -3.39237322608774 -0.00334455324693557 3.35077990982137 13.4247744742779
"etap[100]" -0.0806318794492671 6.58582548971798 0.0310458790899387 0.0556089377372624 -13.5465441259121 -3.43656463320287 -0.0238815396836007 3.31223195173322 13.1515855488317
"etap[101]" 0.0111342844474753 6.82549608434103 0.0321756971079985 0.0625313807853174 -13.3795506886017 -3.43052988343096 -0.0648903356177013 3.31323181800847 13.75153745698
"etap[102]" -0.0266027975696534 6.71642116493344 0.0316615130068619 0.0635947682297452 -13.56849190092 -3.42283729416925 0.00450317939777355 3.41669431995754 13.3833919712403
"etap[103]" 0.00688177279518791 6.76518165078847 0.0318913721415422 0.0624123083624463 -13.72842653246 -3.35903008096416 0.0601851043754034 3.44371316370153 13.4085614337817
"etap[104]" 0.000117359880705162 6.66927781152564 0.031439277107645 0.0543150063100903 -13.6819522240736 -3.40432020920962 -0.0224671338827607 3.3595841884478 13.8007260112399
"etap[105]" 0.0497201080266011 6.66648336623077 0.031426103966194 0.0551703634693005 -13.0041987445425 -3.35616224433903 0.00872457340550126 3.39026261182289 13.6624719325982
"etap[106]" -0.0215904908100507 6.62365524166391 0.0312242102508158 0.0571137121372996 -13.5290609372908 -3.40612475171755 -0.0354054626783219 3.35637426804025 13.3776689386548
"etap[107]" 0.00874831752538318 6.6559497245187 0.0313764479029594 0.0550369716905519 -13.3584924723142 -3.39708901057334 0.00516618588054675 3.34599313729056 13.5564716560331
"etap[108]" 0.0614694740375929 6.63038788967343 0.0312559482579016 0.0557266202872728 -12.9244246396783 -3.31668436925785 0.0491462102765377 3.42925818408586 13.4081065529124
"etap[109]" 0.00664498768057313 6.68621386935028 0.0315191144498742 0.0697320667649777 -13.1722583226299 -3.37782372121811 -0.0427397345163563 3.35669840775112 13.5510039742837
"etap[110]" 0.0266599047720597 6.56633687163913 0.0309540088632753 0.0575201792483158 -12.937574779709 -3.34329271855131 0.0361070371176169 3.41838512898897 13.3509608897888
"etap[111]" 0.0707057163071191 6.61229573062136 0.0311706610022214 0.0567894048838223 -13.2552282909512 -3.35384564855091 0.0205555168901602 3.42443047766125 13.5816941064526
"etap[112]" 0.0688393568790785 6.54713749288331 0.0308635021238565 0.0544625236929921 -12.9991422545275 -3.36304451925962 0.0174607942106732 3.46495729721823 13.3922680638518
"etap[113]" -0.0940320258419702 6.5781734813326 0.0310098071764787 0.0531364346028162 -13.9171852009024 -3.39504620713002 0.00494674277264873 3.33788989638856 12.9462896231522
"etap[114]" 0.00546228386208583 6.69246837014977 0.0315485984493959 0.0512630420313616 -13.3113667355313 -3.39215709065821 -0.0059396882253686 3.39277305964142 13.4531550257339
"etap[115]" -0.0703561039285872 6.58747660991823 0.0310536625452063 0.0572385379420454 -13.4474027969114 -3.44737049801208 -0.0341872837960965 3.32888491888342 13.0726882794451
"etap[116]" 0.0755926051256752 6.73077389223107 0.0317291724121997 0.0612203241784879 -13.0910166583408 -3.325578191494 -0.000580418569332315 3.367016821816 13.6040513452915
"etap[117]" 0.00630547171271656 6.67754070917525 0.0314782287807136 0.0649964728425019 -13.2779491668294 -3.39519387485711 -0.018154478099762 3.33083543811879 13.6550680981911
"etap[118]" 0.105832692118075 6.64446010937791 0.0313222853377642 0.0566200545827626 -12.9949421916222 -3.3633175101543 0.0478359701196623 3.46667440340954 13.8643993322784
"etap[119]" 0.0908477708068089 6.65447974988199 0.0313695183760674 0.0601789746079442 -13.2706082159495 -3.30943270695718 0.0703254546542134 3.40916990713077 13.71032305466
"etap[120]" -0.0799417598899716 6.59473035870106 0.0310878570448954 0.0545572803777576 -13.5372546588158 -3.41892546775161 -0.0436820476192217 3.34907897802711 12.9826528369472
"etap[121]" -0.084388641990839 6.65203054819165 0.0313579727285759 0.0621647169822844 -13.547709482721 -3.44727736773912 -0.0423381936587062 3.31377680654005 13.3257586563796
"etap[122]" 0.0187774897903214 6.72949568859759 0.0317231469024866 0.0684493077898333 -13.2922214847148 -3.39206022813882 0.0478457307694582 3.47205180349113 13.6025747545956
"etap[123]" -0.03361918687031 6.63244647012163 0.0312656524991986 0.0595643725492302 -13.4669461628761 -3.37804152331266 -0.0241188107454461 3.38008793157448 13.1744471585793
"etap[124]" -0.0720144394224705 6.50921141293403 0.0306847168684168 0.0549579859003958 -13.3614407230967 -3.39073384626289 -0.0571691012872669 3.3746256804592 13.0109040591932
"etap[125]" -0.0678731453016895 6.63376809249248 0.0312718826868025 0.0534973555095001 -13.5117253314762 -3.47838948709075 -0.0375368714118908 3.34051359751795 13.3766869544981
"etap[126]" 0.0265904318359641 6.73362584053078 0.0317426166254152 0.0687907381840665 -13.1789593291612 -3.39658694755255 0.0235831659799527 3.43822491283244 13.5287322674475
"etap[127]" -0.01437173109179 6.81082254934066 0.0321065254006469 0.0644565559470013 -13.6165492149196 -3.34048475011492 0.0185236599432613 3.40899940739841 13.5191608447712
"etap[128]" 0.0649875766070955 6.74578440116041 0.0317999326298864 0.0616895673176754 -13.2296176715886 -3.39451177292474 0.00709727725697556 3.45177167905707 13.8258291514345
"etap[129]" -0.0655325909572253 6.49945265233204 0.0306387136297659 0.0559309294470069 -13.3138808833747 -3.41779978658572 0.00660885473985303 3.37997568675762 12.8827502643088
"etap[130]" 0.0674409743020901 6.59638673271752 0.0310956652668902 0.0563191866010807 -13.2757795704865 -3.3306494104554 0.0442980232606605 3.4508248231492 13.5392212901035
"etap[131]" 0.0161812611787314 6.73505291513742 0.031749343919626 0.0581688924940086 -13.2383546049956 -3.39303427407567 -0.0277741679312708 3.37678393292732 13.5366557250395
"etap[132]" -0.0453940250105013 6.66820842052715 0.0314342359501332 0.0569757038835877 -13.6867303340512 -3.43291045418353 -0.0251386058687839 3.37024912207304 13.4630188038894
"etap[133]" -0.083571935081755 6.59901669685699 0.0311080630367388 0.0632540737370169 -13.3830096522278 -3.38124085948611 -0.0854711262750395 3.24804191454489 13.0928197453919
"etap[134]" -0.0263667494084033 6.71378988958336 0.0316491090559072 0.0619739136673332 -13.4807487917565 -3.36261295428903 0.0108983910650109 3.38975469594934 13.1133540305204
"etap[135]" -0.0684601485462244 6.69433777180994 0.0315574108933337 0.068577180316624 -13.6722784490989 -3.43238609413778 0.0033178771260611 3.39437745136106 12.8960357333356
"etap[136]" 0.0478840670548694 6.65340283440307 0.0313644417478147 0.0647761346275409 -13.4273526379327 -3.32465810318697 0.0247770854046181 3.39881760723318 13.7417717517742
"etap[137]" 0.0536569401908231 6.57881995560135 0.0310128546854073 0.0634966772241089 -13.1019747147503 -3.36796411167402 0.0456143390026923 3.36243495003546 13.5345681226116
"etap[138]" -0.00954073195947428 6.54580735206391 0.030857231779901 0.0587299362593567 -13.2310244965057 -3.36439021409201 -0.0133054892230748 3.36756404626297 13.3323033185259
"etap[139]" 0.0763418012736078 6.63217728247033 0.0312643835364409 0.0578176890937902 -12.9809092721948 -3.3969885379941 -0.0238557018001043 3.3702601567581 14.2339898186226
"etap[140]" -0.059212829220203 6.7033790189202 0.0316000317409473 0.0599006960206355 -13.7821909499008 -3.37307267762107 -0.00180796192579225 3.37255571396239 12.8688833756918
"etap[141]" 0.0614456416623224 6.71158584892922 0.0316387191086235 0.065941123503829 -13.171048968919 -3.3741193525097 0.0222472298713607 3.43035299384284 13.4403446930405
"etap[142]" -0.0263126848551143 6.75753081964122 0.031855305777636 0.0694658383634362 -13.4501523481686 -3.35450642126058 -0.028089584202862 3.32831547452963 13.5693074263569
"etap[143]" -0.0199812769961432 6.66223911425011 0.0314060963704834 0.054761405502485 -13.1929620737186 -3.4710442653565 0.0340746363358532 3.38435479643041 13.3193285504719
"etap[144]" -0.0137152522517702 6.56526146059679 0.0309489393270046 0.0528974830534752 -13.3272441299242 -3.36858203299958 -0.000119721508688342 3.3942943012394 12.9486523510467
"etap[145]" -0.0102854277005942 6.67868161404422 0.0314836070578439 0.0591854337131814 -13.4457808365311 -3.41683298311043 -0.00954167712856715 3.32938990749586 13.4785426154922
"etap[146]" 0.0438528623606417 6.63353797555467 0.0312707979051546 0.0538906795099044 -13.3375259213924 -3.37484721144804 -0.010808422212501 3.39545673646133 13.4668338256654
"etap[147]" -0.0683981436449136 6.56833442994666 0.0309634254434424 0.052096419430128 -13.5336551346169 -3.41460451100981 -0.0534116956236674 3.29736562228426 12.9869409113397
"etap[148]" -0.024280737303228 6.54674071958801 0.0308616317166052 0.0549918212995822 -13.4152776099197 -3.37572620986889 -0.0132039870906951 3.38880779678715 13.2175700882465
"etap[149]" -0.0679140844096844 6.47908039857146 0.0305426779045514 0.0520243523741857 -13.4589236197845 -3.41833601961932 -0.00196955201579644 3.40677386518125 12.8975020210323
"etap[150]" -0.0490743754909028 6.66646326192671 0.0314260091935958 0.0547512197532922 -13.3087387907429 -3.49797289946904 -0.0576018425696023 3.41572701160525 13.3310129827358
"etap[151]" -0.114383962673642 6.84095385588476 0.0322485657418692 0.057946287782752 -13.7426427698497 -3.48805252932739 -0.0467402066158304 3.37253174464506 13.314460723639
"etap[152]" -0.0462311750733564 6.77284091464732 0.0319274782576321 0.0714155692984986 -13.6153561097144 -3.41239019245261 -0.0631153979281321 3.31141312135736 13.3313441290052
"etap[153]" -0.0244036121969252 6.58785589490265 0.0310554505117696 0.0547284025526227 -13.5645913379819 -3.42938213345247 -0.0118154434283672 3.37164051286896 13.2850945348152
"etap[154]" 0.045092467253208 6.71324596109761 0.0316465449524355 0.0574190265595422 -13.2041524464701 -3.36901059361357 0.00251261354673803 3.41276951789544 13.7348141319975
"etap[155]" 0.0885013159352594 6.6213598920141 0.0312133898687986 0.0542601723811607 -13.3666137550633 -3.32653428993358 0.0378141308897385 3.4444331178607 13.5692367038016
"etap[156]" -0.0337708527408193 6.58642816841055 0.0310487201445413 0.0591970497251451 -13.3260484568903 -3.40669110908701 -0.0475200759647892 3.340599939497 13.1274002170387
"etap[157]" 0.182833217064339 6.75556974462377 0.0318460611813476 0.0666570373357261 -12.7567820809825 -3.28578715045592 0.109262104106904 3.49895783443962 13.622542081812
"etap[158]" 0.0189226852123242 6.6951593503637 0.031561283851778 0.0629498804539769 -13.2147969740473 -3.39898705848638 -0.0433338784364151 3.36674166013283 13.4264339774247
"etap[159]" -0.000488281498455623 6.6395577429726 0.0312991753609038 0.0570249828870695 -13.5024168201107 -3.41910813970753 0.00830953574255998 3.36483598229273 13.4944482861915
"etap[160]" 0.0765335009459709 6.94031417265278 0.0327169547669859 0.0720504508785559 -13.4820887382328 -3.36345021137399 0.0478305241054489 3.45664366144642 13.8645312516697
"etap[161]" -0.00835777533886565 6.64548583325861 0.0313271206465087 0.0600038238628422 -13.3482041660091 -3.39755987577576 -0.0107510933753192 3.32930547950349 13.2998754887349
"etap[162]" 0.0678257476083382 6.58055364701993 0.031021027385131 0.0588059191368276 -13.2571884087652 -3.29994522573447 0.0584473982642105 3.48931506253929 13.303465934357
"etap[163]" -0.033849692199317 6.58454839052606 0.031039858786613 0.0591360128428943 -13.3545937124202 -3.42476266830918 -0.00819155556828595 3.36665943420702 13.3663223011233
"etap[164]" 0.0822692865656245 6.65379841105003 0.0313663065140117 0.0582221250772622 -13.0010807812981 -3.33161019435323 0.0395133647231668 3.47009313389193 13.4512275878301
"etap[165]" -0.0170116224512545 6.68713710003157 0.0315234666010431 0.062686605526654 -13.3527952379277 -3.35658324346393 0.0211043567772421 3.32968484858687 13.4236326421896
"etap[166]" -0.00837485285656821 6.74029503396245 0.0317740555047524 0.0674263984871225 -14.0095030603352 -3.32277147435795 0.03731392561041 3.41375321174347 13.3882762679611
"etap[167]" -0.0837269020548701 6.64852784235633 0.0313414608149182 0.0551143953707992 -13.6656004704989 -3.45033964756796 -0.0523771275579766 3.35330123766045 13.1686073951188
"etap[168]" 0.0101443934681381 6.71322459642892 0.0316464442384214 0.0593355073667713 -13.4575532017393 -3.36968792754122 -0.0196995175407994 3.38695954554527 13.4478705434531
"etap[169]" 0.0432077449073716 6.65826572358182 0.0313873656272444 0.0579467192879253 -13.2280876092428 -3.34420474085555 0.0299736397524551 3.42749139143505 13.3132083660475
"etap[170]" -0.00472109341783939 6.62602825473048 0.0312353967416906 0.0581078157919797 -13.4574843048692 -3.36463927024222 0.0202550062888627 3.39885547419741 13.2207507760242
"etap[171]" -0.0733886603435785 6.56392724615677 0.0309426497798173 0.0598103682192914 -13.4717764613165 -3.39388066864487 -0.0324603593773744 3.39293962573448 12.9154118357119
"etap[172]" 0.0986841002568365 6.76233182933491 0.0318779379543756 0.0601594889528853 -13.3855520568876 -3.34269298283213 -0.00136171904109996 3.42128997041564 13.6497392519326
"etap[173]" -0.0224171648617809 6.68160129346962 0.0314973705586478 0.0563094015227584 -13.4868304650317 -3.37520340511271 -0.0350703066860337 3.39807169948575 13.5943346417281
"etap[174]" -0.0628507377310805 6.68213181144507 0.0314998714443677 0.0622642325555315 -13.6740646868427 -3.42102487825666 0.00863564846036893 3.35314315117009 13.3310258434955
"etap[175]" 0.0551853192587068 6.51726974103718 0.0307227041913952 0.0521056480227842 -13.0531555756725 -3.37611656570784 0.00534606854541821 3.38989364300109 13.3187408135911
"etap[176]" -0.00649388922178687 6.57564688529183 0.0309978966885204 0.0564333271489565 -13.225830904462 -3.36646748068947 -0.013461260996199 3.37712032992243 13.185958049666
"etap[177]" 0.0229191935248578 6.70262329935261 0.0315964692447412 0.0637930931349233 -13.4299932578388 -3.41809174798617 -0.037607252356166 3.35031056501444 13.3737351252542
"etap[178]" -0.0875387013567171 6.69137009283479 0.0315434211204822 0.0572452187151372 -13.8250922220702 -3.46224166157008 -0.0449186828053676 3.36856659390678 13.1347636405921
"etap[179]" -0.00087493220796335 6.6739751296045 0.0314614204774247 0.0603432479308765 -13.3672903670509 -3.41704114623356 0.00615209301593927 3.39263347828546 13.4897407323911
"etap[180]" 0.0224670553157836 6.67669762438952 0.0314742544409196 0.0574882537806503 -13.4674190541078 -3.39542108884388 0.0440735646600423 3.41809315314425 13.5186217186658
"etap[181]" 0.0165304095183401 6.88237936596858 0.032443847469165 0.0681876145223611 -13.3860231573078 -3.35551810710451 0.0245836470087944 3.3727181202333 13.5185802407264
"etap[182]" 0.189153633369046 6.62563670810676 0.0312335509732053 0.063740726326148 -12.6480961470041 -3.28751954281571 0.050895938114943 3.4433293746798 14.0665708629944
"etap[183]" -0.0215338392818061 6.75279518692948 0.0318329817909448 0.0621843319853111 -13.4820009130242 -3.35664691226477 0.00939608825295291 3.42415722399755 13.207599525352
"etap[184]" -0.108765385594527 6.79975485486984 0.0320543517885641 0.0685656941192004 -13.9341690034016 -3.45383413455043 -0.0593545248505299 3.35235289938649 13.29764782645
"etap[185]" -0.0956561538001118 6.61017913776471 0.0311606832878085 0.0621668776718279 -13.6231699190547 -3.4455702155038 -0.0464587539457245 3.3594725216433 13.1680269122115
"etap[186]" -0.0299094299253284 6.73539973586296 0.0317509788482052 0.0703391242646557 -13.6328065185173 -3.42146542991732 -0.0121059059087704 3.3937309619819 13.5761618495372
"etap[187]" 0.130751736441286 6.70305366105304 0.0315984979892528 0.0683932290212224 -13.2295291970377 -3.2560301130793 0.0779110200151914 3.45679851187512 13.788695494011
"etap[188]" 0.0134740495364725 6.77916498187541 0.0319572901964432 0.0566869588606173 -13.2190277762761 -3.39605073905319 -0.0368857868086651 3.38534414583627 13.4752246382563
"etap[189]" 0.031108580510467 6.63247997752086 0.0312658104545934 0.0563413313152879 -13.3289368305847 -3.39426174170888 0.0409923901459876 3.40774284973356 13.4692672189017
"etap[190]" -0.0329173357202212 6.66966197225594 0.0314410880586948 0.0641661496311219 -13.6058394702856 -3.36835110591781 0.0040962291454075 3.40115451994396 13.2144852276437
"etap[191]" 0.0138766031657277 6.58212753113964 0.0310284467460234 0.0520485302409185 -13.0218376148705 -3.36429971744606 -0.0238250764447027 3.37352604793426 13.5858488108051
"etap[192]" 0.0320299509866579 6.56300213199467 0.0309382887498347 0.055673184858044 -13.0779826453231 -3.40771613103814 0.00756126967966203 3.43730181827886 13.441320037158
"etap[193]" -0.048696390061356 6.90407747723906 0.0325461333466203 0.0779726374814805 -14.1066071375066 -3.40370935379728 0.0285660535076257 3.36857724539669 13.4113789363526
"etap[194]" 0.0162077346221446 6.63342722918562 0.0312702758417643 0.0545132656669136 -13.4162253745086 -3.35537872443973 -0.0061599808472612 3.38895700917611 13.5964989458534
"etap[195]" -0.0733173832185293 6.69720647323699 0.0315709340815488 0.0595841222967677 -13.718674140944 -3.41874173334528 -0.0625290037039087 3.31613022572077 13.415436142437
"etap[196]" 0.0467406763886229 6.63645367418248 0.0312845426402988 0.0592441051110903 -13.1033198120843 -3.35956887219886 0.0534828474622905 3.40413107232692 13.2315646066797
"etap[197]" -0.113193757166153 6.71346271396048 0.03164756673523 0.051072573552645 -13.9214809057185 -3.47437035888487 -0.0704184288104885 3.3154829486583 13.4673666630236
"etap[198]" 0.112095063504012 6.5663253143847 0.0309539543818554 0.0642644884786934 -13.0700631613209 -3.30957097691633 0.0415061915032883 3.42717437616113 13.6452728940469
"etap[199]" -0.0451219612427147 6.72824919105294 0.0317172708567096 0.0538816533854688 -13.4664199816452 -3.40555054700624 -0.0335986999607677 3.38179854211343 13.3638020542903
"etap[200]" 0.0799022701252415 6.67917389772984 0.031485927705393 0.0591981713888961 -13.20169070048 -3.34759780337763 0.0144208793069046 3.44647848647601 13.832533357275
"etap[201]" -0.104764487493811 6.59556170512578 0.031091776049525 0.0592877701322633 -13.5843182899461 -3.44445447884257 -0.0679251600220004 3.27766549894147 13.1804117640674
"etap[202]" 0.0111396288815575 6.6309680368999 0.0312586830981545 0.0553569038549401 -13.1896038643438 -3.35300895468577 0.013530828218738 3.38995854628719 13.5158247842138
"etap[203]" -0.00733513014713828 6.81128379851394 0.0321086997501018 0.0645235199453302 -13.6311864364008 -3.41678198468347 -0.00774283845893909 3.40065683534175 13.4741326768739
"etap[204]" -0.0135299019776979 6.61702752741621 0.031192966906227 0.055828673488127 -13.3493858750707 -3.41902672217784 -0.0272722511117313 3.33147307556934 13.6747806675634
"etap[205]" 0.0372359750481223 6.84466239305004 0.0322660479537215 0.0704083720721522 -13.3529544611872 -3.37955294332045 -0.0209885508117209 3.40880108487702 13.6512958994809
"etap[206]" 0.0197923879033203 6.81012404841704 0.0321032326357151 0.0714876450760164 -13.2178883538987 -3.35780951328354 -0.0150148836429057 3.44375388650387 13.728131286313
"etap[207]" 0.0463893745299022 6.64114859425199 0.0313066747057539 0.0642190974130303 -13.1244374857057 -3.4389313202498 0.023085148385895 3.46440450854561 13.5006258644097
"etap[208]" 0.0216926416661891 6.74989060575534 0.0318192894639798 0.0596162161258061 -13.6387487186956 -3.42671726238323 -0.0156685438236919 3.37413884041202 13.7454797198273
"etap[209]" -0.048262192583126 6.69366546866961 0.0315542416259367 0.062537092204528 -13.4751446868327 -3.41140783900676 -0.020963868763818 3.33724015966174 13.2368150807199
"etap[210]" 0.00626389414926781 6.74749212671703 0.031807982925363 0.0616356243652861 -13.4765807965631 -3.43729164471171 0.00165773836723035 3.38091836653207 13.5878403326956
"etap[211]" 0.00706396980819801 6.66753263951783 0.0314310502879046 0.0576662345161535 -13.380893424467 -3.33953298837278 0.0114889815063881 3.38792086221696 13.459186977846
"etap[212]" 0.00135202278443751 6.78924894425853 0.0320048264509921 0.070969403737768 -13.3794352417473 -3.43209790242184 -0.0446862217606155 3.29746481380385 13.3121613250686
"etap[213]" 0.00480698074770325 6.67492312805024 0.031465889384955 0.0663212395382718 -13.2602483358656 -3.395887859963 -0.0364427943277053 3.40130050720882 13.3805880847481
"etap[214]" -0.00142318594359183 6.61183681903955 0.0311684976722784 0.0547818115284675 -13.3179059667708 -3.37224595288452 0.0123318465859322 3.3924607544243 13.2569339394583
"etap[215]" 0.0208923883699785 6.70357331718651 0.0316009476717585 0.067257678629801 -13.4504237975291 -3.37733832513619 0.0322395337939915 3.39187827247477 13.658645662007
"etap[216]" 0.0411583601700906 6.61987044475022 0.0312063685470619 0.0567646718356234 -13.2863829063954 -3.31218509727879 0.0246347089087029 3.36423772226764 13.6026362810365
"etap[217]" 0.0193519859542 6.6238354322442 0.0312250596773573 0.0523911712771649 -13.3794504339932 -3.36971550947434 -0.0215681886947094 3.40796992058709 13.4508845762146
"etap[218]" -0.00952045183139729 6.7135180804681 0.0316478277354499 0.0767493321576304 -13.419885949385 -3.46886736748909 -0.0551368421614473 3.44964321463944 13.5870519623124
"etap[219]" -0.0219085894947562 6.65780031090207 0.0313851716508317 0.0510160213660821 -13.5679437602209 -3.42666602259988 -0.0406713236149625 3.34353677242658 13.4692750036815
"etap[220]" -0.0338699086009037 6.79339018236949 0.0320243484346639 0.0577162040155697 -13.7536786870462 -3.38791844243117 -0.00973157809067057 3.41023770489736 13.2834474100586
"etap[221]" -0.0842386201516746 6.57988553030493 0.0310178778527324 0.0557133044795193 -13.6117101062896 -3.41980139428607 -0.0236348853316946 3.33483291516069 13.092011177511
"etap[222]" 0.0955691695427888 6.93214845885405 0.0326784612229838 0.0744774548562642 -13.2678593536128 -3.31521861007566 0.0422137223187084 3.39521079416574 13.8135433873158
"etap[223]" 0.00229243894468158 6.56570339143778 0.0309510226089678 0.0540503583025654 -13.2161842020563 -3.38723628766371 -0.00460059887463415 3.37867282451372 13.5737178520352
"etap[224]" -0.043788306540308 6.67169134162493 0.0314506545976438 0.0576688024253627 -13.3936425519324 -3.43491637114611 -0.031122275655166 3.29952561078524 13.418182238432
"etap[225]" -0.0163564324369112 6.58976495753154 0.0310644499193069 0.0557779884172176 -13.510733905434 -3.41437254313697 0.0146707238127154 3.41303187128211 13.1251518604557
"etap[226]" -0.0853002062257188 6.56687008428639 0.0309565224517999 0.0577251595689911 -13.5197329185156 -3.38965079300782 -0.0446486573011004 3.29936622813685 12.9288537904668
"etap[227]" -0.0502567500206609 6.56228958117739 0.0309349297530691 0.0556839024082551 -13.0834286183285 -3.39760823732712 -0.037217755780186 3.34340122960004 13.0003228621559
"etap[228]" -0.0108344148767049 6.65246416942485 0.0313600168386723 0.0574490639657496 -13.4222806789828 -3.42848667701247 -0.0426706739264001 3.39222283136438 13.5943241062105
"etap[229]" -0.0713014492212201 6.77049511290655 0.0319164200421773 0.0670142615163485 -13.9280329718617 -3.38194754856061 -0.06532554167717 3.34927813019329 13.0738819685044
"etap[230]" -0.0514086188132217 6.77689263467231 0.0319465782489997 0.0667019487651847 -13.554466431497 -3.43964824520309 0.00620625624644419 3.39585814732464 13.1184458377159
"etap[231]" -0.0596020512733079 6.58827584971339 0.0310574301977327 0.0554380366652215 -13.6461002217486 -3.39801057631304 -0.0358816206004134 3.40684906578037 12.8963820876556
"etap[232]" 0.047707898512689 6.69147854449266 0.0315439323665003 0.059899752769949 -13.3687420785333 -3.3820762068826 0.045858850186444 3.43169330257769 13.8074414924027
"etap[233]" -0.01867226112774 6.70870780515753 0.0316251518801734 0.057752398008713 -13.750158102289 -3.41332518762055 -0.00601204626453516 3.45192004309881 13.527874212652
"etap[234]" 0.05180795612077 6.66272085920619 0.0314083673379851 0.0731806072202144 -13.2138229781416 -3.38410448217014 0.0545617996620152 3.37817475129048 13.7652273149674
"etap[235]" -0.0594711670521321 6.66376645420518 0.0314132963200795 0.0623413240235547 -13.7601471183796 -3.36080666452976 -0.0128598189027936 3.35697540560715 13.1825356197331
"etap[236]" -0.0407962571095353 6.67095994781834 0.0314472067741747 0.0588601488738967 -13.4169549788104 -3.39899417416897 -0.0298043161587023 3.35911613618198 13.2601594483534
"etap[237]" -0.102188652202868 6.72310442078741 0.0316930181770936 0.0567680458173313 -13.6957933111329 -3.41991867181611 -0.0667566554643905 3.32480239218242 13.4904709351112
"etap[238]" -0.0110447767906864 6.63161664564671 0.0312617406691092 0.0759371745361249 -13.4402087635666 -3.34428465116621 0.0297566096848106 3.44102684837108 13.2505113044246
"etap[239]" -0.0305718897218356 6.7673749765197 0.0319017115781949 0.0658206651273659 -13.8025095093955 -3.40660986972227 0.00608151026805321 3.41318997296573 13.3277733702473
"etap[240]" 0.0730545373692894 6.73664096810593 0.0317568300731121 0.0606325184813942 -13.5661108148665 -3.31287201936174 0.035269078677038 3.39787382366407 13.6928769916133
"etap[241]" -0.0718081730805325 6.74591439087694 0.0318005454072867 0.0646580103200897 -13.3751645827637 -3.40977930621625 -0.0299402218357063 3.30381343845457 13.2939425311856
"etap[242]" 0.117537099290984 6.54795028765681 0.0308673336751636 0.0518081148524574 -13.072558292684 -3.31080477832984 0.102771156844923 3.49765827591355 13.4450843223984
"etap[243]" 0.0344741207370914 6.6641075312868 0.0314149041728616 0.061221611706973 -13.3190976096991 -3.3941537381825 0.0272977286454514 3.41395023562708 13.4711044293618
"etap[244]" 0.0106916356702952 6.78034746108025 0.0319628644568723 0.070275812506707 -13.7576642393608 -3.37176422658769 0.0662096949147361 3.47305966854847 13.2861675138478
"etap[245]" -0.0785382985307714 6.67258833886976 0.0314548830832072 0.0618051702514862 -13.6703011408343 -3.41054288282005 -0.0536074603698362 3.34022317304597 13.2995524530489
"etap[246]" 0.00239995220468084 6.5950089890546 0.0310891705209783 0.0588921620792505 -13.3704002770464 -3.41933493606032 -0.0215437478204462 3.35222978910315 13.5126415765931
"etap[247]" -0.0484423372440154 6.48496858741773 0.0305704350929655 0.0587465131192623 -13.2427541359661 -3.39575526580959 -0.0399878971567726 3.32962134705466 13.0525565168823
"etap[248]" -0.0474827085675487 6.49547955788644 0.030619984282934 0.0551815743964952 -13.274496569911 -3.4190141096249 -0.0340564653541051 3.36933339772424 13.0744533022145
"etap[249]" 0.00617793398658471 6.59299535183277 0.0310796781440823 0.0636581385475223 -13.3777890197967 -3.39656592926928 0.0120918789324278 3.40200271871285 13.2502439027848
"etap[250]" -0.0477451747282492 6.77239944240179 0.0319253971375087 0.06889070781698 -14.0360017504556 -3.40478499748206 0.018891193137999 3.38938639441856 13.2865165064167
"etap[251]" -0.053661279813219 6.6231856951827 0.0312219967874762 0.0618031017926789 -13.3711980698121 -3.42899051493737 -0.043258038591591 3.33946860310054 13.1868815788817
"etap[252]" -0.046952968106338 6.70599262813077 0.0316123524129218 0.0632377152205433 -13.5037690856808 -3.41320395136917 -0.0386431330432988 3.3750582105121 13.4422450399624
"etap[253]" 0.0117026545238401 6.6211699532663 0.0312124944889548 0.0561951302408988 -13.4187841730465 -3.31393906254479 0.0620068986868082 3.40601501837122 13.1358335031888
"etap[254]" 0.0514570683305138 6.74488126245658 0.0317956751932075 0.0657929111056695 -13.3207421936423 -3.33347166628742 0.0349867176043193 3.40926034798394 13.415328421347
"etap[255]" 0.00429927898939728 6.67103255825608 0.0314475490630608 0.0600534002188328 -13.4569987116957 -3.39995132559362 0.00737534571413933 3.45427458278411 13.1762178688111
"etap[256]" 0.0776661509701397 6.68619152353619 0.0315190091106964 0.0630220381647357 -13.1242486753047 -3.37406902936103 0.0560485563532844 3.46951304086293 13.7703644732785
"mean.p0" -0.663037758520742 0.347314087670751 0.00163725431062405 0.00561305334504552 -1.40308101981914 -0.868579698226751 -0.643499751331113 -0.437227547654191 -0.0220484171923154
"mumup0" 0.703304073145535 0.165839188130002 0.000781773430087972 0.00326826592470948 0.26292968313883 0.630677457554643 0.738202225813842 0.817699447933993 0.931622483090124
"mupsi" 4.25423463567073 1.22372347279605 0.0057686877727416 0.0149988508358501 2.11684832263748 3.37949928111604 4.16706526339733 5.03615093815832 6.87297565155
"ppo[1]" 0.389317255057388 0.125736878799952 0.000592729330964514 0.00100274665589605 0.162917687728887 0.302750389755682 0.38087242099511 0.467816744055932 0.660692351665549
"ppo[2]" 0.519707522887467 0.148333810815708 0.000699252290046865 0.00248202347555756 0.26845909601677 0.406522280171308 0.507638401532602 0.623247667374024 0.82680911281347
"ppo[3]" 0.323987948170613 0.119429047253987 0.000562993927892951 0.00137167678394989 0.104972636467159 0.239582453970806 0.321133961806853 0.40018735085603 0.573149262004228
"ppo[4]" 0.265529646125907 0.11772167576359 0.000554945301500526 0.00212658002312011 0.0586067475636257 0.176331330617456 0.263317365125183 0.348995140194196 0.500955719626046
"ppo[5]" 0.267256440815826 0.166384280718026 0.000784343021190416 0.00310087148991361 0.0253374003957578 0.136596495509477 0.248672785162175 0.367064471423401 0.661292417976053
"ppo[6]" 0.266536027598262 0.117940843716777 0.000555978469139971 0.00198675297235877 0.0593819656513854 0.177917814163407 0.263594389390001 0.349477952429888 0.506935498687986
"ppo[7]" 0.455108114564218 0.135926384409657 0.000640763121054921 0.00149115671895636 0.217865301466603 0.357779231357446 0.441056413581896 0.543243180436599 0.749938814788233
"ppo[8]" 0.325053424080662 0.120758164815979 0.000569259448166811 0.00133393617770305 0.104686027348132 0.240073762386526 0.322555877154586 0.401315580569585 0.579088853829833
"ppo[9]" 0.265758384844884 0.118201579256831 0.000557207588263097 0.00212516684972048 0.0587759299839327 0.17559563332464 0.262669578461526 0.34903873653716 0.505311962218887
"ppo[10]" 0.453888098947218 0.13625472325822 0.000642310925230557 0.00151621861975914 0.216282260795124 0.356255884398701 0.440624853184929 0.54301950239096 0.743943380112466
"ppo[11]" 0.453638788997866 0.136279282043435 0.000642426696454311 0.00148550249855965 0.217514241952926 0.356025526722049 0.43977094660712 0.542197072751827 0.748114339573275
"ppo[12]" 0.521497241858309 0.148270737367574 0.000698954958960941 0.00238577779447513 0.27009139992748 0.407029566795392 0.508830383548369 0.626797255639137 0.824531717655143
"ppo[13]" 0.390075095799763 0.125377439245931 0.000591034916657346 0.000975111441859254 0.164149320626957 0.304094046102987 0.380988025570811 0.467334854087011 0.661619990718581
"ppo[14]" 0.265580354364869 0.116936803603208 0.000551245378654052 0.00212046344996526 0.0607746368300603 0.176943460435559 0.262156277611038 0.34854782222736 0.502226332899905
"ppo[15]" 0.268735813922952 0.166730443202019 0.000785974846789241 0.00301495588997015 0.0264046344377584 0.138498331080967 0.249555580060011 0.368634033385388 0.666544743953189
"ppo[16]" 0.325093565335839 0.119924379376908 0.000565328945913333 0.00129556119936141 0.106097828318209 0.240035147323911 0.322444147895422 0.401326793907991 0.57624439687716
"psi0" 0.974744372779317 0.0292881503603407 0.000138065664854721 0.000342176449889075 0.892529993446 0.967057657457041 0.98473883715428 0.993543246358655 0.998965679413489
"sdeps" 0.816052749350937 0.44511085475661 0.00209827269185426 0.012543908635828 0.0995430698882224 0.498969104068518 0.773684746496116 1.07918017695928 1.81209264753484
