"Mean" "SD" "Naive SE" "Time-series SE" "2.5%" "25%" "50%" "75%" "97.5%"
"N" 25.1448222222222 0.456055590287929 0.00214986666993752 0.00956253082518914 25 25 25 25 26
"betapsi[1]" 0.0712011104441642 2.70138142697607 0.0127344341705745 0.0192408537152324 -5.57497949122877 -1.20772588110616 -0.000252273074540975 1.23772969324147 6.23067068136552
"betapsi[2]" 0.0755975615912282 2.72241087191508 0.0128335679247142 0.0188484870308772 -5.65937188044362 -1.18421423568754 0.00839449448421049 1.23677322947359 6.23085697264911
"betapsi[3]" 0.107977195008826 2.71984584591086 0.0128214762761709 0.0189859758880953 -5.5663874600391 -1.17163694795106 0.0160615192798554 1.27427841740479 6.32634351105481
"betapsi[4]" 0.067662568816985 2.66904611126555 0.012582004030503 0.0188786738432476 -5.60730934788199 -1.15855246358141 0.00966341529243778 1.22613764206952 6.13142055853357
"betapsi[5]" 0.106923443752131 2.73317579498213 0.012884314258712 0.0191464531039942 -5.65989669856134 -1.1728013132482 0.0131450563310107 1.30321245183371 6.28829630196872
"betapsi[6]" 0.100197590718481 2.69744517694821 0.0127158785099935 0.0191781373912101 -5.57067863097205 -1.14985580443844 0.0152077171937159 1.28114561312134 6.2116927994232
"betapsi[7]" 0.0828068285022169 2.70654492404065 0.0127587751291678 0.0187195920199737 -5.67570513102703 -1.16262467406053 0.014654872177516 1.2647828202724 6.1341982662293
"betapsi[8]" 0.0806345324297722 2.69804177468226 0.0127186908986827 0.0185320477359287 -5.62336096241078 -1.17713283923011 0.0105486472773003 1.26429930075704 6.19101017184185
"betapsi[9]" 0.0970682499206925 2.73829793509102 0.0129084602587465 0.019328478540692 -5.6586942775748 -1.1732995979164 0.011249197200499 1.29351739730091 6.30413240291825
"betapsi[10]" -0.566533266425976 3.40869899001706 0.0160687611390987 0.0461567198455081 -9.47952622607088 -1.6589843045359 -0.0745472629912544 1.02940656875625 5.71966277919365
"betapsi[11]" 0.0709116504832204 2.70142800347771 0.0127346537343088 0.0184175743530861 -5.69181696912606 -1.18769709260289 0.0068409991651094 1.26194069486175 6.1667150143798
"betapsi[12]" 0.0913705914431329 2.67662971599798 0.0126177534860507 0.0174907696060529 -5.5678723264062 -1.14906970844423 0.0189988993638271 1.26305349768491 6.12215291456368
"betapsi[13]" 0.0852053720838434 2.65078237950352 0.0124959079733117 0.0178124447092161 -5.53669015572335 -1.15396723478155 0.0144543903131996 1.25694247075624 6.04003825443948
"betapsi[14]" 0.107678321974727 2.73791260052201 0.0129066437741681 0.0190238555773421 -5.73058289765892 -1.13797475861778 0.0172749483236903 1.3031883272569 6.25771226090752
"betapsi[15]" 0.0925058080403446 2.68857084043355 0.0126740444864732 0.0188059816922164 -5.65256737010805 -1.13684547128229 0.0167966273676295 1.28413946031774 6.12772744795971
"betapsi[16]" 0.103867806088719 2.67980673109836 0.01263273007886 0.0189280764336034 -5.47472292390705 -1.18642891942405 0.00738117900527722 1.26712673218452 6.21073185234764
"etap[1]" -0.256663876379782 5.37167822253183 0.0253223339833624 0.127575664664905 -11.1439948414435 -2.97731372829389 -0.139211409795003 2.56283828785233 10.2171731949097
"etap[2]" 0.351069861943833 6.4313845561459 0.030317837547128 0.202839661382869 -11.8678968004959 -2.8586791414592 0.172172300583449 3.30347325269776 13.5810162389072
"etap[3]" 0.373210588663018 6.31989716070815 0.0297922809249223 0.189443014415557 -12.087767225695 -2.81581154089518 0.204057722263585 3.33727105008212 13.5440481372469
"etap[4]" 0.351331570997326 6.36657090053475 0.0300123030444871 0.191702766665929 -12.1161157331436 -2.82238856667583 0.182706079861697 3.29958598807978 13.4605029641499
"etap[5]" 0.39616153825166 6.59736689199467 0.0311002857820337 0.20654742523787 -12.288150336235 -2.81205379911792 0.218311733271176 3.38480822425481 13.6463434331261
"etap[6]" -0.685435163300852 7.52608429356513 0.0354783015984098 0.475523451681576 -15.9795905842183 -4.82859339256633 -0.713929549684184 3.96929805725759 13.3486114146633
"etap[7]" 0.459353233341484 6.36763053285989 0.0300172981991716 0.178598627482452 -11.7737838998809 -2.73046010378005 0.27350584280637 3.39133579824939 13.7422832078405
"etap[8]" -1.01050891828304 9.95003381216972 0.0469049092108043 0.738837426083746 -20.8378027427004 -6.89137197714605 -1.96265733000811 5.69908015359916 17.3007002872538
"etap[9]" -0.26865056405791 5.45047755629115 0.025693797605057 0.13976922155148 -11.2847593395366 -2.98184524179206 -0.165304227920974 2.60470483465468 10.0262037854751
"etap[10]" -1.01203143628907 10.0055714379899 0.0471667160896605 0.768524202452593 -21.1455664570541 -6.94014007639575 -2.02220507063122 5.78706486412427 17.1226360884745
"etap[11]" 0.4061465665447 6.39206862711039 0.0301325004802636 0.195334275125791 -12.0762964704359 -2.82224673889227 0.227192023757732 3.3609060662671 14.0815370155798
"etap[12]" -0.186217377672742 5.44838165137998 0.0256839174145543 0.154013820536243 -10.9146218608487 -2.91759033975076 -0.122086560498293 2.61334349228934 10.5749258303269
"etap[13]" 0.38098155526829 6.56867463365884 0.0309650291791215 0.213024203401151 -12.1475531347826 -2.8231672999029 0.174268233535884 3.34682341654241 13.9160103163141
"etap[14]" 0.322888773905547 6.57834999170257 0.0310106392543424 0.20771791431024 -12.2957765510563 -2.8671069952251 0.162185250684634 3.32028990581199 13.6142563089142
"etap[15]" 0.327825137964816 6.27656486507788 0.0295880105243586 0.17262403684851 -12.0559544134056 -2.81971440429974 0.179789239967457 3.31451256114644 13.4992363498834
"etap[16]" 0.446527677179087 6.58217597695158 0.031028675121771 0.190102435466293 -12.0404486842245 -2.76056488856737 0.225412971051395 3.38353212900594 13.620564078342
"etap[17]" -0.18051606840689 5.42605482522643 0.0255786677467173 0.136561261915965 -10.9722452135989 -2.90745959199985 -0.135347349835769 2.65399910295039 10.506515994412
"etap[18]" 0.385907002006538 6.44886544240092 0.0304002432352085 0.2099996087754 -11.8105114284068 -2.86505025012113 0.193321866087297 3.30814815700309 13.8877363928766
"etap[19]" -0.259449743604179 5.48595999144873 0.0258610634084766 0.139262733718791 -11.3748749711517 -2.94171315717731 -0.169083374112465 2.58010962618792 10.4148013058592
"etap[20]" -0.279918070836763 5.39650315845243 0.0254393598535756 0.137523644699086 -11.3413314397925 -2.92404129590026 -0.148015757869786 2.5913088802477 9.91932362166615
"etap[21]" 0.380811723642953 6.54480978080334 0.0308525291838805 0.189989077650169 -12.1992792965116 -2.81580943336151 0.2100353670077 3.28844973274546 13.7819075683075
"etap[22]" 0.428218452762315 6.54447707961551 0.0308509608154404 0.182685096644524 -11.7354778412435 -2.80446487456453 0.181894150818908 3.34791546336299 13.652992743132
"etap[23]" 0.315374240843665 6.31749888918976 0.0297809753645637 0.183740008294882 -11.9836056026567 -2.85517048491418 0.167727790609786 3.28118841623513 13.2948055438567
"etap[24]" 0.454453817050278 6.39926168046756 0.0301664088589722 0.186826446988014 -11.750539829927 -2.79259355553287 0.246402120447674 3.40413885917028 13.7151224500667
"etap[25]" 0.375967006064149 6.43908411800106 0.0303541336297943 0.205435210999403 -11.8586608619885 -2.85259499557131 0.204130332578146 3.31147450586732 13.7110807828096
"etap[26]" -0.368105095615629 8.08257516800267 0.0381016247382979 0.134931154149775 -16.759937507798 -4.08286687256246 -0.124148864842365 3.62641714555057 14.7921183676753
"etap[27]" 0.0230573408591661 7.02060210713067 0.0330954357197644 0.0763724437879238 -13.9879911838847 -3.39315245088754 0.0225562225000166 3.45280649766443 13.8792183915599
"etap[28]" 0.131706314522437 7.00857912101685 0.0330387588196898 0.0678176251871964 -13.0992199806181 -3.29594906098746 0.0550061915960168 3.44248170191142 14.1334754267775
"etap[29]" -0.0667712399917281 6.77748534745899 0.0319493723238714 0.0771127198336652 -13.8149290932356 -3.37647102785551 -0.02733250513713 3.31138628871801 13.1585590522426
"etap[30]" -0.0233360583940913 6.90923737522786 0.0325704573390078 0.0705314665422822 -13.7072070559604 -3.36018896246811 -0.0257029127489167 3.36974979716122 13.5763869585212
"etap[31]" -0.00115637575668434 6.87306696181411 0.0323999483749865 0.0623956000532431 -13.4302879685759 -3.32881747531602 0.0156023500885157 3.32818891550051 13.4549134549367
"etap[32]" 0.061523186615344 6.79845981395686 0.0320482469071542 0.0615721783758436 -13.4777911019321 -3.36674364405424 0.0246188686076982 3.39497386987605 13.7351132995185
"etap[33]" 0.067006209213995 6.72878748042244 0.0317198083771323 0.060311441989699 -13.4090801005617 -3.31549504887982 0.037658162442278 3.4085385483946 13.6165597193312
"etap[34]" -0.027956691675104 6.83209933369951 0.0322068251239935 0.0626960646617151 -13.7948263861442 -3.30925246250739 -0.00722597200296421 3.31377276487523 13.4060863072496
"etap[35]" -0.154054870122084 6.97298140197858 0.0328709495628449 0.0885127534655707 -14.0127973862797 -3.3518193311264 -0.0553604405951037 3.29805105023732 12.9757776056608
"etap[36]" 0.0463322905545648 6.71948274774657 0.0316759454466508 0.0565372248712353 -13.4979545045175 -3.32003635387881 0.021344037704523 3.34832004456068 13.5614769352944
"etap[37]" -0.0167129989561711 6.74814607010517 0.0318110656440581 0.0590178969033998 -13.4351819349536 -3.33381284302786 0.000395952558841352 3.34303353503223 13.4121650294052
"etap[38]" -0.0545801423548889 7.05272799705612 0.0332468786172173 0.0820157964606024 -13.8676168749967 -3.38799637243969 0.0333831992581795 3.41066753235577 13.5200793850741
"etap[39]" 0.036934478225234 6.71265870405167 0.0316437765961723 0.0608074872089317 -13.4115666701422 -3.36868083039418 -0.0194982394520712 3.35873487833884 13.6679997201174
"etap[40]" 0.102598985619647 6.76276797124326 0.0318799939470487 0.0601346849849788 -12.8508162900908 -3.34534574620891 0.00395658315873275 3.33577365267294 13.8546669914964
"etap[41]" 0.0510912025329467 6.68119512432259 0.0314954558589267 0.0639287264183091 -13.3179625750029 -3.31211789586922 0.0385515402217843 3.41185829518055 13.5176731763915
"etap[42]" -0.0267533095319364 6.8896565058813 0.0324781522356979 0.0582597320592998 -13.7852288401808 -3.37053040927523 -0.0485813454286852 3.28215116680953 13.4202322097644
"etap[43]" -0.0662615919094464 6.85501456221436 0.0323148485471621 0.0641201587188782 -13.735860811413 -3.44481048052468 -0.0734459234507889 3.31642691551233 13.15135867071
"etap[44]" 0.0820272853232916 6.90597377423451 0.0325550725763845 0.0613836492676931 -13.2921839740948 -3.32126048291688 0.045605766114042 3.43424125425944 13.6266431179573
"etap[45]" 0.00375666144438671 6.85568719056531 0.0323180193476165 0.0709010986390831 -13.9962415791426 -3.35972455086913 0.0216428586570016 3.44943350297955 13.6587757475852
"etap[46]" -0.044695666546906 6.78838455523687 0.0320007516820668 0.0541005040283783 -13.6723554366043 -3.39263654492283 -0.00889688231084967 3.34543827429077 13.5427873382697
"etap[47]" -0.0161558853524756 6.87509547792678 0.0324095108916466 0.0687527511705232 -13.435452110198 -3.38020388466246 -0.00797269985229379 3.32263727249022 13.8641258003811
"etap[48]" 0.0702079320659015 6.82814985235941 0.0321882070904084 0.0671698360468762 -13.205552721802 -3.31768648649285 -0.00483104407533377 3.40329468454118 13.6448554999985
"etap[49]" -0.0741336418828461 6.8743509691857 0.0324060012437835 0.0669520878481418 -13.5435371657679 -3.37734352676196 -0.0642794674746983 3.29677620438882 13.3619883486959
"etap[50]" 0.026438117670554 6.86953589107488 0.0323833027478895 0.0655962752688202 -13.5304281490107 -3.3362588398396 -0.00318104216225304 3.37101191216094 13.5250646545565
"etap[51]" 0.000920862627184539 6.77157820573751 0.0319215257907469 0.0528152135260967 -13.5470289568925 -3.37136513051604 0.00170125185292259 3.38717884096213 13.4746062276396
"etap[52]" -0.0218761562811091 6.80371686238697 0.0320730288711139 0.0658477405766292 -13.6655349999101 -3.33642667744133 -0.00172005838834691 3.37135390551728 13.2260567947141
"etap[53]" -0.0750045640295139 6.81706410161221 0.0321359483602225 0.0544672670540259 -13.8021848167163 -3.42873251424629 -0.0612867390997513 3.30429300102953 13.466408973559
"etap[54]" -0.0381423462905135 6.86606380889297 0.0323669351955184 0.060950820544885 -13.5142927949197 -3.38912175120869 -0.0343286979347137 3.31587193146074 13.5920196421376
"etap[55]" -0.0596388065500121 6.71419318483898 0.0316510102079743 0.0567455849640333 -13.6521278933144 -3.37790761830132 -0.0124303931294136 3.29299231576976 13.516686242549
"etap[56]" -0.00922517077441697 6.75922512467155 0.0318632928081449 0.0619471838897933 -13.5721093103199 -3.38753779045449 0.00983827883118549 3.29510170700913 13.703273633552
"etap[57]" 0.0907952751010492 6.91209221515594 0.0325839151834901 0.0725865675597449 -13.3848512005618 -3.35562566301675 -0.00377276192995921 3.43154247400961 13.8147383445233
"etap[58]" 0.0742235375631631 6.88081384776087 0.0324364675455601 0.0692203804896294 -13.1210782011427 -3.35575124077671 0.0290630353775202 3.40296159172261 13.4550565066285
"etap[59]" -0.0829220172129948 6.96143776292981 0.0328165323265052 0.0709164291513945 -14.0765945596699 -3.32730788188116 0.013190601382132 3.34984628066424 13.3034645350744
"etap[60]" -0.0895567281866749 6.81514478449502 0.0321269006125638 0.0645475729097014 -13.6980916642191 -3.40831712665151 -0.0240435696369745 3.29285029158772 13.2498743527368
"etap[61]" 0.0208844033211003 6.7946867914524 0.0320304607084977 0.0635479947547217 -13.3689669327985 -3.38981659071771 -0.00235925549643384 3.40121899088023 13.5893783205644
"etap[62]" -0.136755188515007 6.93969444701674 0.0327140333523211 0.0714457402462677 -14.0849994628389 -3.40119869984491 -0.0416977837067153 3.28716462250615 13.4528684804567
"etap[63]" 0.00973838498294705 7.15502413661474 0.0337291072436913 0.102050372684781 -13.4923075754653 -3.3958436455505 0.000561326179206437 3.37773326348301 13.6949055821697
"etap[64]" -0.135816877114598 6.98780154122104 0.0329408123692213 0.0787787117660252 -13.9244831263833 -3.45179889392495 -0.0422519285678294 3.31847502131021 13.2279452299252
"etap[65]" -0.0350725978566359 6.85038107748777 0.0322930060906907 0.0735550287797547 -13.4062087579799 -3.38064614213129 -0.0285082116317702 3.29705064994003 13.3825004245732
"etap[66]" -0.0305601329170065 6.86644961427772 0.0323687538995435 0.0577463079008488 -13.6102121892007 -3.36618426166049 -0.0116666436109879 3.40776354137311 13.4017420795426
"etap[67]" -0.0428101528135786 6.77284291833734 0.0319274877031175 0.0662702012266564 -13.7786491501799 -3.39682320571793 -0.0170824376720679 3.32781090644494 13.5448184245148
"etap[68]" -0.00460698858434631 6.69707857389854 0.0315703311582853 0.0627107649407021 -13.208381247895 -3.36832520116045 -0.00248012916712988 3.36053496930414 13.1623133035467
"etap[69]" 0.0504967964720298 6.78023520144156 0.0319623352598604 0.0624709348558799 -13.438124502719 -3.31388539585586 0.0290256793907088 3.42348569252194 13.6247431546698
"etap[70]" 0.0391868564997917 6.737392955772 0.0317603749769657 0.071826275048169 -13.3061742977234 -3.34106271369778 -0.0244560093436788 3.34487873437508 13.6544742384572
"etap[71]" 0.246334627095272 7.0107666825783 0.0330490710837855 0.0793106663367391 -12.9919707131859 -3.22640376893509 0.112304001591763 3.42672805359732 14.155829068576
"etap[72]" -0.0308877101521984 6.86480261445408 0.0323609898679175 0.0553195042791522 -13.9508416451783 -3.36657837543012 0.0228591022484083 3.40405444078264 13.6298636171109
"etap[73]" 0.192707209441486 6.94893021819153 0.032757571195169 0.0694190507554295 -13.1692774319282 -3.2898121329959 0.0763561264100453 3.43563871144008 14.2795276890174
"etap[74]" 0.0448879253694155 6.89828054927835 0.0325188063661465 0.0695124172251752 -13.2074444120379 -3.3616724205307 0.00950919891304905 3.44068957403045 13.8015795685686
"etap[75]" -0.0816455707067783 6.88255132053151 0.0324446580707484 0.0837889526957993 -13.3965495399289 -3.35367602401981 -0.0277788928415167 3.35014138925 13.0158706502983
"etap[76]" -0.0350588215165816 6.72867090765556 0.0317192588478392 0.0644717972549804 -13.64268198723 -3.39273782216017 0.00820122906383502 3.34907153749471 13.4978093801842
"etap[77]" 0.0224134959537506 6.82943690231457 0.0321942743020819 0.0755332436955376 -13.4955036524373 -3.37561168404327 0.00181393820938816 3.36053486479682 13.7286505611172
"etap[78]" 0.0582465602473334 6.67757981422323 0.0314784131236777 0.0595714617463447 -13.3845598780631 -3.31891588202058 0.0589803199607407 3.40084625181534 13.7172934857747
"etap[79]" -0.0423354433512566 6.67372982417999 0.0314602640965638 0.0541496601857017 -13.5688944507487 -3.35086296703392 -0.0294289851626744 3.29393535486799 13.0504778462165
"etap[80]" 0.0922589910746385 6.76167403989835 0.0318748371052344 0.0655649784046132 -13.1000997368851 -3.31811171966098 0.0358982469389967 3.38843932528396 13.8505835242746
"etap[81]" -0.044522484470975 7.02988376206125 0.0331391898607114 0.0685759064532928 -14.0578142918618 -3.42134597518367 -0.0371583220759609 3.32188942104341 13.666032635781
"etap[82]" -0.0105183492397134 6.78640147797532 0.031991403366205 0.0565454632659203 -13.6382794269049 -3.38895586342087 -0.025923231580103 3.36381808635986 13.4463646070955
"etap[83]" -0.0424178351729961 6.72871529186197 0.0317194680769948 0.0592515353668037 -13.6871982266003 -3.43261125596262 -0.0503843070157976 3.35553212251144 13.5583915491644
"etap[84]" -0.0731486885940425 6.93182169681319 0.032676920851951 0.0675241423638704 -13.5900161037449 -3.38905713807128 0.0100826292408813 3.32477273881274 13.2928888287028
"etap[85]" -0.0304167885334644 6.90763145988408 0.0325628869814771 0.0660155305517378 -13.6199925711022 -3.40469513024195 0.0511845756462739 3.39935323766732 13.4590061563912
"etap[86]" -0.00292668168427948 6.69999737016372 0.031584090495832 0.0567243065803966 -13.3250561978376 -3.36665412918555 -0.0124162355385814 3.32352605621696 13.5803972697664
"etap[87]" 0.031204067052222 6.67539273657125 0.031468103140753 0.0632339690091484 -13.1218078802626 -3.33690290192691 -0.0486553038498453 3.31709462978618 13.3784005505416
"etap[88]" -0.0395050245873415 6.66191705900223 0.0314045781874854 0.0686898402268178 -13.3741711361007 -3.32627445038013 -0.00567669779809264 3.28962387087209 13.3593159855191
"etap[89]" -0.0164844363528542 6.85447495493053 0.0323123048140316 0.0613084635583038 -13.7108368836885 -3.33921013203928 -0.00495662135578212 3.29611302735765 13.8008463775151
"etap[90]" -0.0756767453441535 6.7816657203693 0.0319690787907566 0.0745788312518973 -13.8190196001392 -3.44195664607319 -0.0130313820623982 3.37122236416811 13.4317531081494
"etap[91]" -0.00343171575387343 6.9100163536261 0.032574129478393 0.0597176595143059 -13.5574307178774 -3.37545870211182 -0.00532494065578173 3.32324885992655 13.4790593212146
"etap[92]" -0.0144546983652191 6.6404405377152 0.0313033368952297 0.0582653032642904 -13.5087061533295 -3.36472919583762 -0.0177052274544928 3.32251308172543 13.553174999451
"etap[93]" 0.0520713565086207 6.61413155595182 0.0311793151658231 0.0482963725275841 -13.1881165921812 -3.30184103787351 0.0478322225515175 3.40377016767029 13.4616860671179
"etap[94]" 0.0152256074309271 6.8372651012216 0.0322311767856261 0.0633922632557886 -13.7466274753104 -3.29230933735851 0.0123963823638937 3.37060880746823 13.7527681231809
"etap[95]" -0.0308350688291419 6.97974016511695 0.0329028106778287 0.0744562193486925 -13.7036998117484 -3.4188955090226 -0.0193804903896766 3.35714252692304 13.6734260832168
"etap[96]" 0.00399397696796494 6.83568472062286 0.0322237268000379 0.0561464950877253 -13.6095228880272 -3.32329797564863 0.0179724753537143 3.3760234024075 13.6987816510804
"etap[97]" -0.0819660837729948 6.93418661484908 0.0326880691824852 0.0773600356638633 -13.8014649050177 -3.40165581511481 -0.0254611503456963 3.31927818654738 13.5987490137427
"etap[98]" 0.0232622742750469 6.94229476280772 0.0327262913585146 0.0818958915021576 -13.4242881415339 -3.42788375017152 -0.0673525123147163 3.3151919302799 13.8599104056158
"etap[99]" 0.0604492736785922 6.75295614262615 0.0318337405433754 0.0593628442411951 -13.57906445115 -3.31442519253797 0.0633939380077367 3.43689954247996 13.6549522191906
"etap[100]" 0.0348379347441525 6.76540971961049 0.0318924472682797 0.0535095990235913 -13.4090343317716 -3.33964480498063 0.0240431394672459 3.42131364926141 13.4676800919651
"etap[101]" 0.0503105218429361 6.82748591352085 0.0321850772527082 0.0658520238011196 -13.615094108705 -3.3491301348223 0.0506076272400777 3.4071400939307 13.5058059665166
"etap[102]" -0.0303926185383665 6.73312443052114 0.031740252955962 0.0512102943098621 -13.5265358680523 -3.36875886598031 -0.0480658226189624 3.30998081285606 13.4735108897664
"etap[103]" 0.013995553225424 6.94388540761965 0.0327337897300678 0.0778217138409396 -13.8490852014106 -3.35653825675244 0.00327382283135778 3.38783359221972 13.2992710405116
"etap[104]" -0.052385959583193 6.87334857503841 0.032401275912457 0.0607423424965821 -13.646391833567 -3.3833332296088 -0.0329355798727779 3.33898088337516 13.3895780810336
"etap[105]" 0.0684345611131008 6.76947320884553 0.0319116027402356 0.0606259659777312 -13.3556245576841 -3.33872466427362 0.019223808785129 3.41188861214438 13.765171768369
"etap[106]" -0.0565607959753806 6.78566681599258 0.0319879401364059 0.0543676598715866 -13.6769374315606 -3.41619940966697 -0.0231409051597436 3.40380666153345 13.3315355155424
"etap[107]" 0.0205029267597164 6.81486361459387 0.0321255751649386 0.063616909637312 -13.3334135145967 -3.39255675953571 -0.0188893504358956 3.37574704827366 13.7588693041618
"etap[108]" -0.140311391068145 7.14964872953949 0.0337037673317277 0.0812471027208782 -13.9654061258451 -3.43847101363917 -0.0435688131466747 3.32964280368356 13.0579024120172
"etap[109]" 0.0891355909575001 7.00237804862037 0.0330095266840753 0.0714508614716735 -13.3181801103587 -3.3551940988367 0.0360981416608519 3.36848179598213 13.835155669928
"etap[110]" 0.0879556348022326 6.85241189114675 0.032302579438088 0.0705263304348814 -13.3000840791584 -3.3694210889767 0.0473714537501729 3.39735783857981 13.5356171165181
"etap[111]" 0.0174295199342274 6.82063874054746 0.0321527993697652 0.0599655269004353 -13.4396326417204 -3.3044364430552 0.0203689480127331 3.3505488036119 13.5855703951252
"etap[112]" 0.0168527097843859 6.86145433832854 0.0323452059428931 0.0709416064209973 -13.5209220636706 -3.33761740246162 -0.0168212283605942 3.35663912026539 13.4904367148695
"etap[113]" -0.0326877983404146 7.14890353043516 0.033700254429461 0.0743983280469362 -13.6678715055481 -3.38581072266983 -0.00022594171841618 3.36552101070974 13.5077351647448
"etap[114]" -0.0417776673547524 6.79932516558389 0.0320523262138448 0.0608910677258474 -13.7717864724334 -3.33935513540973 -0.00359979603066754 3.33687063612412 13.3393622685197
"etap[115]" 0.013313494243999 6.92753205869154 0.0326566993039199 0.0578486487341607 -13.6271580582791 -3.35032478939991 0.0178656840559484 3.32470790279413 13.7625168777736
"etap[116]" -0.0560810962567122 6.95580619492348 0.0327899848603319 0.077055968497836 -13.6615738064769 -3.37402193412957 -0.0250187178747181 3.33278122349173 13.5848563659158
"etap[117]" -0.0551202376295608 6.71402996732655 0.031650240793242 0.062183480110692 -13.2802193703963 -3.34181687654564 -0.0190734471253179 3.34184751714966 13.3292527517169
"etap[118]" 0.0134885022154607 7.2178080550514 0.0340250734735316 0.0944363932838828 -13.675869332579 -3.33951182112059 -0.0529176140420669 3.31066124116011 13.6923445497867
"etap[119]" 0.0861724149194928 6.75583480269774 0.031847310677091 0.0528973608099458 -13.3257081069724 -3.29413900678954 0.0292971782493832 3.36423906454092 13.6844016932804
"etap[120]" -0.0290219843385113 6.98055424121841 0.0329066482693737 0.0622405131768285 -13.7240691232217 -3.40514127112508 -0.0237909595281826 3.41675176090858 13.6368848293538
"etap[121]" -0.114943550795224 7.2143276732876 0.0340086667965562 0.130488317339118 -14.352429542998 -3.43182774620858 -0.0345327392949799 3.38095069274338 13.4933140477914
"etap[122]" -0.044634563785881 6.92238381412721 0.0326324302463023 0.0653317688793329 -13.9143064839713 -3.33212186536664 -0.0165547469873814 3.34941547003891 13.4347981050001
"etap[123]" 0.0693333464561679 6.86329680263924 0.0323538914029477 0.0733944775052869 -13.0691919167615 -3.27765395165514 0.032610216153691 3.3931994389873 13.6204800583155
"etap[124]" -0.024708989369623 6.68634541673304 0.0315197345701835 0.0564271990373461 -13.5761579953161 -3.3650989129704 -0.0260296860426482 3.33269836786854 13.5025803452773
"etap[125]" 0.0049692077009529 6.83614147760165 0.032225879973085 0.060931714462709 -13.5514198939196 -3.41600820533944 -0.0196506580104725 3.40715158059506 13.7775190760515
"etap[126]" -0.101079962093243 6.80358384509142 0.0320724018215692 0.0635617842473334 -13.457541058918 -3.45052385559048 -0.0580895793822313 3.28203843279464 13.2885786875972
"etap[127]" 0.0392799084949253 6.90696752474081 0.0325597571611966 0.0663655478358913 -13.4224572063427 -3.35095511183686 0.0212034664084556 3.38250021435529 14.0088618801547
"etap[128]" -0.125404810464898 6.85986108088319 0.0323376952552679 0.0758136144163888 -13.8668807203447 -3.44209267985384 -0.0662652261026894 3.3072061125859 13.3431434833695
"etap[129]" -0.0393504313851972 6.81982041342506 0.0321489417387153 0.0712169289197818 -13.5807105267278 -3.40347625064768 -0.0338460868117611 3.36599382412702 13.5799419200107
"etap[130]" 0.037859656563099 6.92871161090225 0.0326622597663663 0.0589768866964108 -13.3382079885186 -3.33530914148403 0.0142795894983646 3.34654409231235 13.6749550786319
"etap[131]" 0.0848164777174639 6.93851291525882 0.0327084635581997 0.0785524607428917 -13.3992602253955 -3.34337401010838 0.0293470554712238 3.42228685603756 13.8945957960055
"etap[132]" -0.0410055249198296 6.82112938011923 0.0321551122668873 0.0622803215681394 -13.7065210850253 -3.35726363990469 -0.0237555896521454 3.32325621810585 13.3653602304287
"etap[133]" -0.0111249868442245 6.7788183463477 0.0319556561408949 0.0632142609720335 -13.7516427001019 -3.35948588491706 0.0316368568986974 3.36990056414157 13.5023921721133
"etap[134]" 0.00369020453821358 7.17660645305148 0.0338308472590656 0.0964302819871609 -13.7334402449879 -3.29730155918824 0.0101520281374761 3.36788053138499 13.8482933636641
"etap[135]" 0.00158777444510554 6.7896738799682 0.0320068296171379 0.064736811923408 -13.642645406763 -3.33221904723632 -0.00709886442405862 3.34291025486705 13.4820686403687
"etap[136]" 0.147348853292338 6.88931569777244 0.0324765456508655 0.0684055601664892 -12.85525018904 -3.34259472573085 0.00062446395733995 3.39693957485398 14.0576944656395
"etap[137]" -0.0145967458595869 6.88922668029068 0.0324761260184322 0.0611969401241221 -13.4754531227738 -3.39596547743128 -0.00212984661153774 3.28969637196218 13.5485789530076
"etap[138]" -0.0190889977515686 7.04373530948143 0.0332044866814496 0.0843973758673769 -13.4531494347412 -3.36534300751236 0.00149346862841441 3.322177636775 13.6838994642407
"etap[139]" 0.0231896225728896 6.85073756126837 0.0322946865713484 0.0629994978966766 -13.6852564346111 -3.40045272321985 0.00808871394789281 3.3816827896318 13.7420299640246
"etap[140]" 0.0139204315552112 6.81939877337878 0.0321469541084757 0.0679358879807087 -13.4761705997289 -3.36228598816674 -0.00900915763124088 3.38839477680172 13.3435128081162
"etap[141]" -0.0472524001494115 6.81725069985405 0.0321368279927703 0.0575327347172071 -13.8878277880678 -3.36275982284577 -0.0115760847312385 3.33933243980361 13.5892803928134
"etap[142]" 0.0180559380858753 6.77337481949236 0.0319299951092084 0.0566396742497391 -13.2907880288794 -3.37298271837236 0.0084131496365588 3.3618695734464 13.7053818047791
"etap[143]" -0.0347387865317733 6.96140896423996 0.0328163965681793 0.0720296767847752 -13.4029838296652 -3.34065356380844 -0.0374270285062993 3.2949230249927 13.5032909244234
"etap[144]" -0.0123031519818678 6.88111400961756 0.0324378825221222 0.0673469738071903 -13.8040679130408 -3.29040349597645 0.0521742073385942 3.32989151837578 13.3693316050381
"etap[145]" 0.00583703917624789 6.90029092722545 0.0325282833786742 0.0784644536812286 -13.375354326459 -3.36929899323214 -0.003250602359549 3.28752572717706 13.4241535537518
"etap[146]" -0.0612176921371567 6.75021165083128 0.0318208028849816 0.0574034669048503 -13.5429605132208 -3.39587088475727 -0.0766631270293684 3.31585292134112 13.362901620671
"etap[147]" 0.0126638207958269 6.78476486767088 0.0319836883112422 0.0544325867969254 -13.4744397513371 -3.32209496379774 0.034693861370833 3.34203320994898 13.5786220724327
"etap[148]" 0.0228056555947275 6.99353943941327 0.0329678610806979 0.0788856449522043 -13.6705337241991 -3.27400306409953 0.0281235316620297 3.37095810411761 13.6674615763326
"etap[149]" -0.0503119866239778 6.80583624003596 0.0320830197131639 0.0598114547884115 -13.3921430917885 -3.36881328170711 -0.0232275450350228 3.30346600405725 13.3452729261113
"etap[150]" 0.0133369353557081 6.76458037435427 0.0318885376972489 0.0598720865383776 -13.3881879863921 -3.390015330968 -0.0227499970640738 3.29511786987018 13.8070007860932
"etap[151]" -0.0264533213198967 6.8376848419359 0.0322331554623289 0.0688059689355515 -13.9206964660957 -3.36557464562665 -0.00336865546021041 3.3054147181693 13.8106287935567
"etap[152]" 0.0125665010747724 6.8265970281491 0.0321808870068811 0.0712341263188338 -13.2013986242037 -3.41551836264874 -0.0244401081710376 3.3782571777619 13.7521084043886
"etap[153]" 0.0292318601466255 6.74327809750778 0.0317881178011632 0.0593663435888153 -13.558068658373 -3.3227814711492 0.0292364212560075 3.3671856506575 13.5738795550551
"etap[154]" -0.0205722954624338 6.97858173115401 0.0328973497677571 0.0801568420596573 -13.5586743001108 -3.35247628275199 0.0338802983759658 3.38368293241826 13.4986881368819
"etap[155]" -0.0906311323185806 6.73608565249202 0.0317542122902034 0.0610799190366661 -13.7521778044791 -3.38967521571837 -0.0306840194169969 3.30647593717362 13.3394326693058
"etap[156]" 0.0680613493161853 6.81576659814443 0.0321298318702179 0.0647248332660212 -13.7104224169429 -3.31206569186969 0.0266811355755175 3.42683120212715 13.6897940483491
"etap[157]" -0.0287922794655612 6.82122849822007 0.0321555795140956 0.0626213617038501 -13.4465244014311 -3.36715571766093 0.0271307109740022 3.36776728346094 13.3156186607737
"etap[158]" -0.057689066954669 7.07864123204948 0.0333690347784592 0.0704268310028799 -13.757345424242 -3.365066327232 -0.0141287427625363 3.30202923251945 13.4269605396243
"etap[159]" -0.0775783969714011 6.8852862753024 0.0324575507711799 0.0589339461132719 -13.8967675805594 -3.41097127578621 -0.0191958757174797 3.33319053154871 13.3191545209212
"etap[160]" -0.0109324401109111 6.92512588191445 0.0326453564778145 0.0633306914459034 -13.4639795757894 -3.3869034043652 -0.0323601314606542 3.33791640366383 13.5257929446754
"etap[161]" 0.0523891904421218 6.83519669820362 0.0322214262402912 0.0586891318544237 -13.5090811570658 -3.37480417399352 0.0477901395290195 3.42881746727707 13.6853769452327
"etap[162]" 0.096345609589041 6.80126987510493 0.0320614936624432 0.062436442419642 -13.5263479811515 -3.28179254772193 0.0769602311259996 3.45770406708836 13.6723707459515
"etap[163]" 0.0265439582159967 6.84903355635842 0.0322866538151683 0.0600537725670792 -13.5428818146156 -3.38265715912862 -0.0275877710059918 3.35413755388365 13.8427204545949
"etap[164]" -0.059552911273215 6.83650098850174 0.0322275747237208 0.0623553429176887 -13.6195924773262 -3.38386691678102 -0.0349230458743677 3.37668762762861 13.2712676400511
"etap[165]" 0.138655537063056 7.00033574898538 0.0329998991912678 0.084433179425504 -13.2525985962782 -3.308999566739 0.050636437188188 3.45616406287124 13.9585612100557
"etap[166]" 0.0141010855224349 6.72723317309419 0.03171248130212 0.0565734171272398 -13.2647644589522 -3.29906039893706 0.0187527071153483 3.35092119923273 13.3061127223807
"etap[167]" -0.0165679336271721 6.99997308948838 0.0329981895980039 0.076483221068632 -13.7580305866119 -3.34735318559296 0.0237242789307209 3.34482540008275 13.6996537972361
"etap[168]" 0.0249026864223403 6.77470375255923 0.0319362597597639 0.0618417500457709 -13.4657846485157 -3.36120414111184 0.0143120051433205 3.36587225595366 13.756549128033
"etap[169]" 0.0459231979472398 6.99376903568916 0.0329689434079221 0.082104136512821 -13.3602701514205 -3.37896294049809 -0.0404878413721035 3.34471306604627 13.8033943898942
"etap[170]" 0.0240226422905612 6.79425970187357 0.0320284473889153 0.0674016355855792 -13.4114734490497 -3.31704209793473 0.0293625326702179 3.36264849365796 13.5897424040557
"etap[171]" 0.115357216076244 6.8264078932504 0.0321799954164182 0.0600644396123529 -13.2600772885699 -3.33521531872023 0.0204940535196843 3.39373780741467 14.1391802582058
"etap[172]" 0.100954674796478 6.79017754363167 0.0320092039104171 0.0666785970322993 -13.0951343648026 -3.28191260851775 0.038150804222686 3.42127182159485 13.3988828311552
"etap[173]" 0.0416269301946461 6.78511902443611 0.0319853578222442 0.0645283135302574 -13.3686575589816 -3.36508444889603 0.021507001038821 3.39563642840859 13.6400701802184
"etap[174]" 0.109910795857643 6.72377136569728 0.0316961621855499 0.0604066146630709 -13.3080984642241 -3.22328370631608 0.102157029615253 3.44149846669567 13.7797179395584
"etap[175]" -0.0168861811511923 6.83152198714954 0.0322041034862562 0.0691122465198679 -13.4515808788643 -3.35678341967745 -0.0335302253316227 3.38412517210453 13.5603871278639
"etap[176]" -0.00535015063120971 6.86067510058267 0.0323415325809314 0.0526498874728722 -13.5441900978887 -3.39023672727784 0.0185235847741812 3.36323141788987 13.4472446304773
"etap[177]" -0.083963084417295 6.74564122208528 0.0317992576772534 0.0738301457454482 -13.4278921225331 -3.44970592213149 -0.0621032937539283 3.28355296930454 13.1583142774023
"etap[178]" 0.116226372142933 6.65629063438469 0.0313780549674795 0.0595203341606564 -13.0780596899551 -3.31348093429193 0.0569213219435568 3.42674820925442 13.7371380091235
"etap[179]" -0.0382971828294574 6.95332297582234 0.032778278853228 0.0612574760659235 -13.5212382159253 -3.42504944004354 -0.0574894828897035 3.31329615010401 13.5450396253074
"etap[180]" -0.0463303079937351 6.71486116975685 0.0316541591190753 0.0668678637754866 -13.4401681844099 -3.42658575737649 -0.0363032734949898 3.2963372743967 13.4324798238849
"etap[181]" 0.0105265881904787 6.85835306340453 0.0323305863926992 0.0649231210473156 -13.4362858787257 -3.35463485719515 0.0317039537581381 3.35802294031649 13.4617838068968
"etap[182]" 0.0740978206160294 6.63035987774567 0.0312558162084078 0.0581242771871394 -13.0221763159491 -3.2929562173551 0.0340950766421326 3.39532244492238 13.3247997957603
"etap[183]" 0.0288143199986552 6.66602413438479 0.0314239391265111 0.0522972398617576 -13.2783279247333 -3.32678584544779 -0.0275588253956656 3.35051194572739 13.2382842543714
"etap[184]" 0.00162964608866957 6.83820785847512 0.0322356209859393 0.0618154850070812 -13.6863636954993 -3.34792329351588 0.005395563404061 3.36024649333455 13.4152358885651
"etap[185]" 0.0164783251581705 6.82165916266468 0.0321576096857569 0.0856052400248816 -13.39414590938 -3.41586165005509 0.0164477924754191 3.34421611426523 13.4001080683395
"etap[186]" -0.0495777843294033 6.89359734868003 0.0324967295468084 0.059244938728409 -13.53083027106 -3.38869048579339 -0.0250224640558005 3.36415275533034 13.6024089695048
"etap[187]" 0.138108057565185 7.01840862226565 0.0330850955329478 0.0661315764340898 -13.4185339120619 -3.38947491302494 0.0378044084473613 3.46041436597646 13.9552017902633
"etap[188]" -0.098451822323384 6.89179559959903 0.0324882360201872 0.0611107235867668 -13.9243003890965 -3.39981965478815 -0.0584155463112712 3.26884196796515 13.3290760893734
"etap[189]" 0.0142142255771638 6.87075966556095 0.0323890716761411 0.05456411048284 -13.6885248760068 -3.37008779681152 -0.0204121971491557 3.34557477893299 13.3945430478271
"etap[190]" 0.0760769240856108 6.82523056300124 0.032174445428399 0.059442244562883 -13.3477287173649 -3.3516514098038 -0.00970274161332125 3.36365331601669 13.7591643407604
"etap[191]" 0.0500875867886259 6.87715443832923 0.0324192169240651 0.0651150417864149 -13.3964333085191 -3.35960809579656 0.0353177485426387 3.41558188134676 13.6466185215538
"etap[192]" 0.0826785074502796 6.94352334022987 0.0327320829280241 0.065370633315627 -13.557880478882 -3.32457611437541 0.0655506643349524 3.47816537164148 13.8204339371028
"etap[193]" 0.00763600255781268 6.86552695551988 0.0323644044444476 0.06993372078638 -13.5993267034249 -3.33853243169867 -0.00456374283359357 3.36312962045733 13.7257672825609
"etap[194]" -0.0420345648998915 6.93056864293794 0.0326710138993351 0.0803513925781354 -13.8402923568196 -3.42141247971728 -0.00750185761802442 3.42630673456354 13.7506036244366
"etap[195]" 0.0393179429720021 6.84310464664066 0.0322587046667252 0.0625153549303326 -13.1237328520563 -3.38104390528647 -0.00874326630611202 3.36407219701476 13.7114723427951
"etap[196]" 0.0649429150796196 6.78211379747824 0.0319711910465047 0.083351961116653 -13.4006813276025 -3.317539374584 0.0547941302830947 3.38148240238942 13.5941702358096
"etap[197]" 0.0239178748137823 6.76651585063567 0.0318976616199383 0.060451591856585 -13.1590002483364 -3.3311816534506 -0.00198210943308042 3.40324359109176 13.349945667509
"etap[198]" -0.0597697930680188 6.92761234518514 0.0326570777780803 0.0984650371337621 -13.4630880790752 -3.34431680466766 0.00672020009424709 3.31680445121287 13.4519367152577
"etap[199]" -0.058764902528695 6.94616258303013 0.0327445244378991 0.0772675332032295 -13.7894016400533 -3.39293296775448 -0.00483520644350058 3.36899349146919 13.3511125949903
"etap[200]" -0.091123952133066 7.03376304366718 0.033157476969576 0.089155525305167 -14.1166813273913 -3.38012507796499 0.00156006429098464 3.37303444510578 13.312424288509
"etap[201]" -0.0394037004384097 6.88382068002146 0.0324506418887691 0.0639613072275679 -13.5529746947395 -3.36968668290805 -0.0139550351016289 3.30664776924433 13.5261264557797
"etap[202]" -0.00138537309151358 6.79987951982207 0.0320549394647847 0.0551046427904754 -13.7904682181659 -3.41243936911083 0.00452832089046279 3.42025924299453 13.7623115736052
"etap[203]" -0.0487197809347358 6.83436544149983 0.0322175076586102 0.0594952763731237 -13.8986241574202 -3.34550936269417 0.0196432068569962 3.35419134528309 13.1160074097088
"etap[204]" -0.123667068190125 6.94365172226826 0.0327326881267569 0.0623058606229449 -13.750736290204 -3.4318674551577 -0.0316743369792889 3.27382782125145 13.2766815192673
"etap[205]" 0.00688468339783983 6.92459422412009 0.0326428502189368 0.0679879037262234 -13.5992698576579 -3.31869522547184 0.042120186930253 3.366965679738 13.6318934565368
"etap[206]" -0.0637921217741696 6.90752574555721 0.0325623886393611 0.077276000463977 -13.7179971391961 -3.39624363647899 -0.0295434149032308 3.27223272912744 13.2412772121831
"etap[207]" 0.0964848353300706 6.99940747544698 0.0329955232678425 0.0875748376870929 -13.3251918845493 -3.39624661306541 -0.0317371921880183 3.35782672040814 14.1608341828766
"etap[208]" 0.115417238394803 6.8533593690127 0.0323070458915816 0.075920877994263 -12.7515248454589 -3.35598882684889 0.0609910337643133 3.41961716988758 13.834026763937
"etap[209]" -0.0221910035866915 6.80018372557784 0.03205637350447 0.0739252308315788 -13.4559892972133 -3.36892099472675 -0.0177688123659603 3.3442041257039 13.2586569089181
"etap[210]" -0.189080836817473 6.99789630402102 0.0329883995374236 0.0778248355525341 -13.8723052763734 -3.40095583091552 -0.096990828453087 3.25612962682704 13.2018351782708
"etap[211]" 0.0472514165833867 6.87565052097071 0.0324121273896481 0.0559206478192353 -13.4899533982901 -3.4176732231251 0.00314604823802421 3.40148191782441 13.8559684839456
"etap[212]" 0.0155708282470052 6.75196887713055 0.0318290865291969 0.0577620037022594 -13.3117427906025 -3.28173837950607 -0.00365787444933087 3.30738844437149 13.476909454557
"etap[213]" -0.118590002124074 6.87277615304356 0.0323985774892953 0.0709463627689235 -13.6272097242921 -3.41048529892462 -0.0895108114946897 3.27616563014193 13.6809552811777
"etap[214]" -0.136940876700976 6.87937391517213 0.0324296796382404 0.0713221606621835 -13.900894144633 -3.42502794909664 -0.0792264453728297 3.29551037851424 13.1759771416806
"etap[215]" -0.0271291823877437 6.70209296055328 0.0315939692036657 0.0540672022518813 -13.3972899254606 -3.34901676488977 -0.026428274032316 3.34599958234049 13.3645681975965
"etap[216]" 0.0178268542266524 6.90878455428557 0.0325683227206147 0.0714151003068632 -13.7435854716873 -3.37188876187411 -0.000620660643663421 3.35404875568081 13.6380262448926
"etap[217]" -0.0791663311190895 6.62810852656528 0.0312452032371645 0.0600145915249325 -13.4639452051259 -3.42172510045085 -0.0469822044973973 3.31361981883277 13.1653685265603
"etap[218]" 0.160624345579505 6.93756110865916 0.0327039766988597 0.0731964784100262 -12.9627622813239 -3.31056259725666 0.0321457820757048 3.43098553675909 13.7043785515847
"etap[219]" 0.0601670144746532 6.7472700173824 0.0318069358919185 0.0822367729042745 -13.1887102473379 -3.3243620625878 0.053805686303551 3.37397973151229 13.4816484573493
"etap[220]" 0.0540654947222932 6.69247716025207 0.0315486398863355 0.0662583490160492 -13.2911369709059 -3.32078297246499 0.0545184508660909 3.40125703674771 13.5405715287055
"etap[221]" -0.00789572715781824 6.75127104757605 0.0318257969291295 0.0581763672325468 -13.648395871722 -3.39467449009131 -0.00906126175390601 3.30362765700235 13.4584413874385
"etap[222]" -0.078207163428125 6.95608758500263 0.0327913113458861 0.0655314707741742 -13.8207138700223 -3.47918607528137 -0.0757843481811459 3.30266841556333 13.5373565208436
"etap[223]" 0.0886449932639373 7.08900927282721 0.0334179101914029 0.126897824248108 -13.5402382619476 -3.40329285486742 0.00566112215723884 3.39413148821582 13.936391026498
"etap[224]" -0.0519886487100994 6.89698477609046 0.0325126980327596 0.0752072236262746 -13.5148542394605 -3.34879329968434 -0.0114642629685065 3.2867545601139 13.5143672467348
"etap[225]" 0.0116919701972914 6.85542757966921 0.0323167955301158 0.0692612560183429 -13.7346067153077 -3.36334734714944 -0.0135494940372718 3.32896497387052 13.6663916812875
"etap[226]" -0.000427265679025131 6.67663892469587 0.0314739777279101 0.0641797696135635 -13.471784656267 -3.34831557852466 0.00504067399694624 3.35103303170441 13.1984799127765
"etap[227]" -0.015450600911961 6.85096420933895 0.0322957550005994 0.0645906843681676 -13.7845783473592 -3.38014612647596 -0.00657499548862466 3.34902576285889 13.3740541244402
"etap[228]" -0.024458754170584 7.47150778253275 0.0352210254581131 0.126252693929 -13.6328683995737 -3.32082058628003 -0.00171283905290306 3.3300619989044 13.8470332059378
"etap[229]" 0.0999519827816196 6.81980643513472 0.0321488758444228 0.06179800134546 -13.1354474617989 -3.2749141261505 0.0578053970122918 3.44187347837433 13.6615483088293
"etap[230]" -0.0219174796702035 6.69945074184816 0.0315815136652405 0.06331898308628 -13.2832970673291 -3.35822868306337 -0.0252955337505622 3.31824608515395 13.2565250203171
"etap[231]" 0.00666035114619405 6.90001181543435 0.0325269676330729 0.0605938259280757 -13.7348363718677 -3.32821974652741 0.0111689480463534 3.38522475253608 13.6344315616995
"etap[232]" 0.0716225533868385 6.85948239501796 0.0323359101129796 0.0664740923177353 -13.3856978468135 -3.29199770892261 0.0277945131837845 3.42042115199424 13.6803828355387
"etap[233]" -0.0234466285361391 6.84030505264098 0.0322455072540469 0.0714851416943204 -13.7937042161453 -3.37522100383317 0.0356460904456622 3.4132327124221 13.5525574682256
"etap[234]" -0.0453777906143792 6.91263528361692 0.0325864752327661 0.0533554305276475 -13.5639998071608 -3.37315009959158 -0.0123067893198434 3.30025951042104 13.22614276283
"etap[235]" -0.178231545169137 6.89415902359512 0.0324993773077502 0.0800878929358843 -14.2258331493467 -3.44184691258909 -0.075503367884408 3.31191225465029 13.1072696643153
"etap[236]" -0.0951572096514797 6.93016165309289 0.0326690953308064 0.0691813224706636 -14.0373375231944 -3.43895900028932 -0.0488616494403452 3.35018095739763 13.2289285199503
"etap[237]" -0.0224669781622781 7.05772444216034 0.0332704320853175 0.0729903965507537 -13.4685990743919 -3.37818096382717 -0.0269132662240172 3.323763807733 13.2059494495476
"etap[238]" 0.0300241109705827 6.88871860820354 0.0324737309436445 0.0753979901608301 -13.4674247518698 -3.34137466054862 0.0194129789994783 3.38740235453277 13.4303142571435
"etap[239]" -0.104018252347326 6.84416425146978 0.0322636996917922 0.0646846403922713 -13.8423720931783 -3.46075037310684 -0.0379950702783672 3.29587555982502 13.1711659464914
"etap[240]" 0.0317503278127326 6.855277789946 0.0323160894145889 0.0568660914921504 -13.5709542833925 -3.36820827249265 0.0310191583880119 3.38167154983535 13.7728507357368
"etap[241]" 0.0280189461360493 6.61745958426056 0.0311950036417237 0.0612482421464217 -13.1311094086378 -3.34780864917609 0.00811512224666891 3.35949254395458 13.2349153384791
"etap[242]" -0.0974235858102396 7.12370922293298 0.0335814873249137 0.0819263288471956 -13.8897281580904 -3.42832130408058 -0.0746156264343874 3.27165050680744 13.5275970847793
"etap[243]" -0.0199906586792416 6.9530983427617 0.032777219922825 0.0718353892969338 -13.4826618366363 -3.42315063860567 -0.0457444273888078 3.34491105036627 13.9349481572939
"etap[244]" -0.0460466698297805 6.97679930872193 0.0328889473478326 0.063967821394226 -13.7865245271433 -3.42380520162139 -0.0781763172170286 3.36283313302197 13.70569792475
"etap[245]" -0.0308833647179844 7.05225264552164 0.0332446377885941 0.0629710145959295 -13.9101693068669 -3.36975461426257 0.00623651859776652 3.38506038816161 13.8013767390673
"etap[246]" 0.0394773045082113 6.8535856113141 0.0323081124080183 0.0600947566580098 -13.2561717711545 -3.30063032533903 0.00558182660045803 3.36856715839012 13.7502270482911
"etap[247]" 0.143821878569893 6.91658620732484 0.0326051000657383 0.0629067538040797 -13.2798275270468 -3.29922591350559 0.0893772530799583 3.44549081822558 14.0577548104575
"etap[248]" -0.091597501056494 6.7739346672286 0.0319326342567465 0.0570264141631139 -13.870949492252 -3.39630959998727 -0.052133300490692 3.30976552251101 13.1636165642672
"etap[249]" -0.0562579853968038 6.81553746907149 0.0321287517454096 0.0674597641915876 -13.6119685377854 -3.34067234653091 -0.01066782330564 3.31636408217701 13.2509142265597
"etap[250]" 0.0395227581676419 6.7516433420464 0.0318275519420934 0.0584166827386794 -13.3580846996419 -3.39073367810429 -0.0343235082365128 3.38791222803636 13.6171179539267
"etap[251]" -0.0318046592858018 6.76976335427979 0.0319129704989295 0.0638578041402331 -13.611941870129 -3.38359994483712 -0.00667964566821602 3.33877575520815 13.3766806721687
"etap[252]" -0.0575514238696395 7.03872925906484 0.0331808879334728 0.0662301521326578 -13.7426464521239 -3.41306329977997 -0.0540254506292609 3.33140217504835 13.5542410429639
"etap[253]" -0.0797575996568395 6.82575977612287 0.032176940162979 0.0750653112412546 -13.8885473028598 -3.38116280734678 -0.0477612810073811 3.28976280638115 13.0225717392132
"etap[254]" -0.0745628976998756 6.74832829013284 0.0318119246375064 0.0573008429915402 -13.9892865170993 -3.37087812757016 -0.0195161911971998 3.28202198337708 13.2871776203291
"etap[255]" -0.149369059486629 6.86486453865694 0.0323612817814092 0.0719696519228832 -13.8749896426126 -3.43851065276042 -0.0363373960550044 3.30623619462055 13.026090181711
"etap[256]" -0.00194088678219397 6.86536565173735 0.0323636440511245 0.0705666127752692 -13.6820984995908 -3.3381734494223 -0.00717274647031781 3.37817485161133 13.5467052141534
"etap[257]" 0.103783592100727 7.1082193484455 0.0335084673563149 0.0871998018728226 -13.5087707608927 -3.353497321433 0.0245109129829367 3.42614774907622 13.8618619721346
"etap[258]" 0.0324767471113684 6.99964004304023 0.032996619601991 0.0842382002396066 -13.334415645356 -3.32963093375753 0.013084210936427 3.34368554303912 13.5261078676453
"etap[259]" -0.000164052487953032 7.04910102588179 0.0332297809111338 0.080226243726108 -13.5343841657428 -3.38623237221238 0.00960662118090936 3.36461268494334 13.4102790577797
"etap[260]" 0.0584002741541114 6.77302833889554 0.0319283617840113 0.058321903840121 -13.3127733714777 -3.37235151094037 -0.0449586781539663 3.32999911342311 13.7630361460473
"etap[261]" -0.0232348078354283 6.84676156952977 0.0322759435665463 0.061968664507838 -13.3799876051628 -3.36529567652572 -0.00573319289995295 3.33400632482028 13.3503093824957
"etap[262]" 0.0742215619451056 6.8905027877115 0.0324821416465041 0.0770479685152722 -13.4030298942166 -3.31942998962658 0.049662458404992 3.36780855035812 13.8518029990903
"etap[263]" 0.170473756192911 6.92740766624711 0.0326561129123134 0.0633168409385247 -13.1614857770643 -3.30544804303673 0.0779807075916602 3.49478671312173 14.1500778829599
"etap[264]" -0.0803180500482936 6.76885891265137 0.0319087069202052 0.0824164753415708 -13.7551358996722 -3.3807907627089 -0.0241913934275107 3.34884620324839 13.2609433826971
"etap[265]" 0.0176045353636514 6.86941828164276 0.0323827483317096 0.0666587771417192 -13.2286617437353 -3.41422041220002 -0.0199967196554346 3.31349274258786 13.3799911769864
"etap[266]" 0.0328550624006807 7.06751820003049 0.0333166003026727 0.0893110466950547 -13.6747764974982 -3.32427580221628 -0.0515881833795967 3.28891969365366 13.7332402885829
"etap[267]" -0.0195646781021498 6.88578699801385 0.0324599112006784 0.0638508839714445 -13.6882957487962 -3.333149708273 0.0529210045125285 3.3626881366329 13.4618834102528
"etap[268]" 0.0588831941912996 6.91141704522678 0.032580732401921 0.0639026891516176 -13.301749174863 -3.34275424135712 0.0211466963756318 3.42143237302101 13.6868215676092
"etap[269]" 0.0103687789188232 7.07972025418083 0.0333741213375667 0.092223182135997 -13.5466044499929 -3.32837460234814 0.0507388889892795 3.45628100762767 13.7488925921228
"etap[270]" -0.0399516667176672 6.83722962986406 0.0322310095720431 0.0723259669885621 -13.4941407547879 -3.3673460981342 -0.0145377617125829 3.35979099832389 13.4703908883545
"etap[271]" -0.104702980557314 6.8351020413467 0.0322209800235884 0.0770891903939815 -14.0540312131158 -3.36307118111621 -0.0142594000524941 3.30595836792731 13.3590889874063
"etap[272]" 0.00256322404662839 6.81121103626494 0.0321083567455706 0.0577183669729708 -13.361788575975 -3.38367502317512 0.00840171376733661 3.34546123271694 13.5214350875298
"etap[273]" -0.0650153909626991 6.91124864941077 0.0325799385764315 0.0708728831517491 -13.8925660549259 -3.42686395131862 -0.0397426361130386 3.38517223226396 13.5797967204182
"etap[274]" -0.0664564606675603 6.80905188121882 0.0320981783910723 0.0644699468026672 -13.6236693673916 -3.35740976805038 -0.00583434460902181 3.289385063005 13.2248029714823
"etap[275]" -0.0201902557313355 6.86805989827622 0.03237634485111 0.0662499796463158 -13.7329653423267 -3.38785331557168 0.0119802357077244 3.37434569794734 13.4757342989943
"mean.p0" -0.816335217549653 0.251218290482321 0.00118425437838761 0.00498749728112677 -1.33067188399424 -0.972032291731544 -0.813180593980372 -0.651070481341343 -0.341735611494346
"mumup0" 0.921421045975736 0.0383567631878621 0.000180815515696692 0.00057005011558991 0.835158462736636 0.898432877267578 0.925627847947949 0.949090008619607 0.982609937683676
"mupsi" 9.18686816986682 1.38172504631618 0.00651351433323646 0.00920660238198414 6.58180192714318 8.24412674408276 9.137455474033 10.0834488378477 12.0379619700204
"ppo[1]" 0.277152683358857 0.0878984998926423 0.000414357502201416 0.00146400912148543 0.102286841569486 0.220601694771051 0.279972012367696 0.333105324873463 0.452817363025066
"ppo[2]" 0.34147079635344 0.0952051583368099 0.000448801420425982 0.00129181918632291 0.181752408655767 0.278244786589822 0.330278789434448 0.392811814574146 0.568344897135552
"ppo[3]" 0.308207397199003 0.0889780197638165 0.000419446407676968 0.00110792905719847 0.138770022938819 0.251968959396997 0.304029430794721 0.359458718900395 0.501395899668222
"ppo[4]" 0.27733766877906 0.087801130189366 0.000413898497018291 0.00148884392262574 0.0988754211093806 0.221590517366445 0.280831859914995 0.333722027142098 0.448753437119032
"ppo[5]" 0.307440502091055 0.0889555199734842 0.000419340342648174 0.00112692940248256 0.137958364884444 0.251297115853105 0.30345961700765 0.358887945780942 0.500982891687633
"ppo[6]" 0.341554171807839 0.0962618971825287 0.000453782935117655 0.00126884324003898 0.17750103406053 0.278500928205502 0.329894946264528 0.392361174365089 0.569623855769271
"ppo[7]" 0.409548389702456 0.124718238985681 0.000587927416829465 0.00292908520054821 0.232453733812807 0.317064103925618 0.383207837384905 0.480425236882739 0.710816594506628
"ppo[8]" 0.307744973363353 0.0887980004716441 0.000418597788595372 0.00108744637230659 0.138010471696736 0.251427240101183 0.303698531690022 0.3588431691994 0.499695373500823
"ppo[9]" 0.308026724029506 0.088939203276239 0.000419263424999716 0.0011192106108104 0.137362912132005 0.252752337479615 0.303995998019623 0.359282682052406 0.500369140096547
"ppo[10]" 0.252383792327841 0.0952002194801244 0.000448778138432291 0.00222692195345416 0.0622344224278698 0.188373059934413 0.259268248121131 0.315037674285286 0.429523845180964
"ppo[11]" 0.307646278436272 0.089501891322023 0.000421915961885492 0.00116476451725215 0.137158673630904 0.251581667038133 0.303405072541679 0.358673360730439 0.502807696310829
"ppo[12]" 0.375339238528712 0.108969239764251 0.000513685922520299 0.00208129300610267 0.210012635666912 0.299172736533039 0.355489397230268 0.432563370323352 0.641466261940146
"ppo[13]" 0.277546831313129 0.0871868220581262 0.000411002620716039 0.00155735697573348 0.100668445049505 0.222313193450727 0.280525098827485 0.333230762459582 0.450721038783797
"ppo[14]" 0.340651226722452 0.0952505230092109 0.000449015271542522 0.00128844645031176 0.1794723235728 0.277770436132569 0.329202637184973 0.392544113517445 0.566252123158711
"ppo[15]" 0.308516345210262 0.0886982261869128 0.000418127448106562 0.00106561142377424 0.140674340411009 0.252597045937136 0.304250877418881 0.359333462665267 0.50278362024509
"ppo[16]" 0.307896881159224 0.0884126951936345 0.000416781442095988 0.00107578609688586 0.141656224067807 0.251984285595243 0.303044141929959 0.358550972541314 0.501859000025093
"psi0" 0.999753195654385 0.000454729188407531 0.00000214361395150947 0.00000301101062102064 0.998616565796473 0.999737271533035 0.999892450895346 0.999958236616785 0.999994084697284
"sdeps" 0.445570205729829 0.307210084382032 0.00144820222610284 0.0111542972611586 0.0300179349121748 0.215173689976598 0.397907497508225 0.614800661515049 1.16335214554551
