"Mean" "SD" "Naive SE" "Time-series SE" "2.5%" "25%" "50%" "75%" "97.5%"
"N" 25.0064666666667 0.0823441262231083 0.000388173933621606 0.000963587246293281 25 25 25 25 25
"betapsi[1]" 0.060912758462185 2.66490378141705 0.0125624769003311 0.0205248791199796 -5.66132215989845 -1.11806299442155 0.00465237185494071 1.17078573688813 6.1122140962575
"betapsi[2]" 0.120226211619438 2.63694314187328 0.0124306691814797 0.020810545350427 -5.43258959294204 -1.0445078841677 0.0161148093817069 1.20143862391401 6.25459382993854
"betapsi[3]" 0.106817249915846 2.66236125198775 0.0125504913016589 0.022088867674977 -5.49224356765592 -1.07848722634711 0.0152113269386452 1.20541108822555 6.22161657936742
"betapsi[4]" 0.0977462069957062 2.62358118927072 0.0123676803328453 0.018904049056638 -5.52077006669937 -1.07119930007526 0.00664163435976857 1.17668016816376 6.15423705668913
"betapsi[5]" 0.0700804685348086 2.65263784656672 0.0125046547289294 0.0203274490311869 -5.62099140284628 -1.10687320859382 0.00841284894756176 1.17198968422866 6.06172887258343
"betapsi[6]" 0.0641719672421885 2.62989440176163 0.0123974411019346 0.0200016990506283 -5.56571094488144 -1.10911542115475 0.0055720589525833 1.14953101085436 6.06117040142385
"betapsi[7]" 0.0836063155858068 2.63344631454756 0.012414184979382 0.0201784080784442 -5.50640342319711 -1.09791627890674 0.00580559814149974 1.18192673601301 6.0936676076813
"betapsi[8]" 0.0842684075289969 2.62675020734511 0.0123826192273127 0.0198556659962137 -5.44042084883193 -1.07028090350203 0.00769678904070329 1.15357935842237 6.15452373256343
"betapsi[9]" 0.0991508815037451 2.64465287509227 0.012467013212415 0.0193335754030097 -5.51154349613281 -1.07100663824193 0.0136602831913106 1.1916524464326 6.21089507298972
"betapsi[10]" 0.0832437912937644 2.64941780671122 0.0124894753154793 0.0206207429734717 -5.48749908034665 -1.0851403677203 0.00667866377084762 1.16708663421357 6.21013808094007
"betapsi[11]" 0.0953822767129227 2.62961135319406 0.012396106798191 0.0199347559046895 -5.44768840656313 -1.07603637017096 0.0111613423057305 1.19159687361038 6.03467220698152
"betapsi[12]" -1.03211472009541 3.6839539007358 0.0173663252319261 0.0734937169484037 -10.4264253109779 -2.07927357560359 -0.150537323398678 0.731431560245011 5.24021484904197
"betapsi[13]" 0.126431571613891 2.6571759341196 0.0125260474788111 0.0196385886215148 -5.50795561802572 -1.05572493870143 0.0170548570568647 1.22328561145655 6.24039117516343
"betapsi[14]" 0.0881859721936685 2.66197998185109 0.0125486939769983 0.0211302915605287 -5.59174813142671 -1.10115684765152 0.014330817484879 1.20413857761346 6.14914420773993
"betapsi[15]" 0.0881483047204717 2.65515585981783 0.0125165247572292 0.0198983345299822 -5.53722328919883 -1.11099761750925 0.00908101150080907 1.17135113978804 6.22385723479052
"betapsi[16]" 0.0520654376524927 2.60313741064821 0.0122713074361982 0.0194040045941543 -5.44540204963629 -1.12697359694857 0.000935493471825887 1.15564583857236 5.90860648749754
"etap[1]" -0.0963953894192456 5.89357452894254 0.0277825767656239 0.0577035916084743 -11.7600510761525 -3.18123063012375 -0.0432635756307315 3.06973769360645 11.4471081872966
"etap[2]" 0.0255692056001034 6.08959402956715 0.0287066215532003 0.051339926686532 -12.2030961741001 -3.11126220789821 0.0415850392515667 3.21883680425142 11.9511486677239
"etap[3]" -0.0276947187895607 5.98831134758768 0.0282291704115707 0.0522171392296105 -11.8257909652427 -3.19888500336699 -0.0249356870450244 3.15301283202596 11.9801929891508
"etap[4]" 0.00833276066249326 6.10468879757566 0.0287777789719953 0.0665180505329639 -12.0756479239578 -3.07290939056451 -0.000369488049322814 3.12151034366353 11.831347836955
"etap[5]" -0.0424881947081649 5.84998167540506 0.0275770780833064 0.0491107774731058 -11.7881763467287 -3.15424942882517 -0.0252651467600329 3.09998053787077 11.4884912628446
"etap[6]" -0.0277991028831212 5.85545709776236 0.0276028894718311 0.051568705323096 -11.7972064491179 -3.13157537986845 0.00526064825559203 3.14071845882148 11.6607424869084
"etap[7]" -0.0472782300944543 5.97246244256693 0.028154457956807 0.0509869330129643 -11.99900157765 -3.13819778536754 -0.029900649943217 3.07313649067303 11.8577150702545
"etap[8]" -0.0051754006214075 6.13215243942834 0.0289072438212627 0.0548698598496095 -12.0884977536172 -3.12777011257149 0.0104214161265802 3.20307222853262 11.9325614627312
"etap[9]" -0.00255621026923138 5.95183760461819 0.0280572315383108 0.0505132151408648 -11.839930187592 -3.07371602415733 0.0250551877361665 3.10493143972915 11.6921020088428
"etap[10]" 0.00158786686589515 6.01547298318438 0.0283572115896943 0.0539596713402623 -12.0292536422918 -3.17746196382235 -0.0225668078368877 3.16437392664619 11.9224335774372
"etap[11]" -0.0375649331797838 6.04997789121496 0.0285198692860452 0.0492177010329348 -12.1246597800913 -3.16712231257107 0.00285137192163726 3.19718320735826 11.8465359788307
"etap[12]" -0.0380902131756099 5.91114917378579 0.0278654244359279 0.0488338621723439 -11.778382804271 -3.18525527789676 -0.0125812050375612 3.16251276721393 11.5542409999037
"etap[13]" 0.089617666275643 5.83940034361773 0.027527197206901 0.0482427056914857 -11.1406969883284 -3.06254445567438 0.0348285364930714 3.1278304794991 11.7889941188895
"etap[14]" 0.00391147634615091 5.89580490621329 0.0277930908649089 0.0467411957942072 -11.8849512640155 -3.14728917239684 0.0132583431506741 3.11872862044283 11.827056932003
"etap[15]" 0.00193130454468252 6.79128423203244 0.0320144208895694 0.0844011889348447 -13.3270121800771 -3.83427667547555 -0.0695377535712568 3.78976822570791 13.5887552545915
"etap[16]" -0.0883068887273651 6.09842949157317 0.0287482723205295 0.0629067502001783 -12.3276254305236 -3.20507137522621 -0.014019662402291 3.1667914180275 11.5074441906935
"etap[17]" -0.0369790774195501 5.86271274604283 0.027637092925838 0.0491326031809711 -11.6961474574814 -3.16038861568763 -0.0281230905705644 3.10628633174389 11.4335354433189
"etap[18]" -0.00253912655493268 5.90636324331854 0.0278428633433434 0.0499384121892949 -11.5304688204124 -3.18047930095665 -0.0125613022950276 3.09790584309606 11.6830756703687
"etap[19]" 0.0357150669365169 5.94549516383886 0.0280273329857485 0.0519545075578066 -11.6890670812914 -3.13865701459994 0.019839882110859 3.1310294582516 12.1491068697532
"etap[20]" -0.0635674155948372 5.86679009194337 0.0276563137187414 0.0465789464785038 -11.8085465579566 -3.18926747508217 -0.0328358394951158 3.08071218531761 11.4054975118836
"etap[21]" 0.0541437370570635 5.79304391461111 0.0273086709048865 0.0515803967433019 -11.1575322915461 -3.10693099641898 0.00901125315728339 3.11313672748554 11.7455508360275
"etap[22]" -0.0304407429251027 6.04621434607498 0.0285021277641134 0.0513971546426304 -11.9931839338182 -3.13978659216447 -0.0164474299250162 3.13373590332071 11.7096814286177
"etap[23]" 0.0404834659430871 5.97337968056811 0.0281587818582109 0.0486048007530236 -11.9253574863816 -3.14269284237359 0.0476841586163374 3.21722263630115 11.8761946770524
"etap[24]" -0.0123094568479239 5.88138933445336 0.0277251352079347 0.049248488939457 -11.5349976707093 -3.16819030743148 0.00437057151097327 3.12637224292557 11.6243546008274
"etap[25]" 0.0729092150176952 6.00871336504541 0.028325346444199 0.0500799700515277 -11.8105095131209 -3.09998012304186 0.0423055043530582 3.22666554554814 11.9498528485172
"etap[26]" -0.0527702275282938 6.20905421669828 0.0292697622758819 0.0493216153662242 -12.7401422674278 -3.24351754007934 0.00734041959145696 3.21110915196159 12.1799159560897
"etap[27]" 0.0518470689997315 6.22195896208041 0.0293305958290098 0.0509010428395727 -12.0653240054787 -3.2591323495138 -0.0351996654041935 3.25079230893903 12.4813439332079
"etap[28]" -0.0278240571297972 6.07412202809014 0.0286336858387808 0.045035911695261 -12.1629428896982 -3.23767650007532 0.0474794152180385 3.20264910784587 12.0658626817522
"etap[29]" 0.0809288982739619 6.06930611019017 0.0286109833840828 0.0485932367506034 -12.0469635996499 -3.14270668560628 0.0614480853334602 3.2556578231662 12.4639371313261
"etap[30]" 0.0734437842530718 6.11609664863288 0.0288315560976042 0.046525782256388 -11.9104090575818 -3.21777322468466 0.0566025948857657 3.26781627688833 12.2993107832443
"etap[31]" 0.0363271929746626 6.09930878341022 0.0287524173420002 0.0479125714184826 -11.9292727278052 -3.20349022483586 0.0173354230107366 3.23173118119066 12.3266383892312
"etap[32]" 0.0219306717544793 6.16241438653662 0.0290499000080105 0.0532491701714461 -11.8540721650485 -3.23657300395729 -0.0287643380485876 3.20778549499025 12.2197838573989
"etap[33]" 0.0248210693447773 6.0637206062404 0.0285846530659546 0.0455506374549396 -11.988575575056 -3.18572941804753 0.0363788615741855 3.21378148727104 12.2668874141289
"etap[34]" -0.0149132674051072 6.01522712340488 0.0283560525955789 0.0427457746215658 -11.9720183513965 -3.22469223204944 0.00939967412543749 3.22330679178354 11.9916487882635
"etap[35]" -0.00491038189470582 6.02993004298957 0.0284253628231894 0.0411391472271905 -11.7551738536093 -3.23557203224499 -0.0330295944605834 3.24161799676682 11.9418204617051
"etap[36]" 0.0250483052840885 6.14610628967646 0.0289730229021568 0.0501271506922635 -12.1400189443711 -3.21356762529055 -0.00450964657932765 3.20711746038941 12.2310665361376
"etap[37]" 0.0231780782924617 6.16957289309031 0.0290836455315258 0.0560439359526106 -11.9796454185448 -3.2665441727009 -0.00985878982055059 3.2270716298705 12.0707330503329
"etap[38]" 0.0134488608736207 6.10971283546235 0.0288014625137194 0.0520022216228718 -12.0563429748411 -3.20080237316238 0.0248364686287171 3.2518779705635 11.955659586213
"etap[39]" 0.0378169389580397 6.24273555812979 0.0294285376420531 0.0478652576348733 -12.045243259385 -3.19497858566401 0.00429973563420556 3.21144165160626 12.3519677005392
"etap[40]" 0.0411802685185823 6.11726012389138 0.028837040772571 0.0442518575417166 -11.8405915145721 -3.25731885284769 0.00503843190990412 3.23109918457424 12.220546387104
"etap[41]" -0.0155917652424474 6.2045437703587 0.0292484998279292 0.0540375826679451 -12.2139497650677 -3.24247956463101 -0.00391955491465654 3.24421372858836 12.2045270379897
"etap[42]" 0.0535599919500275 6.12281683709073 0.0288632353698001 0.0450891645538685 -12.1818468288955 -3.18088890095243 0.0341099413160272 3.23611555710687 12.2129771095147
"etap[43]" 0.0267697715749355 6.02617294773777 0.028407651706322 0.0443097714560742 -11.83388626152 -3.20457956460233 -0.0364495996760611 3.24519704782452 11.8735092604934
"etap[44]" -0.0537385970076209 6.05428518914881 0.0285401740832293 0.0398747969291784 -12.1155156501208 -3.2170101158689 -0.0214207922077004 3.1827022720795 11.7859906762373
"etap[45]" 0.0117726069283568 6.15444176288292 0.0290123166996813 0.0494785735263446 -12.2447205592912 -3.24008224120241 0.0283574806873854 3.24294462551231 12.0253196990103
"etap[46]" 0.00616816201071051 6.25293062205057 0.0294765976342732 0.0503538070005021 -12.3558919242907 -3.22664099259685 0.00963490659273956 3.26725932313092 12.5093032329616
"etap[47]" 0.00741422737960282 6.0261184314605 0.0284073947141264 0.044160582387029 -11.7819376315161 -3.22748722822575 -0.0074376119374124 3.20522601320525 12.0669447372979
"etap[48]" 0.0251062989154562 6.16964242103601 0.029083973289405 0.0441983296152665 -12.0965091169293 -3.2069221769636 0.0158064111945573 3.2312775742054 12.1309198643076
"etap[49]" 0.015358556089201 6.14479121295571 0.0289668235710433 0.0444214646283392 -12.0256469319589 -3.20334642310312 0.0144176293535987 3.28589358991828 12.0302502806365
"etap[50]" -0.0119156134070102 6.20628327985614 0.0292566999543398 0.0529730316670816 -12.2379880914782 -3.26231372052709 -0.000796700130455829 3.2760867926336 12.165999609725
"etap[51]" 0.0426607594132542 6.15388299191267 0.0290096826280667 0.0473131775350015 -11.8867691393692 -3.27570178821958 -0.0164459924349801 3.20236523246048 12.2784655742317
"etap[52]" 0.0304573583507541 6.21089892155841 0.0292784582979878 0.0567691783422399 -12.1026337436318 -3.21513195323184 -0.0201859174190661 3.20809040136836 12.4348345887163
"etap[53]" 0.0221273013111678 6.29645648479998 0.0296817805189872 0.0523951268255396 -12.3261389513271 -3.2687677442269 0.0207420434832195 3.26321534713399 12.4021718460424
"etap[54]" -0.00793435553528232 5.98850613359652 0.0282300886416222 0.041014585202862 -11.9350411145223 -3.25294210003406 -0.00157614197093645 3.20888637013642 12.0690050417051
"etap[55]" -0.0544859906022776 6.18847809949933 0.0291727655292027 0.0466489847355416 -12.3216167506318 -3.31615887252101 -0.102133373739439 3.15777765080988 12.2029981896326
"etap[56]" 0.013223622469704 6.19130214145152 0.0291860781906344 0.0476507466449048 -12.291140351708 -3.2117925508966 0.0011302849901022 3.23800428890719 12.0955723098315
"etap[57]" -0.00893562796140815 6.11305505676865 0.0288172178960522 0.0442200717531404 -12.1552067233537 -3.24914692029692 0.0018244697789895 3.24819599478783 12.2639506214821
"etap[58]" 0.0217244105578738 6.02461736170613 0.0284003186034441 0.047237322122454 -12.051839115464 -3.21087333828852 0.0269536735981808 3.282832117565 12.0289707338851
"etap[59]" 0.023713021098344 6.13112306674575 0.0289023913119012 0.0488963496769171 -11.9676498773932 -3.25968272756294 -0.0243746367468882 3.25007769119082 12.3131517069755
"etap[60]" -0.0539982393199783 6.1263948706233 0.0288801023816281 0.0426472668760809 -12.2918722870143 -3.29554846275898 -0.00428898995694019 3.23914353400267 11.7456648732553
"etap[61]" -0.011039146806965 6.12133639233419 0.02885625648629 0.0430503526154754 -12.1901914681005 -3.24712230430704 -0.030431886570346 3.25245018708697 12.3200690480567
"etap[62]" 0.0187231910529441 6.03699177986098 0.0284586521700476 0.0405842216877603 -11.892381415552 -3.23928854412513 -0.0186145676376181 3.20362154630825 12.1117650631402
"etap[63]" -0.0511247137576321 6.21338604916814 0.0292901827299779 0.0493846439460389 -12.1766153266354 -3.25835921952703 -0.0309488339068076 3.16378108923673 11.9641421975585
"etap[64]" -0.0284307033557599 6.2278978949001 0.0293585922268086 0.0462723286287972 -12.2079606709588 -3.24126225524085 0.0144765742390648 3.23890343516341 12.1179905333226
"etap[65]" -0.113397790579938 6.11448323119991 0.0288239503748859 0.0487150218844547 -12.2931355228021 -3.30803732015673 -0.0617272465680645 3.17031167188035 11.5430110088219
"etap[66]" -0.052476648733594 6.19318322114088 0.0291949456853298 0.0484126339579505 -12.2197750924083 -3.27328918744437 -0.0484743329208468 3.21104472557795 12.0269727708515
"etap[67]" 0.00937076702759567 6.12105492953435 0.0288549296579272 0.0470263521181746 -11.9547947574353 -3.28157732131079 -0.00581342359290618 3.24219995828638 12.0857465954303
"etap[68]" -0.0221503075682949 6.16766765407923 0.0290746641486957 0.0548943254099462 -12.3282290911547 -3.23388208215984 0.00552126890197311 3.22157489827285 12.0061888366067
"etap[69]" 0.0606847987295685 6.12206331255254 0.0288596832210619 0.053391965805944 -12.0092305500979 -3.22095750177946 0.0393039242066386 3.28210075226834 12.2378176630516
"etap[70]" -0.107971483469734 6.0815834783299 0.0286688594525276 0.0464292744296194 -12.2431763371692 -3.27925996777041 -0.0439086087650861 3.17578616948883 11.6560330246232
"etap[71]" 0.0641589795147726 6.20206340852923 0.0292368072901332 0.0595701887645302 -11.9609788373758 -3.21142035241063 0.0192912962155332 3.25246696880451 12.2031449611461
"etap[72]" 0.0567498459152064 6.29602981599176 0.0296797691829364 0.0570256534315055 -12.2889314528048 -3.20526283443302 0.00227365776542119 3.27923496680386 12.4389634963847
"etap[73]" 0.0682014708974475 6.20481333818121 0.0292497705828311 0.0497616094457173 -12.1892053989529 -3.19054135925756 0.0208052322363657 3.24872104084765 12.5260365589138
"etap[74]" -0.0734940539980531 6.14578560863643 0.0289715111972368 0.0471954691583943 -12.1382709915646 -3.22379871107085 -0.0488794483610388 3.15296585234122 11.9051426964862
"etap[75]" 0.0477771679048071 6.1429369719993 0.0289580825953484 0.0473739155754367 -11.9898008093101 -3.22617188774547 0.0610086862273557 3.33214898975483 12.2024972348907
"etap[76]" 0.0686941166166417 6.0631989943783 0.0285821941640557 0.0416348685061121 -11.7433167987021 -3.1716781525292 0.0247924874763057 3.27628354437977 12.2429195764084
"etap[77]" 0.0181260375946242 6.04340988638516 0.0284889074143518 0.0470432970531898 -11.9164324057594 -3.20743453804286 -0.0252716327366346 3.25201030129281 11.9028946061996
"etap[78]" -0.0509492397480434 6.10166800430088 0.0287635388159343 0.0479769465219642 -12.2966719573861 -3.21794748474372 -0.00212418890354578 3.18941567054608 12.0316622197465
"etap[79]" 0.0673862395181034 6.14543482153762 0.0289698575709946 0.0515350189770877 -11.714593653957 -3.23362259248157 -0.00371796053792786 3.26380761603624 12.3183734730723
"etap[80]" -0.0893867776431877 6.14162277247673 0.0289518873993868 0.049031152664272 -12.1636773842977 -3.31905615850799 -0.073497937544688 3.21482229707943 11.8981105509241
"etap[81]" 0.0372279257398806 6.12306626966514 0.0288644112062322 0.0472502839266468 -12.0898293438297 -3.21765975389177 0.00360051284416506 3.26329294742656 12.2980108921932
"etap[82]" 0.0967211815593611 6.15628476206417 0.0290210046811399 0.0545329372725674 -11.8723467618867 -3.20390126807577 0.0344385474885461 3.30355057541908 12.3715993615331
"etap[83]" -0.0303109375981967 6.11652387902904 0.0288335700810058 0.0453845655537688 -12.2937916627002 -3.24411960125394 -0.0168788746273304 3.21195697327901 12.083478446194
"etap[84]" 0.0195749503847383 6.15490599007908 0.0290145050876708 0.0445399732934753 -12.2525722892232 -3.19584284823143 0.0141210106143841 3.27511112837632 12.1867886666839
"etap[85]" 0.0372951476966363 6.14428633920752 0.02896444357337 0.046158574197316 -12.1929658538454 -3.19656160923489 0.0431786132525382 3.26880916172841 12.1996591402389
"etap[86]" -0.00543204392100015 5.97764563539198 0.0281788917621056 0.0434107966147416 -11.7287962586256 -3.2655099014167 -0.0337812939849896 3.24505380358104 11.9316503850874
"etap[87]" 0.010153160685194 6.1523297535957 0.0290023605924219 0.0414160461639548 -12.0320334050264 -3.22466867367148 -0.0255303477498192 3.19282993138635 12.4054927125896
"etap[88]" 0.126062041216194 6.1429916616246 0.0289583404047145 0.0453050702197449 -12.0972500229045 -3.15029618691675 0.0844114758187511 3.33842156304116 12.5431232225007
"etap[89]" 0.00469884489789868 6.12711841781404 0.0288835132157953 0.0500503520627216 -12.0216128878085 -3.21898889449144 -0.0294778556949176 3.22018957557226 12.1679740228815
"etap[90]" -0.0285189876479019 6.0153178634973 0.0283564803484768 0.0493401963688282 -12.080619897842 -3.20612466436496 0.019954733192933 3.17081763955585 11.8545245937599
"etap[91]" 0.0571419093138817 6.21726209200506 0.0293084545711389 0.0472164323750774 -12.1060344683113 -3.20449750197938 0.0664405720283142 3.32806477989363 12.335805171977
"etap[92]" -0.0229676428599956 6.15050051719788 0.0289937374893466 0.0436807601228889 -12.7125512567585 -3.20444010101144 0.0509494763687224 3.29417828821115 11.9293712846039
"etap[93]" -0.0296472912364731 6.0952310080497 0.028733194524603 0.0506330466606273 -11.9590460765911 -3.27524240499269 0.00305135494051616 3.18814496841898 11.8639222127324
"etap[94]" -0.146394125166579 6.16135046337373 0.029044884626123 0.0509714515567031 -12.3229791549563 -3.334410572939 -0.0185161394943939 3.11796214332351 11.7797998114264
"etap[95]" 0.00163300986555972 6.00530322372217 0.0283092708838359 0.044711195567868 -11.9753302684659 -3.21868936080194 -0.00587531679788975 3.23156125322872 11.8933194849157
"etap[96]" 0.0277431219057136 6.13974876030279 0.0289430532212787 0.0488966753196719 -12.156746816565 -3.21102673849892 0.00251128765717095 3.23241997061899 12.2400329168084
"etap[97]" 0.0384689279466539 6.19117579578254 0.029185482591439 0.0526204656562861 -12.3209196191604 -3.21199718892083 0.015047871157987 3.27514373199425 12.5749894170128
"etap[98]" -0.0508142190409368 6.16286444189178 0.0290520215893009 0.0464154199516055 -12.1007746937009 -3.26597248850512 -0.0259649291398396 3.21183137450679 11.8925615947698
"etap[99]" -0.0238524502316668 6.15076701794743 0.0289949937859279 0.0480983116521881 -12.2880746499015 -3.2735165811292 0.0120922069547788 3.21383695199099 12.0495664106712
"etap[100]" 0.0232278603898604 6.16431176584583 0.0290588443398507 0.0458389610407004 -12.1646352459821 -3.22229810610429 -0.0195542508973098 3.29305808792735 12.3668499377599
"etap[101]" 0.0665337143435293 6.13133997804979 0.0289034138415946 0.0493957907005622 -11.9670901191824 -3.23125220775018 0.0315504069964321 3.26257818487166 12.6097529476046
"etap[102]" -0.00547470490193895 6.09191180760291 0.0287175476636428 0.0456177482526518 -12.0553343173484 -3.26969165367295 -0.000828042829926834 3.26855758905858 12.1050378307333
"etap[103]" 0.0156887866136283 6.09854323457358 0.0287488085101755 0.0529728699709951 -12.1092265733694 -3.22583537628336 0.0333420592913598 3.25390089850307 11.9355578460162
"etap[104]" -0.0681533127944203 6.20923481766846 0.0292706136370199 0.0531578515254067 -12.5205164723751 -3.25157937199997 -0.0368297605965127 3.15262020604108 12.0549125861428
"etap[105]" -0.0304967014694465 5.99149920508213 0.0282441981159159 0.0430899093193943 -12.0278215047747 -3.20077372344185 0.0350233089952755 3.19074210771797 11.8988689341312
"etap[106]" 0.0417733482479974 6.04998230927747 0.0285198901129916 0.0456488615668765 -11.7453125410647 -3.18739740967408 0.0315764078867314 3.23163810966842 12.2323964425578
"etap[107]" 0.016004989690062 6.12215175788305 0.0288601001563483 0.0437490767595029 -12.2293475348507 -3.22465952420987 0.0124313170058988 3.27895327797764 12.0426914629654
"etap[108]" 0.0110166532021544 6.12424642415572 0.0288699745078532 0.0460964383265266 -12.1664341753279 -3.19088335332508 -0.00553362558501006 3.19655503274574 12.0945454509643
"etap[109]" -0.0462204598273856 6.05876720584703 0.0285613025125674 0.0406249863583333 -12.2100066570473 -3.29644903743573 -0.0248530568346418 3.25951581004991 11.9469188272821
"etap[110]" 0.00947337422327009 6.20037031377623 0.0292288259649262 0.0458389727175079 -12.4823762233685 -3.2644415548011 0.00455398328877022 3.28099970041221 12.4441502291432
"etap[111]" 0.0605898848938405 6.23636232280879 0.0293984939226292 0.0601200799266437 -11.9759727188271 -3.24848509374763 -0.022622037337079 3.2692883424104 12.2256606401836
"etap[112]" -0.0609823104268913 6.17639705506957 0.0291158149396021 0.0484550235965758 -12.3260695185382 -3.27981131980642 -0.0286788780807661 3.17207972442936 12.1171312641728
"etap[113]" 0.0216229329808435 6.06565028855876 0.0285937496756403 0.0432628006366066 -11.9007882136202 -3.27784941641198 0.0296103706842457 3.28269352583248 12.0502311151598
"etap[114]" 0.130247021113323 6.18103650277365 0.0291376855058189 0.0531938767184298 -11.6443205145055 -3.19122995654883 0.0367014779547531 3.28358243304964 12.5030442672811
"etap[115]" 0.0416139531123379 6.17272917468151 0.0290985243856356 0.0483337259523768 -12.0885521616877 -3.24012594728524 0.0311303168278634 3.28161832906883 12.379019680954
"etap[116]" -0.0487130298512417 6.07129185448049 0.0286203442724387 0.0504075260798138 -12.039307310094 -3.31614800815595 -0.00954748231760023 3.17949462172302 11.9364404596631
"etap[117]" -0.0781513125563998 6.21302718552142 0.0292884910305238 0.05109884508879 -12.5365856595524 -3.25877376082793 -0.0631839081359688 3.21028927981706 12.0198360042196
"etap[118]" 0.0356006027587483 6.08367666272383 0.0286787268183891 0.0432496785487455 -11.915674625517 -3.2021248587914 0.00466886376485602 3.21431637503494 12.1866460539016
"etap[119]" 0.0171144074802744 6.02663435946027 0.0284098268220413 0.0425851691176457 -12.3635403305861 -3.24250822700416 0.0690173644171558 3.33604571044999 12.0322304297484
"etap[120]" 0.0234597706400941 6.21471611162253 0.0292964527045172 0.052623668511889 -12.2573593834764 -3.25865676277598 0.00720225647352949 3.22793011702273 12.2450081426143
"etap[121]" 0.0873955206279523 6.13246296722015 0.0289087076633117 0.0521637174033199 -11.6916501546632 -3.18972913755026 0.0399129592988326 3.20492627052274 12.2857884872296
"etap[122]" 0.0295152165526477 6.10200239135879 0.0287651151316422 0.0505510148204958 -12.0618966807646 -3.1977898674863 0.0411312755435094 3.22696089605237 12.2498876871306
"etap[123]" 0.0326406552551732 6.13333361419391 0.0289128119325061 0.0439684733057081 -12.1081006278065 -3.25054776910716 -0.00743251100876543 3.27286159740719 12.2918932713421
"etap[124]" -0.038802056729316 6.25563033800021 0.0294893242173083 0.0431692284014677 -12.2783553432543 -3.25328342955442 -0.00392708714067494 3.18015707545648 12.2554319752369
"etap[125]" -0.0627125538349988 6.18008226588164 0.0291331871899709 0.0534174490394654 -12.2897556335017 -3.283338585577 -0.057879471945547 3.21779243434449 12.3087775906965
"etap[126]" -0.0251512298760066 6.06845654618889 0.0286069785009737 0.0440055834201018 -12.2923326435245 -3.28244402473008 -0.0157625436721024 3.21673231061364 12.124035019322
"etap[127]" 0.00746319166781491 6.07321827320898 0.0286294254974142 0.0454529241968952 -12.1335985047394 -3.21092651768546 0.0270611195318641 3.22470359474944 12.2940587788146
"etap[128]" 0.00634757466048453 6.09380567419883 0.0287264754363937 0.0430734070845757 -11.946355427738 -3.23842746457707 -0.0150872233076317 3.27216977931739 11.9983323556436
"etap[129]" 0.0122177902801876 6.06948413027257 0.0286118225787991 0.050366063889263 -12.0148417445215 -3.2200333679517 0.00571303165124502 3.25102020525646 12.0552985032534
"etap[130]" 0.0201918317454711 6.1196936984922 0.0288485127532561 0.0430406364694755 -11.8869712494463 -3.17538569307406 0.0125409902317573 3.24575227379259 12.0744253297939
"etap[131]" -0.0717397408451887 6.06305842786514 0.0285815315271579 0.0455222243849384 -12.3600458025195 -3.2452704630705 -0.00437958446473735 3.16328085449336 11.779555977082
"etap[132]" 0.0540829399480699 6.1397853260799 0.028943225594005 0.0480978476582639 -12.1103358609275 -3.16130663849848 0.0310485085316055 3.27791687911765 12.1995083105999
"etap[133]" -0.0114347885541272 5.99757961152946 0.0282728614267911 0.0423371489506838 -11.9787472492661 -3.16898600177592 -0.00139374963455955 3.19565240693522 11.8579410491279
"etap[134]" 0.074122222048814 6.04893686726099 0.0285149618520637 0.0451618271184498 -11.9107961263769 -3.21749026881116 0.0216926140462732 3.25844421843127 12.2614179811945
"etap[135]" -0.0984452762900564 6.11096868074103 0.0288073826251373 0.0471295346821984 -12.473791618761 -3.29545325460403 -0.0567261238433345 3.1883921362011 11.8998093665303
"etap[136]" 0.0449516701415367 6.19416383229629 0.0291995683306478 0.0484369419474971 -11.9160648931615 -3.24641929140464 -0.00236865313660704 3.22766124208623 12.2804220481468
"etap[137]" 0.0132682359790703 6.07041338735387 0.0286162031386902 0.0454420287320546 -11.9806882826095 -3.23702669151804 -0.010913281859873 3.25072025350882 12.1114849029475
"etap[138]" -0.0374898672191705 6.16824594797317 0.0290773902522551 0.0439209109149309 -12.2261629997758 -3.23013938666959 -0.013107781346137 3.20384767712425 12.0703526960003
"etap[139]" 0.0418086370398197 6.08788375671861 0.0286985592496744 0.0431719666218502 -12.0053889108166 -3.2471078284862 -0.00235778345744079 3.24144909910919 12.205876729805
"etap[140]" -0.00124223573090335 6.23558746552077 0.0293948412103438 0.0563581547495795 -12.1221569875676 -3.19868090655043 -0.026631749902905 3.2501246731359 12.1455591190961
"etap[141]" -0.0913908054655545 6.2261888107603 0.0293505355269094 0.0535052988700613 -12.3082838167572 -3.29546085987282 -0.0495614837648879 3.18607932707081 11.9171074527684
"etap[142]" -0.111462715916037 6.11429245551003 0.0288230510496593 0.0481427675869903 -12.8606747375266 -3.29887371692646 -0.0017804238914905 3.20067034512715 11.8649815912135
"etap[143]" -0.042538555831899 6.08444611650253 0.0286823540582873 0.0438366152793953 -12.1553416894238 -3.22417799489077 -0.0176362859852987 3.21221718426561 11.9269269194488
"etap[144]" -0.13103771798466 6.20307664056368 0.0292415837117497 0.0495140703410499 -12.3982213805355 -3.33501458377254 -0.0722569690015323 3.19658587798293 11.9294594146805
"etap[145]" -0.113144101619772 6.12723970529478 0.0288840849704627 0.050646092725563 -12.5535432322898 -3.32665563853036 -0.0678132940049552 3.20627502471103 11.8831922239019
"etap[146]" -0.0674336076330826 6.12383948695619 0.0288680561874978 0.0463052809573631 -12.4702089539893 -3.22793874741537 -0.0021040204591847 3.1932494583613 11.8195859606833
"etap[147]" -0.0142390663192637 6.25497840807869 0.0294862509901858 0.0398517524577515 -12.3539122132233 -3.2881709178262 -0.00477055273140497 3.22729358824547 12.2178122646086
"etap[148]" -0.0283215631572371 6.05559425953806 0.0285463451002246 0.0446406413186686 -12.275313995383 -3.26503419013882 0.00210075619338283 3.2703352389166 11.9427563776363
"etap[149]" 0.0000853972521984586 6.06692200124173 0.0285997445867192 0.0411381639811561 -12.217584760704 -3.2067096867222 0.0112183057162023 3.25442503812603 12.0856846225782
"etap[150]" -0.0549527449827351 6.09767851693258 0.0287447321921237 0.0518020135923601 -12.1761400847501 -3.26002227210625 -0.0464851460669952 3.18655596342188 11.9134952036506
"etap[151]" -0.0705600649117167 6.17439630765472 0.0291063833258389 0.0435026067372026 -12.2452291375044 -3.29208379339678 -0.0238482674898842 3.1745690144195 11.7508300342102
"etap[152]" 0.0297208444493411 6.11148253358687 0.0288098049506828 0.0445523371506289 -11.9213568345187 -3.22841430940536 -0.0228625686403992 3.23958115281351 12.1846413317006
"etap[153]" -0.0376330904602752 6.18357774708327 0.0291496650463788 0.0503438750911801 -12.3677040673529 -3.2960112681971 -0.0295498716228837 3.23928727142432 12.0357436391228
"etap[154]" 0.0100322066040661 6.19444930415829 0.0292009140579108 0.0448445007883055 -12.0890829164679 -3.1928510701143 0.0404867390797128 3.26229179614843 12.1198850206007
"etap[155]" -0.0651088644999597 6.22347845517832 0.0293377587881665 0.0512238430082358 -12.0393379842964 -3.25650289444253 -0.0328205403346811 3.18994739145593 11.9764310045798
"etap[156]" -0.0201777538329219 6.16148589664647 0.0290455230646933 0.0520604066560802 -12.0707942897911 -3.26699998978598 -0.00778481006693741 3.16626727242378 12.184864703287
"etap[157]" 0.0323023863011828 6.13429437447736 0.0289173409999162 0.0493040653102993 -11.7606321282061 -3.32680254337808 -0.0384972964693155 3.21223562789909 12.1950787089062
"etap[158]" 0.00413214720632816 6.07618904342359 0.0286434298425081 0.0428364122363092 -12.0011617430513 -3.23877834697031 -0.0277269069807523 3.23570503909331 12.1635689447638
"etap[159]" 0.012794176255062 6.20156420495615 0.0292344540219217 0.0473937377921772 -12.2130701872166 -3.25489096909279 0.00533639717643671 3.24370529306273 12.320356550752
"etap[160]" 0.124422044205817 6.07003428226181 0.0286144160201476 0.046651427259188 -11.8771636006007 -3.15534400801039 0.0729232426923792 3.35943666092825 12.3819064262758
"etap[161]" -0.00591796841249717 6.03897968797273 0.0284680232587556 0.0447084840798881 -12.0395490398155 -3.2289810541865 -0.0198824166790174 3.18586963103198 11.9968744307456
"etap[162]" -0.0122537188414146 6.09345830457833 0.0287248379202988 0.0438740933433917 -12.1665374238005 -3.25697412841087 0.00689509337880442 3.2768962855057 12.020067352535
"etap[163]" 0.0192091500958747 6.16421378939266 0.0290583824744212 0.0408265933466693 -11.950527045013 -3.2809422006373 -0.0254009362723193 3.25808142174303 12.1845490391055
"etap[164]" 0.00920464199346817 6.30844011811427 0.0297382719081857 0.0506411271468428 -12.6237876703684 -3.24931282234641 0.0110021139947645 3.24721547178603 12.315471209755
"etap[165]" 0.0371421949589322 6.11946565594707 0.028847437750389 0.0466859045475628 -11.912179586254 -3.27185327692049 -0.00159382085826957 3.27803974840384 12.1857415725794
"etap[166]" 0.011348706834243 6.09744038086662 0.0287436096079432 0.0515785006717178 -12.0144279434302 -3.20438982685257 0.0593126423598479 3.28080974291241 12.0992020593774
"etap[167]" -0.0293170906289333 6.17223787411843 0.0290962083725706 0.0459422268393057 -12.2220401597833 -3.26058008912522 -0.0444812789869179 3.19133884999464 12.2076503946959
"etap[168]" -0.0289814389731157 6.0745267628816 0.028635593776885 0.0480243287333343 -12.0770315107427 -3.22236549406565 -0.00699058702921988 3.21229553518429 11.9130204273143
"etap[169]" 0.00369003040042632 6.26024846621914 0.0295110942825083 0.048564234412272 -12.1147140575075 -3.24641617623285 -0.0416538608590656 3.20004433911373 12.0459529112668
"etap[170]" 0.0347234521136633 5.93435435058872 0.0279748146884345 0.0410817727083353 -11.9303325677148 -3.17876463683796 0.032230667954423 3.25281569203349 12.0705840681466
"etap[171]" -0.0390297647660785 6.10939009662058 0.028799941108229 0.0500099021376149 -12.2096234874013 -3.29678824923566 -0.0280907513753593 3.20467129399235 12.0143020484039
"etap[172]" 0.0342975791245654 6.01760722972442 0.0283672725243689 0.0448306945976093 -11.6709301548598 -3.19746372012628 0.00320651172274864 3.2014676409793 12.1952601450835
"etap[173]" 0.0443001369479943 6.16898783216224 0.0290808875278615 0.0472498634332763 -12.0063421328762 -3.22888463507353 0.0188807317839387 3.25967998319094 12.0311508767425
"etap[174]" -0.0202021847195625 6.09375532341058 0.0287262380805016 0.047145730763439 -12.0555645421964 -3.23677401088498 -0.00474382429125322 3.16864515458196 11.9966500099142
"etap[175]" 0.0513408876392661 6.1882447713162 0.0291716656095992 0.0517246377410415 -12.0547013857976 -3.22375571342038 0.0403402464469506 3.27991331131335 12.1590584378735
"etap[176]" 0.0141647071130407 6.06483773670746 0.0285899192694795 0.0456842255719808 -12.1314214557824 -3.22167182741921 0.0144240508664399 3.26624659841752 11.9283202338801
"etap[177]" -0.0468246997107384 6.09036005337207 0.028710232624047 0.0439531806597865 -12.1178396652766 -3.27837948714712 -0.0270799179571293 3.14718250775231 11.9756433477026
"etap[178]" 0.0225232422405348 6.22714482465661 0.029355042219636 0.0461499352678876 -12.4680011319008 -3.20623503643849 0.0685425870003635 3.28089683686038 12.2348639033223
"etap[179]" 0.0191092065032831 6.09224777410679 0.0287191314249304 0.043708659755176 -11.7611691295436 -3.2281197997543 -0.00741745645973968 3.22911729684485 12.1454626068078
"etap[180]" 0.0270914062113345 6.10288774889215 0.0287692887470796 0.0415595629554516 -11.958002788658 -3.18399923236074 0.010099361040565 3.25843423238697 12.18597645315
"etap[181]" -0.0108088559718347 6.05132377082071 0.0285262138233512 0.0468137318410494 -12.0649140455942 -3.25900458768259 -0.014430486846019 3.23175618004122 11.7470350752105
"etap[182]" 0.0349867076109817 6.06834886198655 0.0286064708727757 0.0425385607190236 -11.8088299529416 -3.27118843004613 -0.0238961548881527 3.25701925017743 12.3749100646284
"etap[183]" -0.0748329747490661 6.20527404135841 0.0292519423584359 0.0448305360290927 -12.3138694785558 -3.25517065929228 -0.0713656390619976 3.17446048528777 12.1428756731414
"etap[184]" 0.0264456410793282 6.08675505688725 0.0286932385076432 0.0462898124625894 -11.9906313674248 -3.21666863215274 -0.0128780633360027 3.31626962057922 12.0451849381348
"etap[185]" 0.0238821863841074 6.23205032136044 0.0293781669528651 0.0531411085326201 -11.9926984518406 -3.23998881484731 0.0533453736121858 3.30047826729631 12.0837809932546
"etap[186]" -0.0503393666792748 6.19623347187903 0.0292093247052048 0.0463396314066356 -12.2831252278339 -3.26506432846674 -0.0140760218952727 3.19558596894433 11.8656097211705
"etap[187]" 0.0634391185592282 5.93709709847462 0.0279877441259625 0.0407645438521566 -11.6515369216735 -3.15131296904817 0.0515799855506855 3.21758345819607 12.0343758067481
"etap[188]" -0.0447186180617434 6.2562769881596 0.0294923725553933 0.0502960637109617 -12.2736321223623 -3.26141031887737 0.0110118485660913 3.27028567912536 12.0408923101803
"etap[189]" -0.0919620684824795 6.06737941419869 0.028601900852077 0.0483285496629798 -12.3169023689309 -3.26643388857905 -0.0633420731469388 3.16485164221737 11.9184480465085
"etap[190]" -0.0173436569058093 6.20300120850217 0.0292412281216016 0.0540103434380813 -12.1617110623482 -3.30859002644127 -0.0249343753053261 3.22767729543005 12.1640484385184
"etap[191]" 0.0699891081888216 6.13080290300017 0.0289008820455306 0.0433128923719672 -12.0692497756427 -3.1325270823836 0.0283615502198665 3.28072696786776 12.3004628493731
"etap[192]" 0.040382689288066 6.11510972669175 0.028826903702957 0.0520712078923187 -12.2417366771089 -3.16212294121537 0.0791575679878189 3.34345898419295 12.2416548316297
"etap[193]" -0.0945366454647389 6.16315068713902 0.0290533709623369 0.0441183309252103 -12.3578053515283 -3.28557572708389 -0.0570150389718445 3.14270552495831 11.9276960758869
"etap[194]" -0.0308067859781795 6.19665530963409 0.0292113132674526 0.0556650730350679 -12.1619363147073 -3.22771671598919 -0.0403577721077439 3.15712374054508 12.2306366958012
"etap[195]" -0.055476798051331 6.13402896406274 0.0289160898432231 0.0407127710608371 -12.396713498219 -3.22276156244678 -0.0184449716928612 3.2581760833522 11.9322251572905
"etap[196]" -0.0370148594089792 6.03285952687116 0.0284391725426431 0.0448838621624972 -12.0754569692513 -3.23911269229687 -0.0160890261587127 3.19274308559531 11.9594186283031
"etap[197]" 0.0410179243228517 6.01441221707998 0.0283522110903231 0.0419840837317781 -11.968055690099 -3.18365917494289 0.0312343324663682 3.31102167104414 12.0070126429222
"etap[198]" -0.0983788726174631 5.99686885638343 0.0282695108949009 0.0439464704368196 -12.062661114678 -3.27569202356806 -0.069586221230668 3.13534740974542 11.8506262237913
"etap[199]" -0.0467563452566493 6.07277308284092 0.028627326849893 0.0477922485428568 -12.2013244789064 -3.28022822249836 -0.0683213276995881 3.1537175226289 12.1143604806041
"etap[200]" 0.0159814903856287 6.1268723973546 0.0288823534642275 0.045294239663357 -12.0825176862747 -3.24648552104365 -0.0120920536083736 3.23678882128211 12.3824006789083
"etap[201]" -0.000131268367558015 6.08947895204406 0.0287060790725541 0.0460352139893962 -12.0601621386273 -3.22888987474082 -0.0293609383834156 3.2054822881756 11.943929070923
"etap[202]" -0.0297527029383482 6.1221927840032 0.0288602935553334 0.0445753879942767 -12.3458788946456 -3.26230915368321 -0.0154494848957295 3.20754798368618 12.437615664344
"etap[203]" 0.0191072173324164 6.12552960048858 0.028876023459096 0.0467082402827895 -12.148172150814 -3.24460834446347 0.0292236727241099 3.26842888450272 12.1758539207755
"etap[204]" -0.115440583271986 6.12033607830726 0.028851540960745 0.0453586303016525 -12.2430421111806 -3.29776758523776 -0.0654794294318236 3.13232164621127 11.785990351139
"etap[205]" -0.0936606308919376 6.07714558016882 0.0286479389999682 0.0502021234975527 -12.2198675660957 -3.27010296016613 -0.0329683606589954 3.16138756994758 12.0093548775658
"etap[206]" 0.058777026741097 6.13502931987781 0.0289208055657593 0.046680296160251 -11.9343490731163 -3.19162285780104 0.0682538690819507 3.23197928399761 12.4680988197868
"etap[207]" -0.0338668087408325 6.10922007294772 0.0287991396089487 0.0503272834158812 -12.2361112075546 -3.20419021210699 -0.0115695147894854 3.21937989061274 11.9760867074869
"etap[208]" -0.0293375966061251 6.15321324879509 0.0290065254287328 0.044570698365587 -12.2086640731227 -3.28079078387382 -0.0297986390243067 3.20652259931023 12.1704466077495
"etap[209]" -0.0255203992764473 6.11943608174958 0.0288472983362851 0.0414803230340516 -12.2994429961438 -3.23407389444095 0.00211809937048985 3.19195234748217 12.1644931078231
"etap[210]" 0.0753030237483897 6.31797867016814 0.0297832370737857 0.0596424759649479 -12.1620736989197 -3.1805836010115 0.0597704899194788 3.34907488835392 12.4584571977133
"etap[211]" -0.0136897603695992 6.10474698200987 0.0287780532560486 0.0500574348767187 -12.1844156471547 -3.26327294191 -0.0261201084119963 3.24650495473908 12.0788149902635
"etap[212]" -0.1366835775423 6.14163813394799 0.0289519598140568 0.0540611229595139 -12.6142761465792 -3.29930455000921 -0.055675776479079 3.15539724519366 11.6761080233456
"etap[213]" -0.0185296193173799 6.19535233103802 0.0292051709674458 0.0473082812533038 -12.3126038227535 -3.25989836968975 0.0194606033438251 3.29339823244493 12.1205116275223
"etap[214]" -0.036576253548487 6.11903487219611 0.0288454070163122 0.0411805885892231 -12.0771440595328 -3.31458383827486 -0.0136372620369852 3.26200542812628 12.1033447671535
"etap[215]" 0.0645765012864871 6.12776586404965 0.0288865653066197 0.051868547177683 -11.9106942912592 -3.17823371204651 0.0205030054212987 3.26402635914874 12.1792469048299
"etap[216]" 0.0415391100016025 6.0857281871855 0.0286883977974465 0.0443849443006784 -11.989586241421 -3.18774431071451 0.0438884597737135 3.28041552945271 11.9776726385976
"etap[217]" -0.0541283526989303 6.10872071521496 0.0287967856140216 0.0429235454856366 -12.2480405076173 -3.27376132187375 -0.0364050443575141 3.21049960881837 11.9955448688243
"etap[218]" 0.0260242277644739 6.08650280819542 0.0286920493959063 0.0465870312374289 -11.9019616053078 -3.25540810278207 0.0148965426471246 3.28374991440379 12.0992628072102
"etap[219]" -0.00676881394842114 6.05662195348545 0.0285511896959525 0.0449077898567677 -12.1134729100168 -3.25539270150681 -0.00622470194955102 3.27258988095113 11.9718962626893
"etap[220]" -0.0300075614808304 6.06565021771051 0.0285937493416584 0.0456283345470202 -12.2153561244004 -3.26813152578145 -0.0113302644232935 3.22615448885367 11.806677632853
"etap[221]" 0.0135940150133086 6.01382965322042 0.0283494648579527 0.045757933070117 -11.8626809146437 -3.22090538045354 0.00390920836219483 3.22677783178782 12.0359496901857
"etap[222]" 0.00403226484041471 6.03913790184603 0.0284687690861069 0.0431201628596417 -11.9791550075494 -3.22675572319355 0.00870765227102749 3.21952467385236 12.1908547721578
"etap[223]" -0.0570146216623681 6.28237284484971 0.0296153896035697 0.0485929945290641 -12.3624785164552 -3.28803455763742 -0.0527586539501261 3.19540152953693 12.2565766496101
"etap[224]" -0.0739128229864279 6.20288266870591 0.0292406693196431 0.0495218911247779 -12.525975114477 -3.22164411889529 -0.0188676577881744 3.21000444334492 11.9822375999504
"etap[225]" -0.0925707066958266 6.14672110462406 0.0289759211676142 0.0483606340224653 -12.1561376824205 -3.28832308382968 -0.0771970104334075 3.17754724735788 11.9351715957648
"etap[226]" -0.0260542325640802 6.10376326987369 0.0287734159925671 0.0449487787730805 -12.3524148821985 -3.22397203739115 -0.00623085425889817 3.22135737517693 11.7873026894594
"etap[227]" -0.0169479127761597 6.07973943623978 0.0286601665547495 0.0459097014563423 -11.9862860454235 -3.26987839804398 -0.0086305645084832 3.21141925096889 11.9772741211477
"etap[228]" -0.0238808580341714 6.08670251037585 0.028692990801013 0.0452479584801713 -12.0542308374399 -3.25854832948022 0.0170245740033356 3.22036152087891 12.0348237632955
"etap[229]" -0.0612096818959642 6.11666434859276 0.0288342322608796 0.0458406199009128 -12.2427575969932 -3.25298171913905 -0.00729592966686419 3.21903310367841 12.0230670517823
"etap[230]" -0.00544527357902764 6.09045039376034 0.0287106584927214 0.0490898416808488 -12.3872953835231 -3.23798013537396 0.035517613272882 3.27956160499697 12.0181364402179
"etap[231]" -0.12698117417241 6.02660382670086 0.0284096828892331 0.0413205369532597 -12.3375551393924 -3.28153029502069 -0.072294848276633 3.16768840790022 11.6046660010698
"etap[232]" 0.0467876740097216 6.22538393642099 0.0293467413128873 0.0504312245179509 -12.117889817227 -3.19842954081011 0.00721935986117558 3.2746854217017 12.2180019546965
"etap[233]" 0.0416706310382696 6.1841999338406 0.0291525980628806 0.0540083858896953 -12.0902086085612 -3.23317473522205 0.00818154760385442 3.31582397933796 12.1678011431305
"etap[234]" 0.0802515092784434 6.15571425375838 0.0290183152791949 0.0446920547188184 -11.8922093801477 -3.21589516213272 0.0190968888579739 3.27515436150813 12.6248111478591
"etap[235]" 0.0360464245380426 6.0786995522005 0.0286552644943774 0.0444234551349005 -12.109415162378 -3.19725641573574 0.0438795382387989 3.25833748424091 11.9635765017665
"etap[236]" -0.0139573225474589 6.06753657267417 0.0286026417042352 0.0419098407534961 -11.9000320674744 -3.26927350313133 -0.0290403682750645 3.19622336990178 11.9754001631569
"etap[237]" -0.0656241659756198 6.07026045505091 0.0286154822089003 0.0460960284665297 -12.1448427204347 -3.31078833734772 -0.0349942005670383 3.24424205672326 11.8313939905845
"etap[238]" 0.0239589343887912 6.13987504071985 0.0289436485128736 0.0460519477798752 -12.3332800490945 -3.22072141360786 0.0166843786651324 3.29526938881018 12.3421379924644
"etap[239]" 0.0195261743500295 6.11866591401078 0.0288436677307467 0.0449488707335912 -12.15122628191 -3.2050367364987 -0.0119607552308952 3.20386859654954 12.3429151645858
"etap[240]" -0.0371645541985873 6.14486001227569 0.0289671478941479 0.047534932017666 -12.3809965643946 -3.25547072164971 -0.0151397970014193 3.21969391952678 12.0259971403664
"etap[241]" 0.0623307872188766 6.10870019461442 0.0287966888789829 0.0480523031972985 -11.9280854583332 -3.1937830965857 0.0258213829024367 3.27666232956971 12.3749523616176
"etap[242]" -0.043495179888441 6.04702868393281 0.0285059665895897 0.0470547433669236 -12.0948399913937 -3.27438494622566 -0.00852326574695621 3.17709822058688 11.8184699618309
"etap[243]" -0.045305450126513 6.09224951503481 0.0287191396317438 0.0469391635266749 -11.79696435142 -3.26050141102602 -0.0538337212414063 3.16899381256219 11.8958145462166
"etap[244]" 0.00981281787431012 6.16403527685369 0.0290575409582423 0.04238202620777 -12.2504493083511 -3.25392239411782 0.0124223340499954 3.2718765135049 12.1936852695514
"etap[245]" 0.0627946782720596 6.14646391786895 0.0289747087776238 0.0441608714233084 -11.9176740376821 -3.21827408593122 0.0477280504973362 3.24913552617903 12.3843810036809
"etap[246]" -0.0355403501938168 6.01371361467393 0.0283489178469987 0.0412285857402478 -11.9942476641837 -3.26931277920097 -0.0167286767753155 3.19887999488207 11.9306171299071
"etap[247]" -0.104718787819034 6.14707312491245 0.0289775806071678 0.0490531552458384 -12.4080782222958 -3.2617648021916 -0.0326867551672977 3.14633740704129 11.810371439472
"etap[248]" 0.000783514564944993 6.02383885861459 0.028396648704676 0.0413436895298788 -11.9289861536759 -3.23469819101713 0.00361024438656711 3.23581613148836 12.0635462768844
"etap[249]" -0.013400805739278 6.21499886408347 0.0292977856124007 0.045945722243187 -12.351339628516 -3.25750850807088 0.00182040398638337 3.25113190251594 12.3054422234318
"etap[250]" -0.0137776531568115 6.21149912080369 0.0292812876643638 0.0463147355989306 -12.1679856219304 -3.22759542973167 0.000907413742464036 3.25820382735531 12.258694052348
"etap[251]" 0.0350501330989191 6.12067851335446 0.0288531552150382 0.0472022572116887 -12.1836801320708 -3.18933774014552 0.0347846182398718 3.24997421795912 12.221336605033
"etap[252]" 0.0133926624297343 6.03910416735605 0.028468610060196 0.0460008221163731 -11.9862623050597 -3.1853437761339 0.0406112859641798 3.18700904849583 12.0022767724586
"etap[253]" -0.0591127297503201 6.06590228284113 0.0285949375880795 0.0453051161170986 -12.2595361281783 -3.25092470500047 -0.0310170248807101 3.22256388880183 11.79406152517
"etap[254]" -0.0221411201253522 6.20239636566705 0.0292383768651331 0.0479647741504065 -12.377275217101 -3.19971052357034 -0.0123314903514366 3.20878334595744 12.1730239928864
"etap[255]" 0.0429035075424691 6.116958950983 0.0288356210298655 0.0490225063213586 -12.0515352410338 -3.17749202964453 0.0136036136678623 3.30595824484977 12.2068287243781
"etap[256]" -0.0222925989666946 6.08298410874486 0.0286754620876233 0.0450801034170304 -12.0688793580344 -3.24962840559021 -0.0185865306048756 3.25943498630407 11.9389118749534
"etap[257]" -0.0292084490465797 6.1606184568605 0.0290414339143271 0.0503633010334882 -12.157783471572 -3.2895415395564 -0.0169336291690632 3.18759749896317 12.0084157999879
"etap[258]" 0.0788844053741982 6.22510554595026 0.0293454289676227 0.0507746121618697 -11.9355248246751 -3.18664776840711 0.0395307751171004 3.28798996262795 12.4129582820561
"etap[259]" -0.0686677933355879 6.08427545844557 0.0286815495684917 0.0403781819420607 -12.1434447163455 -3.2737282142927 -0.0684012344410248 3.12055441454619 11.9887197388715
"etap[260]" 0.0411554271105241 6.1522347247419 0.029001912622109 0.0509218488249957 -11.9347495913468 -3.21522326586487 0.0235003283607866 3.27074041763969 12.2135916624523
"etap[261]" 0.0105594241796473 6.08759437939506 0.0286971951118891 0.047877821819986 -11.9055201762574 -3.21080808643554 0.0117441025589496 3.2227285101741 11.9980412142239
"etap[262]" -0.0710924515371028 6.16206936692747 0.0290482735699754 0.0439848390675816 -12.5529310664682 -3.2948795135493 -0.0277016335583541 3.2505434482336 12.1433497570895
"etap[263]" 0.0549633342966722 6.01136598723283 0.02833785102511 0.0422917704971647 -11.9167456108294 -3.21095983417917 0.0142198075219652 3.30510695742913 12.1431157462214
"etap[264]" -0.0520697879342666 5.99849871084777 0.0282771941025281 0.0427824440042331 -12.0985057997974 -3.23832175764301 -0.0145431399205558 3.19999431429977 11.7934437684116
"etap[265]" 0.0221698945778852 6.17386230702239 0.029103866022717 0.0506844498024241 -12.1357697477213 -3.12342864352293 0.0438099177820737 3.26741509027883 12.1621745457435
"etap[266]" -0.0602768358485641 6.23278959252828 0.0293816519105712 0.0497296804352815 -12.4399732000432 -3.31374876097425 -0.0478095038875081 3.23877201431807 12.1856490851619
"etap[267]" -0.0288339415794646 6.29793843297748 0.0296887664896917 0.056186233569809 -12.4112454111155 -3.25726617895552 -0.0144090496985442 3.23426139977696 12.0621942137687
"etap[268]" -0.00168233948867415 5.96990155857748 0.0281423858339085 0.0459427427431189 -11.8834162930382 -3.21813439342827 -0.0111767827259545 3.22629174342187 11.9492826570132
"etap[269]" -0.0275756892035639 6.18732272817953 0.0291673190565693 0.0484218700702581 -12.1751843109214 -3.20849391164988 -0.0125365219663923 3.18421609084729 12.0032925568267
"etap[270]" 0.0464557739782128 6.0579059658045 0.028557242588072 0.0421957111449961 -11.8244930340813 -3.23422767828397 0.00940126181466243 3.28745040514029 12.2860332083633
"etap[271]" 0.0309725060064913 6.09669698257309 0.02874010519478 0.0492806420845454 -11.92865210539 -3.17225260140385 -0.00876885480901701 3.25751686109104 11.9845496191825
"etap[272]" 0.0846237160179513 6.0278249374665 0.0284154392605863 0.0410124015022235 -11.7009257791778 -3.13903701750753 0.0599357324246024 3.26891293610991 12.0947080008719
"etap[273]" -0.0170206148307574 6.14311326616093 0.0289589136539962 0.050293832441833 -12.3531104635348 -3.28496668969663 -0.0309784156875313 3.23449325542495 12.1705140866828
"etap[274]" -0.0726025606352621 6.1541691673506 0.0290110316720185 0.0411777809311662 -12.1553988142579 -3.30283348365157 -0.040653020082398 3.22303946165951 12.0060262547379
"etap[275]" 0.0566266697280242 6.15115484883867 0.0289968220382822 0.0451214020284635 -11.988052923138 -3.17448714799005 0.00717961407495988 3.27328212799303 12.2406772646246
"mean.p0" -0.3430298916118 0.281723514632826 0.00132805738411052 0.00380392194534461 -0.916948196882459 -0.515773848054515 -0.339890015719879 -0.164536328798422 0.200820061661299
"mumup0" 0.905390729382129 0.02853089106502 0.000134495910302469 0.000220175131889416 0.843739084744321 0.887390020424832 0.907474279306233 0.92525507145446 0.955609694975369
"mupsi" 9.10800282284605 1.38970707204595 0.00655114196337727 0.0101624714037113 6.53345224701808 8.14710055127534 9.06240786470383 10.0164188503975 11.964067608331
"ppo[1]" 0.372023743783196 0.115899321005344 0.000546354638785301 0.00141791597568771 0.141675040686281 0.294482529382834 0.376281485652167 0.446495553440279 0.60015255160313
"ppo[2]" 0.477122727253785 0.121862826518639 0.000574466873372597 0.00137032511070512 0.25654546816761 0.394452069011292 0.464422384779333 0.554187674487829 0.739952640260758
"ppo[3]" 0.477849761342812 0.121538761664368 0.000572939216999266 0.00140806534225368 0.261406412134796 0.39511395385017 0.465864181044927 0.554619956796639 0.744113347826582
"ppo[4]" 0.476857512205704 0.122126106158602 0.000575707985497702 0.00154429374332043 0.255606082488137 0.393749639311618 0.465290516849696 0.554043763747992 0.740811928622995
"ppo[5]" 0.371753764618555 0.116222471904151 0.000547877986731253 0.00146776290253345 0.141305537430156 0.293260308163507 0.375895064082119 0.447429482458645 0.600760361249751
"ppo[6]" 0.371413577893124 0.115519992664859 0.000544566467839613 0.00142583897149294 0.143356917887571 0.293661927429049 0.375682854771778 0.447241659739409 0.599761486492249
"ppo[7]" 0.477016389178357 0.121871398049015 0.000574507279954291 0.00146450675463244 0.257050681540058 0.394048284383027 0.464635617608366 0.553201737797396 0.742186881713524
"ppo[8]" 0.371817764013059 0.115034515423856 0.000542277906178114 0.00137895131194151 0.145891766268625 0.294585251283992 0.376033292090299 0.446315831420914 0.599052228209276
"ppo[9]" 0.425350916850018 0.117391510004437 0.000553388885185772 0.00100147499908416 0.198386503567503 0.348691148911591 0.420851518440028 0.49759473386452 0.674016271492651
"ppo[10]" 0.584394062546844 0.145965556505486 0.000688088232164649 0.00351352208077165 0.340075572817373 0.468926178041696 0.571800325121813 0.690340031891262 0.877893387163396
"ppo[11]" 0.477748816499385 0.122583171678813 0.000577862613022955 0.00148139230314637 0.256909402664696 0.394633160814251 0.465849310462567 0.554160908232402 0.746730913826239
"ppo[12]" 0.291670812261403 0.142843854992047 0.000673372390104694 0.00313258195724235 0.046996582647264 0.182248570917979 0.289586723302365 0.392997778647921 0.577594566673809
"ppo[13]" 0.321750088420566 0.120424967245275 0.000567688739755347 0.00234627702464313 0.0865388074092412 0.234954190344332 0.328656715861441 0.409529755824786 0.545076783974801
"ppo[14]" 0.32163398709853 0.11979329299417 0.000564710998778966 0.0022384731937523 0.0893707872258763 0.234628513708312 0.328586790436933 0.409094410519041 0.54314887626476
"ppo[15]" 0.478294541949095 0.121691303279285 0.000573658305068075 0.00148568153340565 0.259017207999014 0.395965247734614 0.466895058267837 0.553960421546456 0.742642695658836
"ppo[16]" 0.478327645450179 0.122440534349862 0.000577190214205947 0.00146212686202682 0.258312622542691 0.395001218119716 0.466693181514041 0.554685895541352 0.742983670865816
"psi0" 0.999732991557914 0.000481359231502023 0.00000226914917854551 0.00000340254436675485 0.998548133292291 0.999710510080829 0.999884069977296 0.999955341393301 0.999993631037445
"sdeps" 0.651600408181455 0.381074136719602 0.0017964007080616 0.0116851532584623 0.0442020486716504 0.375750305033523 0.616806721044413 0.880695316430735 1.50528822302338
