"Mean" "SD" "Naive SE" "Time-series SE" "2.5%" "25%" "50%" "75%" "97.5%"
"N" 25.4812222222222 0.854073405889687 0.00402614064623792 0.0179235957410323 25 25 25 26 28
"betapsi[1]" 0.0375086926788876 2.55881147856131 0.0120623529884579 0.0176598045263203 -5.4513540290481 -1.13596300680382 -0.000258814533224962 1.165117288866 5.70369035872219
"betapsi[2]" 0.0881780303877929 2.59127524243486 0.0122153886389767 0.0182671055435297 -5.34239014169071 -1.09449245228286 0.00979149767689344 1.19544170291606 5.97227493403722
"betapsi[3]" 0.0790851540109373 2.56361726345172 0.0120850076756907 0.0173026267426529 -5.32849117257387 -1.09300491671333 0.00550521566108167 1.17277005986159 5.94809948880086
"betapsi[4]" 0.0533545320734716 2.62959854298505 0.0123960464102866 0.0182271499538869 -5.53906547593834 -1.14438005488025 0.00649971520452444 1.17336218332506 5.9064929669132
"betapsi[5]" 0.0698054180380126 2.60352160013921 0.0122731185228272 0.0174002115607079 -5.42730243315961 -1.12259494477842 0.00258660411771534 1.18331035519203 5.93018896440253
"betapsi[6]" 0.0922516840429026 2.60994914256591 0.0123034182484025 0.0174139031773797 -5.43606834535255 -1.10291178188281 0.0131434865849536 1.23224388081952 6.01171514975977
"betapsi[7]" 0.0398812260764388 2.58369653189676 0.0121796622548824 0.0170088535167459 -5.48882041002701 -1.13921128113398 0.000556322669179788 1.1597687002188 5.87132615436439
"betapsi[8]" 0.0527635077352385 2.58436046155424 0.0121827920493027 0.0175905251767478 -5.51215425620048 -1.11557055143774 0.00274524055737171 1.18376763688732 5.79539933722404
"betapsi[9]" 0.0637456056288414 2.58168420369658 0.0121701760487736 0.0173470075559592 -5.47521996956508 -1.11340127220539 0.0104651317614567 1.16872979581766 5.85408850375054
"betapsi[10]" 0.0673238908707671 2.5556994591808 0.0120476827884103 0.0172490125897631 -5.38394049683341 -1.10797559182171 0.00662233648268385 1.18108777298828 5.81471032528966
"betapsi[11]" 0.058346892937865 2.57178247115816 0.0121234988339509 0.0174990567927153 -5.43835936562335 -1.12383529084001 -0.000299016684437975 1.19950573763679 5.8018441341113
"betapsi[12]" 0.0856378655730075 2.61761940739133 0.0123395762235461 0.0178022586182889 -5.46402029979381 -1.11543434448509 0.00715598892696768 1.22783538527136 6.017247400779
"betapsi[13]" 0.0402630634747072 2.62208791673666 0.012360640978612 0.0176106213305791 -5.74479287004655 -1.1404370440868 0.00235961602678582 1.21447282996871 5.88933842411589
"betapsi[14]" 0.0681300198163704 2.62917296918597 0.0123940402361585 0.0183341890290094 -5.51508055645067 -1.12483391053133 0.00185200244263721 1.18295651818862 6.06962398770835
"betapsi[15]" 0.0670981442066194 2.60333665798841 0.0122722466971675 0.0180419175245396 -5.50240902434047 -1.1319045292532 0.00536649782177327 1.19898546469875 5.8474757959182
"betapsi[16]" 0.0380204729762048 2.59625813057578 0.012238878198939 0.0179216086097221 -5.53782419560071 -1.1467304674854 0.00179184904364023 1.16818155869383 5.86776141620091
"etap[1]" -0.925335791232543 5.23115942255672 0.0246599220077184 0.0674198993808501 -11.4791906117744 -3.79958477900745 -0.956120357490384 1.8271595028612 10.0401863395956
"etap[2]" -0.895098625949871 5.22909630221183 0.0246501963651432 0.0671338784461461 -11.3076874095687 -3.76227651520294 -0.914135608041196 1.80521965632667 9.88927745454992
"etap[3]" -0.916855971755407 5.1988748691918 0.024507731163639 0.0613275549481034 -11.3003580917191 -3.78578625007673 -0.955181826516617 1.8000371271581 9.91073810615026
"etap[4]" 0.397362333863172 3.45412795579237 0.0162829153375121 0.0446790676926214 -6.72469293525438 -1.54652095776771 0.468862134592026 2.36810629530035 7.25908949035356
"etap[5]" 1.10552780181043 4.74581336531063 0.0223719787523793 0.0950486050290079 -8.75711564482541 -2.02942753260898 1.78148957596487 4.02036621578791 9.74271095965823
"etap[6]" -0.915092844751637 5.11643960584879 0.0241191276055141 0.0574976740620361 -11.1468339890121 -3.73843553613003 -0.927776243599477 1.76841487493058 9.67998932544272
"etap[7]" -0.939075212715564 5.15160568192813 0.0242849020779369 0.0621246822150507 -11.3563046594838 -3.79668965105925 -0.943078290175841 1.76789435846909 9.75433842411539
"etap[8]" -0.950020462973583 5.18207653048701 0.0244285430355668 0.0600707857154655 -11.3596861652994 -3.76808658491234 -0.947605596717674 1.77209371224098 9.73709429626227
"etap[9]" 0.387306745825473 3.39936601431593 0.0160247650697192 0.0394568555438458 -6.48684184013642 -1.55606810486379 0.464643151377521 2.36066024855693 7.01626539260225
"etap[10]" -0.917392898180363 5.23819347424846 0.024693080845388 0.0662965742368829 -11.2225412793653 -3.76054281035606 -0.952736622011344 1.7655017580057 9.71515856365828
"etap[11]" -0.911539053781791 5.26190916608752 0.0248048776888543 0.073729465488373 -11.4129418024023 -3.79211041447597 -0.919295988056681 1.81477696174469 9.95200293764553
"etap[12]" 1.66639711028884 6.46413240284827 0.0304722123769447 0.142573240855593 -11.9147195850118 -3.32875099107759 3.22166052639779 5.80304325349659 12.3837954082805
"etap[13]" -0.922278057787349 5.29776032710099 0.0249738816826278 0.081351664117279 -11.1662240934846 -3.7763292707398 -0.952849030744792 1.76183110981785 10.0561786758227
"etap[14]" 1.08513822685835 4.6904420260108 0.0221109557556974 0.0904146334704816 -8.8608929018877 -2.01667349658158 1.78036170169823 3.99551758147419 9.65435592720783
"etap[15]" -0.966797934169934 5.22799425261383 0.0246450012535169 0.0639721870641864 -11.5370964563896 -3.80399199849063 -0.970571028045941 1.76441606019062 9.71135133972192
"etap[16]" 1.63674820261843 6.37330099924719 0.0300440290340712 0.14945205136102 -11.8192761203178 -3.34361228808495 3.18714606649697 5.75492785575229 12.1426692282264
"etap[17]" 1.66272308968162 6.42267511037807 0.0302767808260426 0.156200818925112 -11.9587969844826 -3.31860224653971 3.22701439061195 5.77616100790962 12.471016811522
"etap[18]" 1.64607707429088 6.45167915818222 0.0304135072186038 0.166436543387329 -11.809567053097 -3.32881275155793 3.21392574160569 5.75285443532467 12.3777589391617
"etap[19]" -0.937500567105344 5.11558215428336 0.024115085540071 0.0568341913253203 -11.2597837319395 -3.70692391524126 -0.936388753956362 1.77986336430125 9.5384620646801
"etap[20]" 0.371622015511423 3.43970971315404 0.0162149470898964 0.0409116720553378 -6.7291001536727 -1.54025316001451 0.464951132099915 2.36471046342447 7.0159085681508
"etap[21]" -0.918645921399249 5.1726197460339 0.0243839633261334 0.0550792838948192 -11.3478657264566 -3.78689112025187 -0.933276625009012 1.80387550578628 9.9359696526813
"etap[22]" -0.953338183954303 5.16576068866311 0.0243516294196038 0.0659518388439636 -11.3933928269403 -3.78510897638873 -0.947506186454286 1.7978521020404 9.69887909387922
"etap[23]" -0.84213090972078 5.22362463113106 0.0246244026603057 0.0686650665175267 -11.1043876093971 -3.71961777340764 -0.869546238311819 1.83166763364722 10.026760281495
"etap[24]" -0.852447082908374 5.32739112309426 0.0251135625944864 0.0849360423516183 -11.1434913772163 -3.77770045044725 -0.918665994628625 1.81033107365647 10.2218237777611
"etap[25]" -0.948228045272813 5.20047149217258 0.0245152577165504 0.057486818788533 -11.4418409536252 -3.84029860846175 -0.9755720686175 1.80830186058649 9.73791966357202
"etap[26]" 0.695380781115531 7.55037007885751 0.0355927858881877 0.131439432008736 -14.4506408601186 -3.80586288319866 0.765239416028073 5.58845594033082 14.9275513976553
"etap[27]" 0.265010054124368 6.1875659302266 0.0291684655220138 0.0708628382400719 -12.0116335482348 -3.28331666888261 0.260430216375261 3.86481229020002 12.4540814885112
"etap[28]" 0.0822548531987109 5.74595675661469 0.0270866999133794 0.0479068196127025 -11.4518482641508 -3.16332305284977 0.0643295878689328 3.36512189378773 11.4627102144755
"etap[29]" 0.00624566185818749 5.55457664492162 0.0261845254149633 0.0383544479385317 -11.2313430793465 -3.1811580885596 0.0145056653062213 3.20046738242583 11.1681323430994
"etap[30]" 0.0278423647816122 5.53048108133516 0.0260709378389067 0.0418626010397095 -11.0150684447156 -3.10340789375595 0.0222576384847518 3.12819265030392 11.1825070767409
"etap[31]" 0.0101079575075494 5.53903594702093 0.026111265862497 0.0388422567627351 -11.2465241796976 -3.12009960466117 -0.00206947471999553 3.15578493524917 11.1941824296288
"etap[32]" 0.00907756135025129 5.49260849208522 0.0258924047410418 0.0407433129027832 -10.9475387331555 -3.13128369199355 -0.0166000362836462 3.11157206164436 11.0844366761592
"etap[33]" 0.0388062808268432 5.57686332501398 0.026289585832453 0.0412249372057787 -10.9439219650144 -3.09799252364324 -0.029762333822757 3.1195495681342 11.2283266261618
"etap[34]" 0.0594680305467536 5.54671208635558 0.0261474515303428 0.041146219303165 -10.8292013308547 -3.10684233007287 0.0262170079472199 3.13494315214212 11.3041078129588
"etap[35]" -0.0118383470960307 5.42273241172288 0.0255630057392622 0.0361408523706357 -10.980226103633 -3.13164761392343 -0.00197684592923699 3.11137154598616 10.7930073666545
"etap[36]" -0.0880818412771017 5.5607216726477 0.0262134933534679 0.0426978498892531 -11.3594347030541 -3.20527730839042 -0.0277236296822873 3.10783830745443 10.8428671683044
"etap[37]" 0.0088595272628754 5.49558279275487 0.0259064257288605 0.0395484811680773 -11.194197759966 -3.07465821253224 0.0233689442999893 3.12085082582624 11.0828373876778
"etap[38]" 0.0364984952175222 5.52113618448759 0.026026885572704 0.0391010005919661 -11.0448441246445 -3.07377221773434 0.057875169685818 3.16558605793344 11.1565142006922
"etap[39]" -0.031594043481589 5.57422086146016 0.0262771291398 0.0382341392731511 -11.2033455784317 -3.20285107597494 -0.0364064723606011 3.12788901716587 11.0351224256412
"etap[40]" 0.00116577014741144 5.4651069643637 0.025762761296076 0.0344485398373659 -11.1814320566626 -3.14752693826874 -0.0100276140539441 3.16950865771373 10.951019014328
"etap[41]" 0.0070459338875388 5.50213161496478 0.0259372971728166 0.0373535553832338 -10.9793792866708 -3.12341255081011 0.00865836846897396 3.14863528994138 11.019066233742
"etap[42]" -0.0247026099750148 5.47466315611479 0.0258078096160061 0.0389488841926529 -11.1226683769667 -3.16810596983591 -0.0394371544995483 3.07672805192366 11.0419417358554
"etap[43]" 0.0720228662404779 5.58193996148077 0.0263135173262615 0.043521092805239 -11.1752886744944 -3.05743380071604 0.0396513304777735 3.20470261079297 11.5313370781316
"etap[44]" 0.0827745564268643 5.53578805094982 0.0260959551335872 0.0368042843157231 -10.8879230503156 -3.12913893304046 0.0632091108307843 3.22226444921045 11.2810265603154
"etap[45]" -0.0536478801742792 5.57553914651462 0.0262833435951436 0.0388052633921683 -11.2783038836913 -3.17997517538897 -0.0646191823667849 3.10134063040545 11.2023663474728
"etap[46]" 0.0156074307578639 5.4959499383889 0.0259081564699772 0.0353557610935629 -11.1020666492525 -3.13489540029742 -0.0176558295163613 3.16252082862109 11.149146705634
"etap[47]" 0.0365086205084699 5.53987789033648 0.026115234821349 0.0400623337907709 -11.0628478962008 -3.10526479243424 0.0141135383104433 3.12013658580117 11.2300725153734
"etap[48]" -0.00934258038371205 5.5299293440797 0.0260683369245416 0.0364146212122246 -11.0403513375751 -3.15104155086932 0.0151710677438271 3.11161019768489 11.0067679301709
"etap[49]" 0.0317636190775981 5.4659504612859 0.0257667375787 0.0337958415022463 -11.0665591522205 -3.12004043086456 0.0513461781961269 3.17736481500765 11.1150558324087
"etap[50]" -0.00714703080757579 5.49269716951067 0.0258928227704343 0.0372988413283089 -11.051984909026 -3.17219374813268 -0.00989290103751893 3.14494397660904 10.9564517464177
"etap[51]" 0.00973140416109527 5.45602141891067 0.0257199316240719 0.0384557669369268 -10.8375403481731 -3.16795933511179 0.013981043512252 3.13946298174406 11.1396090062195
"etap[52]" 0.0358602212847063 5.56863018113743 0.0262507744200157 0.040643417090795 -11.2119518116228 -3.11337177307979 0.0262431024865492 3.19428114919748 11.3260046282701
"etap[53]" -0.0185896218230051 5.61321939198192 0.0264609699757216 0.0445647113033214 -11.1821972445842 -3.13644357246482 0.00681220634726862 3.15424308830451 11.1838891067035
"etap[54]" 0.071097479797638 5.55455790246265 0.0261844370621645 0.0368493776628628 -10.9836979602238 -3.09998282390167 0.0185314347209112 3.2087517404153 11.3845158106515
"etap[55]" 0.0193617596066958 5.48911721270376 0.0258759466922042 0.0373093021555928 -11.061238054929 -3.14422922329589 0.0319534251494513 3.18147442990955 11.002454283824
"etap[56]" -0.0185569250265729 5.49841514332019 0.02591977755747 0.0364126535759306 -11.145355286853 -3.0950720926215 -0.0400244986027721 3.13146833000475 11.0408857756798
"etap[57]" 0.0245486697477762 5.53533737739017 0.026093830638053 0.0421609457638548 -10.9935379373317 -3.12860903801692 -0.0231400613861829 3.13604450493025 11.2102480319789
"etap[58]" -0.00269172415985977 5.48534130298242 0.0258581468830768 0.0369255726704852 -11.1519825832969 -3.13562007500548 0.0231828616455188 3.16619786810728 10.8663829206344
"etap[59]" 0.00925336185622164 5.46362596739588 0.0257557798094169 0.0385821173175635 -11.1254566401246 -3.10199818889622 0.0344121981359612 3.15534716288862 10.9372529636732
"etap[60]" -0.0270498566768181 5.52281675764163 0.0260348078705273 0.0388356404554107 -11.1261124545696 -3.13347117738323 -0.0594765002423649 3.09763945541658 11.0617536589456
"etap[61]" -0.0376565171870754 5.42525475572316 0.0255748961829094 0.0356374318464179 -11.0310006571725 -3.15393782574541 -0.0107550905692976 3.07702616444076 10.8980541676475
"etap[62]" 0.0333906531427649 5.57776666588118 0.0262938442221391 0.0449573688105111 -10.9000972433242 -3.16258565957026 -0.00664357969232749 3.1347804259397 11.4008947349693
"etap[63]" 0.0111200379757699 5.44846304406477 0.02568430110335 0.036880599171659 -10.8266373198219 -3.15852847456259 0.0208795728285751 3.12756580765579 10.9733781493219
"etap[64]" -0.0444634349557768 5.53567375324752 0.0260954163290514 0.0343160535765632 -11.1438734974482 -3.15482363115251 -0.0283154037909535 3.06745865944633 10.9428214994439
"etap[65]" 0.0131766551909724 5.48846290910831 0.0258728622754755 0.0367794489056264 -11.040974921175 -3.15727109085601 0.00951426573332691 3.19195753097114 11.1362511914346
"etap[66]" -0.062329937538662 5.509096027023 0.0259701277261055 0.0348071789004455 -11.1753811809777 -3.17005364768079 -0.0516684890279535 3.10940994923484 11.1018402936291
"etap[67]" -0.0192352894180951 5.47416338700787 0.0258054536818425 0.037764174477986 -11.1561225236812 -3.10454255606605 0.0111673127083732 3.14994599262597 10.8955482272449
"etap[68]" -0.0310606131390059 5.56732612365189 0.0262446270340751 0.0398537847984523 -11.2153796180126 -3.24283037795867 -0.0671318959586757 3.09727521189267 11.2428846544198
"etap[69]" 0.0191987160318124 5.54312014627717 0.026130518962429 0.0431028678745968 -11.0799378498515 -3.10159716597669 0.0346477622118834 3.1821957260796 11.096078768848
"etap[70]" -0.0304703532370722 5.51374044451419 0.0259920217201234 0.037134143270816 -11.213895321212 -3.13857343688235 -0.0300765552886799 3.11843955340362 10.8176005676434
"etap[71]" -0.0792230489503065 5.50078356892619 0.0259309424228483 0.0369777601698458 -11.4385864108525 -3.20467561172343 -0.0309001123567467 3.12901520676061 10.8172577664283
"etap[72]" 0.0050786268224066 5.56273912710544 0.0262230037249866 0.0386838461878433 -11.1061195858975 -3.20887960839402 -0.0494033896431301 3.16011733921092 11.3315924236074
"etap[73]" -0.00938313558093293 5.51109494347178 0.0259795507086119 0.038698940715321 -11.0930134145293 -3.13605807610737 -0.0208106417310931 3.09413117752523 11.2078746097833
"etap[74]" -0.00862976726473388 5.42315090001794 0.0255649785120041 0.0366288397697272 -11.049313303408 -3.10662274897294 -0.00793481911376731 3.11561296294634 10.9142031559192
"etap[75]" 0.0111074578339489 5.54745873757607 0.0261509712779507 0.033799840558238 -11.2594602965832 -3.11108425311426 0.0695316755915354 3.1565030677936 11.0875240344542
"etap[76]" -0.0255449537234925 5.5581372977888 0.0262013104935489 0.0367043678267749 -11.1185394049795 -3.16585834776588 0.013075403137112 3.15048721959446 10.9874721353175
"etap[77]" 0.00106945847904635 5.56438137941585 0.0262307453766207 0.0402567222287025 -11.1803510003519 -3.18539233021379 0.000427193534609269 3.13907316642656 11.2873083546324
"etap[78]" -0.0684081027425515 5.42666557057844 0.0255815468279172 0.039214108722752 -11.1586346987044 -3.15342371182795 -0.00122261753866349 3.036171975554 10.6707714522061
"etap[79]" -0.00516636201327872 5.51995342961135 0.0260213100127475 0.0388128493106003 -11.1705579942371 -3.15811666687303 0.00764545554538491 3.15575704620747 11.1063610348566
"etap[80]" 0.0280822389322448 5.56239348405246 0.0262213743480091 0.0411588884619049 -10.9068515286859 -3.14521756573726 -0.00346269300887842 3.17697574563869 11.1120837398608
"etap[81]" -0.0227182447082171 5.49102996329607 0.0258849634849678 0.0377205329701205 -11.1505316012394 -3.10788765456762 0.0304205880209236 3.10839810481454 10.8939076844395
"etap[82]" 0.00423619289968609 5.62438741579254 0.0265136165448479 0.0435083423157325 -11.1076697431037 -3.14231744385708 -0.0293906939861309 3.09069694350091 11.1871800016785
"etap[83]" 0.0868519658891141 5.54498780922054 0.0261393232099772 0.0390096526609209 -10.6760949258983 -3.07854006458074 0.0228425759178889 3.17720489341097 11.3161736548847
"etap[84]" 0.0242283438093558 5.59287720399952 0.0263650759819448 0.0377451786117406 -11.1453436988033 -3.16601369530089 0.0338069381792887 3.178924182439 11.2546707932678
"etap[85]" 0.0322113231456193 5.56877042066338 0.0262514355154809 0.0400980469635737 -11.0238529675722 -3.13485978846314 0.0361881267009515 3.21739982229074 11.132821821916
"etap[86]" -0.0107028094774756 5.54052208790522 0.0261182715978109 0.0424861371044538 -11.1327760486981 -3.12110994500381 -0.00997427335144049 3.11966451377781 11.0961889564027
"etap[87]" -0.0145285391505862 5.47322399903187 0.0258010253644559 0.0363006075749428 -10.9602741801043 -3.16990021639529 0.0144495217208975 3.16574480044125 10.8399267240756
"etap[88]" -0.00249980459511525 5.5189419399548 0.0260165418047792 0.0369961398969392 -11.0220403531118 -3.1939575406811 0.0175205207781411 3.17316096007628 11.1907098777759
"etap[89]" 0.00529735500272949 5.53538479658336 0.0260940541742734 0.0378450064486792 -11.1928667754483 -3.12566933265058 0.026621792581425 3.14127858542285 11.0565611286712
"etap[90]" -0.0419515753684333 5.53155251828126 0.026075988641108 0.0358192101484183 -11.0987433439131 -3.14722349831062 -0.0109260416397994 3.10511111770027 10.990509884234
"etap[91]" -0.0728639844422565 5.51179736351658 0.0259828619484581 0.0389867479657281 -11.304922826052 -3.17280035604819 -0.00419448785186625 3.09506004774947 10.8494068138992
"etap[92]" 0.0112534265116497 5.53190232845183 0.0260776376620663 0.0379452590293914 -11.036228581731 -3.16762885616426 0.00430992686779541 3.14059439047794 11.2300466990481
"etap[93]" -0.0315866615806107 5.48508224872425 0.0258569256895925 0.039191260673004 -11.0443252383043 -3.15961026408533 -0.0107489598246213 3.10012611111217 11.0460443948298
"etap[94]" -0.05564035560718 5.52100638933332 0.026026273712479 0.0401318914789988 -11.1172254989827 -3.20537334440899 -0.0857150519392534 3.13677341191297 11.0470842210343
"etap[95]" -0.0299785427971573 5.47618772058608 0.0258149964818461 0.0357653972242084 -10.9714837746506 -3.17859394423057 -0.0255534031831787 3.11539489410145 10.984890667504
"etap[96]" -0.0807862396201846 5.4991487778642 0.0259232359438766 0.036686989655103 -11.1697449370192 -3.19934936122332 -0.0473699496587419 3.10287597816312 10.8763316973531
"etap[97]" -0.0817117666929678 5.43810564282878 0.025635475845687 0.038731858927824 -11.2110085311018 -3.20227055911902 -0.0347208955640013 3.06599682327464 10.7112388321255
"etap[98]" 0.0800005441585778 5.59572333463179 0.0263784927704129 0.0421911584989838 -10.9507528671128 -3.12800104079151 0.0248457113446257 3.182287364182 11.4241637686269
"etap[99]" -0.0415601598966954 5.47587240188061 0.0258135100552136 0.0364381822324241 -11.089886196408 -3.17736277179354 0.0143659900644789 3.0757300610978 11.0238197226947
"etap[100]" -0.0258544619288806 5.53702802196746 0.0261018004130208 0.0385445914243192 -11.29472425657 -3.17935148758223 -0.0305549585714059 3.14753141154807 11.1323909206723
"etap[101]" -0.0338296470110707 5.48090075614461 0.0258372139445355 0.0366289571977202 -11.1414566539163 -3.15871503511575 0.0061140598089191 3.08933888735611 10.9383643264253
"etap[102]" -0.0474241466907336 5.53353386897017 0.0260853288178283 0.0402170631123566 -11.257604160254 -3.17240382425287 -0.0237597636731742 3.13228799934205 10.9066940481572
"etap[103]" 0.024315633099037 5.47555597043906 0.025812018383093 0.0373635323748856 -10.9505662461471 -3.11360313982096 0.018539768837404 3.16036550471863 11.1099324963426
"etap[104]" 0.0933286542084908 5.51647736495701 0.0260049236868213 0.0364952709233086 -11.0497200378752 -3.01678003757917 0.0723535915919742 3.23108930826215 11.2291426082317
"etap[105]" -0.00367216710704693 5.49618315408295 0.0259092558593021 0.038787102942452 -10.9993567465988 -3.16471260921636 -0.0321750074326076 3.07736921477307 11.2815988022348
"etap[106]" -0.0109672856603397 5.44187949438507 0.0256532659525313 0.0375092512489883 -10.8954423064426 -3.11845058882662 0.0000200695441073607 3.05738927305578 11.0131908843311
"etap[107]" -0.0183246108352488 5.53739645561019 0.0261035372258688 0.0368331594989513 -11.3090901211733 -3.14987767873738 -0.00927707364916561 3.1461535156597 11.0783768308276
"etap[108]" 0.0184980333555555 5.52988205471535 0.0260681140003401 0.0360818454920579 -11.2203923715112 -3.11387470493298 0.0435923691553174 3.18497395241017 11.1367175940668
"etap[109]" 0.020116575451642 5.46761596908716 0.0257745888577693 0.0396063895069816 -10.967640297862 -3.06917982926236 0.0220729018507628 3.13534145265252 11.0364258611184
"etap[110]" -0.00890193378866002 5.51096170040564 0.0259789225947745 0.0378085544235923 -11.1264262039148 -3.23136623800478 0.00541672569512417 3.15733707265226 11.2050476104353
"etap[111]" 0.00615714435789859 5.49327343333181 0.0258955393041389 0.0358871786164938 -10.9352946542517 -3.16192256766015 -0.0268058466472338 3.14930831350501 11.0089674929519
"etap[112]" 0.00136958839731111 5.53001961215552 0.0260687624523318 0.0390006239310799 -11.221208984573 -3.1430955569687 0.0215004406479576 3.15152364720777 11.0195887396385
"etap[113]" -0.0205275814226212 5.45623926755781 0.025720958572443 0.0367857890313424 -11.1723363868451 -3.11702157327075 -0.0162546074812239 3.1020618105347 10.9080919425058
"etap[114]" -0.0849851919379758 5.4907604614797 0.0258836930412218 0.0422527360197594 -11.3644859540068 -3.14989235879013 -0.00792684733134561 3.08841720211693 10.6833931921537
"etap[115]" -0.0598907736372658 5.46192968456954 0.0257477834554882 0.0357017864863193 -11.2261643044785 -3.23049638758788 -0.0170714410932082 3.0772097168022 11.09254486989
"etap[116]" -0.0268995484144227 5.47446504424124 0.0258068757076779 0.0355346079642514 -11.2157803377769 -3.12517261056164 -0.000190199168344087 3.10948032662649 10.9841122678598
"etap[117]" -0.0600613406246967 5.43148433678999 0.0256042627096848 0.0371095641715579 -11.0230882106062 -3.20114090302485 -0.0430772511027097 3.06410625134668 10.8504220981814
"etap[118]" 0.0309075036766041 5.52429617262103 0.0260417818996215 0.0389058494515236 -11.1065341196536 -3.12835517519597 0.0204971949564085 3.19223950474809 11.2139610940163
"etap[119]" 0.0582664275484902 5.56441141124078 0.0262308869480011 0.0401274937354096 -10.8847607562259 -3.11025113147733 0.044655966761291 3.18703045990805 11.3260581173862
"etap[120]" -0.0436376317692757 5.48262820817405 0.0258453572314968 0.036029997066873 -11.0720750822145 -3.15465708176748 -0.016593063299366 3.11017352794348 10.9219124781042
"etap[121]" 0.0323477049234584 5.50247129612265 0.0259388984451511 0.0395725332168506 -11.1289265181127 -3.1101006326284 0.0399765792848171 3.16551470957497 11.0379944009541
"etap[122]" 0.00325318823866398 5.51776451431836 0.0260109913671001 0.0378136960635248 -11.0342856519703 -3.16729735002439 0.0422585446464429 3.1404923925443 11.0561904895678
"etap[123]" 0.0495518994012871 5.60035104431919 0.0264003080030884 0.0366759086113904 -11.1899105368707 -3.03916010308999 0.0545148932032268 3.13478424288327 11.1479610775272
"etap[124]" 0.0396420481567163 5.48219710764378 0.025843325004108 0.0376954647329024 -10.8979200509154 -3.08828505528005 0.026185755573562 3.18995383231353 11.0190822561614
"etap[125]" -0.0131631184948492 5.54411991298051 0.026135231907866 0.0402153782788686 -11.0038702178412 -3.16288569919461 -0.0225528204708019 3.10808446391064 11.1510408184614
"etap[126]" 0.0198839593388435 5.44197981910543 0.0256537388877986 0.0379249919473208 -10.9768759703473 -3.11481594793566 0.0286144802710279 3.13910267753523 11.0394295160707
"etap[127]" 0.0128693010241404 5.56523319612321 0.026234760879088 0.0381034493293241 -11.1616318694373 -3.14745914373134 0.0227017418130781 3.18179036689055 11.2219400655281
"etap[128]" 0.0890853318739239 5.52123607579775 0.026027356464856 0.0429935901980038 -11.0578760095265 -3.0922033685965 0.0630640297103049 3.20894620074924 11.3858819677138
"etap[129]" -0.0345151118561786 5.55380315260852 0.0261808791372314 0.0381647032635296 -11.3781876930829 -3.14993396019262 0.00753303375840346 3.13273624843199 11.1325709212416
"etap[130]" -0.0140371717993332 5.5364389958702 0.0260990237173697 0.0422688187792868 -11.0203945185599 -3.17355897485594 0.00893260118160823 3.10148538976226 11.0733069378657
"etap[131]" 0.000767799292433231 5.46179112998427 0.0257471303029094 0.0391108494143726 -11.0720699207801 -3.07655233003437 -0.00343234345823897 3.09770249635253 10.9958625923695
"etap[132]" -0.0404709535735792 5.51389900182013 0.0259927691664317 0.0357373055945092 -11.2927763993889 -3.16276528968373 -0.0352322560868837 3.13738835284711 10.8817465882829
"etap[133]" -0.0301378279176803 5.52227332986253 0.0260322461274094 0.0410456848215914 -11.1544229182324 -3.12663936532928 0.0192979231777166 3.15708498703927 10.9401733379981
"etap[134]" -0.0243157554359657 5.55938002187962 0.026207168751094 0.0403260411949652 -11.0956127877726 -3.15749305876666 -0.00167377042895388 3.11825939212972 11.0008582626451
"etap[135]" 0.00197151181286554 5.54884155089028 0.026157489922428 0.0379702152493015 -11.196426841242 -3.13273946808561 0.012317520433514 3.14689629765372 11.1996088290603
"etap[136]" -0.0416950571794899 5.60586003647898 0.0264262776411797 0.0393786539057413 -11.2861193560362 -3.21263741784619 -0.0151434807697793 3.127854574022 11.2354935593269
"etap[137]" 0.0342530008347562 5.49540518081758 0.0259055884581586 0.0390352261713755 -11.0647754443028 -3.07494455836961 0.00745538445949315 3.10616993298926 11.2016436158258
"etap[138]" -0.0353494704562173 5.53390504184785 0.0260870785435536 0.0382750164244084 -11.1605945667872 -3.17416374167439 -0.0281991714810671 3.11559211108459 11.12031092203
"etap[139]" -0.0708581405689695 5.56611472181833 0.0262389164310668 0.0390225210932698 -11.3075987929378 -3.17306499279227 -0.0458766198084558 3.09819830335011 10.9220226104992
"etap[140]" 0.0123078135132308 5.53783165923625 0.0261055887954367 0.0382514538901982 -10.9802355281183 -3.17938721341745 -0.0232605074064845 3.16694421253567 11.1562775809172
"etap[141]" -0.0671361104391237 5.44172988190862 0.0256525606725537 0.0373453376808822 -11.088392246455 -3.18754486551197 -0.04036328593614 3.05232924378098 10.7582010742121
"etap[142]" -0.0339124370563225 5.50757473129818 0.0259629562692841 0.0387138496884099 -11.3391309064562 -3.14698852549875 0.00405002818842754 3.16549978295847 10.9658804313577
"etap[143]" -0.00290047364506986 5.5190885572337 0.0260172329652602 0.0366952217833115 -11.1863331096487 -3.14611715061892 0.0152569911671262 3.1293957898874 11.2420946713999
"etap[144]" -0.0352453945535699 5.59182862084622 0.0263601329135559 0.0438861298639209 -11.1514496646065 -3.1976535400717 -0.0103906088172296 3.09921631713959 11.1583409532063
"etap[145]" -0.035763124685289 5.56920702213317 0.0262534936745473 0.0352605038605003 -11.0832465153446 -3.15406460152402 -0.0387123511400414 3.12007063188168 10.9968025939132
"etap[146]" -0.0239559886447082 5.52425329344129 0.0260415797652297 0.03743255128341 -11.044212205978 -3.17694423555534 -0.0142973676909331 3.11168111527069 11.0563994872751
"etap[147]" -0.0048086070190107 5.50437972893658 0.0259478948837122 0.0390803971843223 -11.2464161150125 -3.13039842160792 -0.0257626696727722 3.1446183058819 11.2004901683921
"etap[148]" 0.0297712295339946 5.52358721757793 0.0260384398534979 0.0382279860357961 -10.9625228387328 -3.1607099677602 0.0234048971992992 3.19522457403478 11.0606788682038
"etap[149]" 0.00722193509407447 5.58189934337282 0.0263133258506644 0.0416012604221107 -11.1028237826474 -3.12499493465604 0.0160194255267695 3.16377230268361 11.1336590387247
"etap[150]" -0.00934176283049589 5.56762453828995 0.0262460337741696 0.03986823724561 -11.2930290907228 -3.1029300805018 0.0192045461007791 3.1467224941108 11.0910923691355
"etap[151]" -0.0130958346677044 5.5047139976458 0.025949470641519 0.0385813148242587 -11.1445957755201 -3.15744600299883 0.0275543323936338 3.15276948232739 10.8594890043795
"etap[152]" -0.0285727906667129 5.52843279919382 0.0260612821442938 0.04014158619181 -11.0991426481727 -3.16966703039353 -0.0256511276488409 3.13556524205411 11.0699252242558
"etap[153]" 0.0231007120155895 5.53682087474251 0.0261008239116377 0.0370189182303553 -11.1763303375127 -3.10906685752777 0.00730790765830805 3.17259379451267 11.1620384299318
"etap[154]" -0.00355430514474997 5.56274480293983 0.0262230304811265 0.0390114467634525 -10.9617722225128 -3.19322132664618 0.00282229682134654 3.17296845698792 11.0521911888734
"etap[155]" -0.00452845984381352 5.53840121653042 0.0261082737142699 0.0382198697081296 -11.1522798623055 -3.13600179077413 -0.0119662127656824 3.16277816208315 11.0335296988745
"etap[156]" -0.0173264115605036 5.54817928563469 0.0261543679740735 0.035635573154723 -11.2603922326581 -3.16104912816307 0.0127196794376673 3.17406590056571 11.1087218932277
"etap[157]" 0.0277900169487147 5.52415039838294 0.026041094713273 0.0376195518158179 -11.0003261805093 -3.10104960499988 0.0073894373720867 3.10428053141136 11.1736414660386
"etap[158]" 0.0279033027874207 5.48435418568319 0.0258534935675027 0.0389589744244335 -10.9827265559603 -3.14537756007496 0.0237715817312455 3.18963760014521 11.0736253322676
"etap[159]" 0.0341750521544527 5.53480393140829 0.0260913159495785 0.0389049014376588 -10.8445359887825 -3.15165679472201 -0.00700614015292255 3.13886789786433 11.3557004705252
"etap[160]" -0.0175065894066506 5.50218175837734 0.0259375335511303 0.0376446703737903 -11.0713818570631 -3.15943533412612 -0.0281736163676371 3.11047998831752 11.1136416908247
"etap[161]" 0.0390826620790719 5.54031510273012 0.0261172958603381 0.0436343209210768 -10.8513415455687 -3.15072363898855 0.00389944466952371 3.16910740444903 11.2920859654754
"etap[162]" 0.0105188601781024 5.52585886343053 0.0260491484947435 0.0392035879038365 -11.0023236751963 -3.13328025108136 0.0280780236720591 3.14087234984175 11.0994857445045
"etap[163]" -0.0302677388293892 5.55625545419995 0.0261924393977968 0.0417839921845256 -11.0699943182071 -3.17256200398568 -0.0347815895306542 3.15558853337878 10.9847625558154
"etap[164]" -0.0354338290701018 5.55588790554883 0.0261907067568393 0.0381585497181556 -11.2201257540646 -3.17692382930475 -0.0107557979930844 3.12422881591597 11.0293689071303
"etap[165]" 0.0548528087132158 5.45893012499799 0.025733643396064 0.0361025417034799 -10.852547007128 -3.08805059383376 -0.000852348805688621 3.10445127706267 11.1879626552947
"etap[166]" 0.020569117662715 5.4935586088293 0.0258968836343262 0.037007966658216 -11.0464432888828 -3.12559619089624 0.0254822086116629 3.1583038628508 11.2242957413715
"etap[167]" 0.0145745301932075 5.54997300017512 0.0261628236255072 0.0371199759631542 -11.0330804745123 -3.14826029893758 0.0323914037358293 3.15015159618715 11.1122950829857
"etap[168]" 0.0010688757982407 5.56128657733251 0.0262161563396903 0.0384267816245691 -11.1670618237266 -3.14120133658345 0.0286582344340113 3.18030523456781 10.9974053977041
"etap[169]" 0.00544689953270889 5.49349847598816 0.0258966001653946 0.0337001195641636 -11.1328218310886 -3.12471097354586 0.0242112073418853 3.1582625272844 10.8576142815373
"etap[170]" -0.0546023347518873 5.54880941536167 0.0261573384340933 0.0387033372668987 -11.3587223968564 -3.19465445522686 -0.0090897593816535 3.11539859567339 10.845820791704
"etap[171]" 0.0224160087161383 5.50999807811 0.0259743800357095 0.0378961382947657 -11.0953458042561 -3.10597141625104 0.0178561763635917 3.17430004867996 11.0343629829274
"etap[172]" -0.0131105443539959 5.63502072600504 0.0265637424498994 0.042748094338736 -11.346458290751 -3.13683902216524 -0.0325794141967387 3.10254865290922 11.312062405239
"etap[173]" 0.0470200615100091 5.53320578299322 0.0260837822057008 0.0377688073920639 -11.1946082261027 -3.14367407139123 0.0305104342522332 3.22571077311394 11.3207833565442
"etap[174]" -0.0203698316922256 5.50535668314068 0.0259525002899963 0.0377970385871676 -11.1488243184914 -3.15247178577796 -0.0178773258254702 3.16010697358122 11.0445451709217
"etap[175]" -0.00381480197526735 5.48896010937164 0.0258752060999943 0.0385017636196005 -11.1016238289083 -3.10807300538917 -0.00396683930026556 3.12524634879687 11.087171348747
"etap[176]" -0.0174856660159392 5.53866435155462 0.0261095141446697 0.0362196930909012 -11.0972989244748 -3.12053741105146 0.0299381861347422 3.13423444507613 10.9768507081597
"etap[177]" -0.0595239618940323 5.52123347817632 0.0260273442195511 0.0367616950883572 -11.315941580816 -3.22785971835131 -0.0542084124775573 3.13509316054668 11.0473697944412
"etap[178]" -0.0103874400779119 5.50329184103015 0.0259427665309401 0.0391312948572335 -11.2678271404585 -3.11437057308364 0.00149431629414837 3.1571985761296 11.0120456947082
"etap[179]" -0.00936172693022335 5.52266836610488 0.0260341083461146 0.0397066320684578 -11.1783399173208 -3.12344821667992 -0.013383205550487 3.12237666570379 11.0039818921699
"etap[180]" -0.0112158680746913 5.51654140630996 0.0260052255806543 0.0366883156303928 -10.9866165154132 -3.18037479997427 -0.0424392633319018 3.12073144070937 11.0840944115734
"etap[181]" 0.00334466828516441 5.54239754231976 0.0261271125747064 0.0377268227529707 -11.2211293499725 -3.16021613328833 -0.0154811686692283 3.1476562363334 11.1796769642354
"etap[182]" 0.0016427338068932 5.56910093237219 0.026252993562618 0.0389791534404649 -11.1320132041782 -3.10907692486423 0.030503339703639 3.12150385997394 11.0832595632226
"etap[183]" 0.0135745007864911 5.54976780401744 0.0261618563215434 0.0373544047330222 -11.0943133379467 -3.13992123160553 0.0378234207633853 3.14195419690232 11.1998688505821
"etap[184]" -0.0034064982399017 5.44849682276431 0.0256844603376667 0.0364384661600959 -10.956196930986 -3.16724846687481 -0.00866041276268472 3.15599333698095 11.0169795141594
"etap[185]" 0.0972123488136104 5.60666193343051 0.0264300578196613 0.0391265487052188 -10.9525388755298 -3.0998484418142 0.0530144237191185 3.23799360909228 11.5010511710228
"etap[186]" -0.0266397381831373 5.52359845673732 0.0260384928354034 0.0367392110010599 -11.3472188239764 -3.16277974631428 0.0101737493157792 3.16243821702686 11.1060661775817
"etap[187]" -0.0194665587025777 5.45192323060256 0.025700612579117 0.0377866609938373 -11.1165451597071 -3.13683704985813 -0.00128344238763642 3.1184983218801 11.0803414435624
"etap[188]" -0.0997958047297579 5.50149641401884 0.0259343028068413 0.0374452400653143 -11.3125528063569 -3.20588843214285 -0.063397533671476 3.07377011289368 10.9348614473407
"etap[189]" 0.0383417694786055 5.5158630245786 0.0260020276585044 0.0386453482506855 -11.0535161811015 -3.12316665433987 0.0370400099214971 3.1905821387751 11.1587144379206
"etap[190]" -0.0474437329273962 5.55691017222794 0.0261955257681792 0.0386451803695062 -11.2690997646594 -3.15142781491102 -0.00257761231189597 3.13466197544593 10.8999201494528
"etap[191]" -0.0444393526588446 5.49134358802417 0.0258864419261144 0.0374518808332475 -11.142431644979 -3.19850946679265 -0.047164864162622 3.12744421505813 10.988187183371
"etap[192]" 0.0110667308066086 5.50201536785662 0.0259367491786934 0.0372993950271997 -11.0696730487252 -3.12058655573412 0.0352556697285642 3.15469979286639 11.0613109451394
"etap[193]" 0.0235353386391147 5.48839109096306 0.0258725237214921 0.0394085097657389 -10.9821108285894 -3.10048531296584 0.0392222028532544 3.1563501536954 11.0303376800894
"etap[194]" -0.0550257388122073 5.47967901375887 0.0258314545956967 0.0380827195102202 -11.10113623437 -3.15996947447288 0.00561549063654605 3.09550324059109 10.886625095701
"etap[195]" -0.0327027382674537 5.44308400943105 0.0256589440909117 0.035178310287692 -11.0824920511103 -3.17371394374153 -0.0317013891838409 3.08846629571482 10.9416148304141
"etap[196]" 0.0207213971478434 5.48262957157694 0.0258453636586397 0.0390305758086169 -10.8647600475647 -3.13750216523097 -0.00627084035205423 3.17440041369018 11.0807848235506
"etap[197]" 0.0415933342756055 5.5544915996661 0.0261841245077841 0.0391113336732758 -11.1046054917208 -3.13921024941847 0.0282734135599089 3.16458544247548 11.220289734625
"etap[198]" 0.0113931923769302 5.51670819156903 0.0260060118139056 0.042768321622173 -11.3044896594092 -3.12477401426238 0.0185957923081754 3.13533960638254 11.0894317514397
"etap[199]" -0.0330238466930644 5.47386355041199 0.0258040402385746 0.0408465325880871 -10.9896174718626 -3.16265683150944 -0.023272717049667 3.09431861274836 10.9851969021766
"etap[200]" -0.0314807695639448 5.49018536833869 0.0258809820261563 0.0404790717933808 -11.0753749532655 -3.11341273481448 -0.00415031208433855 3.05758831734815 11.1139612276793
"etap[201]" 0.00233705764377549 5.528018508645 0.0260593291599175 0.039533962381362 -11.1522411765132 -3.09752319924011 0.0283374787561658 3.14047406354787 11.0731813301638
"etap[202]" -0.00630407102843142 5.54258665924932 0.0261280040804619 0.0371418378558893 -11.0790720714757 -3.15559141662796 0.00963262907696583 3.1559807042048 11.235718616911
"etap[203]" -0.00368987805230544 5.61422925574967 0.0264657305191766 0.0401282852870376 -11.4067209717261 -3.15312743938963 0.032065196396204 3.16354987419516 11.1761749826167
"etap[204]" -0.026299226709561 5.53136776907623 0.0260751177250034 0.0409202176609183 -11.1503019666071 -3.17078398404675 -0.0118054128775485 3.13333717862225 11.0674286658461
"etap[205]" -0.0314682724940553 5.55633196975121 0.0261928000955646 0.0361013712631336 -11.1070630895678 -3.16453064886403 -0.0242359331394248 3.09550777850578 11.2541826125804
"etap[206]" 0.039203845623002 5.51004908888589 0.0259746205028132 0.0395887188305149 -11.1822709725107 -3.06790379852767 0.0529706176338559 3.14530927474235 10.979645258159
"etap[207]" 0.00443096374985206 5.5818616537165 0.0263131481799206 0.0365800061842636 -11.1875894820519 -3.15462677601169 0.0166473609927161 3.15570884246296 11.2257665278138
"etap[208]" 0.0509547231194939 5.52730609167547 0.0260559707941162 0.037742884720029 -10.9455618443021 -3.15087562360241 -0.00967389142884406 3.19784019961042 11.3970768658883
"etap[209]" 0.0116540065658424 5.50804395177085 0.0259651681958048 0.034598485208912 -10.9245664158066 -3.1496193208677 -0.0419099018778518 3.16197042207249 11.1813776887401
"etap[210]" 0.0387197673634807 5.54870979134719 0.0261568688019853 0.0374182889749849 -11.0269930901631 -3.12199783541893 0.00961773498478781 3.15807505210259 11.2976340487327
"etap[211]" -0.00331324840819085 5.54798758088373 0.0261534642692109 0.0359807967645512 -11.2408401972055 -3.13739223718688 0.00529529807832373 3.12922213412035 11.057544506882
"etap[212]" -0.0401884058663362 5.47296908502634 0.0257998236883097 0.0363751149740141 -11.0062100802005 -3.16904270161054 -0.0707541758465298 3.07025571447968 11.0365686847568
"etap[213]" 0.019514888640423 5.5405863234042 0.026118574406857 0.0371492672078176 -11.090923763088 -3.12288190026614 0.00261081471397275 3.15448655948489 11.3249664548086
"etap[214]" -0.00213654046992676 5.50636989063702 0.0259572765959391 0.0388678263579333 -11.005002851438 -3.14825536065649 -0.00549591082382861 3.13383992891452 11.1096471459016
"etap[215]" -0.0224184606001272 5.46257568394617 0.0257508287257539 0.0349055211628771 -10.8497192788207 -3.18127805279461 -0.0109479857405884 3.08148111834415 10.9889007678424
"etap[216]" 0.00549336102367074 5.47399617362822 0.0258046654304115 0.0348942892129424 -11.0448217801187 -3.10803094960327 0.0361259995095444 3.15398240602426 10.9528244805635
"etap[217]" 0.0280318339837529 5.53431690364062 0.0260890200786641 0.0462275512352464 -11.0358639484064 -3.12889917339713 0.0676174906695994 3.13447508986542 10.9081136203242
"etap[218]" 0.0117373762358686 5.49136679124757 0.0258865513071585 0.0384327650192103 -11.0554795115513 -3.14269146825342 0.0383444831444399 3.21042125273053 11.075555843898
"etap[219]" 0.0213647764931699 5.50901987671269 0.0259697687501001 0.0364226174770705 -11.1195857085137 -3.10380525171684 0.00784197890091111 3.1106970108122 11.1606246003806
"etap[220]" 0.0223245705758652 5.45071943340564 0.0256949378247095 0.0373731707390605 -10.8386996440255 -3.10573340522853 0.0533588866380921 3.16100005662505 11.0737724065122
"etap[221]" 0.00658291552458038 5.4819683666235 0.0258422467085975 0.0373723036353346 -11.1488959670315 -3.12805671474964 0.00686388943747793 3.161952577228 10.8632929575559
"etap[222]" -0.058672000465622 5.57022191278943 0.026258277914982 0.0380890420708662 -11.4873831610479 -3.15925042940602 -0.019899343267823 3.09407192230329 11.0281963388893
"etap[223]" -0.02477513610047 5.50407526519921 0.02594645962789 0.036111865640932 -11.0313607105231 -3.13605590539476 -0.0397849889940892 3.10492927360637 10.9962264250634
"etap[224]" -0.0616196995991396 5.52005533799669 0.0260217904134831 0.0416533775005498 -11.1560810810966 -3.20493277958289 -0.0211842869144972 3.13549384031384 10.8752236542272
"etap[225]" -0.0416047718197374 5.51875321551576 0.0260156521492417 0.0363259746274379 -11.2210195527457 -3.20925457943103 -0.00463161724073948 3.13229863601547 10.9239670287781
"etap[226]" 0.00977539879453607 5.52339222023601 0.0260375206272127 0.0380904621097293 -11.2119103495401 -3.14473701082429 -0.0312711625918307 3.11506999430033 11.1914945506436
"etap[227]" -0.0848956793260187 5.51301124958081 0.0259885842622421 0.0377507571588025 -11.2978177411167 -3.20498750646842 -0.0661404894535431 3.10212658300526 10.8414033790416
"etap[228]" 0.0151292412808466 5.49978299701142 0.0259262256816083 0.0389706525472765 -10.8822733780687 -3.13913647755234 0.0263142952925206 3.15680232017934 11.0034495224364
"etap[229]" -0.0258621893536642 5.61304917853354 0.026460167581831 0.0429423916949685 -11.3285204059437 -3.17603420717353 -0.0256195741077893 3.14620569703351 11.2228747954608
"etap[230]" 0.119077599695241 5.55832208711624 0.0262021815987924 0.047366410081843 -10.8024683469714 -3.04443941808998 0.0432586365312774 3.1674519424387 11.4185424591971
"etap[231]" 0.0330720746230165 5.56189540334151 0.0262190263730205 0.0394870316903424 -11.1289913035788 -3.14011834353317 0.0466300674725137 3.21950501131559 11.1740827402797
"etap[232]" -0.0452544615986666 5.51880107963425 0.0260158777828601 0.0373612937428569 -11.3726248137619 -3.17726147838673 -0.00194353258943172 3.09576077916282 11.0329324189294
"etap[233]" -0.0337291494646843 5.50539299143163 0.0259526714489213 0.0416361620697278 -11.0061572777558 -3.13726645119834 -0.00538940148722513 3.12221342587384 10.8887334639364
"etap[234]" -0.00246389849135837 5.45573112732431 0.0257185631764103 0.0344052306103436 -11.1392447079988 -3.15536356274663 0.0199861170913293 3.16604678629159 10.9489363887224
"etap[235]" -0.0574579864470467 5.51368541235612 0.0259917622960424 0.0399983376815644 -11.142967402205 -3.16654206541473 -0.0427272749842156 3.07187280012392 11.0846659039341
"etap[236]" -0.0618342603383747 5.56408158897983 0.0262293321509524 0.0397337898462476 -11.2708477952047 -3.21621763404062 -0.0547909978660311 3.1372306640444 11.2152578892981
"etap[237]" -0.107788830576415 5.44778552014218 0.0256811072249494 0.037967926683014 -11.1479892115101 -3.22225875297084 -0.0818356565140687 3.05063128013906 10.7030773055569
"etap[238]" 0.0422059511248714 5.5330528566535 0.0260830613040219 0.0429840758078953 -11.0268304163465 -3.07791096324402 0.0458331139466205 3.1742180282303 10.9096849908232
"etap[239]" -0.00152618349448149 5.50266594492615 0.0259398160284104 0.0348678849720565 -11.1611548846094 -3.13103273884981 0.0310170189754834 3.19082967671978 10.9117579506586
"etap[240]" -0.0501486931437141 5.55453445102992 0.0261843265110504 0.0396611615799374 -11.2114790213095 -3.14640905238919 -0.0294868697207188 3.11452429348709 11.0011542697147
"etap[241]" -0.00169473724852203 5.57185958700816 0.026265997985285 0.0403833531248092 -11.4430273175018 -3.12555654555746 0.00160462831348201 3.16430655963825 11.098712896197
"etap[242]" 0.0273539272529121 5.55714921609384 0.0261966526317697 0.0379332176739536 -10.9585249979873 -3.14932181579098 -0.00642497464452198 3.20648112812066 11.2350752787189
"etap[243]" 0.0842013169119802 5.49790772496575 0.0259173855644079 0.0367204164402575 -10.8745897202133 -3.09707284402644 0.0587602658107254 3.20815427920823 11.0204170399478
"etap[244]" 0.0147099245754976 5.59433679320927 0.0263719565514645 0.0359133823096887 -11.0745633332348 -3.19079835142203 0.0166830033231292 3.18270838667629 11.3409539626226
"etap[245]" -0.0440223325840928 5.53590780990911 0.0260965196827353 0.0390697845981594 -11.2172545692916 -3.19944843865325 -0.0164518106629499 3.18584169611049 10.8893585059752
"etap[246]" 0.0365599783082451 5.50487661971281 0.0259502372492947 0.0346539147738929 -11.1230064538004 -3.11127272873945 -0.00670411615686336 3.15185320523647 11.3235925383996
"etap[247]" -0.0133383109773653 5.57831779325849 0.026296442261511 0.0385658051589002 -11.2399537179391 -3.16395869072768 0.0263340135923585 3.13408850727853 11.0610131530322
"etap[248]" -0.0342269133051334 5.55090917657743 0.0261672368033902 0.0379114775906659 -11.2239328273607 -3.15256448603804 -0.0287007257802034 3.11934638324952 11.0049495249059
"etap[249]" -0.0873914556264478 5.59557864366497 0.0263778106906541 0.0397497399980993 -11.4582017826777 -3.22352586443623 -0.0775620711680408 3.05665015093964 11.2491061655371
"etap[250]" -0.0381234870164185 5.60173818765786 0.0264068470594968 0.0396860526635989 -11.1040583058093 -3.15281899590067 -0.0867726958559843 3.09588084157868 11.0882704658907
"etap[251]" -0.065689182964783 5.5442111253579 0.0261356618871365 0.0370629823491769 -11.3073405855703 -3.17234891358855 -0.0300861754016352 3.10293992606776 10.8609304398916
"etap[252]" -0.0448923009018523 5.51448645441465 0.0259955384445197 0.0391316189603312 -11.1340254894856 -3.17842709251464 -0.0454481358121088 3.14636433203229 11.0972786824203
"etap[253]" 0.0224077269998601 5.49155516863448 0.0258874393266765 0.0393762846157694 -10.9071571933391 -3.16221979563406 -0.0125049061227739 3.12679964988825 11.0966264197835
"etap[254]" -0.0130290137656041 5.50502457348331 0.0259509347100575 0.0348111040058868 -11.1221287913358 -3.16245690033824 0.00499753451900453 3.15483952501022 11.008520039364
"etap[255]" -0.0431095264224236 5.55180026378703 0.0261714374287805 0.0361288670740748 -11.2410774125033 -3.1944078818044 -0.0263654806219812 3.09834568152095 11.1477217239754
"etap[256]" -0.0370872158805512 5.61145442802841 0.0264526498558545 0.03951089706125 -11.3663264249942 -3.18659820710557 0.001967018639545 3.11428123928414 11.1207732583069
"etap[257]" 0.00153666838534701 5.45832508858287 0.0257307912270507 0.0333177546972886 -11.0738217276609 -3.15628839929388 0.031346398459487 3.1495838747523 10.9540753356821
"etap[258]" 0.00216959204289559 5.52560759810438 0.0260479640186368 0.0361752012423424 -11.1889521258285 -3.15223786244685 0.0125952637411151 3.14963528792833 11.1667854096006
"etap[259]" 0.0421804939980942 5.54917096838252 0.0261590428113787 0.0415404649147746 -11.0528130762484 -3.13372823329885 0.0280568213712448 3.21618215821846 11.205809011127
"etap[260]" -0.00352206727253868 5.54286876785301 0.0261293339531732 0.0405271173271094 -11.1466147137552 -3.15826733177898 -0.0144290917637747 3.12610311189362 11.204311105947
"etap[261]" 0.0321458696861965 5.3851520063344 0.0253858500093293 0.0345825807952401 -10.922867993442 -3.08628260536275 0.0251430970559154 3.1852503838823 10.9441679318016
"etap[262]" 0.0608832626592482 5.56792733623791 0.0262474611773852 0.0395351053307816 -10.8946018507021 -3.17542883079842 0.00605933046532995 3.18555010314035 11.3194699743918
"etap[263]" 0.00798853749606677 5.51746749232595 0.0260095911920001 0.037301428700035 -11.0372222081779 -3.12486804711057 -0.00831219729768646 3.13484312482901 11.0266873324035
"etap[264]" -0.0584158023774198 5.53980196347086 0.026114876898672 0.0368726030584276 -11.4440242360246 -3.19800931307968 -0.0383790073090165 3.13553976367391 11.0408828541375
"etap[265]" -0.0395480491653748 5.52272136087946 0.0260343581658777 0.0414680874246719 -11.1366944436363 -3.19757869754118 -0.0497084018773489 3.08377329385688 11.0711663456874
"etap[266]" -0.0325419187564333 5.52849243493087 0.0260615632698543 0.0362151672299169 -11.3421835394809 -3.15539859137951 -0.000347535285007111 3.12886723928483 11.2542565643256
"etap[267]" 0.0349527290065542 5.53587616973709 0.026096370529534 0.0372369358854974 -11.0863328319457 -3.14108509336836 -0.00636726686640086 3.15558942621055 11.2310080599737
"etap[268]" -0.00102009964840131 5.45151887554998 0.025698706431119 0.0357145068762413 -11.0513662405844 -3.10937107535115 0.0253577365942947 3.10368992690773 10.9424209728104
"etap[269]" -0.0331708462812712 5.54375003418379 0.0261334882824968 0.0385730146142189 -11.2772331174704 -3.16304986456402 -0.000368918002485206 3.12510463178622 11.2391871436194
"etap[270]" -0.00859561623195508 5.43756722260742 0.0256329377084227 0.0366123629813017 -10.8934427656569 -3.14209102802442 -0.0121328443436206 3.08246428722601 11.0497004799948
"etap[271]" 0.0261879781662138 5.56374075933725 0.0262277254646091 0.0398339280359631 -11.0592072624772 -3.14176118168515 -0.0040047932129895 3.15001759926908 11.3494590992143
"etap[272]" 0.00166738101556026 5.52000290479453 0.0260215432409977 0.0363150984523602 -11.2214335800194 -3.14398944434016 -0.00486919562059481 3.16567722729818 11.0905259446293
"etap[273]" 0.0186830589015243 5.4812748870222 0.0258389776144062 0.037401199555959 -10.8470690315408 -3.12125048914385 0.0129972658497358 3.12943869295184 11.0776756407116
"etap[274]" -0.00160212659982108 5.53422977977275 0.0260886093728123 0.0357107532858004 -11.0083258740031 -3.16530402921903 0.0080365642861365 3.14190389992218 11.3380487165059
"etap[275]" -0.0193537150500484 5.51143080818679 0.0259811339900622 0.0370701344208035 -11.3655702453559 -3.10377463900799 0.0142749169003546 3.1440938164662 11.0762030317214
"mean.p0" -0.0705522483660061 0.211900326699978 0.000998907719634662 0.00524403373001845 -0.490564950108216 -0.207045810776083 -0.0685484787146419 0.0674897528445998 0.346325982820299
"mumup0" 0.910050759114896 0.0537682519688486 0.000253465970531465 0.000989930269461068 0.78413747591413 0.88310475371767 0.919052568484972 0.947992931887332 0.983381497857721
"mupsi" 9.31560286610447 1.38292643784243 0.00651917774720361 0.00949142853376897 6.74955041890926 8.34625334872906 9.26911879601651 10.2267194496216 12.1641159629233
"ppo[1]" 0.474247551199857 0.0842711879368447 0.000397258189658593 0.00145051562977328 0.29357563971288 0.425862355412745 0.476285623670547 0.524164764467207 0.642569552121078
"ppo[2]" 0.519278572471637 0.090699079924842 0.000427559563081576 0.00192129652777635 0.36533766818489 0.46042471669205 0.507967669618876 0.567157031119191 0.73382280734674
"ppo[3]" 0.540437721910639 0.100581879068125 0.000474147525023709 0.00271862298245231 0.384006545903466 0.472079202953995 0.522443811633189 0.591675691915308 0.785958892432826
"ppo[4]" 0.452134032156994 0.0888614514196285 0.000418896899232655 0.00195667866681337 0.244321650585519 0.403794108379662 0.461764777438289 0.509121626081894 0.608491012230953
"ppo[5]" 0.453636981743903 0.0885846801183915 0.000417592186806372 0.00182345700062928 0.248868941260045 0.40533153700738 0.463279094450885 0.510324934402838 0.610794963852037
"ppo[6]" 0.474463943710589 0.0841233391254518 0.000396561223677751 0.00136931386602517 0.292346541707005 0.42709930423931 0.476987335905691 0.523905518153413 0.641230724932192
"ppo[7]" 0.473808037537434 0.0847533661373349 0.000399531199493972 0.0014826602430823 0.290249135142692 0.426109667574942 0.475908558910235 0.523948737055414 0.643100146234592
"ppo[8]" 0.474871929812237 0.0834478042631931 0.000393376721797544 0.00125799337250263 0.294589155357337 0.427216057568575 0.4770680073385 0.524590959426895 0.641155826760544
"ppo[9]" 0.452200871576593 0.0880665589214388 0.00041514974006076 0.00183925835954911 0.244752877760639 0.404054659005349 0.462244655553185 0.509165280035563 0.608159010929492
"ppo[10]" 0.519330590344636 0.0903861954027301 0.000426084611299486 0.00195968894450221 0.365564412414291 0.460872152338794 0.508345390108805 0.567248548091903 0.734856332722601
"ppo[11]" 0.496929864363637 0.0844983223375053 0.000398328911491578 0.00144377558394043 0.333462997145537 0.446426691578677 0.492695877072188 0.543000033849917 0.683720820680298
"ppo[12]" 0.498209407128108 0.0859344338890599 0.000405098806269209 0.00154450791473923 0.33535825627763 0.44653164420389 0.493618475033118 0.544465395771055 0.692137878225036
"ppo[13]" 0.451491397017512 0.0885785908968004 0.000417563481940511 0.00203394490537421 0.245335806488238 0.403273686366521 0.461284665277053 0.509146487947115 0.607281081539683
"ppo[14]" 0.474574710529949 0.0844749285688339 0.000398218632208478 0.0014552336580084 0.293963071073295 0.42611638395441 0.476722855240814 0.524456657008629 0.64404143634604
"ppo[15]" 0.496774992955225 0.0855446822198454 0.000403261499280673 0.00143200292459033 0.331923925223832 0.445135751986197 0.492227735022513 0.543532862357652 0.687631389673144
"ppo[16]" 0.474910785113198 0.0845695279621455 0.000398664578025189 0.00139620867868848 0.291880582063587 0.427225816815259 0.477193288342093 0.524664784655968 0.643339106499684
"psi0" 0.999784139595863 0.000399531565853314 0.00000188340986341972 0.00000269930452092177 0.998829964438467 0.999762772415266 0.999905717322702 0.999963811010352 0.999994785780594
"sdeps" 0.308456989338257 0.245007407391122 0.00115497599471465 0.0104730008215382 0.0129465413616625 0.115568172513599 0.257090983641684 0.441677939745321 0.90976873755497
