"Mean" "SD" "Naive SE" "Time-series SE" "2.5%" "25%" "50%" "75%" "97.5%"
"N" 48.0367555555556 1.12438102027333 0.00530038296048479 0.0187657825424406 47 47 48 49 51
"betapsi[1]" 0.012932112145762 2.84437024828177 0.0134084899384354 0.0198734982152355 -6.17760782209067 -1.29455336485828 -0.00174602707247413 1.32112116537459 6.26157845312781
"betapsi[2]" 0.0420929458292937 2.84739274670391 0.0134227381326382 0.0198836220142951 -6.04621553431468 -1.26900210576857 0.0057125705330631 1.31853187804249 6.3577188899835
"betapsi[3]" 0.00390834061372478 2.82440433058408 0.013314369699791 0.0196667368030387 -6.11280019692777 -1.26983459482514 -0.00201296900855057 1.26905755790545 6.16561825519942
"betapsi[4]" 0.0231610097867694 2.82991988861428 0.0133403702896923 0.0197788979992227 -6.07139504740903 -1.27775241040617 0.00227547959186591 1.2896595640702 6.21032899676044
"betapsi[5]" 0.0165856304420847 2.87161003971565 0.0135368995467087 0.0205746281359886 -6.26765710234222 -1.28585960154089 0.000341655741943886 1.30523564865897 6.30086441518512
"betapsi[6]" -0.00246490503893892 2.82577591996877 0.0133208354341571 0.0191519899955535 -6.20267595246118 -1.27698038074746 -0.00274579145438697 1.26326182508603 6.20785861835291
"betapsi[7]" 0.00728008812151128 2.84798558640828 0.0134255328058056 0.0202086534974114 -6.24773810567557 -1.27654174216396 -0.000826096145261791 1.29926477546542 6.18531238627456
"betapsi[8]" -0.0062664997265159 2.84380269828746 0.0134058144821044 0.0199068192636097 -6.1432879895658 -1.32049800717618 -0.00327686166508517 1.27181186469602 6.23580909275065
"betapsi[9]" -0.00434449380260378 2.85289120430903 0.0134486581103625 0.0202793833495293 -6.29688803300701 -1.29856035950202 -0.000214370580512276 1.25341815844299 6.33281233726276
"betapsi[10]" 0.0105273276433825 2.83122777374755 0.0133465357193373 0.0193739954224577 -6.15401502897772 -1.27569056897378 0.0017776790668341 1.26744848040591 6.23462039306946
"betapsi[11]" 0.054536046847394 2.86876586103118 0.0135234919598107 0.0194568746650969 -6.03894302788158 -1.26167461395449 0.00304580408444399 1.32511201643502 6.3436983496316
"betapsi[12]" 0.00209872812910901 2.83538583792498 0.013366137021847 0.0197457605998016 -6.19749797073891 -1.28594989357215 -0.000841909415617571 1.27194244883255 6.21095596406148
"betapsi[13]" -0.00650012163690927 2.84894844481224 0.0134300717638507 0.0201216198412457 -6.27115480629253 -1.25692450240681 -0.000987697126344387 1.25602043953215 6.14573103089441
"betapsi[14]" 0.00128793085812835 2.82639325341361 0.0133237455719245 0.0193406849416793 -6.18713045197814 -1.27537100141673 0.00162438682528713 1.27077467864116 6.18475566206218
"betapsi[15]" 0.00615262997283181 2.82441725089201 0.0133144306067067 0.0205013134250468 -6.1269662494316 -1.27660964916787 -0.00157866375240844 1.28653002741879 6.06541185883716
"betapsi[16]" 0.0225847534639387 2.88961326828801 0.0136217675800872 0.020060050148241 -6.28120154312857 -1.25842402453416 0.00179605765487058 1.28899495638051 6.35278298296319
"etap[1]" 5.21515096454877 5.32270337172096 0.0250914643225893 0.217681679508735 -1.67431723271093 2.02187938014583 4.25044096993753 7.17904815633742 18.268054840538
"etap[2]" 5.2106104647056 5.43466925341804 0.0256192765506528 0.177949466877182 -1.63076080229841 2.03827918492183 4.18865352171298 7.09307138764564 18.2240838704871
"etap[3]" 1.54689466443685 3.85437710569479 0.0181697079245797 0.0521220467559173 -4.91208560991895 -0.587055233991385 1.18408611071607 3.23767891764475 10.41476766594
"etap[4]" -5.90073740052851 4.85074695475199 0.0228666404368342 0.309866894554345 -17.8821493922431 -7.43727201308796 -4.91179964293403 -3.04181495196696 -0.129433064204522
"etap[5]" -5.82514200021405 4.6823568858237 0.0220728420393431 0.261757889846367 -17.6953791593652 -7.40277012479866 -4.8523035773825 -2.99102893944461 -0.0488487024950974
"etap[6]" -5.81218908106372 4.64895034792319 0.0219153621094403 0.284254506604861 -17.300532704124 -7.40945130771034 -4.87822757719287 -3.02342233886687 -0.0462898283419181
"etap[7]" 5.27096304776451 5.6660684464184 0.0267101028075305 0.233849472616306 -1.64751880066494 2.04056181635009 4.22883948216909 7.13303582707485 18.3245520816894
"etap[8]" -5.90721046151191 4.87187376941718 0.022966233196265 0.290824334617441 -18.1959791192605 -7.43887498703305 -4.8839725980304 -3.03891744723945 -0.0885443540272766
"etap[9]" -3.43441491955062 3.77780278450022 0.0178087331127035 0.112362885139747 -12.1106081147261 -4.95922905938095 -2.90710894406842 -1.2440766081397 2.18779739939279
"etap[10]" 5.1924228034767 5.17060703675481 0.0243744753236014 0.184351055133902 -1.62898072216339 2.04619905246298 4.22542750289998 7.12297180791031 18.1820635384283
"etap[11]" -1.1411407186895 3.60403247453099 0.016989572015716 0.0598199344324063 -8.36985952161335 -2.74435128263798 -0.975368915512746 0.698041638478994 5.19052940550124
"etap[12]" -3.44595936019506 3.76493340446201 0.0177480662734056 0.113802107434981 -12.4371046128016 -4.93651911763429 -2.8833141976657 -1.26917112349155 2.10904301126796
"etap[13]" 5.25723603328496 5.36867321776267 0.0253081682550306 0.237629330967123 -1.62126640296917 2.02972874645692 4.23300705145538 7.21898515756685 18.119702977575
"etap[14]" 1.57810996456365 3.81270445579548 0.017973261169021 0.0524482973297331 -4.74735439136473 -0.566515627336257 1.19159423030474 3.248304364624 10.3162684907767
"etap[15]" -5.85554530437634 5.00685633032898 0.0236025470906827 0.241341589927162 -17.8139639863212 -7.42634209763857 -4.87959936237611 -2.99771238328886 -0.0381253319057117
"etap[16]" -5.85039743778715 4.68419451480422 0.0220815047054326 0.235107062400204 -17.7609955275112 -7.43296322972514 -4.88129404741301 -3.03864636972481 -0.0566680967499501
"etap[17]" 5.25304984192169 5.52384660449964 0.0260396626151732 0.188295900693695 -1.74727924396671 2.01880268760575 4.25199523456716 7.23426357902862 18.1658079180611
"etap[18]" 5.19979170984235 5.21929449099126 0.0246039901839301 0.16757038252767 -1.66120336211631 2.03367065635928 4.22098014177618 7.15204714550976 18.0852809529456
"etap[19]" -3.45292489769373 3.96351635658558 0.0186841952872364 0.146336963874582 -12.4645413970392 -4.89776623319842 -2.86605320060255 -1.24821578688667 2.17191206795837
"etap[20]" 5.2679280108461 5.66381178980763 0.0266994648262486 0.217678416466696 -1.64081674611673 2.01830617233484 4.21412574876535 7.13667857568066 18.4962744920574
"etap[21]" -1.08001270953395 3.41769291002146 0.0161111588845957 0.0398641846967814 -8.43478801017606 -2.74344992712422 -0.954867554849373 0.721361233174095 5.40188082338234
"etap[22]" -1.09810426064564 3.4982050092815 0.0164906965602913 0.0443191220390167 -8.21382575465019 -2.73570368168278 -0.974432447562147 0.678483036590224 5.28046369518526
"etap[23]" 1.56347949068967 3.87737594316376 0.0182781254841378 0.0519610620484121 -4.80872865748239 -0.60747387631037 1.16838503544679 3.25433691953207 10.0990455597419
"etap[24]" -5.84819567786219 4.82961665403332 0.0227670312439897 0.25283590298508 -17.5761907880809 -7.42385111013951 -4.85898957517071 -3.01978282495084 -0.036798624585029
"etap[25]" 5.2494826852828 5.58108515775355 0.0263094877428475 0.202391104478 -1.71604195066248 2.03536210659557 4.24110016687475 7.15259335446243 18.4350588048193
"etap[26]" -1.05270168353201 3.4980203002562 0.0164898258335957 0.0360645425772826 -8.11236221158735 -2.71043160472838 -0.958576434111408 0.712664748313673 5.5776889232134
"etap[27]" 1.61804252634225 3.95601262888246 0.0186488223756161 0.0746502589862019 -4.66040873053748 -0.536698122044253 1.19080294873578 3.25616519456613 10.2955843358677
"etap[28]" -1.11934380035785 3.52998173858979 0.0166404934988101 0.0580319408044825 -8.21334121347395 -2.76483684247679 -0.990500452842213 0.708526776651186 5.34481046763563
"etap[29]" 1.58554843236908 3.92604382671668 0.0185075480873797 0.0633620142283225 -4.72227667644547 -0.562618885971102 1.17791540694169 3.23016824963686 10.1664080077622
"etap[30]" 5.13290325770645 5.09374231740586 0.0240121315616971 0.166178744315554 -1.68056077248464 2.0207323340446 4.20345489300185 7.0908478714069 17.7807085275215
"etap[31]" 5.1712768151143 5.10467818850309 0.0240636837524373 0.173745626933139 -1.63286901560801 2.03254293463876 4.21317023860364 7.1578218626559 18.0444960693917
"etap[32]" 1.56445998955965 3.85874240406281 0.0181902861384326 0.0559175714367166 -4.84076466325767 -0.571397747983644 1.17920639351762 3.23555661973058 10.2314864445768
"etap[33]" -1.11565578463626 3.47597463045956 0.0163859015495357 0.043950980483165 -8.22019572252316 -2.77903855092803 -1.00919543327204 0.658031290189758 5.31733563208859
"etap[34]" -3.46184420330674 3.90357240058605 0.0184016167687136 0.132804286355901 -12.5932412232903 -4.94344082019361 -2.89701472243105 -1.25408288122966 2.25404162007572
"etap[35]" 1.49934512303792 3.78227359775342 0.0178298087284952 0.0475624997667403 -4.828314722294 -0.59230416561634 1.16027427422533 3.21784771092054 9.90307319543822
"etap[36]" 1.59243586831526 3.73027303888228 0.0175846757431401 0.0503675908873509 -4.56218825593009 -0.543549763950256 1.20592260406106 3.26892171801909 10.1208099195842
"etap[37]" 5.16870195775868 5.10309994887456 0.0240562438594795 0.191549375741259 -1.66210257167205 2.0646511904732 4.22714310375521 7.13025622358821 17.7099768295376
"etap[38]" 5.22621198702613 5.44743682679535 0.0256794634687488 0.217016036669935 -1.7474661567457 2.00198934781946 4.18943319464861 7.13603477247763 18.5682597931403
"etap[39]" -1.11306680939636 3.36840271863716 0.0158788026941036 0.0414605443294834 -8.24633408761848 -2.72169653824548 -0.987441467427633 0.678333954030724 5.25094868764665
"etap[40]" -5.82817700946054 4.64178040204054 0.0218815626604113 0.284899512681334 -17.5575342354304 -7.43734648972035 -4.86272642706435 -3.01792957333093 -0.0802610489769889
"etap[41]" -5.78960966417359 4.54074355753921 0.0214052704077674 0.233901206859584 -17.3816475662183 -7.41671473739473 -4.8592571914321 -2.9912574616498 -0.036925633247576
"etap[42]" 5.11038929591912 4.99206015071494 0.0235327972310778 0.168230789591497 -1.72725566253541 2.01819528796213 4.17900497259036 7.08967294320147 17.5898472052803
"etap[43]" 5.21743054680862 5.31267996335141 0.0250442135223979 0.216566694796803 -1.66853455222132 2.03702355621826 4.23042152966552 7.1299061096984 18.3094654881572
"etap[44]" -1.1421103849693 3.52316851881392 0.0166083756727753 0.0532570059076873 -8.51560153753802 -2.74769686746998 -0.988903419328412 0.687516589915415 5.222760398805
"etap[45]" -5.86432468854453 4.83376462178409 0.0227865849514877 0.305634386834835 -17.6512086723279 -7.43137444797748 -4.87745473535939 -3.0141275860465 -0.0738388415377894
"etap[46]" 1.50946852437481 3.84373230437142 0.0181195278499122 0.0435563185725093 -4.93396067309163 -0.594033456678602 1.17011277593611 3.21098809669316 10.0475824327003
"etap[47]" 1.57260304501784 3.86856333683157 0.0182365824594884 0.057557095427673 -4.84927898390346 -0.566803612662264 1.20665462880912 3.25501283280387 10.134473037097
"etap[48]" -5.38238900960918 7.77461160089001 0.0366498705605395 0.244527642525243 -21.9294347779224 -8.67880305274314 -5.18138941662406 -1.36972927473351 8.2390357792079
"etap[49]" -2.26455200968081 7.32289293285543 0.0345204483381675 0.135051879789585 -17.718878665476 -6.09474057604483 -2.0633756364054 1.92051111715025 11.2285002462107
"etap[50]" -0.82413229393373 6.75120260994032 0.0318254743110208 0.0726448750646576 -14.5771489910308 -4.37021503909686 -0.691172581797117 2.8418941815897 12.2067631335823
"etap[51]" -0.353389572259932 6.46363616185637 0.0304698730744748 0.0590972747869943 -13.5457185916195 -3.58378959488451 -0.200529657307232 3.05755195043153 12.1875069222237
"etap[52]" -0.175162019898274 6.41554681636256 0.0302431777257982 0.0587106041623916 -13.02378805947 -3.40243943894344 -0.0827740900006239 3.15095558779546 12.0652495892103
"etap[53]" 0.0324039013001179 6.32332252810584 0.0298084282616887 0.059090336134558 -12.2786259710056 -3.2612180319871 0.0206431259928173 3.29987799315093 12.7032062539052
"etap[54]" 0.0143698965887979 6.38436269721168 0.0300961743783521 0.0493242110539739 -12.428420062523 -3.26829035428356 -0.000802279338647884 3.24101954837457 12.5577466789494
"etap[55]" -0.101426895998172 6.30098990129597 0.0297031512492956 0.0596859526459764 -12.6398684315858 -3.34877523513561 -0.0435499502553752 3.21698784975182 12.3586724107502
"etap[56]" 0.0252931199168848 6.38771048447146 0.0301119559988412 0.0571252997701785 -12.3670731682744 -3.26431693005689 -0.00506571445893102 3.28280035658861 12.6813314608251
"etap[57]" -0.0320275621409952 6.36698000662225 0.0300142315890784 0.0440563410155798 -12.29096401982 -3.26842422290885 -0.00222671540053242 3.26953258980564 12.1407621980453
"etap[58]" -0.0365934293515166 6.24468248604608 0.029437715548267 0.0438381941190332 -12.3356850189285 -3.25531753700704 -0.0127066054882442 3.17628066728028 12.2455496155554
"etap[59]" 0.0181072000699073 6.37872854639885 0.0300696147367122 0.0565607525159297 -12.5264875792799 -3.2456718274585 0.0284174918499663 3.2871240383885 12.4646204058555
"etap[60]" -0.00714992312055649 6.28550899171867 0.0296301735416886 0.041280514327217 -12.2458895049015 -3.29827951267753 -0.0131796307905506 3.2513485130379 12.5669471318944
"etap[61]" 0.108326964082478 6.44815942088729 0.0303969150178755 0.062260173025433 -12.2078097682351 -3.1925697835467 0.0547606824486055 3.28811998632067 12.7298871307126
"etap[62]" 0.130107909719945 6.30220788487891 0.029708892878968 0.0555137830198393 -12.0741620526007 -3.14202168199813 0.038000918273458 3.29338847590026 12.7899915912171
"etap[63]" -0.0773264797024894 6.49185568260652 0.0306029011710366 0.0663905891916662 -12.6914692563635 -3.29816491801818 -0.0404687419509325 3.18048878038967 12.3475374331981
"etap[64]" 0.158748037084988 6.75420919232152 0.0318396474762871 0.0806419271342405 -12.105182565242 -3.17563192562801 0.0483893708411355 3.33241665578337 12.7432627668719
"etap[65]" 0.00710765380832775 6.28180044395774 0.0296126912798879 0.0628276926776171 -12.3315853848257 -3.24455604253974 0.038462081579632 3.30513408051797 12.4834078266274
"etap[66]" 0.021349748673331 6.3759004296672 0.030056282866586 0.0615134544886983 -12.3244569477693 -3.27764562196691 0.00442981850137881 3.23307045903228 12.4944383598382
"etap[67]" 0.08801602386221 6.27981987779377 0.0296033548014537 0.0536808922742384 -12.4709907470201 -3.14747304810718 0.0796309133858329 3.33432305555973 12.7307981084959
"etap[68]" 0.0484642939665758 6.35874033356852 0.0299753893978047 0.0537823546419896 -12.2327812085751 -3.24227052299158 0.0149191189449358 3.3072455494555 12.3547970620651
"etap[69]" 0.0580944092589295 6.43433204130859 0.0303317321254346 0.064234084452445 -12.3688933280904 -3.22335585154632 0.032159610966063 3.26403175416706 12.4639603177635
"etap[70]" -0.0653431195126793 6.27014350615811 0.0295577399481147 0.0562857580691475 -12.5168389170864 -3.35898145501528 -0.0841193315780041 3.2558876310477 12.3068034741577
"etap[71]" -0.0523012632473423 6.28434770986998 0.0296246992065548 0.0563648303034627 -12.6308802575613 -3.29334331961685 0.0274847139402812 3.28260566994767 12.1431813827358
"etap[72]" -0.00466903182253462 6.27822212331105 0.029595822914591 0.0526069489249104 -12.3768172169005 -3.23705720291626 -0.0182558815649013 3.20881755984161 12.6483856638255
"etap[73]" -0.0247282642183976 6.36645896527123 0.0300117753765945 0.0582605785329636 -12.5234482924009 -3.25759359545175 -0.0308665636820325 3.22109759416404 12.5042058958116
"etap[74]" -0.07815854573918 6.48098520221057 0.0305516572350184 0.0516863827996647 -12.6640463620195 -3.25859192578935 -0.024655387980049 3.21396107299799 12.3771146285881
"etap[75]" 0.0331965683749507 6.33488880542414 0.0298629522158544 0.0540540123250208 -12.4082886823248 -3.27202332665417 0.00651160538042806 3.29331304775319 12.5353404738252
"etap[76]" -0.0369113865940562 6.31024176460834 0.0297467649512075 0.0503402533160358 -12.4542032921132 -3.27321638532558 -0.0150245961842295 3.23793707490091 12.2532447022587
"etap[77]" 0.0840282036692245 6.17003354296181 0.029085817055845 0.0523319764447473 -12.1577733221058 -3.20675022081646 0.0354904422797427 3.33639372023336 12.4621612027234
"etap[78]" -0.0701116733139896 6.39345633072723 0.0301390421778486 0.0810505574556327 -12.3644071230192 -3.2120960247549 0.0160171863424797 3.18289326911056 11.948747026793
"etap[79]" 0.049268752749477 6.33539538023116 0.0298653402323958 0.0536374322354488 -12.2103007801409 -3.19360129564616 0.05056878598237 3.25837979731964 12.3217813933483
"etap[80]" -0.0404000481250236 6.44110474640206 0.030363658963425 0.0579995812794523 -12.6236502583231 -3.30198141884944 -0.00948505849032449 3.22457733499313 12.5329536701653
"etap[81]" 0.0157023693382093 6.39789377309949 0.0301599604817989 0.0525052859993292 -12.5431355781267 -3.26054068913904 -0.00411969491608396 3.25176975457807 12.6348073909679
"etap[82]" 0.169312863367819 6.55627373836436 0.0309065707980848 0.0786852424156271 -12.1024806045819 -3.23305103496088 0.0508154284591108 3.32227150198149 13.0884264621304
"etap[83]" 0.037837269223183 6.31502634581061 0.0297693196832959 0.0494610007364593 -12.4722729215907 -3.2546694735413 0.0000274385230118395 3.24823415746959 12.6486884237677
"etap[84]" 0.0414011826523403 6.25724228187145 0.0294969229935899 0.056478416130413 -12.2469192993109 -3.19914159936217 0.0674138866007844 3.25799107636079 12.3124706542425
"etap[85]" 0.0357933922833934 6.38037281372543 0.0300773658872236 0.0591658711527248 -12.5517888047262 -3.25924601636148 -0.00384499925360611 3.29706221868637 12.6869010589069
"etap[86]" 0.06096186844473 6.39414807359291 0.0301423030849896 0.0544563171171041 -12.1044409200943 -3.20916394188343 0.008061514606114 3.25705087142368 12.7349469246631
"etap[87]" -0.0572183585421221 6.31344835086834 0.0297618809438002 0.048808691822076 -12.5588279306662 -3.27910743399203 -0.008761005448884 3.22349277268791 12.1854993868685
"etap[88]" 0.0448214450443748 6.39553117161827 0.0301488230716082 0.0585541384841017 -12.1653193144758 -3.3034253903976 -0.031189631846817 3.24905758472336 12.5122680726239
"etap[89]" -0.0402893844798874 6.41079075667851 0.0302207574454361 0.0494361246378797 -12.6502232107236 -3.27280341614636 -0.00339924426602726 3.27141236777321 12.5518948299506
"etap[90]" 0.0595394599695887 6.3574066641666 0.0299691024199517 0.0536435044333714 -12.3400029413087 -3.28109735105891 0.0162384277596281 3.24632217297439 12.5134820732601
"etap[91]" -0.0684323094786091 6.29694695311995 0.0296840926088206 0.067290390250878 -12.6435708937252 -3.30456248894826 -0.00971717454597676 3.20347009871552 12.1704201981806
"etap[92]" 0.0140593956219031 6.35657870628506 0.0299651993890678 0.0507360575731378 -12.3048699103625 -3.25768194440541 -0.00816514948521958 3.28528344571833 12.5254918356089
"etap[93]" 0.0371954096145825 6.30893663602344 0.0297406125160561 0.0496689494436815 -12.2836912177614 -3.1939964907783 0.0202831984483122 3.28552716335509 12.3839994356166
"etap[94]" -0.0288184801028743 6.34608494530274 0.0299157313253962 0.0490318448809774 -12.6007466852546 -3.30339041081514 -0.0179055786180002 3.30141992385642 12.4105227587499
"etap[95]" -0.0151200978178117 6.33736948337894 0.0298746462438796 0.0522033862097352 -12.6171683793615 -3.26334779395231 0.0400358833915776 3.29426012150214 12.2346951793063
"etap[96]" -0.0478609890241083 6.35318608189311 0.0299492064043107 0.0516697111964027 -12.8234887138745 -3.30223927495383 0.00342304573500252 3.2587025796235 12.2106751592852
"etap[97]" 0.0628561425559707 6.38477082033834 0.0300980982892216 0.0499465154260752 -12.4003607939374 -3.18152993737265 0.0429286599123597 3.2840013716341 12.4522015139435
"etap[98]" -0.0241941120600028 6.28624910148935 0.0296336624526064 0.053200055289612 -12.7042331893232 -3.24582797578478 0.0262257518590347 3.27704386843254 12.1953293669401
"etap[99]" -0.0691451641041501 6.39937663324496 0.0301669507515617 0.0556482554618565 -12.7143251302944 -3.29171741019519 -0.00260653009188651 3.26555713906396 12.4832749596689
"etap[100]" 0.106570873087904 6.31622358521436 0.0297749635239699 0.0550260172177119 -12.3163721363946 -3.23154424837982 0.0122830587376382 3.30992765196319 12.7646733085375
"etap[101]" -0.0430212169489692 6.47282210655139 0.0305131760330446 0.0665149959528068 -12.7072028776062 -3.29019936430152 -0.0228700478924756 3.22817547863141 12.2788438056121
"etap[102]" -0.00548345081112792 6.32749725802258 0.029828108127247 0.0568091477924084 -12.3706584225443 -3.25222480310795 -0.0296879146031726 3.24493447127884 12.5026794473179
"etap[103]" 0.0582510530448999 6.46638597751617 0.0304828358298086 0.0649508560690346 -12.367251897497 -3.21946353025152 0.0286166449719447 3.27048241999868 12.575595221742
"etap[104]" 0.0402635371466745 6.41449230488212 0.0302382067110072 0.0563890503739403 -12.500591837644 -3.26512875402546 0.0100222778802797 3.28828751442935 12.771008476446
"etap[105]" -0.00861664243697582 6.19651368653256 0.0292106456497495 0.0503337119259116 -12.1525417930188 -3.22944400805381 0.00939161705750186 3.26317128200469 12.3190202274887
"etap[106]" -0.00916831850579289 6.2505157252265 0.029465213701472 0.055416579428442 -12.4152460891596 -3.25924228323973 0.0163564013926596 3.21520793572857 12.2974786294568
"etap[107]" -0.0283523394351402 6.42658317083468 0.0302952035997103 0.0516654065421153 -12.8100320071098 -3.26181035947631 0.00886637474870268 3.27323216313453 12.4273015042055
"etap[108]" -0.0117980958715599 6.51298541619255 0.0307025076903923 0.078850766174236 -12.5801097853572 -3.2641810667478 0.0187378711743358 3.26717744113488 12.5249955088614
"etap[109]" 0.0133165059572057 6.32778763113866 0.0298294769592434 0.0454592028994573 -12.2629663029848 -3.28274977783347 -0.0158638971673141 3.2577308448276 12.5997813241453
"etap[110]" -0.0631166782538725 6.43434286907756 0.030331783168027 0.0521991963709084 -12.5016569723151 -3.33900442125986 -0.0212853044826755 3.21446183974122 12.5996545753305
"etap[111]" 0.0539000868130103 6.20268719406584 0.0292397478433528 0.0501969371770586 -12.1685294212653 -3.2435229590323 0.00255035559034224 3.2730620803334 12.4923154620709
"etap[112]" 0.0153334590140248 6.16625598758454 0.0290680094890212 0.0451744171224516 -12.5352161880575 -3.23355093366542 0.0260881972224783 3.28491996668718 12.331647707597
"etap[113]" 0.0141125700030301 6.33902490746414 0.0298824499878555 0.0585318480553145 -12.3878258688148 -3.31424804328472 0.0111539311582416 3.32417774524081 12.46783981962
"etap[114]" -0.0344794309912537 6.28274732975246 0.0296171549423309 0.0483144393933888 -12.7089732637896 -3.23960062826344 -0.00385576448140599 3.25792069106274 12.2487025078259
"etap[115]" -0.0292891523941055 6.36723379028697 0.0300154279367469 0.0620736856143656 -12.6053025809431 -3.26123636187215 -0.00407906985300786 3.24575533212707 12.387430110567
"etap[116]" 0.0522740139546014 6.39258297415341 0.030134925135477 0.0569092525188722 -12.2321882507487 -3.27750233479122 0.0116290861711732 3.28901300762054 12.7452688012258
"etap[117]" -0.0216465439707191 6.49091344559212 0.0305984594231542 0.0558224292837486 -12.7840378584243 -3.29538300614364 -0.00151404304784845 3.23790023702577 12.6356485318478
"etap[118]" -0.0381433042727001 6.29264428462607 0.0296638096350258 0.0476691802494818 -12.3405638013679 -3.2913479043468 -0.0344627234307676 3.22666571371144 12.4232095972999
"etap[119]" -0.0515060928326931 6.44850245164923 0.030398532080395 0.0649219707086739 -12.5871403691662 -3.29789818872748 -0.0395083493086856 3.24969121722099 12.5467711191831
"etap[120]" 0.0865625398439928 6.37100013519445 0.0300331826569094 0.0515676730800566 -12.199139856683 -3.17414213740019 0.0509252507716485 3.29492841398777 12.7461298093481
"etap[121]" -0.0572208776070254 6.26575574279085 0.0295370558332398 0.0533146428514619 -12.4155478638955 -3.25612497998299 -0.00496102140719191 3.28671925008178 11.871931153315
"etap[122]" -0.0382388099612027 6.32835988501791 0.0298321745899006 0.0523978175789079 -12.5160755403126 -3.28655004433658 -0.0168074361363639 3.24937232648576 12.3128188755547
"etap[123]" 0.0452110352332024 6.28968455581434 0.0296498573396041 0.0484446411188928 -12.2789442155816 -3.21739150864483 0.0372327360869457 3.31012644014502 12.351320624361
"etap[124]" 0.0401705852496302 6.19534551952552 0.0292051388576679 0.0485012516739583 -12.2437842636668 -3.17881776485713 0.040398162869568 3.24940052336441 12.4641570982191
"etap[125]" -0.0171541654426094 6.38514752458445 0.0300998740900678 0.0566276855893025 -12.2808432120591 -3.27459368544792 -0.039658443260185 3.17674933704177 12.4384870439709
"etap[126]" -0.0510479905819857 6.3967302395846 0.0301544755322088 0.0617541872281381 -12.6061768025537 -3.31691596893042 -0.0289124204179571 3.27328575267536 12.3312211644443
"etap[127]" 0.0258423097627362 6.21504319522255 0.0292979945913945 0.0552283113431258 -12.3204019870955 -3.23711444510931 0.024487419905151 3.24888804385837 12.2898317924915
"etap[128]" -0.0428140169288677 6.20621063168891 0.0292563574875952 0.0441803031948641 -12.4488598781989 -3.25542794276475 -0.00678059057398488 3.24762536685613 12.018911719463
"etap[129]" -0.036666188067755 6.2673691154081 0.0295446613446947 0.045201470434317 -12.412665270145 -3.31298233813376 -0.0133753551932631 3.23143378220235 12.4263123687406
"etap[130]" 0.0512658822636413 6.33767233727471 0.0298760739108356 0.0458391312448241 -12.445224587128 -3.24681453768333 0.0284874781635695 3.33479147698617 12.4800552562417
"etap[131]" 0.0165997048431723 6.26997506662891 0.0295569459165592 0.0438000929147888 -12.3160403446902 -3.28133097976963 -0.013858241573668 3.25248362082048 12.529865724935
"etap[132]" 0.0862385470123493 6.37510527845649 0.0300525344878316 0.0468702709451737 -12.2300608395045 -3.22137580572333 0.0381028558487171 3.30497618272291 12.7064407347953
"etap[133]" 0.0792596448734738 6.09787741444711 0.0287456698039989 0.0455919156685008 -12.0616456922185 -3.20055803829873 0.0343899107729678 3.32016952208011 12.4844577507328
"etap[134]" 0.0363553725059274 6.40365332560757 0.0301871112726993 0.0701913664452659 -12.3780645733245 -3.25747433547665 -0.0106180352547703 3.27780872701011 12.4395564169919
"etap[135]" 0.0315787823195037 6.40068955949906 0.0301731399452782 0.0470689514724663 -12.2006892633559 -3.29441893603192 0.0101285318708299 3.25966907844656 12.4303612129473
"etap[136]" 0.0163719531830355 6.31124459340481 0.0297514923314899 0.0529251123099983 -12.3322459496102 -3.18606654682232 -0.00607872250489494 3.21243354908518 12.3066264247013
"etap[137]" -0.105702851301765 6.2190946752866 0.0293170934515754 0.046555848745497 -12.7815886469265 -3.32597594530668 -0.0449536147472313 3.19071293145474 12.2288945490108
"etap[138]" -0.0833061726294647 6.48065894713057 0.030550119253822 0.0531681492933239 -12.8200461482984 -3.3618340195969 -0.0427017184955592 3.23609361953342 12.6868895223632
"etap[139]" -0.0948209928734011 6.33487742196637 0.0298628985537198 0.0536333373034264 -12.432331015273 -3.3406840233003 -0.0995118266142756 3.15918089739372 12.3848366791829
"etap[140]" -0.0904057750398143 6.38737803786324 0.0301103888305008 0.0553126766989025 -12.8408422099579 -3.37780943183373 -0.0333754154786253 3.24924712975014 12.3579090445782
"etap[141]" -0.0528909795659955 6.42356258312283 0.0302809644126822 0.0732994382074981 -12.4394670895267 -3.27011063932627 -0.0523747569095411 3.25884996471959 12.2267154373505
"etap[142]" -0.00413641763660371 6.54064356903131 0.0308328894732415 0.0505862199052639 -12.5357719491503 -3.2308551339197 0.00390433766016891 3.26318554001405 12.5607570431579
"etap[143]" 0.0653495257301157 6.3556773284681 0.0299609502532893 0.0575283787221497 -12.0859696637578 -3.19750671861012 0.0455421036241968 3.25774283809517 12.5556839017161
"etap[144]" -0.0264391718173342 6.21816426580405 0.0293127074592128 0.0473461380284807 -12.4175023261111 -3.3412081004275 -0.0550066634483896 3.18730099389703 12.425279487933
"etap[145]" -0.0336989630099219 6.40505188645796 0.0301937041517741 0.0573653667419956 -12.8941166858373 -3.1864220343652 0.0221636736403227 3.28063072515143 12.3335340977897
"etap[146]" -0.030477725139291 6.41254005395848 0.0302290037118959 0.0496251080778206 -12.4574287079787 -3.29358776617763 -0.0281539085111965 3.24644248717182 12.4371815331057
"etap[147]" -0.0266938501104645 6.45032150595773 0.0304071071846409 0.0560716871692877 -12.4968479467454 -3.25968528061459 -0.00309743252455789 3.25484784452655 12.3737075748975
"etap[148]" -0.0721442952207324 6.24912518415484 0.0294586586279968 0.0471537696211316 -12.4746382662339 -3.32871514237296 -0.0452427744591178 3.22717263007085 12.3125709178213
"etap[149]" -0.0929188415548942 6.46863782882809 0.0304934511586944 0.0576957074352589 -12.9175399327914 -3.24996612542731 -0.0158794628055958 3.23488492674045 12.2582602070528
"etap[150]" -0.106325952116745 6.47469799906289 0.0305220190751489 0.0610225291314431 -12.9760786267401 -3.33368881916518 0.00198740034503083 3.25056348042747 12.3644321560728
"etap[151]" 0.0670780277503683 6.24341618353513 0.0294317461409835 0.0504589111251826 -12.1728106466111 -3.20440035218282 0.0315103367163829 3.25325558417669 12.6258977599789
"etap[152]" -0.00710727496586387 6.32932307157338 0.0298367150948667 0.049734989188142 -12.6189497332368 -3.29837761534211 -0.0170108554981759 3.27566138544757 12.3887577086879
"etap[153]" -0.0065118172093544 6.46399146457808 0.0304715479875675 0.0665700866211942 -12.4646380161671 -3.24351317019207 -0.0342764679790859 3.26901833240864 12.6053415875544
"etap[154]" -0.0152157125878792 6.31992815420561 0.0297924270296704 0.0572079037266006 -12.4084563168861 -3.24924545723779 -0.0102066947913174 3.2665448709135 12.3404037323241
"etap[155]" -0.0331419426765052 6.29661296062534 0.0296825181531019 0.0532893836732454 -12.2096366525462 -3.28854946076811 -0.0368746938696139 3.20374843774175 12.4522384537252
"etap[156]" -0.000638585014515843 6.32824644130223 0.0298316398110963 0.0596656375018626 -12.2001640373907 -3.26054478394262 -0.0221799582564726 3.22939067539224 12.5301918835217
"etap[157]" 0.0219704369476765 6.17350781921009 0.0291021949511442 0.0420356754139693 -12.2685314614411 -3.16790700186651 0.0291143822752077 3.2070105238241 12.1361949663456
"etap[158]" -0.0340336765216009 6.15275926635195 0.0290043853349722 0.0481115378777717 -12.2958610502961 -3.27088710265684 -0.0312238586653879 3.22210298587398 12.2205416799138
"etap[159]" -0.0484193389033991 6.167290554564 0.029072886484533 0.0480805512500317 -12.5117566001604 -3.26922898496031 0.015529637197101 3.21752438286382 12.129647036093
"etap[160]" 0.0238593469769836 6.28866714235746 0.0296450612065733 0.0505647778729883 -12.3269754945923 -3.22424420110564 0.0317316334265848 3.24289219131647 12.4676109320892
"etap[161]" -0.0119176269454402 6.31850623412949 0.0297857240341496 0.0518695318560392 -12.5772461851652 -3.29439071926395 -0.0290235627953886 3.25270433940272 12.6126069912012
"etap[162]" -0.0782744961807564 6.42138799868537 0.0302707133233356 0.0610264758128171 -12.6914135576412 -3.25557019768451 0.00395532080618649 3.24553744872521 12.1321532570186
"etap[163]" 0.0277313288420512 6.17674497947632 0.0291174550709844 0.0493371046466848 -12.0838004644942 -3.1922671623198 0.0236033441590597 3.27211049857847 12.174280401038
"etap[164]" 0.0028878359829305 6.43340069190168 0.030327341702226 0.0532573090778943 -12.3738500240126 -3.27366652238784 0.044904697605312 3.25489956441115 12.5443006497835
"etap[165]" -0.0436873738172402 6.30775866440381 0.0297350595045875 0.0468806853375864 -12.4185116007445 -3.30102958098524 -0.043784573333005 3.19842855255947 12.3355988536785
"etap[166]" 0.0341436055595849 6.47877409319541 0.0305412339671613 0.0577519480991126 -12.2518453252041 -3.19107352824737 0.0418203981743103 3.21812879124838 12.3090503677939
"etap[167]" -0.0301267188176443 6.25333118706012 0.0294784859158369 0.0559094889798392 -12.7768672240904 -3.23049566458041 -0.0000297360238773465 3.28632952417227 12.3862991531728
"etap[168]" 0.0496224714987564 6.42061919404875 0.0302670891435225 0.0499808367458572 -12.5812359443707 -3.24530235713391 0.0171250170545276 3.28158485017702 12.831633047667
"etap[169]" -0.141467532557381 6.54215373482652 0.0308400084630715 0.0691667416978141 -13.2602108166941 -3.29484440081641 -0.00978347085527072 3.2488656604238 12.2978556785406
"etap[170]" 0.114931225235305 6.35886226969259 0.0299759642102061 0.06563828788056 -11.9863932056292 -3.23222958664819 0.0775280648093681 3.32458162277879 12.7226198051896
"etap[171]" 0.00326576820731569 6.40805036643608 0.0302078391219459 0.0494407332024955 -12.3620282263112 -3.28637358479272 0.010429735849063 3.26646164117235 12.368275048365
"etap[172]" 0.037769920600501 6.33691424766104 0.0298725002421251 0.0577341307015549 -12.3877222265893 -3.2263627953212 0.0061837415489964 3.30313911072408 12.4788619599262
"etap[173]" 0.00200101796095955 6.45886951468029 0.0304474028841967 0.0527231644035688 -12.6210287995624 -3.2641866729127 0.0080964032908557 3.30603232665702 12.6997212561176
"etap[174]" 0.0351541006799713 6.39436580735441 0.0301433294917846 0.0568789184671284 -12.3701635280143 -3.29014254011433 -0.00895481039747495 3.29819485370103 12.7589888395779
"etap[175]" -0.123082540192318 6.56326667995619 0.0309395358408849 0.106401157519748 -12.8020584836169 -3.25420858388091 -0.000774634462550611 3.21076442585813 12.213952294421
"etap[176]" 0.0490570248890184 6.31279601371003 0.0297588057969451 0.0631015259965905 -12.177764840554 -3.25014257571887 0.0153008802921627 3.2376656632082 12.5542156987768
"etap[177]" -0.0328815068000634 6.61741005526085 0.03119477015978 0.0909178119763656 -12.4032514755267 -3.25877364803624 -0.00248891695312993 3.31789169110352 12.5602400794804
"etap[178]" -0.0895233608473888 6.41164597766783 0.0302247889958425 0.06553834934258 -12.6260239014381 -3.28488957235324 -0.0288133613781575 3.20695884303076 12.0334336380961
"etap[179]" -0.0208097057476077 6.39372590684707 0.0301403129718645 0.0561761150864473 -12.6327410459362 -3.23965038597655 -0.004220994345876 3.28428218234798 12.2034488020923
"etap[180]" 0.0758557276462509 6.51880743223874 0.0307299529372352 0.0875228572758742 -12.3270926090823 -3.27170012792614 0.00488257238616911 3.31387744143162 12.8171715237247
"etap[181]" -0.0134809424336529 6.49915186899833 0.0306372957235329 0.0665913434650948 -12.3598755243302 -3.2586681097393 0.0154430463657635 3.23927258433345 12.4887285720293
"etap[182]" -0.000852947551042076 6.2218437263962 0.0293300526027849 0.0471366203735702 -12.3517301556421 -3.29129739654107 -0.00249448472727271 3.27988529282784 12.585815771649
"etap[183]" -0.00392691931047334 6.45915819506167 0.0304487637365651 0.0596913745365674 -12.7752843727476 -3.23356310528836 0.00133005782859297 3.28718547218465 12.5206369717255
"etap[184]" -0.0296296253560939 6.33679174484433 0.0298719227583091 0.0499405197403025 -12.4336718142671 -3.26945033152283 -0.0163077424566322 3.2588422637403 12.5141314500205
"etap[185]" -0.0221307948989545 6.29743363354525 0.0296863868423472 0.0516537138703537 -12.5743284927703 -3.20696378687673 0.0227832813023544 3.2389225747919 12.142733444495
"etap[186]" 0.0294816335781182 6.34790879027754 0.0299243290130596 0.056751951366043 -12.7005409934115 -3.23037828904511 0.00710625641860683 3.28837242467842 12.4190988357007
"etap[187]" 0.00796007306938542 6.48136452828246 0.0305534453952699 0.0790751668721544 -12.4347429137888 -3.28402271475991 -0.00315593298339779 3.26572874493884 12.5413036889613
"etap[188]" 0.101064694211408 6.31925537782707 0.0297892555314072 0.0562805703330202 -11.9741870698933 -3.21459953912418 -0.0104248229405479 3.31056967033229 12.6666842930379
"etap[189]" -0.0878187423010514 6.34769341593538 0.0299233137286741 0.0547472996791251 -12.7393807247463 -3.26808043095133 -0.0307316879775655 3.19001154712558 12.0948321309284
"etap[190]" 0.000396860171953476 6.27976229815515 0.0296030833684342 0.0590744748861572 -12.3613825925688 -3.24694729608874 -0.0226784157304707 3.24401286499986 12.3032630694776
"etap[191]" 0.103231212869467 6.31933323929093 0.0297896225738678 0.0554395930172275 -12.1620977444799 -3.22004968384071 0.0653058220684339 3.36048972315906 12.6924797146162
"etap[192]" -0.0339053281249909 6.25202880789942 0.0294723464415955 0.0483932969822371 -12.5158490938719 -3.32009363547653 -0.0353577248948514 3.22612274289112 12.4224358197261
"etap[193]" -0.0383452900379226 6.33887475074433 0.02988174214229 0.0702695391912361 -12.4584954115535 -3.28192394279467 -0.0271644589927087 3.25100400910406 12.3587024560468
"etap[194]" -0.0267375816886305 6.33513592574258 0.0298641171522073 0.0634553478821731 -12.5243185619303 -3.31477993093139 -0.0502553793018619 3.23643770734177 12.4769070225878
"etap[195]" 0.00165333660893988 6.38238509431523 0.030086851868895 0.0555383758838049 -12.5050250537853 -3.24485556601955 0.00527155097728318 3.26445618390663 12.5227933838086
"etap[196]" -0.0486766493665872 6.46448419617576 0.0304738707465943 0.0573797182249743 -12.8759418922089 -3.32821882583485 -0.00992001372837886 3.26407324764632 12.4923427280792
"etap[197]" 0.00426902427625079 6.31041026962708 0.0297475592914836 0.0471462756986935 -12.4773739193093 -3.28647441726979 -0.0113130396586328 3.24994780356944 12.5728205494865
"etap[198]" -0.00490067661742595 6.31099530509927 0.0297503171751477 0.0554757622170497 -12.3870289551903 -3.24517102566546 -0.022642449875873 3.18406917324453 12.4070555711704
"etap[199]" 0.0581139057930097 6.48825355088608 0.0305859205592616 0.0642612453914646 -12.214409593012 -3.21662818551191 0.0125768373302486 3.35848352078264 12.8239742795074
"etap[200]" 0.0336476776385688 6.35327520467962 0.0299496265331554 0.0470133926424969 -12.5757204401661 -3.29180928450228 0.00670955551986679 3.28210897648605 12.6661253546933
"etap[201]" -0.0682676301855762 6.22548282496561 0.0293472074779571 0.0602234806515329 -12.5501439150969 -3.24226639163525 -0.0302708007229245 3.2342728480739 12.101771735097
"etap[202]" -0.0339169852071963 6.35278000066433 0.0299472921190402 0.0516659438958149 -12.4326617918066 -3.23416115235017 0.0213852375392096 3.29187061894065 12.320178791871
"etap[203]" 0.0647927298125095 6.2511564111145 0.0294682339237122 0.0485307591062018 -12.2157388482915 -3.2288970913947 0.0462790559023639 3.29292210215271 12.6115185394336
"etap[204]" 0.0557475477625135 6.37929178752324 0.0300722698808356 0.0510379361815456 -12.2759657406874 -3.24352435554898 -0.00167134840126301 3.31865189262441 12.8828067092764
"etap[205]" -0.0938217188257745 6.34294732365643 0.0299009404351102 0.0458426929151079 -12.6282695799729 -3.31880866821094 -0.0634926250964351 3.2057033586508 12.2225048376511
"etap[206]" -0.0166151544756761 6.35895980632567 0.0299764240023039 0.0498551322051294 -12.4794201269678 -3.27585763900087 0.0143156435945408 3.2530242801181 12.4266953528251
"etap[207]" 0.0110554652358465 6.20489117130861 0.0292501374917124 0.0439902299426156 -12.4305776540186 -3.26292351046803 0.0386177959610052 3.24999801009726 12.3501857935518
"etap[208]" 0.00316665744290351 6.38384881676627 0.030093751922701 0.0661451112721379 -12.3757322152961 -3.28457911628853 -0.0208689084435449 3.24236054102801 12.5362747155869
"etap[209]" 0.0226587664309261 6.34390607239689 0.0299054600200157 0.0569647815925926 -12.5125985595497 -3.23003750619012 -0.0263698284606895 3.28736036718397 12.7547579610958
"etap[210]" 0.0209218279648949 6.30279452788613 0.029711658340625 0.046324793309636 -12.4869147828912 -3.26894733169503 -0.0248328945318332 3.29805720141649 12.6822863499173
"etap[211]" -0.0168526900910896 6.31701226796208 0.0297786814100973 0.0500140210506505 -12.6561580382237 -3.2206325215737 0.0388307004706703 3.24868425042998 12.2338889749842
"etap[212]" 0.0985302987638785 6.30759591918717 0.0297342923162789 0.0540461618329292 -12.0221243348293 -3.19732948144524 0.0223015723673241 3.27082912914631 12.8393502300188
"etap[213]" 0.00735631798720099 6.25809238769421 0.0295009304308699 0.0591726817222563 -12.3864179148663 -3.20089287073861 -0.012781106613713 3.22487565265981 12.4370438086826
"etap[214]" 0.11084789945141 6.33561652483008 0.0298663827180326 0.0587035240786912 -12.0107277703541 -3.2284047354133 0.0386906911403463 3.27766530478165 12.8708247166323
"etap[215]" -0.00274725413893471 6.41280811792386 0.0302302673775473 0.0520672673717845 -12.5012963385571 -3.27522873210293 -0.0232580296575437 3.26003853140624 12.4158422768785
"etap[216]" 0.0932417040403863 6.29739735840668 0.0296862158397041 0.0515006706310524 -12.3351395580244 -3.19409548731846 0.0388300147956453 3.27431280698578 12.7124179686311
"etap[217]" 0.0086877714351659 6.45308475765486 0.030420133278062 0.059614826824768 -12.644864624276 -3.2614447655467 -0.000118556370844721 3.2918275317966 12.5288080239168
"etap[218]" -0.0330770500076409 6.33983166686196 0.0298862530881287 0.0619348132719179 -12.3366362785842 -3.25565978489936 -0.0469083040158767 3.18661449659644 12.3336505252014
"etap[219]" 0.0323616462299155 6.32480403235235 0.0298154121396824 0.0583472070345026 -12.2685451845318 -3.17971190012877 0.0201119515420742 3.2738334769969 12.2025648862179
"etap[220]" 0.114254787763667 6.27571400009815 0.0295839995083784 0.0500643895391701 -12.0408758216872 -3.20293690595775 0.0489632082807566 3.36045907686451 12.7879045300637
"etap[221]" -0.0241497861739306 6.29769504239447 0.0296876191354802 0.048160700084209 -12.5788323286023 -3.2442240492359 0.00672257552323649 3.21491462494589 12.1771678337653
"etap[222]" -0.0381904966147579 6.40016482939156 0.0301706663438294 0.0561735653864077 -12.4505803545912 -3.33123429948625 -0.0126616124250219 3.25548889555405 12.4606460222357
"etap[223]" 0.0538376818712164 6.39409310633931 0.0301420439668712 0.0668581053428464 -12.3706391857589 -3.23026896066181 -0.000770637988283096 3.26096510634392 12.5556212822321
"etap[224]" 0.0378924453898769 6.400572550911 0.0301725883615043 0.0567138147811196 -12.3349798663395 -3.20266618809035 0.0127750315760756 3.28272043171612 12.6433512835455
"etap[225]" 0.0113846791531866 6.30522144111876 0.0297230989193193 0.056447603031573 -12.3040414853004 -3.28194743130984 -0.0342741525240808 3.21623038873362 12.481664388626
"etap[226]" -0.0562071308211447 6.28940567209649 0.0296485426691504 0.0583963200775972 -12.2566852715281 -3.34426519495599 -0.0206684916130667 3.25081032411357 12.1437987319427
"etap[227]" 0.0547723827528743 6.42922738183876 0.0303076685299228 0.0524238590176415 -12.3428936009139 -3.25333749280992 0.0121065184726665 3.23273037719696 12.8491302389997
"etap[228]" 0.123855582711225 6.3925521215034 0.03013477969469 0.0538515266951367 -12.3118469219978 -3.22650983962528 0.0772094436322442 3.35301575309861 12.7234043734611
"etap[229]" 0.0127326105724376 6.48175786633195 0.0305552996086171 0.0573484675947713 -12.7008176243569 -3.22289211700076 0.0000306451850304069 3.26899825368461 12.6984013705084
"etap[230]" -0.0153888432918275 6.1837281816603 0.0291503742017757 0.0436720656129868 -12.3004789311148 -3.24667659387049 0.00948472842020143 3.24718593035138 12.1814642335454
"etap[231]" 0.0785605863100527 6.37517493607055 0.0300528628569734 0.0632382847667519 -12.1334334393929 -3.20399641373598 0.00127251763243403 3.23777381277518 12.6748384273245
"etap[232]" 0.0704248007860452 6.31319633830364 0.0297606929451772 0.0459355098902136 -12.1721327394404 -3.16820113270784 0.0299382251851012 3.28241752064425 12.5490201441325
"etap[233]" 0.0708152627648485 6.50375211651232 0.0306589814982815 0.0661720864317725 -12.2324679017135 -3.22404896075782 0.0176863521848333 3.26770886988268 12.5087376944542
"etap[234]" 0.100397673559584 6.35396044494686 0.0299528567867534 0.0519893167955629 -12.085614981305 -3.2280309418654 0.0385006349350063 3.29273285586216 12.6260985389042
"etap[235]" -0.039656067329561 6.51936477535292 0.0307325802778717 0.082481137965977 -12.7362285784561 -3.29095109794803 -0.0339777309757157 3.2180093777726 12.1325207760334
"etap[236]" -0.0230657087533115 6.40533881420031 0.0301950567421229 0.0557674730370358 -12.4712514687964 -3.26856127581053 -0.0238692402737001 3.26383100809716 12.2761299038376
"etap[237]" -0.00969548940866089 6.31600424350249 0.0297739295372241 0.0523693040182927 -12.4139551237434 -3.25501169042201 -0.010909629881344 3.27348023242479 12.4003107899084
"etap[238]" 0.0132328829195267 6.60540225708131 0.0311381648563142 0.0648536430692369 -12.3670987441083 -3.22197875291583 -0.0029943876475006 3.25033058361859 12.4660372392693
"etap[239]" -0.000387441514756513 6.36666290135429 0.0300127367405096 0.0505271608153453 -12.6340181956467 -3.26259232381689 0.0269934864251507 3.29029063649535 12.5775145915831
"etap[240]" 0.0728197326801409 6.33474539370896 0.0298622761665457 0.0760594022357018 -12.2842522831002 -3.22128917086059 0.0221791349425316 3.22796555088875 12.5003860822938
"etap[241]" -0.0568784387123966 6.39421161236974 0.0301426026096561 0.0668108748249474 -12.5096212777505 -3.31245187544691 -0.055950482554338 3.19299660870218 12.1071561786854
"etap[242]" -0.000988303213777313 6.33042209916522 0.0298418959606194 0.0566635001015737 -12.3467375161516 -3.24445119133719 0.0132293888794556 3.26019628824791 12.3688964351268
"etap[243]" 0.0100709565367398 6.29089505996358 0.029655563710888 0.0487596163599799 -12.5469912949811 -3.2448899848783 -0.00377528419479315 3.27350551151851 12.3133979034326
"etap[244]" 0.0646570134513747 6.32764237008498 0.0298287921920694 0.0536112357669335 -12.0803373305846 -3.21879079622681 0.054223229761594 3.26491400707896 12.4863136830525
"etap[245]" -0.00964765640496561 6.52852002288418 0.0307757385286237 0.0776996106895669 -12.6227674595047 -3.24688320739956 0.0308698889383005 3.30962926363264 12.5166841463181
"etap[246]" -0.0808158459725664 6.256103759768 0.0294915559489241 0.0507108466754721 -12.5705457094108 -3.33277682049392 -0.0706457095155633 3.20862127108416 12.283206017202
"etap[247]" -0.036988943694322 6.21488287337978 0.0292972388269798 0.0542401064813221 -12.4046923288661 -3.29414509992438 -0.0196449944858725 3.23707094838094 12.2960312015338
"etap[248]" -0.0490132346852341 6.49651092104255 0.0306248461754777 0.0762971525988625 -12.6814698076129 -3.22825679391884 0.00186344940469095 3.24552158791967 12.4888338085351
"etap[249]" -0.0378279858199994 6.3681364234167 0.0300196829901266 0.0526283175596457 -12.5463677499164 -3.30347621511772 -0.0273671429922287 3.2684162880141 12.1803809995738
"etap[250]" -0.0421223613255649 6.43878665656625 0.030352731383143 0.0528700147434582 -12.5053599192551 -3.23224793202203 -0.0364328608763977 3.18275011803956 12.4371881535322
"etap[251]" -0.0266890336537248 6.46530913431022 0.0304777595422539 0.0551764484472842 -12.6083838006791 -3.30191540577709 -0.0200558667049321 3.27058359274153 12.738201059597
"etap[252]" 0.000996719943966708 6.28336048821382 0.0296200453990374 0.0556150521452788 -12.1623266515039 -3.24863746689595 0.00308931646806445 3.18956368951681 12.403732209754
"etap[253]" -0.0675234916464395 6.29344636576199 0.0296675906817609 0.0556331516006618 -12.5790242822016 -3.29538000011169 -0.00818906864250882 3.23961983344571 12.2159004614547
"etap[254]" 0.129997946763635 6.28664225608201 0.0296355158011299 0.0577109712256366 -12.0806520645249 -3.15936348397987 0.0728962538336878 3.30572123058477 12.7669082898822
"etap[255]" -0.0574753581011056 6.31249691650474 0.0297573958391978 0.0504050390029229 -12.5768166120803 -3.31815222091337 -0.044058883122023 3.21315743545509 12.5178665651467
"etap[256]" 0.0391862671148814 6.30151238637787 0.0297056142675921 0.0443192568890644 -12.3833051232478 -3.22873485629838 0.0277356390930304 3.26952508841118 12.5365702186972
"etap[257]" -0.034857163585681 6.3545812054758 0.0299557830799502 0.0535280542521261 -12.541288299816 -3.32536810590962 -0.0847063159690252 3.2093607396884 12.2627956722819
"etap[258]" 0.0707195112746973 6.27753017171718 0.0295925610234958 0.051573556877212 -12.1712929736008 -3.27599369679352 -0.00920821850297647 3.2951939214064 12.6742062720303
"etap[259]" -0.0416442645913188 6.4349007338073 0.0303344129675829 0.0595983973951787 -12.4943016411216 -3.28363735670332 -0.0587386453156775 3.21457487729399 12.1022445850248
"etap[260]" 0.0127298742345104 6.21928047593898 0.0293179693242504 0.0496374455919851 -12.0670521344825 -3.27501479486446 -0.0235930477732018 3.24646477860309 12.4390803701208
"etap[261]" -0.00243285364547678 6.53799251007226 0.0308203922614597 0.0619693639340739 -12.7290164347626 -3.24402813543567 -0.0271618587483889 3.27518203315787 12.6184034841706
"etap[262]" -0.0158572733809241 6.33471639874594 0.0298621394829792 0.0681204345486648 -12.6008790291689 -3.27288546002378 0.0465602362501315 3.27050577713336 12.4409332745278
"etap[263]" -0.0827225790331506 6.43907460952641 0.030354088806415 0.0556427448336703 -12.575071182256 -3.31526633640277 -0.0430018972011968 3.21575723243612 12.2530271837838
"etap[264]" 0.0134515443573219 6.37156386059523 0.0300358400839335 0.0591034997786309 -12.2073798309515 -3.23830730802992 0.014456887030554 3.29614806052246 12.3098601474374
"etap[265]" 0.00824490477052761 6.46074412377118 0.0304562398761983 0.0595608987961353 -12.6039384290688 -3.32192031474335 -0.02761747261154 3.28262053024986 12.5130163878297
"etap[266]" -0.0384659228872123 6.33116542860826 0.0298454000492182 0.0583779754875348 -12.5197438157026 -3.24298983670797 0.0618031917653017 3.30510476606019 12.0322036068983
"etap[267]" 0.0307993786735933 6.47545614718676 0.0305255930196791 0.051205507132979 -12.5797048884914 -3.26467313000968 -0.00643543557480297 3.29378887504912 12.7171367876308
"etap[268]" 0.0405130190880285 6.23797620811767 0.0294061018509357 0.0480243020149785 -12.1683720626665 -3.24024368292825 0.0141912485761481 3.2614166899731 12.4230875169496
"etap[269]" 0.050055463552297 6.36435252224534 0.0300018455089426 0.0528965229364012 -12.2300519247445 -3.22883603843059 0.033840744251939 3.31765732569381 12.3658220542927
"etap[270]" -0.0132700289691036 6.17885049637194 0.0291273805728164 0.0415169294052652 -12.2817614438417 -3.25008075664723 0.0090884625950437 3.19900909405956 12.1914181374309
"etap[271]" -0.068968869219312 6.28648474180714 0.0296347732717173 0.0590876533584425 -12.3288563239885 -3.29244734955294 -0.0340531763602745 3.15690011834603 12.1236526946374
"etap[272]" 0.131053897493333 6.29374265619719 0.0296689874082671 0.046239148446392 -12.3188201157496 -3.18675672015106 0.0995786538198571 3.41209958081514 12.7681387418265
"etap[273]" -0.0419378715857526 6.23464110344074 0.0293903800167155 0.0565489419522542 -12.4580134789353 -3.25692598372733 -0.0473912096462504 3.24620157917339 12.0927133263345
"etap[274]" -0.0273741851334562 6.49863945360918 0.0306348801742233 0.0488747170762444 -12.5943836769588 -3.27490678304696 -0.0704320535998855 3.18758581647448 12.5886535870776
"etap[275]" 0.0191979061024389 6.43731355691915 0.0303457871248109 0.0492043479022421 -12.6082933609284 -3.26202140956578 0.0311292515589904 3.30853502180836 12.5843909753774
"etap[276]" 0.0631127070013177 6.48126558287742 0.0305529789621574 0.060091325752604 -12.2758848621526 -3.21216062806042 0.00708347801494928 3.29424368147007 12.8596219874777
"etap[277]" -0.00915005367829694 6.43533397677734 0.0303364552945297 0.0542963771223616 -12.6591817969599 -3.2629730290547 0.00296754981368761 3.28346221963498 12.2953756904132
"etap[278]" 0.0239454244294552 6.4840432821379 0.0305660731620453 0.0737153537254302 -12.5227605461496 -3.2464317897368 -0.0071860266321942 3.32104004767091 12.5148685790873
"etap[279]" -0.0179080055529011 6.34377263924895 0.0299048310101241 0.0569674426418737 -12.6530169404815 -3.25198752135858 -0.00381636100463016 3.24207734055907 12.4726471444945
"etap[280]" 0.00836220437249515 6.2873678127574 0.0296389361080986 0.0530044438407797 -12.5532498048738 -3.22719242972694 0.0268699409492812 3.28405595409841 12.51530351502
"etap[281]" -0.0364750984872099 6.3161034541254 0.0297743972205856 0.0565319080608242 -12.3076857505032 -3.27809917088899 -0.0350154561437395 3.24268753620901 12.3774207694948
"etap[282]" 0.0600360175685586 6.39369141170537 0.030140150360207 0.0565762831329317 -12.4088667782451 -3.23164723857466 0.0342357224192813 3.35827757537148 12.4976328514876
"etap[283]" -0.049925597946626 6.36313256443949 0.029996094572694 0.0541699863368017 -12.5308728481642 -3.32080853905035 0.00176934215313886 3.25073804398417 12.2636962368081
"etap[284]" 0.0190094392061869 6.42174094791589 0.0302723771419644 0.0579014125284542 -12.4460268766713 -3.26570092625076 -0.00289118539171713 3.2827643039675 12.6975645651294
"etap[285]" 0.12241824547158 6.39142162296885 0.0301294504734907 0.0549862719063789 -12.268551074099 -3.13379614640104 0.0960975782843103 3.35924885228687 12.6740643857957
"etap[286]" -0.0663346733256941 6.35519747080768 0.0299586881825847 0.0459660686161532 -12.7134284774641 -3.22545551107591 0.0361703770849025 3.24811166729025 12.1205789719582
"etap[287]" 0.0536893707502218 6.38086076536245 0.0300796661132998 0.0553663018524432 -12.3756281537712 -3.24866345709222 0.0343776317576187 3.34241569871946 12.7203864611095
"etap[288]" 0.00415661473905218 6.41649375225805 0.0302476416244186 0.0571676259132493 -12.460637914426 -3.2507158324179 0.00468112473642412 3.30688440711261 12.495735339975
"etap[289]" 0.0424446259108218 6.30815922207866 0.0297369477515752 0.0512361537497437 -12.3343039933419 -3.24708784742773 -0.00114007114130996 3.24752539626502 12.6448619000944
"etap[290]" 0.0163498830178529 6.24539146548674 0.0294410577094018 0.0494121188165665 -12.5132412934333 -3.21258786297633 0.0435364256446633 3.28670766863686 12.3081131943736
"etap[291]" -0.0159117145174595 6.3797909340048 0.030074622879915 0.0566418527761342 -12.5979090229972 -3.30699406692789 -0.0317280858564293 3.22436665136135 12.4340255679636
"etap[292]" -0.0280034031219677 6.47881330593551 0.0305414188177909 0.0664955479435673 -12.3711259597451 -3.32338519958618 -0.0400774054336106 3.26890791710662 12.2705260706591
"etap[293]" -0.119842540949426 6.31420279431589 0.0297654374243188 0.0784245799045535 -12.5806228143373 -3.33847889691896 -0.077347542787037 3.17574310178814 12.1547115039415
"etap[294]" 0.000655513687868277 6.24563634578738 0.0294422120862095 0.0488661691469759 -12.481683366554 -3.26924771786441 -0.0072358928929737 3.27334338269265 12.3742954015602
"etap[295]" -0.100449034445355 6.31735078775144 0.0297802772076881 0.0586883135154387 -12.8220977260889 -3.32921475482751 -0.0509612089102951 3.26091288514137 12.1336939052891
"etap[296]" -0.0964911774778964 6.3152973239985 0.029770597086724 0.0541042748472894 -12.8013686699474 -3.34399346691495 -0.0312462122651087 3.23516845047034 12.0137817084214
"etap[297]" -0.0247300184555674 6.34580319571045 0.0299144031450808 0.0504492793981968 -12.7839563332105 -3.26027353842408 0.0189563434998669 3.23977603235964 12.3249470858005
"mean.p0" 1.42118234032233 0.255504410117524 0.00120445934011447 0.00750751660638549 0.919757004804382 1.25716655831642 1.42853572601656 1.58145797711026 1.93296689797434
"mumup0" 0.712427016027647 0.0642062157646543 0.000302671003743424 0.000988520852395714 0.578283749789204 0.671163457638723 0.714940998560659 0.756048324313427 0.831785155180998
"mupsi" 13.3057324880077 1.44786319353376 0.00682529254918755 0.00887962861967404 10.5683418394416 12.3208284100506 13.2845702288955 14.2545986744671 16.2539184702605
"ppo[1]" 0.787231643224063 0.0693259928941 0.000326805864586057 0.00129538268343345 0.611828803372114 0.755739400671234 0.798269687799297 0.830577584063248 0.896818106441564
"ppo[2]" 0.80582159204976 0.0619243534958329 0.000291914201849976 0.0011954023840474 0.663755489363153 0.773554235378293 0.811234473534933 0.843113955006602 0.920021782320067
"ppo[3]" 0.787063435327501 0.0686070339116737 0.000323416659440266 0.00118611127010959 0.615181898009336 0.755320793798616 0.798068272507586 0.830427536188175 0.895191671403561
"ppo[4]" 0.787218995979951 0.0700200269284126 0.000330077572399635 0.00121760694840357 0.611038335559314 0.755473219264644 0.798065934485554 0.830743358869396 0.89827188692023
"ppo[5]" 0.822870878731727 0.0600067194963246 0.000282874388484067 0.00150523571554927 0.701610854820105 0.786692175910622 0.821113290796978 0.858334578718473 0.946139724874071
"ppo[6]" 0.805399365903392 0.0623063533089524 0.000293714966238434 0.0011458022906023 0.665554903310287 0.772404756480676 0.811095848635494 0.843279586939236 0.919676194597033
"ppo[7]" 0.822427882496258 0.0606707039102259 0.000286004441028546 0.00148595017830832 0.697109510992222 0.785999873243492 0.820963654801923 0.858532679144259 0.945638042189954
"ppo[8]" 0.805935383438942 0.0619627034173561 0.000292094985113756 0.00118056080024921 0.664384660606821 0.773900081117977 0.811236677314339 0.843293037822708 0.920484725358621
"ppo[9]" 0.786479744130808 0.0695892234776279 0.000328046745456912 0.00124480942023639 0.613723518756365 0.754400854883447 0.79777672741899 0.830170929276669 0.894907431746225
"ppo[10]" 0.82310098011564 0.0606683333243916 0.000285993265979754 0.0014507799547671 0.700354623323553 0.786519346451787 0.821454477433901 0.859311620624031 0.947125834033026
"ppo[11]" 0.804691959772808 0.0627764527125957 0.00029593103607942 0.00119847371620709 0.660199048722603 0.772174723191416 0.811077728768678 0.842532458280046 0.919221435408937
"ppo[12]" 0.786958362287111 0.0693897782507225 0.000327106551640778 0.00132516175862846 0.611044592680144 0.755372420550267 0.798341459174192 0.830579249418351 0.89551632804214
"ppo[13]" 0.786456065885714 0.0699132542776526 0.000329574241296984 0.00132627976060698 0.611790354253634 0.754601175463849 0.797170648262716 0.830153492320243 0.897029329558843
"ppo[14]" 0.786926918388218 0.0692581061292964 0.000326485843307754 0.00128292464484256 0.614074070122166 0.754627940709536 0.798497782618567 0.830501658114039 0.896309789119557
"ppo[15]" 0.786703142241177 0.0704381659514038 0.000332048698657207 0.00127848851743615 0.610435077500495 0.75501954065391 0.79804594254804 0.830587552047919 0.896450189523974
"ppo[16]" 0.766225262826907 0.0824579943014364 0.000388710712890582 0.00209234482309376 0.546546181292439 0.733536952516885 0.784465872559918 0.819610421231414 0.877198893074801
"psi0" 0.999995504507412 0.0000102359498344582 0.0000000482527302655382 0.000000068437108410266 0.999974283237516 0.999995542100479 0.999998299472276 0.999999355376439 0.999999912700278
"sdeps" 0.337235090032599 0.276334420664687 0.00130265295151504 0.0124034076733268 0.00651829425579116 0.120946231891588 0.276019996313468 0.484160725282624 1.02563105751541
