"Mean" "SD" "Naive SE" "Time-series SE" "2.5%" "25%" "50%" "75%" "97.5%"
"N" 25.0246 0.181340728063662 0.000854848390127474 0.00352771097303273 25 25 25 25 25
"betapsi[1]" 0.101823485961738 2.78830323268473 0.0131441874922383 0.0197486413198753 -5.72927526458058 -1.27505320357271 0.0123453042216082 1.37796158974752 6.36816068772359
"betapsi[2]" 0.090845898852052 2.78716289261662 0.0131388118776048 0.0196963383830075 -5.76216788458708 -1.27115165346103 0.0123645660829169 1.38908223824196 6.37412288923115
"betapsi[3]" -0.440891360419374 3.38120466498229 0.0159391516479238 0.0437100201606702 -8.92989824902803 -1.66630007096985 -0.080845146874561 1.17416724114615 6.10210037492446
"betapsi[4]" 0.082840563479123 2.77545319742931 0.013083611845121 0.0186233284466881 -5.66739893995515 -1.30597250211097 0.00134824173648657 1.37882516824041 6.28421642359586
"betapsi[5]" 0.0635145660594176 2.80782351911447 0.0132362070049394 0.0194279387837841 -5.78568400330942 -1.32429108589261 0.00125276888280918 1.36312673645668 6.42625438179561
"betapsi[6]" 0.0568250918497212 2.73257164829274 0.012881466283906 0.0179079276183427 -5.61946607080678 -1.30608144912822 -0.000495203360503755 1.32464854610224 6.20267798170295
"betapsi[7]" 0.0898266214909699 2.79081406614797 0.0131560236746935 0.0196815960873132 -5.73413582430515 -1.28686454081374 0.0119588632951006 1.37627037175154 6.27280137147545
"betapsi[8]" 0.0488446238372658 2.77506257102165 0.0130817704145759 0.0189854180633246 -5.77156568202586 -1.33086308618188 -0.00435818045192294 1.33484259838819 6.24649530456565
"betapsi[9]" -0.473952467360087 3.41800662737255 0.0161126377623713 0.0471359525685707 -9.18164909879582 -1.74647589729689 -0.0852070891155741 1.18430797110458 5.99460020745299
"betapsi[10]" 0.104371806006081 2.78997148984844 0.0131520517319264 0.0189520082856159 -5.72205886558843 -1.26702820764149 0.0194785061507254 1.38177678596858 6.41161955700536
"betapsi[11]" 0.0840474127656806 2.78667921206134 0.0131365317856011 0.0191344225324977 -5.79683174336891 -1.28129576555318 0.00997410362292546 1.38332674265459 6.31050857682118
"betapsi[12]" 0.10375528684461 2.78726523130559 0.0131392943068111 0.0197160791810247 -5.68565045441597 -1.28153412659743 0.021917835841514 1.39090931037508 6.32717547731092
"betapsi[13]" 0.117212488493684 2.77126720424359 0.0130638788840035 0.0193144354679707 -5.59767614380005 -1.25525882889942 0.0287505515647668 1.40972148943023 6.31789877638957
"betapsi[14]" 0.119925031396965 2.78393229112316 0.0131235826761159 0.019443115315067 -5.71659909537094 -1.21995093347058 0.0196901765046307 1.38647108989952 6.41656449267477
"betapsi[15]" 0.0787063528815765 2.7959147386435 0.0131800684754282 0.0194273008695774 -5.74709792090577 -1.31477157178852 0.0124673144870792 1.37298596016208 6.3895592114445
"betapsi[16]" 0.100337923521606 2.79354523812331 0.0131688985428559 0.0194161607311822 -5.67455147718311 -1.28798507317276 0.0181238228506072 1.38234291472521 6.41357086294336
"etap[1]" -0.0741399782456826 5.9923891948342 0.0282483935678417 0.0630842093052203 -12.0929814977914 -3.12031193562266 -0.0671747420185143 3.03813654805193 11.8481480422646
"etap[2]" -0.127464023007829 5.81417991859488 0.0274083069831806 0.0590586011968794 -12.0940823724503 -3.10549137666576 -0.017463642604245 3.05013750554048 11.1806514237371
"etap[3]" -0.0372596619501433 5.92355690316943 0.0279239150331699 0.0616944077383255 -11.8967837271168 -3.04867713170131 0.00843067060021922 3.03238739215781 11.5534936871545
"etap[4]" 0.0264616555349189 5.77706446657683 0.0272333430644555 0.0764691193393603 -11.1630332084807 -2.988029918267 -0.00668165641018674 3.01922132676705 11.4220456023663
"etap[5]" -0.017284143534599 5.90174814007801 0.0278211075380284 0.0635243916901531 -11.6840972996866 -3.0577225767604 -0.00351015082636172 3.08292538871494 11.6141904133532
"etap[6]" -0.108119392613306 6.02812936274544 0.0284168743351136 0.0608097686042639 -12.014560841683 -3.09706226702173 -0.0312152245250774 3.03120183772731 11.3490030317695
"etap[7]" -0.0522450188717369 5.84764800388454 0.0275660770502582 0.0597097937734491 -11.7849424496204 -3.08100656676081 -0.0326781730570746 3.04001827586995 11.5379964813823
"etap[8]" 0.149967281171738 7.0434334510672 0.0332030637072386 0.132717494675268 -13.1577377915312 -4.04023233362976 0.0786520572008884 4.22146795430896 13.9350748991361
"etap[9]" 0.0954196908850477 5.69989712311231 0.0268695727187894 0.0634787993964359 -11.0569294076618 -2.99623620599055 0.000606886837591551 3.13973120108705 11.5447065031212
"etap[10]" -0.145822113940434 5.84560989756466 0.0275564693249278 0.0591248699084101 -11.8843741373827 -3.14401381515281 -0.0703660623241544 2.98353715889482 11.213820854518
"etap[11]" 0.0896643833473754 5.72919997024089 0.027007707664874 0.0589674739104057 -11.0416471885195 -2.9948735174004 0.018688959322692 3.11133440338032 11.7131171689389
"etap[12]" -0.0539550555212649 5.80860407419955 0.0273820222006287 0.0550989090286974 -12.0250457026563 -3.06615656218015 -0.00371813647644756 3.02861029477786 11.4117319032236
"etap[13]" 0.240310924872924 7.10100079250216 0.0334744387572622 0.138203502805645 -13.0774466491659 -4.01674248652515 0.101678401181823 4.26189595472529 14.2170106025134
"etap[14]" -0.0930096063932974 6.01733866856433 0.0283660065149191 0.0617926090043968 -12.0134265816551 -3.09591134382322 -0.0478162490143227 2.98768142587779 11.5236553848133
"etap[15]" -0.00834390114284208 5.89944990239079 0.0278102735416723 0.0636828893182015 -11.7325310181549 -2.98778374165686 0.00234214834389185 3.04884524067554 11.491848639976
"etap[16]" -0.0899300054559504 5.88032203635193 0.0277201039164342 0.0657251349474792 -11.9340479182107 -3.08462680154315 -0.055197346853681 2.97520764543097 11.3399841694633
"etap[17]" 0.0488645938200878 5.7307264138361 0.0270149033889891 0.0650908422038739 -11.3184808721605 -3.0409932502109 0.0190559540740565 3.06820483618125 11.4018323407651
"etap[18]" -0.0487592020100086 5.94776398792337 0.0280380283250517 0.0601504126145379 -11.8811616735102 -3.12906483443613 -0.0230915230578703 3.09844508545687 11.7264286418679
"etap[19]" -0.102473096257358 5.84988782316689 0.0275766356596128 0.0574515017972596 -11.9036132037434 -3.12921481540184 -0.0331668834933832 3.02511572259189 11.3658632135525
"etap[20]" -0.00242367785700484 5.8775109432178 0.0277068522963163 0.0590262945230722 -11.6646703060362 -3.04426975258107 0.000933873636749499 3.05632846536402 11.7300193632544
"etap[21]" 0.0544039925698473 5.65895196706221 0.0266765554021243 0.0616458395287446 -11.1678108422354 -3.00681201262118 0.0323930790319064 3.0647527286114 11.4112626428812
"etap[22]" 0.0230211156682046 5.63667318769487 0.0265715322290096 0.0593922335522884 -11.2410546493761 -3.00956648110935 0.0267176795659686 3.02868548000378 11.1612821169706
"etap[23]" 0.0312413672809534 5.71683328120687 0.0269494105336955 0.0636556663741679 -11.3087565509815 -3.05592877994587 0.0104884313558316 3.12219044997572 11.3688541909958
"etap[24]" -0.0976742701229948 5.91724641336292 0.027894167098938 0.0737742360916694 -12.2030915375293 -3.11295961737443 -0.0149374107394005 3.04625566149681 11.4062461028222
"etap[25]" -0.12788696574768 5.90831290260734 0.0278520541253708 0.062612147583047 -11.7953617011892 -3.16325505464667 -0.0658288481112628 3.02367066588398 11.3249509702425
"etap[26]" 0.0224836379677255 6.21766346586002 0.0293103466656365 0.0516750777338944 -12.4430440316969 -3.2825027243306 0.0281649074944404 3.31306816949633 12.5368404618084
"etap[27]" 0.00640722201569447 6.05660641821325 0.028551116461977 0.0433797555158156 -12.0047061571952 -3.1897561831575 -0.00398682468902968 3.20655459451787 12.0100086885764
"etap[28]" 0.0263487035309372 6.2013389957569 0.0292333923755752 0.0464295990610462 -12.2566209495885 -3.16504707618889 0.0306630046631798 3.22866601078116 12.3578812764624
"etap[29]" 0.0107601320959494 5.9902740049138 0.0282384224669336 0.0433457604655672 -11.6761643549914 -3.16693942261262 -0.00752288089846891 3.12071072436456 11.9678037234631
"etap[30]" 0.0448428105674123 6.00803860987502 0.0283221656178215 0.0389970508740675 -11.9190336614923 -3.16811831811435 0.0206836963083677 3.1816982542068 12.1628794788156
"etap[31]" -0.013925836903516 6.02274450677393 0.0283914898806258 0.0408407141881927 -12.0632756686875 -3.17414148191205 -0.0174695132919834 3.1334170482338 11.9867235686017
"etap[32]" 0.0121711447666627 6.13525724291811 0.0289218800052752 0.0495005890399796 -12.0070217958174 -3.19224884993415 0.00391338076754624 3.21055638268295 12.1235048972373
"etap[33]" -0.0707750398534147 6.10643182609397 0.0287859956872293 0.0411392353248112 -12.289915183709 -3.24745411050828 -0.0511300322948795 3.15783397121455 11.769060659578
"etap[34]" -0.0260723198424119 6.19885316284286 0.0292216740468391 0.0453704165711529 -12.2031574979615 -3.16606803256446 0.0347983693489664 3.20249611752532 11.9280820559265
"etap[35]" 0.00798411243967074 6.02786750048511 0.0284156399045802 0.0406455866996311 -11.9252839224237 -3.158989440588 0.00412477849156531 3.16580781112732 12.1793874093701
"etap[36]" 0.0357439079793746 6.29193142548873 0.0296604491848255 0.0581166711056792 -12.2254017875962 -3.22839879891902 -0.0340362497062642 3.19518570428641 12.5042978823824
"etap[37]" -0.084111664293924 6.14330062260609 0.0289597968607487 0.0511062140843257 -12.1836947365593 -3.18614778088779 -0.00751206807742301 3.14862417258688 11.7279173781732
"etap[38]" -0.0830882784727664 5.95009854654265 0.0280490335399235 0.0386028163596003 -11.9736526203483 -3.21849793233517 -0.0527005724203289 3.13210775518856 11.690323485403
"etap[39]" -0.00801810853820367 6.04842712498155 0.0285125589039141 0.0413779203958741 -12.0127542317014 -3.22809507556794 -0.0134248738221641 3.20908145007045 12.0087687563304
"etap[40]" 0.00581235214613516 6.13123561046249 0.0289029218480698 0.041413765607062 -12.068658362329 -3.13896163308822 0.0024730029266361 3.22504530131435 11.9235630714938
"etap[41]" -0.0243642054745214 6.07528948928647 0.0286391893036388 0.0449651676451414 -12.2091900680605 -3.18409030149785 -0.0281447680638832 3.13898603588639 11.9176580869944
"etap[42]" 0.00720770838281206 6.08691322707495 0.0286939841290586 0.0428986220724352 -12.0992761404099 -3.17307297161843 0.0128864355651945 3.20056944135332 12.024326119732
"etap[43]" 0.0239649400628815 6.10525025980767 0.0287804257303396 0.0497262749037619 -11.8842044739822 -3.17634635328739 0.0154151464511068 3.24730669322623 11.9879964691521
"etap[44]" -0.0358796769466503 6.06709068764339 0.0286005397820426 0.0617677607538566 -12.0794343263684 -3.2256650787487 -0.0243906336844474 3.14537729091539 11.7869873672234
"etap[45]" 0.0641657926238449 6.13806765034593 0.0289351283929426 0.0454018741564509 -12.1397557281269 -3.17038469854215 0.0659494233301185 3.25279968896986 12.2890637644582
"etap[46]" 0.0895219056840219 6.0188044375529 0.0283729162161956 0.0408637954744352 -11.7880820376914 -3.16299643440269 0.0204901892406766 3.25446423113251 12.3204499536474
"etap[47]" 0.0587656491844346 6.01793847557177 0.0283688340322682 0.0441340406309053 -11.7377379475054 -3.17383584811951 0.0158963266567069 3.26618469994077 12.2290691662547
"etap[48]" -0.0153759458103773 6.03615537521272 0.0284547093207236 0.0413077065808987 -12.0978221078907 -3.23894907383457 0.0318600494098416 3.22952010841848 11.6717348371647
"etap[49]" 0.101810385774182 5.97545861536407 0.0281685820508234 0.0446693544445675 -11.5464252914774 -3.10397122458489 0.0526801035421617 3.21296811738058 12.1853601678721
"etap[50]" -0.0368940473093724 6.07958241493505 0.0286594263492204 0.0431852498412163 -12.1754674621503 -3.24399606369331 -0.00683199930917355 3.18931700673976 11.6815011600274
"etap[51]" -0.0213340838255688 6.07565914381806 0.028640931871812 0.0478485373995744 -11.9812960386687 -3.24989703096426 -0.0726777514804944 3.1613024343803 12.0501801687645
"etap[52]" -0.0823896507071153 6.13650358060095 0.0289277552974564 0.0382044035860944 -12.4527695153459 -3.25510513509275 -0.0331711618209933 3.2068353668476 11.729919267006
"etap[53]" 0.0231194141794687 6.12482956563675 0.0288727234631573 0.041682278608556 -12.0200056839516 -3.20054400727572 -0.0118515590205925 3.1755869739564 12.2843663445241
"etap[54]" 0.027742830659711 6.08052255304159 0.0286638582027563 0.0399530674440004 -11.9060484919912 -3.17566676434724 0.0086875642496684 3.17414598178355 12.3069401755373
"etap[55]" 0.0400070197288777 5.9071525844906 0.027846584333313 0.0406466266405227 -11.7787135368811 -3.1626567760708 0.0469642287873954 3.18811221871798 12.0043290759175
"etap[56]" -0.0695342008872658 6.12405264301405 0.0288690610147909 0.0443833084852055 -12.1431018016505 -3.23052528475995 -0.0182586620444007 3.16881621274803 11.7979230434038
"etap[57]" 0.0165751527745856 6.01779996729221 0.0283681810979767 0.0412755318392538 -11.9887484977477 -3.18557502267553 0.0369273686178485 3.2407937391121 11.8169679708847
"etap[58]" -0.0420844601315616 6.14252403107097 0.0289561359731441 0.049034923880623 -12.219825113816 -3.20087090198191 0.0256374880791207 3.16112650559802 11.8303132418826
"etap[59]" 0.0636450894217109 6.0183312848958 0.0283706857531798 0.0412014266938104 -11.7150762807856 -3.19488045273689 0.00337384546289967 3.22319866814389 12.2393302911685
"etap[60]" -0.0209765378328506 6.09781274097859 0.0287453649303446 0.0416397820221029 -12.193495039533 -3.18167164030663 -0.0329333826487002 3.14728855300006 12.0509503513754
"etap[61]" -0.0595149329708011 6.03918157231284 0.0284689749506616 0.0416756434608381 -12.2769054491318 -3.2091610908114 0.00595870065677579 3.17273388148101 11.7660551720841
"etap[62]" -0.0172153569572928 6.08797789270586 0.028699003010974 0.0476393394518844 -12.1420990392191 -3.20935261155609 0.00323547648816205 3.19959042782343 12.0633944591282
"etap[63]" 0.00127970627414712 6.12821766484984 0.0288886951160167 0.0463516163915755 -12.1134123507554 -3.24130708808426 0.00571027138623201 3.20464690869939 12.154756707931
"etap[64]" 0.0456867572140313 6.1581163994552 0.0290296391026057 0.0522174025238444 -11.9637525350206 -3.14512307775816 0.0199424534172445 3.1946554594685 12.2396673779826
"etap[65]" -0.0406874774806425 5.99031672459214 0.0282386238494286 0.0387260080607296 -11.9931542866309 -3.16935459214262 -0.00988334184875391 3.09297559500809 11.7566191619656
"etap[66]" -0.05144103411766 6.07839627927407 0.0286538348520918 0.0450964802315885 -12.2518477269745 -3.23645149563774 -0.0372219623482317 3.12354714011251 11.8774697661285
"etap[67]" -0.0609976474359852 6.05829426423618 0.0285590730444331 0.0427093472751689 -12.1063192194205 -3.23436777412423 -0.0103585065238283 3.16363136484326 11.8055090165793
"etap[68]" 0.0194409011257283 6.10468600013163 0.0287777657847177 0.0532824653768146 -12.0824154798792 -3.16102331593701 0.00360550049029032 3.1689082505764 12.1648641356976
"etap[69]" 0.0633075542544856 6.10657940227922 0.0287866913680382 0.0565290357115922 -11.6458822476515 -3.1444639466298 0.00570852600201757 3.19084938855484 12.0154840359073
"etap[70]" 0.00436462761247726 6.09258776072424 0.0287207341372152 0.044314593353765 -12.0851204230286 -3.20521703203628 -0.0147003568678367 3.22164211474151 12.1756831020707
"etap[71]" -0.0586017293850021 6.20733344703573 0.0292616504899002 0.0406639134949323 -12.3500926504105 -3.25302405762991 -0.0298937850147959 3.17515574608129 12.0746209671381
"etap[72]" -0.0261049662441398 6.07798857152623 0.0286519128993369 0.0453789427965881 -12.000268831234 -3.23572921681911 -0.00497924546915804 3.16362163930643 11.6804427386967
"etap[73]" 0.027201879910493 6.15334277821741 0.0290071360362853 0.0500052466905132 -12.0216014661835 -3.14010290906474 0.0436630059488163 3.19330304551158 11.9137690171003
"etap[74]" -0.0395025230212061 5.95135744483229 0.028054968043373 0.0434114347659458 -11.7957738316798 -3.21231813176791 -0.027486958450235 3.09603514958548 11.8789595368396
"etap[75]" 0.0606869240480497 6.11397042092906 0.0288215329640861 0.0539857551174952 -11.9684499360975 -3.15613234353299 0.0430212052780534 3.25453994502501 12.1503466310447
"etap[76]" 0.0394795947520225 6.11539110647567 0.028828230139979 0.0446579892586394 -12.1029996791799 -3.163043754185 0.0400440979957664 3.26544551299048 12.2328271026387
"etap[77]" -0.0287631861477689 6.04319391197778 0.0284878893012317 0.0407609083692707 -12.0921374909204 -3.20274911668459 -0.00135787895467983 3.16671775675 11.9745412129178
"etap[78]" 0.0804364186763605 5.95618640574989 0.0280777319834458 0.0405143962964749 -11.7280475617917 -3.12591236900952 0.0513003102098998 3.22804895709038 12.052467376023
"etap[79]" -0.0413410973287549 6.14047911606887 0.0289464961513778 0.0531335593901195 -12.2730903446231 -3.1933415912258 -0.0330167510942527 3.19229964170049 11.9725399402165
"etap[80]" 0.0462184946794769 6.08430099888834 0.0286816699672935 0.0498030308968864 -11.8106032107502 -3.14633024886258 0.0446208284437586 3.23361138414665 12.1852608230705
"etap[81]" -0.101115359089418 6.15295163941093 0.029005292190269 0.0496393322164542 -12.3098512740669 -3.24834707990541 -0.0610595667706079 3.17656141514887 11.9469744531572
"etap[82]" -0.0276236101480692 6.25615868798625 0.0294918148830281 0.0496140792566084 -12.2560824842772 -3.21121745761929 0.0046874633251241 3.22835107093627 12.0368580625728
"etap[83]" 0.0754585783468034 6.22011773170213 0.0293219161857684 0.0541560383146865 -11.944592977478 -3.16745651266327 0.0551789672125208 3.25162750425588 12.0641481937027
"etap[84]" -0.0243090901985623 6.03768025401544 0.0284618976683362 0.0429850369656942 -11.9921511885709 -3.22975981203922 0.00738375363022221 3.1247594442433 12.0652317877637
"etap[85]" -0.0478651432892994 6.14452208426504 0.0289655548862287 0.0429210072309776 -12.303605324429 -3.21996610807001 -0.0622072377929427 3.10076313992241 12.1002853654334
"etap[86]" -0.000875474680548081 6.02004556374 0.0283787669411503 0.0382878571944576 -12.1512424001637 -3.19758767047663 -0.00218513357927205 3.21996489404977 12.063218175797
"etap[87]" -0.00931850528722448 6.16427311519956 0.0290586621389569 0.0561929371551198 -12.3353403398484 -3.20046016629049 0.0240633835986777 3.21693376839449 11.9862441668133
"etap[88]" 0.00095823395358063 6.02702639028391 0.0284116748730669 0.0446113642826206 -11.9945930365869 -3.19659296096023 -0.0194383181516032 3.15110789548369 12.1042845581813
"etap[89]" -0.0534834593288397 6.11117143685262 0.0288083384266135 0.0437732958322745 -12.1511501084181 -3.19772610326345 -0.0581787016793312 3.13400509676664 12.1608499889708
"etap[90]" -0.0621259616236407 6.14955046930789 0.0289892589206435 0.0445824156900476 -12.2095901922097 -3.23755565853895 0.00986277169352051 3.2225661926016 11.7378925598911
"etap[91]" 0.0539193742769024 6.12750221557167 0.0288853224557755 0.043653157971261 -12.1544790945797 -3.16417036664182 0.0649697763544828 3.26388852268201 12.1476095039078
"etap[92]" 0.0979899289660983 6.15472332423318 0.0290136439926153 0.043972601531039 -11.9726521648847 -3.1545082995229 0.0417797256901662 3.25776509739022 12.3719530736995
"etap[93]" -0.0256454652611086 6.14010838929132 0.0289447485285887 0.0426586754857449 -12.2134360918086 -3.2201320423456 -0.0283727928478899 3.20062214010321 12.1050966893849
"etap[94]" 0.0545833047809121 6.06598656207294 0.0285953348841883 0.0398936807769966 -11.9099529368859 -3.18370474054473 0.0362370642844057 3.25003285543112 12.1782596874311
"etap[95]" 0.104325832967962 6.03048328147946 0.0284279708144415 0.0497975599879417 -11.6054136522957 -3.15018487666546 0.0376095050162844 3.23669378542697 12.3043014839026
"etap[96]" 0.0273019238698201 6.11790179070644 0.0288400656189456 0.0399667098066544 -11.7726734147684 -3.19687726116802 0.0289188608972495 3.2281326856148 11.9504952674978
"etap[97]" 0.114619570419636 6.24917910713909 0.0294589128233823 0.0619472923271479 -11.8913924128858 -3.1702224971731 0.0278853017625712 3.23867733334898 12.1542448000884
"etap[98]" -0.00409415870683198 6.04437300685121 0.0284934476077694 0.0416099970545548 -12.0014962967965 -3.18235783504033 0.0124573649407563 3.15489376784051 12.0731617219571
"etap[99]" 0.0382223694095284 6.03565975059846 0.0284523729238858 0.0416714965433164 -11.9670216461313 -3.18680765770989 -0.00416015311751675 3.21758181672283 12.2615737114759
"etap[100]" -0.0389920619283623 6.11991570051189 0.0288495592808132 0.0493821644164104 -12.2158895617188 -3.20412180120247 -0.0183969018989123 3.18050839388519 12.1204943719801
"etap[101]" 0.107971678722762 6.00112011641514 0.028289551526881 0.0447659159908937 -11.7537697804409 -3.14137626814354 0.0607556449099496 3.29951886041345 12.3259924140326
"etap[102]" -0.0569647857194521 6.02620255733798 0.028407791287316 0.0459362907545241 -12.0554513400198 -3.17060679682942 -0.00445488949116978 3.13259673246333 11.8110597608506
"etap[103]" -0.00206318377660608 6.01114055430169 0.0283367883240812 0.0464688513937509 -11.7793683741382 -3.19875832360793 0.0522917398562822 3.20076343296217 11.8151282026664
"etap[104]" 0.0393720712212114 6.10055712352756 0.0287583020737482 0.0521665364089152 -12.0479881505358 -3.2312802004438 0.00829529094830487 3.22744203964037 12.3154067673814
"etap[105]" -0.0788381899222354 6.03119930987304 0.028431346204659 0.0433305959608438 -12.3555022547238 -3.19644891153697 -0.0427803437354106 3.10671675887786 11.6234356670576
"etap[106]" -0.033718672557498 6.16045891959052 0.029040681848424 0.040025091878355 -12.2934505461277 -3.21336844363258 -0.0374121137474945 3.17278319393588 11.9786932296776
"etap[107]" -0.00901400597825138 6.04835966352218 0.0285122408875448 0.0469295112716633 -12.0395916071159 -3.17985856010475 0.0235034157416912 3.15507523643566 11.8182310513641
"etap[108]" 0.0308208531923022 6.10262563052185 0.0287680531092322 0.0389470401016282 -11.9798981078023 -3.18297130954207 0.0510623475049977 3.26134794860462 12.0118137351193
"etap[109]" -0.0427742014723876 6.02339420709188 0.0283945525972963 0.04477628993036 -12.0725329522661 -3.24231163742017 -0.0168457783220042 3.17924957117871 11.931249230308
"etap[110]" -0.0568231805631149 6.04980627539097 0.0285190602812926 0.0449222885387496 -12.277869147742 -3.20883673429339 -0.00553152201174493 3.14345972911235 11.9556940030902
"etap[111]" -0.0320721631694926 6.14133865096936 0.0289505480377565 0.0508533000721584 -12.217215762681 -3.19799401665256 0.00479421813088879 3.23783752286944 11.8334085720104
"etap[112]" -0.0937524775952581 6.02723667698115 0.0284126661740643 0.042422119864743 -12.0453967396338 -3.25963335828183 -0.0728330577283839 3.11380039372966 11.7634918404338
"etap[113]" -0.0441788729494565 6.13901771613188 0.028939607046008 0.051141063164273 -12.1020751135788 -3.21163497126028 -0.0205078108126646 3.18239282624689 11.8631603135009
"etap[114]" 0.0421825086028829 6.01689836285425 0.0283639308938965 0.0431071273800549 -11.917218125252 -3.22883749222422 -0.0085840221190332 3.24488086792457 12.3609255774272
"etap[115]" -0.0132914890464508 6.0623752685581 0.0285783110833003 0.0555725164843137 -12.0413088139518 -3.2137623117463 -0.0487242776317374 3.16865991006565 12.113946153253
"etap[116]" -0.0860477778361193 6.20722167039954 0.029261123569784 0.0529307892058065 -12.2798694809156 -3.23129631573522 -0.0219951213078818 3.19363349064111 11.8024421287914
"etap[117]" -0.0369070323725605 6.08915267669812 0.028704540995823 0.0476542854317978 -12.1228757510455 -3.16411627690421 0.0173588817735254 3.16913419659483 11.8652158141438
"etap[118]" -0.00498860559501813 6.16553165492033 0.0290645949520965 0.0453478726636086 -11.9269479749303 -3.21626808561516 -0.019367556255691 3.20901339164577 11.9113989236078
"etap[119]" -0.0384834024115756 6.10670620276506 0.0287872891112608 0.0499161954497468 -12.1841730521535 -3.30684326262472 -0.0343888246336289 3.19240236919952 12.1315314040747
"etap[120]" -0.0284053941129513 5.94685594266448 0.0280337477586505 0.0420473338852293 -11.7370957740213 -3.22868632995903 -0.0441297091968802 3.11852648216894 11.6705529659443
"etap[121]" -0.0531088728884086 6.04404569059321 0.0284919046241319 0.0454087740782815 -12.1124402834494 -3.23924766530271 -0.0227571901305119 3.14824230363213 11.8144218140564
"etap[122]" -0.0626036151182286 6.0400627992957 0.0284731290944973 0.048958401694619 -11.9010863009058 -3.26994267747781 -0.0542451308737945 3.12148215836109 11.7594460767835
"etap[123]" 0.0792571369612191 6.05304704638992 0.0285343374222901 0.044676739509184 -11.8697837409945 -3.14833412311173 0.0396133693558772 3.23195668446764 12.0440693882723
"etap[124]" -0.0587635751351613 6.02982300417273 0.0284248582373678 0.0369600555771456 -12.1508118851865 -3.22159249559365 -0.0284930359908589 3.13889635235659 11.8138718754289
"etap[125]" -0.0200008758436739 6.06976755444544 0.0286131586531631 0.045331966895713 -12.0142214062801 -3.19643284663767 -0.00462016311865795 3.18372284305868 11.9998237893429
"etap[126]" 0.0309669001497525 6.06198688318249 0.0285764802170816 0.0422920991210307 -11.8960295321711 -3.17442769962652 0.0354270477098078 3.18293251137206 12.0357255057178
"etap[127]" 0.00197369560159991 5.97738240441679 0.0281776508793884 0.0392404191310583 -11.9361954428925 -3.1306619019464 0.0176563932699093 3.16392041409123 11.9758025158215
"etap[128]" -0.0144625067497743 6.10192867272016 0.028764767618647 0.0502987625091344 -12.0082146136933 -3.17611285816763 -0.0320962464886926 3.11943617925269 11.9983232131834
"etap[129]" -0.0394906054340171 6.01428405130823 0.028351606911081 0.048871777724736 -11.9202334089598 -3.25153358480601 -0.0426362157735608 3.15663187158243 11.9817889118082
"etap[130]" 0.0434138479205202 6.07945763089518 0.0286588381116152 0.041889156013097 -11.7090522473791 -3.20909864820667 -0.0117963383628902 3.21197525993364 12.2931334367207
"etap[131]" -0.0476543128451749 6.15753190622178 0.0290268837750796 0.0592124240441419 -11.99361227621 -3.24269190339182 -0.00855992509407843 3.25356061545106 11.7025932151311
"etap[132]" 0.0509664932235669 6.10048856605116 0.0287579788907052 0.0429582192836677 -11.912815048539 -3.15796100354122 0.0321963582898436 3.2171206549734 11.9709707983122
"etap[133]" -0.011436525855523 6.03851554876602 0.0284658352855524 0.0406986959485844 -12.0713945464022 -3.21648165214313 -0.0152227202369306 3.19459480518718 12.106229368298
"etap[134]" 0.0462075807399624 5.99506557653698 0.0282610101521822 0.041921271230201 -11.9442858540683 -3.11840577626313 0.0168986906026368 3.22062177353326 11.9036200981882
"etap[135]" 0.0134896035256896 6.07219256161043 0.0286245902465683 0.0442428257389711 -12.0470378803244 -3.19392083005668 0.0423727242086783 3.21438164730136 11.6473674895828
"etap[136]" 0.0264409642650094 5.94123077738589 0.0280072304752252 0.0422038774876493 -11.8985482974598 -3.18732066054398 0.00453230701324721 3.17031393337639 12.0405100047298
"etap[137]" -0.0452898281560537 6.03424569501085 0.0284457070019193 0.0388904048446997 -11.9563311003955 -3.23838318500308 -0.0466878287647867 3.14561772856484 11.7613843023667
"etap[138]" 0.00687094099284287 6.09256070623576 0.0287206066011334 0.0437151527941736 -11.8957743844621 -3.20981915058492 -0.0191166572958627 3.18553119264564 12.1001664706503
"etap[139]" -0.0500387470395427 6.24727814737266 0.029449951613105 0.0547491267226491 -12.129941138348 -3.19689945881232 0.00459777689531953 3.20499191482448 11.8126171012091
"etap[140]" -0.00817710437767008 6.00567965150639 0.0283110453814282 0.0406830141294805 -12.0587328051349 -3.18353929506423 -0.0027605189799115 3.19270838908327 11.9399017090108
"etap[141]" -0.0151955859438173 6.0569462855547 0.0285527186119893 0.0442990130254571 -12.0928200548706 -3.26175432901543 -0.0185055401841171 3.19069105580314 12.1233455894424
"etap[142]" 0.0159408707165947 5.97024404372529 0.0281440003243783 0.0400750758757089 -11.7772236361351 -3.13006171032631 0.00931336357824859 3.15431791638067 11.9358206213339
"etap[143]" -0.042118544628525 6.08313304621501 0.0286761641855907 0.0438238695435597 -12.3021530142168 -3.21145704557468 -0.0319825868160227 3.19423129259544 11.8374760409923
"etap[144]" 0.056242486403573 6.13077813347306 0.02890076528086 0.0496665323033046 -12.0084112266124 -3.1607880182432 0.0384346821933292 3.2104337220449 12.4246485361813
"etap[145]" 0.0526261494551842 6.11466127304338 0.0288247896721849 0.0423339215689151 -11.9670880835362 -3.18873159234848 0.044463385310696 3.25579865175293 12.2807528690963
"etap[146]" -0.00979153607085567 6.09255591133228 0.0287205839977416 0.0457150858548804 -11.978264026093 -3.26651541743266 -0.00896525343777911 3.16716551793097 12.0578021752523
"etap[147]" -0.0558726444013647 5.97689003506912 0.0281753298280245 0.0438914074334984 -12.0986304255587 -3.21152462210376 -0.0628010368384421 3.16335175903799 11.8660510168815
"etap[148]" 0.00816665600998098 6.05579499295798 0.0285472913666409 0.0453631436073659 -11.9266387825584 -3.13917576494975 -0.000400878430202302 3.17718607356122 11.9265611326319
"etap[149]" -0.0219329874929723 6.09076792058953 0.0287121553285489 0.0405162109302351 -12.0249224951294 -3.22716454438757 -0.0298652104782697 3.21123896821772 11.9710172876022
"etap[150]" 0.0196869848406101 5.97832567362624 0.028182097493085 0.0374890862893852 -12.1129544663073 -3.12921745277676 0.0269169208297437 3.19477093966015 11.8673611917509
"etap[151]" 0.0100856210932469 6.09100379084083 0.0287132672315768 0.0447467779382682 -12.0258681994597 -3.2087531891899 -0.0149945342607091 3.19706846879551 12.2575873476116
"etap[152]" -0.0165950637806547 6.15016021317856 0.0289921332808151 0.0451817862394156 -12.2488452833999 -3.23872067957934 -0.018616374468655 3.18444077766666 12.1870422924406
"etap[153]" -0.0610596936696636 6.10755886930675 0.0287913086198856 0.0573259413627803 -12.3353010307883 -3.15460812763127 0.00169764064660238 3.12975344247716 11.9364625616785
"etap[154]" 0.045706840347189 6.06992432654947 0.0286138976839488 0.0447353801125067 -11.7781444659524 -3.15758034620902 0.00147677578026482 3.15657823986388 12.0915437515071
"etap[155]" -0.0475430069157319 6.02316173685968 0.0283934567221122 0.0399641366585157 -12.1932009992452 -3.28877180653023 -0.0208327593989868 3.20145829190509 11.9727328138952
"etap[156]" -0.0900142716539281 6.15878217223818 0.0290327775856029 0.0465443768775876 -12.3448554520835 -3.19621342516422 -0.0305289087088524 3.17399769400153 11.7406261617543
"etap[157]" -0.0752298681461876 6.07492201006195 0.0286374569899614 0.0411853709683045 -12.268062474391 -3.28211606664927 -0.0204244992641594 3.11270638518378 11.8779924097098
"etap[158]" -0.0426340412683146 5.98741611753568 0.028224950256634 0.0460858179166997 -12.0079970651625 -3.16755709815429 -0.0132757373017027 3.10390437651916 11.675168483034
"etap[159]" -0.00780038089101685 6.12582010987769 0.0288773929334896 0.050335616851955 -12.2609880162618 -3.20684193834406 -0.00292255255274492 3.19234933296207 12.2209458255007
"etap[160]" 0.0161398828715877 6.00352104371031 0.0283008696066913 0.0409843620594414 -11.9569882330953 -3.12909057386999 0.0107620697343978 3.21712855833657 11.8473189253171
"etap[161]" 0.0886939686708661 6.2197532162311 0.029320197843359 0.0533197160172844 -11.9961784789459 -3.14065040695477 0.0506623135658383 3.24947043052197 12.2750366935764
"etap[162]" -0.00262957954115125 5.98977096385696 0.0282360511086502 0.0458413056266127 -12.107809605278 -3.16361134630719 0.0190712727483948 3.18851593067682 11.8133333224501
"etap[163]" 0.0373908910103181 6.07902695518852 0.0286568078868641 0.0469282375525962 -11.9644923612848 -3.18789420987867 0.0121748515617311 3.17548061682115 12.0914789261639
"etap[164]" -0.00991138945678409 6.07360226315487 0.0286312356433785 0.0410101448789164 -12.1903409706787 -3.18323116348934 -0.0276979159568628 3.18876120924492 12.2494694477258
"etap[165]" 0.0764666773678739 6.03931069108453 0.0284695836223886 0.0386638571175036 -11.9202778008816 -3.15012271017572 0.0597993416973314 3.21368301006582 12.3380904162484
"etap[166]" -0.00449255988735015 6.09470127181166 0.0287306973240287 0.0453523434512216 -12.1380120414247 -3.20694336673495 -0.0274197258944833 3.16693662618126 12.09140371259
"etap[167]" -0.0854964839843671 6.11089431767855 0.028807032074299 0.0414434153378419 -12.3069939274483 -3.22238970736364 -0.0454839697653531 3.13310879971548 11.9675172332132
"etap[168]" -0.0634355490519474 6.01090092089109 0.0283356586813504 0.0499068657256633 -12.1611010704821 -3.2165239079081 -0.0317594113809269 3.15514026760278 11.941497772859
"etap[169]" -0.0716945721916904 6.15698215854867 0.0290242922396957 0.0404530011925635 -12.1876776056225 -3.27175080161641 -0.0254825545797592 3.15412402758377 12.045591968532
"etap[170]" -0.0623134332015313 5.96290363926705 0.0281093973259178 0.0451879076209747 -12.0431651977021 -3.22874086583635 -0.0447033823273405 3.14818077919152 11.6630762201147
"etap[171]" 0.0327541403502393 6.05794571810112 0.0285574299821954 0.0482806296484981 -11.950724918831 -3.19361047182623 0.0444263353358903 3.23422319257441 12.0360293383436
"etap[172]" -0.0162378492009347 6.07038727402144 0.0286160800392605 0.0416827042081899 -12.2673230696429 -3.20176271050387 -0.0357299102093624 3.21030648780295 12.125912231646
"etap[173]" 0.028238342987072 6.09052227879552 0.0287109973620271 0.0490799006448572 -11.9168927172996 -3.1379726191281 0.0148685618707891 3.20692963610542 12.1283877182911
"etap[174]" 0.0909120830835735 5.99183341564631 0.0282457735996244 0.0425498126763491 -11.6710149898619 -3.16340605235844 0.0260143176456343 3.19879900917798 12.3085417976077
"etap[175]" -0.0497449730548271 6.02382533609683 0.028396584958916 0.0444395523108579 -12.1152775017235 -3.21976552901381 -0.0155879509945538 3.16427061089998 11.8197179944535
"etap[176]" 0.0349938175193665 6.21434127498788 0.0292946857076759 0.0454055394236922 -12.167075114791 -3.19226990209463 0.0153702223458399 3.232433410536 12.1820264368391
"etap[177]" 0.00879122160425177 6.03723988094146 0.0284598217297571 0.0432382365546054 -11.9949875942195 -3.18112252807286 0.01881840497836 3.23547530718664 11.7867716808209
"etap[178]" 0.0199772267025283 6.07371592044189 0.0286317714289677 0.04542424176546 -12.1973704874833 -3.1748115179262 0.0244867433021465 3.27861678659838 12.0999061840508
"etap[179]" -0.027581842676262 5.96285837616591 0.0281091839536128 0.0387423396247992 -12.0564301518427 -3.16495059229499 -0.0139033294740852 3.17318665248228 11.6793556317139
"etap[180]" -0.00807580010685285 6.04756226463588 0.028508481913146 0.0409773399412886 -12.0559235562448 -3.21491034688829 -0.0392981053953806 3.17201271452799 12.0863359454794
"etap[181]" -0.0215576208976832 6.04783873481002 0.0285097852060456 0.0403864002456 -12.1851088924948 -3.19118837154257 -0.0369578504575885 3.17261788765232 12.1876872523431
"etap[182]" 0.0320805641882646 5.94214814505408 0.0280115549878854 0.0442031558113163 -11.8621752629267 -3.08089510403768 0.0285998956708507 3.18092546840522 11.7241598263528
"etap[183]" 0.0272342937313829 5.99382930305587 0.028255182303103 0.0475468224216596 -11.7788893522072 -3.19492803461936 -0.00829478704913113 3.15011805952661 12.0250314728229
"etap[184]" -0.018213650612442 6.02999935226272 0.0284256895502364 0.0392523067564515 -11.9784180570642 -3.21512558899391 -0.00365497724100197 3.23676696711816 12.0216381525875
"etap[185]" 0.0116290977940113 6.20189813719824 0.0292360281936073 0.0446070903925191 -12.4411150123238 -3.11197379060462 0.0307079073249374 3.21206144147973 12.181016931496
"etap[186]" -0.0401717676875782 6.2726258935464 0.0295694420344866 0.048773726077618 -12.3228547551056 -3.22692338655184 -0.0416528560189246 3.16936601964649 12.1118403557017
"etap[187]" 0.0207497963890423 6.18628959515846 0.0291624488208022 0.0480708993488039 -12.1553329887154 -3.17870903677172 0.0434799748797969 3.23257111933405 12.2606904398892
"etap[188]" -0.0171191458579697 5.95808225936898 0.0280866691231138 0.049562716806015 -11.9132259947243 -3.15861147762951 0.0199069678954976 3.20359598173253 11.7192807110289
"etap[189]" -0.0472854316078123 6.08273226307682 0.0286742748757588 0.042927886817714 -11.9411174810384 -3.20930187243907 -0.0562441527488177 3.16447554731024 11.8670338311263
"etap[190]" 0.0111264487076436 6.01738912062604 0.0283662443482189 0.0475186778035468 -11.9676114919082 -3.15596873411369 0.0114906943963387 3.19575621456333 12.047756859892
"etap[191]" 0.0389187714895696 6.04719987243666 0.0285067735799359 0.0407067023120828 -11.7211363489561 -3.16058825202121 0.0148982677158548 3.18100183954475 12.1846002829696
"etap[192]" 0.0295812494989386 6.20018288700215 0.02922794242664 0.047946453035794 -11.979611250195 -3.22626983684688 0.0088812387668411 3.17511224771484 12.1093357332038
"etap[193]" -0.0568235334137105 6.00378207675819 0.0283021001282798 0.0391727223986588 -12.1026023606728 -3.25011561322939 -0.0651766082027067 3.15215780502978 11.8832992020156
"etap[194]" 0.0148296315171059 6.10807266799634 0.0287937306901361 0.0468425895550783 -12.0534344917038 -3.16814920648494 0.0282603429003741 3.23244905941446 12.1903558195338
"etap[195]" 0.0762693970920044 6.15650972515332 0.0290220651673123 0.0435297256471164 -11.9920207262571 -3.17035288235979 0.0382133771570173 3.26910575442109 12.3350295626142
"etap[196]" 0.0539425137708873 5.91660564835045 0.0278911465037015 0.0415299141804255 -11.7108804546309 -3.11826764004981 0.027970562182092 3.20759008523092 12.015645933723
"etap[197]" 0.0221517373308151 6.06682719235089 0.0285992976533217 0.0409352878000339 -11.969615004429 -3.15889104532566 -0.00955162326262298 3.16283022843282 12.1405175904151
"etap[198]" 0.023614209454503 6.04882371022162 0.0285144284246645 0.0446894577396338 -12.0490100026265 -3.14134191765083 0.00763772745800206 3.18589351495493 11.9745780857354
"etap[199]" 0.0230508148631903 6.23902029169445 0.0294110237081175 0.0525858688335955 -12.0928318531445 -3.17835438814486 -0.00162110720852776 3.1854433811873 12.2109564929961
"etap[200]" -0.0958334212443467 6.23818443312836 0.0294070834330495 0.0611648419792708 -12.3525067245861 -3.22383654952582 -0.0346960085469601 3.11549024113918 11.9594634906479
"etap[201]" 0.00367916153948194 6.09644205237498 0.0287389034423012 0.0496161863220596 -11.9879602250425 -3.20705271294289 -0.0235045757383046 3.16251224318683 12.2022442611241
"etap[202]" 0.185424474525422 6.35644786708871 0.0299645826071813 0.0740209161492761 -11.6853408544364 -3.09815102661007 0.064013215201078 3.28782828593646 12.4606764068365
"etap[203]" 0.0127044028136563 5.95435578908871 0.0280691023737467 0.0404885348510684 -11.964146106472 -3.14032149707397 0.0212129246439102 3.15384178406748 12.0846384382353
"etap[204]" -0.0361386877643071 6.04922852043697 0.0285163367183203 0.0579538217529106 -11.8837391912829 -3.19021287613805 -0.0557631568782007 3.107434505893 12.030833604187
"etap[205]" 0.0583206687846117 6.13891151866427 0.0289391064263447 0.0439950568249709 -11.8312815919823 -3.16641761042974 0.0173428524997508 3.21035924288026 12.256186364714
"etap[206]" -0.153532639914983 6.09185111853449 0.0287172615726306 0.0436271242578698 -12.5841678827019 -3.27236394303772 -0.0723276796709331 3.12098901262038 11.663015971797
"etap[207]" 0.0492916270203579 5.98885432336501 0.0282317300239318 0.0450350554259407 -11.691322037451 -3.14923571323205 -0.00558447293712353 3.21553391876714 12.0614421942512
"etap[208]" -0.0828049843827863 6.04340987952134 0.0284889073819954 0.0487860235923705 -12.3492270487762 -3.18300947995804 -0.0138767636378842 3.11273696685071 11.8109315470139
"etap[209]" 0.0565709876587379 6.16995198358061 0.0290854325812349 0.0453317196108738 -11.9175667614572 -3.18690388926023 0.0149933178922098 3.21812579853936 12.1266816873959
"etap[210]" 0.0714343258233401 6.01305564128049 0.0283458161306764 0.044679783280041 -11.7125843884899 -3.1942966925078 0.00884105723944123 3.22130492918326 12.1014229756021
"etap[211]" 0.0278283543725474 6.02512509877447 0.028402712098938 0.0414935169466119 -12.136369185791 -3.11896134385136 0.0431733240563046 3.18190521803938 12.1132906150834
"etap[212]" 0.0163610535049729 6.20818635555503 0.0292656711392184 0.0487048822331304 -12.1649202749295 -3.25400410782991 -0.0177852788986316 3.18289634682803 12.3122707398861
"etap[213]" -0.034481254152038 6.04464551773711 0.0284947322364052 0.0433918881325756 -12.0302406517946 -3.22172383026179 -0.017143919742147 3.15302773141081 11.9072871333396
"etap[214]" 0.00846571494042854 6.06506191880998 0.0285909760740455 0.0568774252535252 -11.9631819048716 -3.17513145344665 -0.0210293509292845 3.15014949783552 11.9594518246048
"etap[215]" 0.00537955337565944 6.1627929840137 0.0290516847336331 0.0425531146054461 -12.0578461481294 -3.16446319251048 -0.00828048608463557 3.20097720288361 12.0461952906979
"etap[216]" 0.0771062089645151 6.13261147238329 0.0289094077233643 0.0485209293095516 -11.8989646936554 -3.16104102559958 0.0298312287609978 3.22602236197778 12.405020687693
"etap[217]" 0.0178733483972161 6.1067973064775 0.0287877185782799 0.0484004042490886 -12.1468192256409 -3.19651749918218 -0.0158793658583979 3.20608794555943 12.1485622880434
"etap[218]" -0.00614060231753779 6.01194232202393 0.0283405678933701 0.0502356388001755 -11.961842820832 -3.1637746522702 0.0171972978525562 3.13783691386867 11.7660952024881
"etap[219]" -0.00295853414183828 6.10892035571291 0.0287977267283542 0.0517475874616175 -11.8741114618804 -3.20437958242826 0.000179395125006287 3.19323628477507 11.8950832560129
"etap[220]" -0.0373626438862071 6.08165054409865 0.0286691756035934 0.050102317076693 -12.2701642804288 -3.18916201561232 -0.0139111923796366 3.16588359939372 11.9796709249294
"etap[221]" -0.0175613840632696 6.11342005316906 0.0288189385055844 0.0436976729852503 -11.9108082770398 -3.25098130452517 -0.0304968189514712 3.15082317300178 12.0197679026716
"etap[222]" 0.0178055806446379 6.18779421254075 0.0291695416551629 0.05380717056647 -11.8605114819165 -3.12865753567852 0.0251502641799269 3.18313989190813 12.0147481407174
"etap[223]" 0.0146042709828114 6.07224347532114 0.0286248302561023 0.043381579746693 -12.1176953661695 -3.22732250993291 0.00968206885688583 3.19446777369981 12.0218277542157
"etap[224]" 0.00369175495385845 6.09963316309842 0.028753946482515 0.0443044158803819 -11.9714572131735 -3.17283859915117 0.0202765973827824 3.17760830282879 12.1051770696737
"etap[225]" -0.0882738061757141 6.02571858004232 0.0284055097964647 0.043638732433949 -12.177298902585 -3.25703095742196 -0.0434211413087427 3.15813033293821 11.840506342611
"etap[226]" 0.00296182514321557 6.11147706510651 0.0288097791720191 0.0494182774028093 -12.0808431980494 -3.17555861130127 -0.0239151202959711 3.19234966793967 12.2298799701687
"etap[227]" -0.0389128118965135 6.02203456900205 0.0283881432018744 0.0424853275571833 -12.2966800312853 -3.22235194696922 0.00146948981432032 3.2087713922271 12.0994863605578
"etap[228]" 0.00213168807477858 6.06799170058794 0.0286047871977961 0.0408223153495648 -11.9807130196168 -3.25466483173026 -0.0100501833915593 3.202757212689 12.0504486835603
"etap[229]" -0.00547149230776379 6.08711810450097 0.0286949499305069 0.0393787383177277 -11.924437368646 -3.23535585823809 -0.0363937846467862 3.21063156369044 12.2918573070827
"etap[230]" -0.020738220554889 6.03589327365008 0.0284534737621083 0.0412684158940563 -12.0798634254336 -3.20727931317416 0.00128319671055078 3.19342069509381 11.990071218074
"etap[231]" -0.0565697057115245 6.01876765298555 0.0283727428120822 0.0381773371367022 -12.1756051047454 -3.26650980258592 -0.047879935460447 3.17069493232104 11.905925510943
"etap[232]" 0.0637831712376507 6.11047594017211 0.0288050598238196 0.0460290565971906 -11.7477299711375 -3.14201753786792 0.0523341876303593 3.24192349716967 12.1080670699023
"etap[233]" -0.00713873866022047 6.16743093400566 0.0290735482395672 0.0435149795704331 -12.0788707085875 -3.20431818401061 -0.0174405359981647 3.18042186874167 12.0143677989745
"etap[234]" 0.0400689549831751 6.03401411619045 0.0284446153288908 0.0485337518808561 -11.7288351456801 -3.24154009807907 0.00469857848097194 3.21374264712144 12.2757389228378
"etap[235]" -0.00563652897709447 6.10282297794513 0.0287689834139072 0.0425263630758881 -12.154678646716 -3.18817459486995 0.00712694682885215 3.19888972927097 12.0614842867265
"etap[236]" -0.0524805459664737 5.9990468903522 0.0282797782454941 0.0494788578964401 -12.0049752910884 -3.19362743457335 -0.00981295746347862 3.19331812319112 11.6242142547567
"etap[237]" 0.0119143837879766 6.08146433539603 0.0286682978073511 0.0430610843602792 -11.9902398893418 -3.20402303918787 -0.0174271758464256 3.16690995335519 12.1754235884674
"etap[238]" -0.0200390160890508 6.15186638447226 0.029000176249426 0.0533240837358291 -12.0474795258654 -3.22832975715637 0.0104937751830868 3.20353372540612 12.078166496239
"etap[239]" -0.0412602976827346 6.00867966794536 0.028325187594546 0.0466473105511105 -12.025710091507 -3.20539429931769 -0.0411422822584948 3.18567288382372 11.8987156994933
"etap[240]" 0.0212970552100456 6.00924534805509 0.0283278542361565 0.0451959015991132 -12.0046584761932 -3.17205564217913 0.0253807212230531 3.13435025177771 12.1492394657541
"etap[241]" -0.0806121394453046 6.07064186552034 0.0286172801950959 0.0455496446167419 -12.2614266810718 -3.24796815526471 -0.0576604479720298 3.10719828469206 11.570227466003
"etap[242]" -0.0216802846389701 6.02146144500549 0.0283854414694449 0.0413577324306251 -12.0215658237403 -3.12206909470948 0.0306317401023818 3.15086287894053 11.9210288279989
"etap[243]" -0.0720078545967715 6.03516692485372 0.0284500497210455 0.0423194487081774 -12.1835228462349 -3.24894076186515 -0.0546959091220132 3.10010348137626 11.9453010925058
"etap[244]" -0.00721918826712812 6.05131176981913 0.0285261572500872 0.0459628660849744 -12.0517087763019 -3.19628230358787 0.0126092394701689 3.20016823112255 11.8792748709735
"etap[245]" 0.0474322438207219 6.07343653048982 0.028630454372103 0.0446538682197838 -11.8858696352426 -3.14401030183103 0.030357632326058 3.29933280767803 11.970859854498
"etap[246]" 0.0292283079520482 6.08421060479409 0.0286812438454467 0.0465878825438707 -11.8010705710386 -3.13214960179265 0.0398399385930814 3.22728017181785 11.8040781913978
"etap[247]" 0.100199633726163 6.07029563421301 0.0286156480450608 0.0513292203307182 -11.7893590467572 -3.08822325669368 0.0565585188066031 3.23151282758872 12.2637983042797
"etap[248]" -0.0321054005296228 6.08759610139079 0.0286972032294548 0.0478399496514709 -11.8391823984887 -3.23207786471514 -0.0464174881759058 3.20661092782175 11.9464798306474
"etap[249]" -0.0333747201221368 6.08121871642985 0.0286671399484407 0.0447296646751158 -12.1504601683952 -3.24658667269457 -0.0249234100894634 3.15905999964 11.8710214929056
"etap[250]" -0.0297157967933974 5.99468539883042 0.0282592179772865 0.0421067166877159 -12.1873128269144 -3.2369058477072 0.00074931094955692 3.22580271460849 11.8474624406574
"etap[251]" 0.0550686359131188 5.97956117798458 0.0281879217164848 0.0408239839399306 -11.6359873917601 -3.18821481190571 0.0280161371452254 3.21555140608555 12.0275832312064
"etap[252]" -0.057077904176509 6.07806590173366 0.0286522774374307 0.0460701846079897 -12.0201241034117 -3.28551585131307 -0.0782151334111918 3.12834897929387 12.0192955440226
"etap[253]" 0.0987921732887342 6.16013382711923 0.0290391493478177 0.053230615246759 -12.0195711819775 -3.16631638642231 0.0654386093871739 3.25174043676839 12.2565180197262
"etap[254]" 0.00878144453797116 6.05344152700626 0.0285361970217492 0.0409321486367441 -12.0241379662386 -3.23154303828057 -0.0119849702308786 3.22976674073649 12.1610160611357
"etap[255]" -0.0336337590380794 6.02136209523433 0.0283849731301322 0.0372247445425875 -12.0280950655159 -3.23329282890627 -0.0381687007160991 3.1717303546332 12.0249377664969
"etap[256]" -0.0541549249745495 6.07338946576022 0.02863023250684 0.0478385942497061 -12.040007286492 -3.24281594794679 -0.0703145378454256 3.16161747078142 11.9518242436319
"etap[257]" -0.0100719367859268 6.15625007013922 0.0290208411418373 0.0451365158757847 -11.9342482007443 -3.23121603040421 -0.0299748431048253 3.16631399694615 11.9145920058756
"etap[258]" -0.0657500265414416 5.99743951283678 0.0282722009952202 0.0437605554112102 -12.0312699461512 -3.20740592044133 -0.0119937861105985 3.14761947220053 11.7194737806423
"etap[259]" 0.011600171279122 6.02299277536733 0.0283926602299988 0.0427129237639474 -12.0584728600332 -3.21344520397657 0.00236553072305634 3.16828565531238 12.2118199281475
"etap[260]" 0.075761698160548 6.03627522299567 0.0284552742885905 0.046629600681013 -11.8558089570175 -3.11476622065586 0.0681564070708459 3.22082633948026 12.0472171841137
"etap[261]" 0.0405498804656031 6.08124398014935 0.0286672590427565 0.0418993786008839 -12.0120419098635 -3.17340241076326 0.0217360938914318 3.24406021073874 12.0542333846575
"etap[262]" -0.00359241460025942 6.0028291191622 0.0282976078430911 0.0479761394333737 -12.0436222471512 -3.1639273920132 0.033287001694452 3.26912421054457 11.7888371479564
"etap[263]" -0.0862716211896558 6.08043941718632 0.0286634662965762 0.0598138615608535 -12.2388260469278 -3.27660501616205 -0.0499639365094316 3.13682932357838 11.795067464557
"etap[264]" -0.0143549836545732 6.07696625913981 0.0286470936725307 0.048973320311661 -11.6538410826706 -3.17375131636019 -0.0245709050432477 3.13362965257937 11.8809004446237
"etap[265]" 0.111376589384356 6.14345506482576 0.0289605249083542 0.0535395960685264 -11.6624264055898 -3.10836622731027 0.0611009571985254 3.25029291979526 12.0111819012338
"etap[266]" 0.0148533740895679 6.0805777107624 0.0286641182187458 0.0522082641058188 -11.8984902807649 -3.14655448824952 0.0144401306694054 3.21882718203022 11.8886591528178
"etap[267]" 0.0155636912262495 6.04298321403937 0.0284868960616248 0.0450759108146303 -12.027318055677 -3.21400543397716 -0.00984027123466303 3.20383117192423 12.2829324220671
"etap[268]" 0.00791719166600439 6.11062929520768 0.0288057827463902 0.046783836359787 -11.992636097701 -3.16663955691979 0.015846826605036 3.23084362457414 11.906145962221
"etap[269]" 0.0247797940938926 6.06667301533654 0.0285985708559061 0.0476041242783628 -12.1674755410264 -3.17103111283736 0.00883321701012119 3.21947163380063 12.3034535903084
"etap[270]" 0.072371965447019 6.27773549011961 0.0295935289037269 0.0521972784865415 -12.010707134806 -3.17536797889765 -0.00127555381226351 3.23666017341073 12.1019019218971
"etap[271]" 0.0358259105415297 6.09050670671888 0.0287109239545538 0.0413863720411305 -12.0520198680016 -3.15538571100306 0.0213822568693254 3.23791897976667 12.0949153944445
"etap[272]" 0.00478344425792377 5.97572848595309 0.0281698542329803 0.0399402478991387 -12.0801030735395 -3.18661955152963 -0.0108247488555266 3.24133536081067 11.8933737990631
"etap[273]" -0.0353758952677039 6.08608263080461 0.0286900686606907 0.0403689471599321 -12.0996672824979 -3.23761707167136 -0.0449190348137214 3.13097037895869 11.9967785346639
"etap[274]" 0.0469348461171631 6.00119456710601 0.0282899024908035 0.0371214022761195 -12.0517544458008 -3.14837392403962 0.0394269046674484 3.24220152945471 11.9356591585152
"etap[275]" -0.0731657243355906 6.04667353756518 0.0285042924135573 0.0532038246635092 -12.3274206681272 -3.22335964640065 0.000322958911337761 3.20603927485811 11.6835193472774
"mean.p0" -0.919694045737754 0.331927000933306 0.00156471888812569 0.00424600815021773 -1.63563183123154 -1.11711282470173 -0.901052710741994 -0.701621478128394 -0.311517919157984
"mumup0" 0.919418521892637 0.0296043085492176 0.000139556048849938 0.000317808366010288 0.856567286176066 0.900687932172338 0.921171066087692 0.940072326570803 0.972805567437515
"mupsi" 9.11499103978478 1.39135261744217 0.00655889913876672 0.00967264051260167 6.54090518412297 8.15416631960468 9.06731399822514 10.0241231902063 11.9658490566378
"ppo[1]" 0.359932589093781 0.126117299747947 0.000594522652511398 0.00108495079953877 0.144936462769232 0.271291312114861 0.345611397518818 0.436311422833046 0.64321169898869
"ppo[2]" 0.294691404761094 0.115927830710532 0.000546489034824423 0.000907960172835807 0.0932694480743643 0.212979741645259 0.286741935661634 0.364737665443324 0.55074060564652
"ppo[3]" 0.189284565978754 0.113315089018591 0.00053417245237202 0.0021687533530392 0.0205867224035347 0.100553109088712 0.177737791613107 0.263035419703164 0.428660940555924
"ppo[4]" 0.2948420899092 0.11457882885101 0.000540129779073081 0.000868236431217198 0.0959569129268774 0.214562063056733 0.28662681180598 0.364114534761019 0.54745911276212
"ppo[5]" 0.235885946339287 0.107166324532468 0.000505186898611641 0.00140616471659774 0.0524692874395854 0.15609121105819 0.231140763501582 0.306832976213942 0.46330093895789
"ppo[6]" 0.235619414705867 0.106728268169479 0.000503121881112898 0.00137829748394391 0.053721367699356 0.155909756509976 0.230536330492015 0.30580888632266 0.462739836473202
"ppo[7]" 0.358960954195893 0.125669930121317 0.000592413731866817 0.00108893267998055 0.146474353483949 0.270503292851747 0.344682666511833 0.434335464251498 0.642933147583117
"ppo[8]" 0.359173408752866 0.126970236506105 0.000598543434948843 0.00109428425059837 0.14392038694933 0.270968711344393 0.344132631207087 0.43482559852479 0.644394293383706
"ppo[9]" 0.191296842469181 0.114539647077853 0.000539945074423093 0.00220050063972691 0.02093578548979 0.102182854141807 0.178387187693946 0.264356632968144 0.432988918771193
"ppo[10]" 0.235317956651496 0.106867634025617 0.000503778858059171 0.00136204455750168 0.0529808259417169 0.155957235835757 0.230051592169355 0.304936727040419 0.462830069542043
"ppo[11]" 0.560863324033299 0.173178307029298 0.000816370368365486 0.0037707715694889 0.265497970999127 0.419527036325039 0.557171520790735 0.693133839601111 0.88745159850634
"ppo[12]" 0.295967401669275 0.114186760400327 0.000538281550671964 0.000887773383889382 0.096967155849462 0.215955846955187 0.288347652081352 0.365298895118716 0.548983892572841
"ppo[13]" 0.35917787677363 0.125947856151811 0.00059372388773902 0.00103845989536635 0.146490480569315 0.270731110929354 0.34459381323414 0.435688552448611 0.644688372576853
"ppo[14]" 0.296033544758127 0.114771448970091 0.000541037799022381 0.000881475700305627 0.09613902772049 0.215692094480407 0.287917548300215 0.366178926179457 0.547583748116116
"ppo[15]" 0.425289355089612 0.140027328802038 0.000660095158315731 0.00182411309838516 0.197753969466556 0.321456476685827 0.406896567654159 0.515574253634985 0.735136843402193
"ppo[16]" 0.235686246041684 0.107580220956996 0.000507138025068259 0.00140682806982198 0.0526130489054747 0.155618432144154 0.230869002554821 0.306682412451924 0.464599358505931
"psi0" 0.999734808771551 0.000474553446205712 0.00000223706639898336 0.00000330737877689562 0.998558898208154 0.999712547754158 0.999884637286861 0.999955684121189 0.999993642373246
"sdeps" 0.829334800550583 0.430498419836772 0.0020293890130445 0.0113024699459009 0.126999684797816 0.521348048607657 0.792633682290739 1.08622957854455 1.78593004646893
