"Mean" "SD" "Naive SE" "Time-series SE" "2.5%" "25%" "50%" "75%" "97.5%"
"N" 46.7385555555556 0.967724049291219 0.00456189491714084 0.0139974279832388 46 46 46 47 49
"betapsi[1]" -0.000274632935411396 2.8539961219425 0.0134538667420377 0.0204485179544566 -6.16863649784546 -1.33127049318486 -0.00610036906844062 1.33620858658211 6.1927496006942
"betapsi[2]" 0.00518322413392678 2.85288031888999 0.013448606796005 0.0201755743414571 -6.22352886355695 -1.33264575403094 0.000688074505268432 1.32980448140358 6.267747065239
"betapsi[3]" -0.0234598822408347 2.82621092232446 0.0133228860549274 0.0203578830662897 -6.22465698979246 -1.33355864538788 -0.0019782712883197 1.29665073544997 6.12549326244419
"betapsi[4]" -0.0141851773540085 2.87003595509435 0.0135294792406428 0.0208619012300954 -6.29796828258859 -1.35824703041259 -0.00145311532400875 1.31372690292634 6.27024012454289
"betapsi[5]" 0.0507821539284595 2.85154242784076 0.0134422999171157 0.0200840367228585 -6.07952417376635 -1.29599781195734 0.00908300918196603 1.3668599871295 6.34603818336771
"betapsi[6]" 0.0165750474564174 2.83293019523707 0.0133545610112018 0.019995443000461 -6.13951253971012 -1.30294728279553 -0.00245827725639684 1.32887724590293 6.23234244871029
"betapsi[7]" 0.0268652501456969 2.89096250740383 0.0136281279542754 0.0207336647329021 -6.23817533918931 -1.29186476701374 -0.00167596517738824 1.33890307268557 6.41482128547298
"betapsi[8]" 0.0249865282386782 2.85561533193452 0.0134614997711411 0.0193879943089774 -6.15922762301747 -1.30027644746986 0.00726786090105999 1.32112552233099 6.29974070465899
"betapsi[9]" 0.025405353223655 2.85582184484663 0.0134624732823448 0.0211307275018509 -6.11397456318978 -1.30081378326375 0.00187192978859878 1.35179928172215 6.28540780607059
"betapsi[10]" -0.00289266287884868 2.83047346032677 0.0133429798517707 0.0199105241497622 -6.22965027034758 -1.32696661025374 0.00283909943881095 1.33784024839275 6.07248961082314
"betapsi[11]" -0.0256263356959077 2.88871807706003 0.0136175476081687 0.0209167329843499 -6.25925426981403 -1.38220369044065 -0.00673044539063236 1.31263986412619 6.2368376286471
"betapsi[12]" 0.0115872397617975 2.87220248540938 0.0135396923624922 0.0207232281392837 -6.30547761166018 -1.2954889802426 0.00687650894466338 1.33492181547209 6.20790415328493
"betapsi[13]" 0.0236967039192002 2.83487980349866 0.0133637515526846 0.0191397655867976 -6.1652261650687 -1.29003660462782 0.00271215257011074 1.33907597865185 6.23488236248057
"betapsi[14]" 0.047797215784717 2.87416285339758 0.0135489336258127 0.0202127207803168 -6.07598867478982 -1.29672460202288 0.0127448299318565 1.353604398465 6.44880408533929
"betapsi[15]" 0.00540075469573304 2.86258388986326 0.0134943498682512 0.0212011877745794 -6.17663129241224 -1.33459448588297 -0.00307905156468107 1.32944806943022 6.34163158513336
"betapsi[16]" 0.0124567073889004 2.81028752770004 0.0132478224528045 0.019211962012295 -6.05843756076686 -1.31287597911426 -0.0010057246465807 1.32638373878933 6.09491961704066
"etap[1]" 0.17898213004102 5.31594683462861 0.025059613701287 0.227263906861718 -10.5109618904024 -2.81745699312859 0.0342557216957878 3.18123952132331 11.1758671423282
"etap[2]" 0.305065426179667 7.53737124931569 0.0355315088180776 0.570118536536995 -13.9976781159149 -4.55742450420875 -0.0617408901794147 5.226173929916 15.2449359226245
"etap[3]" 0.127968881616492 5.31052069880851 0.0250340346517268 0.233253087218643 -10.3498208165065 -2.88411828134285 -0.0364377063322596 3.12053529632583 11.1290583160438
"etap[4]" -0.248193868733908 7.61749206823333 0.0359092019805502 0.511976329481662 -15.6145060394162 -4.93995339144295 0.0949500985117452 4.39129285872498 14.5183676983368
"etap[5]" 0.260067142691961 7.61119047394592 0.0358794959801974 0.654229282960129 -14.3325367243543 -4.55209425872636 -0.11753786403394 5.1911345422405 15.2592403571511
"etap[6]" 0.0229907026500753 4.17709934590497 0.0196910351545286 0.0395255223054497 -8.46641471931365 -2.1664936382795 0.00118775997060774 2.20885705690427 8.43855260236047
"etap[7]" 0.175119961675484 5.3993082474494 0.0254525831699195 0.224648044267671 -10.3450527321476 -2.83747672890463 -0.0266340086552107 3.12001884016495 11.3320350367597
"etap[8]" -0.246270225935019 7.67178861560411 0.0361651583594895 0.5395425520889 -15.6094054559025 -4.91276078436954 0.0643450916977994 4.32666569978699 14.7027845129803
"etap[9]" 0.0390891180269054 4.34810787670018 0.0204971770996356 0.039226235651056 -8.6424020509358 -2.18434019196985 -0.00182510124558333 2.20860316636307 8.9911125224948
"etap[10]" -0.0235980543122063 4.18315033189551 0.0197195597760405 0.0379292470356415 -8.58938233570878 -2.19723718165318 -0.000293033549909694 2.18678652910189 8.493696454543
"etap[11]" -0.10835036173727 4.97293055727587 0.0234426194627971 0.136538651185584 -10.583375095977 -2.63073812995606 0.0257521119196054 2.51602683434373 9.73966892191754
"etap[12]" 0.134799874988991 5.39071994845748 0.0254120975402125 0.239139691350408 -10.5681211527099 -2.90066609495994 -0.0422524455618289 3.13190828751502 11.2142194085246
"etap[13]" 0.0517410592575327 4.26377447388605 0.0200996256262329 0.0384815094938196 -8.44869847991792 -2.16984608678279 0.0255842211794754 2.22968367402852 8.7751039682523
"etap[14]" 0.20634309303355 7.58126876176255 0.0357384436762669 0.599076826139194 -14.3562077464916 -4.63751173201802 -0.17798456435042 5.15131150646719 14.9419078149553
"etap[15]" 0.245172638576125 7.63870011272281 0.0360091776610449 0.594731025900743 -14.5309905439983 -4.56617168567945 -0.135975079068079 5.11189088990133 14.8715031674862
"etap[16]" -0.163329735814765 7.69434600785119 0.0362714949263148 0.49797592043815 -15.5417105366674 -4.88146763830401 0.125264299545877 4.43350898939045 14.8068381636078
"etap[17]" 0.117655008023093 5.34575948884483 0.0252001519010301 0.209628233969563 -10.3445230859211 -2.89638011126762 -0.0693976294837107 3.11233532682349 11.0608882678296
"etap[18]" 0.135079695799529 5.31494079708781 0.0250548711948388 0.218128769396379 -10.4190306203708 -2.88091510921293 -0.0690291853368277 3.12561978319112 11.1072921599159
"etap[19]" 0.271100029811604 7.63501903373813 0.0359918248882973 0.581242131564979 -14.4372507475843 -4.52665905609656 -0.0946154775160657 5.10500947693491 15.4868751321126
"etap[20]" -0.128027245805471 5.05162341322571 0.0238135811432842 0.129178662580584 -10.6261931411168 -2.67921044335859 -0.000149951409684008 2.51922827320798 9.85227119806765
"etap[21]" 0.0966915202807156 4.31320702840781 0.0203326529229909 0.0392424550919902 -8.59316685030445 -2.10741075586302 0.00721492237921333 2.27153167953227 8.94158354453479
"etap[22]" -0.235229983821051 7.64543271069675 0.0360409154322608 0.542987771863916 -15.3759467600687 -4.90048976358197 0.0422948423405115 4.31046705483702 14.8835932001305
"etap[23]" -0.100039860576475 5.11068626309731 0.0240920060876869 0.146951849614097 -10.7512663271623 -2.6766997963663 0.0559979769436031 2.57073992655821 9.9220600387448
"etap[24]" -0.0548593021428913 5.00469066485968 0.0235923380457553 0.117965703521758 -10.1365362221915 -2.60314017274794 0.0271837553206552 2.5026846769762 9.95577505966208
"etap[25]" -0.18503206465685 7.71871830633391 0.036386387043183 0.543213537113357 -15.3006356842391 -4.8025458268912 0.12291619783947 4.3342593496318 15.0637923638522
"etap[26]" -0.265951385062453 7.65372944757374 0.0360800266249771 0.520870985320974 -15.5476418324755 -4.88636136051989 0.0783391587172046 4.30997776225406 14.5530624464332
"etap[27]" 0.102886049419667 5.35903362199933 0.0252627267648162 0.235777822137718 -10.5305095425907 -2.91283264435043 -0.0611441007402535 3.14369863449591 11.1512891990919
"etap[28]" 0.104441999106628 5.32922012174865 0.0251221845768285 0.21319536649634 -10.5962852769529 -2.87995050128456 -0.0299805149911511 3.09368298394712 10.9795217481853
"etap[29]" 0.0807948957983696 4.26549716758525 0.0201077464822103 0.032544924335748 -8.52290738989433 -2.11920513597562 0.0302754578406743 2.26318605511145 8.73463633719006
"etap[30]" -0.256459957767773 7.63848375932346 0.0360081577613395 0.496530880428847 -15.7042275148292 -4.85970894293039 -0.00161796673980399 4.3095181890818 14.6154540144759
"etap[31]" -0.229070044251048 7.71736237923899 0.0363799951415589 0.504317071222806 -15.660769073025 -4.90862355883315 0.0609485787554151 4.37341588214546 15.0058319070216
"etap[32]" -0.0505233204670682 4.98812970654453 0.0235142689395713 0.12922793493375 -10.4423778616718 -2.61765160582889 0.047117119825548 2.53041262574633 9.875852004597
"etap[33]" 0.035997860581072 4.25508448114895 0.0200586606076138 0.0362546752462322 -8.55595991285001 -2.18381777712984 0.00701213619290283 2.2089617858523 8.82384737283857
"etap[34]" -0.231842613740583 7.73098986169554 0.0364442357099291 0.517988409870751 -15.5976270014556 -4.79169364848418 0.064803716479402 4.33588266856681 14.8467268287592
"etap[35]" -0.0863430432584366 4.96397753017682 0.0234004144883045 0.132697676969842 -10.2264642341111 -2.63503567681796 0.0185558676729225 2.51724150384136 9.9063915248791
"etap[36]" -0.252663863541004 7.63569240371181 0.0359949991847949 0.568428350986823 -15.6317536819671 -4.91394873063104 0.0317351963740287 4.3259315867687 14.8265869246502
"etap[37]" -0.124915174209877 5.04483612474474 0.0237815855585458 0.13507095219502 -10.4656649752749 -2.64875222204624 0.0104134870015652 2.50587613166492 9.83835543951816
"etap[38]" -0.260958787192405 7.5160147739963 0.0354308334279404 0.525667107209999 -15.558283202769 -4.88126276427359 0.0740628565819131 4.30675063108028 14.3905781450459
"etap[39]" -0.0115128804485322 4.22064971903437 0.019896333582282 0.0344870721508835 -8.53363930233682 -2.20356456817145 -0.0411824773273171 2.16704826199633 8.50133541576678
"etap[40]" -0.0829480919122096 5.02268191723459 0.0236771496227975 0.135352805431701 -10.5873720779374 -2.61458104388352 0.0182972637421311 2.49190327435811 10.1409842399377
"etap[41]" 0.293434655941053 7.53920887773533 0.0355401714815232 0.604319302451381 -14.0608281606428 -4.56858436034963 -0.106049570980599 5.17119426039544 15.2600348839325
"etap[42]" 0.065539903246162 4.28369219953245 0.0201935186853688 0.0368327562838546 -8.5980749513255 -2.11541732421601 0.0140052308602121 2.21975401562692 8.89835537901949
"etap[43]" -0.0548147968843432 5.04661964010073 0.023789993130563 0.133765089373618 -10.5818968256505 -2.61039857433825 0.0482911382657752 2.57733759626443 9.90428380898998
"etap[44]" 0.05915196579078 4.32449883496401 0.0203858830095758 0.0422348838798898 -8.48473902407674 -2.16912408947305 -0.00520428780699687 2.20043154113829 8.97699228763884
"etap[45]" 0.241618008517988 7.62276951370498 0.0359340800970858 0.58138061732384 -14.1873104975869 -4.59804788351921 -0.0989915545808457 5.11822257373888 15.1558476012638
"etap[46]" -0.0286505722793999 4.30060543302974 0.0202732484326869 0.0384850933880065 -8.5924974180038 -2.18855423204203 -0.046619905815163 2.177964891861 8.56083652121804
"etap[47]" 0.0825618991588503 8.44393101882778 0.0398050725552304 0.235398698647688 -16.583879717556 -5.07248324669711 -0.164063487579078 5.28768848454235 17.1518999365332
"etap[48]" 0.0114618014111125 7.11145293605918 0.0335237106345095 0.0956695373598889 -14.1649942739724 -3.89915012634864 -0.0293211667975187 3.85656143983361 14.5374314624996
"etap[49]" 0.0329974383758798 6.38572812436238 0.0301026110636686 0.0536333836719424 -12.9437162777787 -3.45255101023032 0.036178330981685 3.51900216144676 13.0888057635273
"etap[50]" 0.0317742599183271 6.3487314074292 0.0299282068675014 0.0521094144928117 -12.7211728710468 -3.31412994587434 -0.0423181105290956 3.40836892341956 12.9138143518354
"etap[51]" 0.00740926468191691 6.20519080973109 0.029251550000782 0.051421988642038 -12.4004819202475 -3.31732753109669 -0.0142310238061441 3.27704363115504 12.8440451492387
"etap[52]" 0.00518760782080356 6.28893527216613 0.0296463251826129 0.0470658966507309 -12.7200320128086 -3.29992483417112 0.0203446755619177 3.3029535465229 12.7206597453811
"etap[53]" -0.0254418024841018 6.21418797742112 0.029293963056016 0.0440415472773656 -12.8619718748375 -3.36092912294945 -0.029189280123854 3.27826014994459 12.6077739932963
"etap[54]" -0.015485943019525 6.18474005238387 0.0291551442061112 0.0465038937300726 -12.7115199469258 -3.33671821224825 -0.0189528080952745 3.2792972735037 12.5568464390348
"etap[55]" -0.0292214565851804 6.19900663025844 0.0292223974991741 0.0404520710305975 -12.5051290817806 -3.32171894588877 -0.0227057602896334 3.26667912658857 12.5813026578642
"etap[56]" -0.0251146733459698 6.18272428507151 0.0291456417878721 0.0450322876107989 -12.6525332078454 -3.31698955853993 -0.01141262833143 3.26659381261345 12.6836673178886
"etap[57]" -0.03886921734193 6.25389940246139 0.0294811645089263 0.0449880536462614 -12.7791622848312 -3.35404289634372 0.00691298201352431 3.32709471716594 12.4070933630606
"etap[58]" -0.0182845770265489 6.3106940951154 0.0297488972576667 0.042755773287272 -12.733032232738 -3.27786571884293 0.00924058240679622 3.31819425377771 12.6085324167043
"etap[59]" 0.00473818915428444 6.27817280183064 0.0295955904109026 0.046098159463848 -12.8957051786789 -3.25764970075477 0.03856103547125 3.30182930420456 12.692232515356
"etap[60]" 0.07350144838816 6.2696648182978 0.0295554833919007 0.0472252683862534 -12.5958699267061 -3.28828966270899 0.0520941545630479 3.31039165081317 12.9755719061043
"etap[61]" 0.0565160004655065 6.27920569770591 0.0296004595287537 0.0509094833306574 -12.4601201096333 -3.27568267049993 0.0281318990002022 3.3523070055873 12.7362905525761
"etap[62]" 0.0728628497629029 6.29936638757039 0.0296954979321975 0.0500048582740122 -12.5963583689044 -3.23576362638827 0.0656748054414244 3.33752387728742 12.778578191266
"etap[63]" -0.00179569470273021 6.24653087007699 0.0294464289141503 0.0540537592995694 -12.5764038815237 -3.29759219738752 -0.00239718284203726 3.304302986775 12.7088765070063
"etap[64]" -0.0116669999297113 6.25602880184656 0.0294912025938937 0.0459726952882166 -12.3700692621321 -3.32199263854976 -0.0231571528179565 3.29450638920981 12.708627862793
"etap[65]" -0.0659733851455318 6.23002031221525 0.0293685973979822 0.049524161484341 -12.704055251356 -3.33692014775808 -0.0411421929436732 3.21393528037015 12.5554790356634
"etap[66]" -0.0113915708387139 6.22846381378239 0.0293612599940037 0.0504084102846634 -12.57091295661 -3.30213068741999 -0.0172257789167127 3.27288221642289 12.6096954949208
"etap[67]" -0.056986137853854 6.28472690086342 0.0296264867300403 0.0480586003910888 -12.9116239375512 -3.33081601132839 -0.00522935718956642 3.26916465387328 12.5062884550171
"etap[68]" 0.0532838407504361 6.36323227284559 0.029996564602628 0.0506261728029893 -12.6928521207664 -3.31533989950854 0.0120435640776447 3.41946760317941 12.7922321679896
"etap[69]" 0.0999254039233372 6.21963103049979 0.0293196218542978 0.051574044581198 -12.2198907449075 -3.27816593947893 0.0495833924091419 3.39340275089453 12.5860602876088
"etap[70]" -0.0417613045136528 6.26875609236169 0.0295511996167563 0.0471953342130942 -12.7944275967637 -3.34089463818906 -0.0335288905660408 3.26581374898854 12.7235390979413
"etap[71]" -0.0433715807923137 6.24098918614415 0.029420305165563 0.0473156204148269 -12.8906173308531 -3.30398468306486 -0.00702023248962418 3.30260593023453 12.4255883282912
"etap[72]" 0.0223968940465636 6.19497408270725 0.0292033878877147 0.0467432818139536 -12.5158595865987 -3.26394930637256 0.0402001206221143 3.33302360082757 12.6351752501074
"etap[73]" 0.0678567351437309 6.27818083307735 0.0295956282705627 0.0484122156446686 -12.446709191303 -3.28967120507701 0.010799656882627 3.31948982483313 12.9069225214894
"etap[74]" 0.0201259939937693 6.2780586866931 0.0295950524669854 0.0505439932259671 -12.629992200193 -3.27239388390423 0.00456303957346494 3.35122849670609 12.4205494749948
"etap[75]" 0.0674996346048468 6.19549346345775 0.0292058362720527 0.0499082583131859 -12.3863522841179 -3.26496562496725 0.0504024892068322 3.34072874929634 12.6499753657223
"etap[76]" 0.0666214177812689 6.30531053857375 0.02972351892875 0.0449109158422951 -12.5185411888553 -3.25003385975553 0.0320596292186663 3.40536151246452 12.9070497375853
"etap[77]" -0.00987568243735976 6.41581625395839 0.0302444478668057 0.0576285285007324 -12.8554520507051 -3.32979186550932 0.0122283563966458 3.38923142435963 12.6612520376656
"etap[78]" 0.0115906313155169 6.26290388345133 0.0295236120393867 0.052935274234159 -12.3390168169072 -3.34620507823734 -0.0447326213881539 3.27683531899326 12.4563811427201
"etap[79]" -0.0292532929229362 6.23403284070022 0.0293875126386584 0.0461952114588318 -12.6970122636239 -3.30146232524752 -0.0353259201662933 3.25503660194174 12.784820154816
"etap[80]" 0.0882211010585813 6.17265943162763 0.0290981956137267 0.0457457413296711 -12.3455761952217 -3.17354250201949 0.0467342498107252 3.3564535170581 12.5981688597674
"etap[81]" 0.0589810965534274 6.2058754745748 0.0292547775418075 0.0447588533180497 -12.3836698230069 -3.29215410144223 0.0260683378757234 3.32222851826559 12.7664525242769
"etap[82]" 0.0777407981520662 6.21429998366553 0.0292944910585157 0.0472230799333545 -12.212427359724 -3.21642584512225 0.0234186881996604 3.35003559240129 12.7191609463227
"etap[83]" 0.0288408936360394 6.36270394559436 0.0299940740440811 0.0547131707636741 -12.7880193850936 -3.25745072898388 0.0303510135498292 3.33699138729528 12.6811614723731
"etap[84]" -0.0147011659585605 6.26765913913343 0.0295460285296473 0.0454888130992433 -12.672073229424 -3.31112311733069 0.0020488092256695 3.25406324361334 12.7168377851622
"etap[85]" -0.0429953666579667 6.23122045422052 0.029374254921651 0.0458813649945519 -12.793662962466 -3.34112105116004 0.00228306307103629 3.28638206695761 12.6460326370725
"etap[86]" -0.0201077526682156 6.15577622408896 0.0290186074101348 0.0469791005513375 -12.6767596577354 -3.30534392432351 -0.00979859176818481 3.28889325204421 12.5257136911739
"etap[87]" -0.0451748590253103 6.34121973560438 0.0298927965069321 0.0514660866120666 -12.8804072157785 -3.30727665869317 -0.0480807171931183 3.27928260142776 12.6984918243203
"etap[88]" 0.00464557921569438 6.21163136063218 0.0292819110488936 0.0495150433199825 -12.5836791865074 -3.32080590410588 0.0270598607046785 3.36146640277122 12.4125396493862
"etap[89]" 0.00749384832109502 6.33588065138353 0.0298676278225462 0.0459330023277023 -12.6976061962179 -3.32800943844287 -0.014507882859133 3.30835527874188 12.940183672067
"etap[90]" 0.0179655082199375 6.30204331835791 0.0297081171049483 0.0474789432545486 -12.4212371101063 -3.34316050781802 -0.00965491887866244 3.34299194465977 12.7461735164771
"etap[91]" -0.0825564943683672 6.20383489940822 0.0292451581782221 0.0462487437980602 -12.7505574191037 -3.36642795284356 -0.0265532768865643 3.19927180069267 12.3254959444263
"etap[92]" -0.0610366635413691 6.27502269745492 0.0295807406764658 0.0438771895191896 -12.7644006593152 -3.4039262802402 -0.0232966566045561 3.31362362013819 12.6756259504213
"etap[93]" 0.0113126237221694 6.15477870822423 0.0290139050752529 0.0439950826655868 -12.5623486676321 -3.27825169873821 0.0206537322310177 3.31960662216806 12.528435169623
"etap[94]" 0.0325878227836988 6.15910000442761 0.0290342758609124 0.0465759568721288 -12.3528686094917 -3.25765828346708 0.00152224219857257 3.35302797564783 12.4392704291336
"etap[95]" -0.0477981150847157 6.2389598372142 0.0294107387229645 0.0509329067172199 -12.7917814340695 -3.35482927667143 -0.0135226533426005 3.27562765078847 12.6513433145365
"etap[96]" -0.070856973516526 6.22670319428019 0.0293529603540764 0.0487780301467612 -12.8664817276819 -3.27149029172418 0.00106380874443199 3.25927780022284 12.3256171790166
"etap[97]" 0.0775650154614132 6.312714790183 0.0297584229055668 0.0484897806476934 -12.4572060822271 -3.2827478233991 0.0796663014001742 3.37861324913725 12.8369880213261
"etap[98]" -0.0448699703154956 6.11172564611019 0.0288109509941083 0.0448732628859766 -12.4037322415128 -3.3247582483117 -0.00540030414381455 3.24692978501499 12.2103935220606
"etap[99]" -0.0128318120222447 6.28766253556212 0.0296403254447238 0.0521949399583749 -12.7347802214302 -3.32095659155056 0.00987308793908986 3.29582257895242 12.7844159188304
"etap[100]" -0.00402118495770815 6.19648513763204 0.0292105110689418 0.0466614443987912 -12.6367822115155 -3.2819902628135 0.0203660615230143 3.32249679858801 12.3708154457378
"etap[101]" 0.036928701308273 6.20628746449516 0.0292567196809173 0.0475648232375912 -12.328067385392 -3.27277881865505 -0.0272405308632536 3.32762496489461 12.7284047718466
"etap[102]" -0.0373049245936978 6.29408839830296 0.029670617252184 0.0528328511606161 -12.8179745872218 -3.29783307364585 -0.00478721714676263 3.25379612330645 12.661026098577
"etap[103]" -0.0264606926846727 6.16300998119048 0.0290527076681344 0.0397169813859738 -12.5854669744486 -3.30279321689875 -0.020063442200466 3.25865155365242 12.3207491265859
"etap[104]" 0.0743276982261611 6.32061155682028 0.0297956486204912 0.0552614564928821 -12.4848392165187 -3.30012746347741 0.0645296720246216 3.40024233441912 13.0199365228327
"etap[105]" -0.0124347271756743 6.21625554511387 0.02930370966359 0.0454693454915584 -12.6729187646125 -3.30559541671647 0.0454454814255661 3.31934337965505 12.4485070315671
"etap[106]" 0.0724597301847479 6.15427956158067 0.0290115520754098 0.0461374433038574 -12.2896939277755 -3.22632640841197 0.0494155835060065 3.33718742792367 12.5551269633684
"etap[107]" -0.0257105993684089 6.36664594906415 0.0300126568266475 0.0533118118255157 -12.9394145595412 -3.32877726501299 0.00788137967625548 3.34474588610519 12.7053140506691
"etap[108]" -0.0110208153164045 6.2672807377835 0.0295442447285769 0.045511779318251 -12.8277659128224 -3.31039062707244 -0.0191615597409773 3.26529034029628 12.7241327079535
"etap[109]" -0.0375571591814072 6.29469928755159 0.0296734970117191 0.0501248426623873 -12.9476026485071 -3.32449815077362 0.00754005206776034 3.28795672694048 12.5453807081139
"etap[110]" 0.0577688861197014 6.33528046556586 0.0298647985194686 0.0429430648389907 -12.4683451822079 -3.28626373175602 0.0697506982004512 3.3674414331248 12.7931371878716
"etap[111]" 0.0309526568887709 6.24600655363471 0.0294439572627381 0.0482186053253215 -12.658019270856 -3.31106040444236 0.0285788446293952 3.33901329864171 12.7761828229711
"etap[112]" -0.0239788261689301 6.22220139544083 0.0293317386708307 0.0457513611966234 -12.9586221151317 -3.30205083087829 -0.00115753670832611 3.29636541670711 12.3633480545446
"etap[113]" -0.0104074210747238 6.19148101397372 0.0291869214037905 0.04335560286023 -12.6742170735003 -3.32092054254792 -0.00654572479489381 3.33855340385135 12.4090388717695
"etap[114]" -0.0280451533482863 6.18276666285163 0.0291458415586434 0.0465068468310992 -12.5903405994137 -3.26154899339729 0.014186815360261 3.26405703461504 12.4617677449037
"etap[115]" 0.0280901302359361 6.17446181786161 0.0291066921439157 0.0480381852998447 -12.5115271620343 -3.21491671745089 0.0251835426687003 3.29060917742801 12.7203844522529
"etap[116]" -0.0401352517793926 6.28029623483893 0.0296056003700996 0.0502604554869501 -12.6383456144331 -3.37682539951851 -0.0455681491324681 3.28086314763754 12.6458155290617
"etap[117]" -0.0496640274530643 6.16761884609825 0.0290744340656668 0.0425292861968752 -12.5556499257193 -3.31432350432425 -0.0298399232367069 3.25219996204016 12.578113811668
"etap[118]" 0.0179442646890782 6.2909236486959 0.0296556984794646 0.0506197770277143 -12.8048671921573 -3.29368581101319 0.0385479669135986 3.37601178862641 12.7421342766762
"etap[119]" 0.0331806307164877 6.29987158336717 0.0296978794480224 0.0465800373786196 -12.6652166141375 -3.36714749834754 -0.0155418326225049 3.3374141208834 13.1538114001308
"etap[120]" 0.0224951680354574 6.14691442722178 0.0289768324990796 0.0427167859775275 -12.3140786106715 -3.26366474963635 0.0459592965662777 3.33056616617329 12.3666998780596
"etap[121]" 0.0262273072888416 6.22989544693506 0.0293680087774065 0.0474335178582188 -12.3817965609058 -3.28662698959194 0.00305857648510118 3.2850814422456 12.6175251427132
"etap[122]" 0.0358792640922232 6.28473410482719 0.0296265206898512 0.0448231063619773 -12.6137751696035 -3.34050099660072 -0.0345650274987964 3.33948985478524 13.0615869456814
"etap[123]" 0.00151306252009785 6.27760222534096 0.0295929006875357 0.0431982389117473 -12.6332157750571 -3.35499365627853 0.0277757147496625 3.34597940412576 12.699222661734
"etap[124]" -0.00965341135745696 6.17136038919165 0.0290920718689564 0.0441823339017991 -12.4254703742424 -3.35064419872489 -0.0177296082556232 3.27812220173076 12.5240637541175
"etap[125]" -0.000714064049444773 6.24313310302509 0.0294304116866617 0.0482369945331708 -12.6576004414054 -3.32011280597764 0.0177323769772806 3.34659696550002 12.522315534184
"etap[126]" -0.0631890900922499 6.2840478711858 0.0296232857534424 0.0461969701965787 -13.1905805932376 -3.38730051868184 -0.0364567263160679 3.33219223745533 12.5678594174735
"etap[127]" 0.0569809452473052 6.21457344700769 0.0292957801770733 0.0469279037253767 -12.4821855090152 -3.25548402855352 0.0175057274655339 3.32492517197884 12.7646271675204
"etap[128]" -0.0021573720407069 6.31312033191222 0.029760334647612 0.049115836151288 -12.7072516397392 -3.32967322896109 -0.00943502948075262 3.30260835262408 12.8057805738758
"etap[129]" 0.00505347722165144 6.35135189261335 0.0299405599531261 0.0563201580693419 -12.9649628270491 -3.25317674973924 0.0375383186650235 3.33542810652977 12.6671455317797
"etap[130]" 0.0341553064145864 6.29957523748296 0.0296964824601271 0.0459627999698457 -12.58546377839 -3.26313323311871 0.036227227923787 3.28420423480018 12.7006121715047
"etap[131]" 0.105205941397936 6.23931846183025 0.0294124292956173 0.0477679823617472 -12.27781945282 -3.26113038627376 0.0832043385107619 3.3751984737502 12.9929417273338
"etap[132]" 0.0591035871259272 6.25523712501245 0.0294874705935077 0.0485944507028389 -12.6176182480319 -3.29828368165063 0.0133975605392788 3.37953339145665 12.8465647586959
"etap[133]" -0.0102651617634687 6.30070594560435 0.0297018126693283 0.0544362068007308 -12.9250653766251 -3.33300062211326 -0.0129129048433237 3.36312785808273 12.637215005201
"etap[134]" 0.0481285901508454 6.26259587223543 0.0295221600605904 0.0521939423918523 -12.6013280129103 -3.28351853061961 0.0143275103270036 3.32531218455666 12.9609425890787
"etap[135]" 0.0345899400994061 6.17942745003148 0.0291301003584504 0.0440031548482362 -12.5742384143198 -3.3089069748321 0.0228155475968773 3.3529750083383 12.5946803858525
"etap[136]" -0.0417566141269696 6.30228564394738 0.0297092594387321 0.0521314428553945 -12.8434819424034 -3.28153765744992 -0.0215768519502423 3.25940243580879 12.5581578530099
"etap[137]" 0.0323162699195362 6.31811592684696 0.0297838841079748 0.0444200604842769 -12.7355856887351 -3.30917096019469 0.0253834851570998 3.36944878281217 12.9925374606547
"etap[138]" -0.057517727941289 6.28906798947998 0.0296469508180303 0.0529909606500407 -12.9302868467748 -3.32844841033042 -0.0190309006866784 3.26584285007397 12.4141155984589
"etap[139]" -0.0121334416737127 6.25848428233076 0.0295027778399034 0.0473626805472268 -12.6691988810823 -3.36282235049865 0.0161245295874822 3.33341809554043 12.5813069901507
"etap[140]" 0.0546887445705622 6.2094690194057 0.029271717674597 0.0449570757432875 -12.3598179878349 -3.2084988535687 0.0379257947658109 3.30986857025726 12.8927925772366
"etap[141]" -0.0126781103836812 6.26795592713085 0.0295474276016842 0.0455989493266263 -12.6936746735814 -3.35833019598154 -0.0331316390146856 3.33804968958982 12.8230848642971
"etap[142]" -0.00281966179477353 6.250734412761 0.0294662446043961 0.0491460395345632 -12.6308999857996 -3.3053940644437 -0.0179752996931249 3.25967430152504 12.6357383557167
"etap[143]" 0.0254802833931958 6.23280610163167 0.029381729735231 0.0455388054552953 -12.4541601586296 -3.32296935868039 0.018534987199145 3.33109564197227 12.7413941800768
"etap[144]" 0.0199255364536588 6.21965107602472 0.0293197163498086 0.0463553508950078 -12.7856860361261 -3.31301768347806 0.0120940359364462 3.34500224617178 12.6697354690651
"etap[145]" 0.0235179160351718 6.21986266275668 0.0293207137792284 0.0459221791797097 -12.5709295912723 -3.32447517705333 0.000780798027959762 3.32437373198153 12.6161467486237
"etap[146]" -0.0177375881042584 6.22525998543474 0.0293461570023345 0.0462591627743 -12.4068155257086 -3.36696793651844 -0.0180021972753336 3.25270412026582 12.6616347552124
"etap[147]" 0.0264816894421184 6.33243016034903 0.0298513620518201 0.0600624060521968 -12.503680447104 -3.2631240180903 0.0151785830053538 3.30004178595944 12.6809648206296
"etap[148]" -0.000851181519950093 6.27807941935724 0.0295951502017014 0.0484065308447454 -12.6996015185449 -3.31541307302138 0.00844300497484884 3.26816796520399 12.7436035149606
"etap[149]" -0.0481482267902099 6.17561793646539 0.0291121421392797 0.0434593673216425 -12.7085645756248 -3.36846647107621 -0.0280526409388939 3.25771226885975 12.5440065043354
"etap[150]" -0.0613731168628104 6.28351169757848 0.0296207582068183 0.0546168823518971 -12.8631626440107 -3.37018309815287 -0.0489835091269698 3.23196978303453 12.4926440919329
"etap[151]" 0.0605935381503178 6.25191262572818 0.0294717987535879 0.0498353031890001 -12.6776306179317 -3.25907834687956 0.092803963030313 3.39193834899838 12.7389969236957
"etap[152]" 0.0208000779874728 6.37202043100635 0.0300379923774921 0.04808098721204 -12.6699840535967 -3.30272023308996 0.00610996117516065 3.26850487030631 13.1881136647985
"etap[153]" 0.0206501120386242 6.22132904324724 0.029327626363153 0.0461913278720598 -12.4392041564746 -3.33134528572479 -0.0261628613435273 3.32855196614914 12.679569235887
"etap[154]" 0.0338892801152268 6.16250428160456 0.0290503237774248 0.0455418345638491 -12.2181144525395 -3.30865746858106 0.0115309170996286 3.29538467072556 12.7678847841066
"etap[155]" 0.00228300314844212 6.29084482113673 0.029655326882787 0.046407353706139 -12.9993761457658 -3.32643058727983 0.0113589530061084 3.33851189479782 12.8439958294603
"etap[156]" 0.0293166764482793 6.17532507550818 0.0291107615794877 0.0462409591751414 -12.4241636343198 -3.23647323179997 0.0521714153701305 3.35616915738756 12.4589853510189
"etap[157]" -0.0383351864490469 6.24426983238246 0.0294357702802415 0.0560515188501492 -12.7440100595661 -3.34741207472625 -0.0296563193314421 3.2635293818883 12.6975670151602
"etap[158]" 0.0444700126474536 6.23822494746375 0.0294072744194581 0.0472418682278148 -12.3248178815086 -3.26380563041398 0.0513109262010448 3.30720421551338 12.5583653283859
"etap[159]" -0.0438399136275914 6.21705620662437 0.0293074840181467 0.0488591792163351 -12.6764313590271 -3.29938616004379 -0.000880475057877463 3.2638548510271 12.2743100348231
"etap[160]" -0.00867739743167619 6.20603944262548 0.0292555504946111 0.0466018592588269 -12.6028356376897 -3.32613317128505 0.0012960028100726 3.31540644479809 12.4265742713588
"etap[161]" 0.0315629655698804 6.16522066893631 0.0290631289501088 0.0403830793926404 -12.5492533995457 -3.28803227103386 0.021867319111157 3.33099051998576 12.8659111755041
"etap[162]" -0.000134125766337369 6.2249673112537 0.0293447773230139 0.0466151390670069 -12.8435445808736 -3.29256181801877 0.0601701313804724 3.3274542581032 12.5418719291721
"etap[163]" -0.0218976287172256 6.24339380386383 0.0294316406422012 0.044483951119464 -12.6606137312193 -3.33159764067711 -0.0198475238781241 3.26325243631324 12.8441503323483
"etap[164]" -0.0440013049422465 6.22614821538427 0.0293503441584716 0.0463278347552232 -12.7454391273335 -3.32057202210545 -0.0123735477377362 3.28172793288806 12.247537122848
"etap[165]" 0.00605093480257997 6.0485896879826 0.0285133252332502 0.0434217317893839 -12.3339926040038 -3.26337384848072 0.0343372889760185 3.25572975157192 12.3588524145301
"etap[166]" -0.0538708761631482 6.20981236780979 0.029273336234496 0.0432969042986595 -12.7346167753021 -3.3445952035093 -0.00750389981513855 3.29622384796366 12.3282823994768
"etap[167]" -0.0329455295988254 6.27328384941502 0.0295725436681961 0.0488208856468724 -12.6202938699746 -3.37431438984528 -0.0497346700553692 3.27229283390889 12.5509646201419
"etap[168]" 0.0153295202097829 6.28427258788553 0.029624345078124 0.0454016331659476 -12.570684708507 -3.28869387366302 0.0154352266204244 3.31112446635865 12.7877600687633
"etap[169]" -0.00642315757939087 6.23944918989507 0.0294130455536247 0.0459606048981227 -12.6916211324952 -3.33733369722693 -0.0105680655458827 3.30223102982355 12.6294682616671
"etap[170]" 0.00473928238075742 6.22925770425227 0.0293650024295688 0.0457449637600257 -12.5389493192652 -3.33192216655457 -0.00172373717192428 3.32041207268702 12.4355862367291
"etap[171]" -0.0540839034188481 6.14390780598118 0.0289626591506284 0.0441690170120101 -12.5528899754062 -3.35249108270847 -0.0233171223416847 3.27033652393387 12.2532789957363
"etap[172]" 0.017779816847914 6.23259111184619 0.029380716263663 0.0500672710277398 -12.7303083173173 -3.27670572496227 0.0207485203386319 3.34347994946037 12.5599725969005
"etap[173]" -0.018393217206396 6.3095760415519 0.0297436267026235 0.0521537290146821 -12.6105030706237 -3.29852479659951 -0.00948030015281942 3.3238631683621 12.6798074083814
"etap[174]" -0.0476170748012224 6.17341079627164 0.0291017375806261 0.0499573101111093 -12.7326867222951 -3.29052255738154 0.0159827605255036 3.28688287414551 12.2787357238063
"etap[175]" -0.023394384766508 6.23233908010985 0.0293795281746641 0.0504001612668225 -12.7749980833402 -3.28611404322775 0.0272886305433141 3.32879754439442 12.3303826943567
"etap[176]" 0.0258165574140206 6.27640069947414 0.029587236640281 0.0481034964053437 -12.5590470443463 -3.32861755082526 0.0251719620331459 3.34940306274596 12.7382899774223
"etap[177]" 0.0280994226013264 6.2346197806521 0.0293902795001259 0.0467701036112423 -12.5217675298219 -3.34878542442598 0.0226503529689746 3.40267800589337 12.3358019051345
"etap[178]" 0.0116414226465771 6.16187614553839 0.0290473627156121 0.0426547588213545 -12.4693054449749 -3.28244422085442 0.0196375207480054 3.27914139098829 12.5235287038382
"etap[179]" 0.00981807095045084 6.29151784045558 0.0296584995262819 0.0471267939264102 -12.4494389434476 -3.28365066788149 -0.0171126981434501 3.27238460192988 12.5828913208644
"etap[180]" -0.0865659923712948 6.29215974779977 0.0296615255065217 0.0502871411236004 -12.9454240208602 -3.36130062372608 -0.0298035959450211 3.20889609952498 12.6601317788533
"etap[181]" -0.124292825226537 6.23608069244359 0.0293971663043557 0.0500558300655597 -13.0846544894379 -3.41136851055559 -0.0659815052364733 3.17625284753955 12.4502113414619
"etap[182]" -0.00607018010286212 6.30215804567471 0.0297086579347063 0.0468838177463392 -12.8722809214389 -3.31548478957455 -0.0272484095865404 3.26256069505402 12.6923315584249
"etap[183]" 0.0256355639657279 6.20430175833821 0.0292473589723238 0.049539540361599 -12.5568644594448 -3.32464095512541 -0.00392892851107691 3.31451785352484 12.5029287662753
"etap[184]" 0.0199173348563874 6.20646449372399 0.0292575542047051 0.0489270243041837 -12.5308116984289 -3.26577226108096 -0.0177262322929328 3.27112958422053 12.6039253159303
"etap[185]" 0.0305700377597538 6.24420257612925 0.0294354532312234 0.0484730002458445 -12.375413188428 -3.27830448132136 0.0214749192499276 3.27097033509622 12.7068056613163
"etap[186]" 0.0769233392979476 6.20298986825227 0.0292411746631508 0.0450228324441395 -12.4965980389666 -3.26722859110706 0.0275370677417823 3.36957831628275 13.0156434496388
"etap[187]" -0.076671106750456 6.2310073037663 0.0293732501207737 0.0561557902201734 -12.9269167130852 -3.335797094606 -0.0222674676921151 3.30421274786342 12.3063609327006
"etap[188]" 0.0262024786141651 6.14158573389774 0.028951712797851 0.0489537034718281 -12.3306410905443 -3.24043408681848 0.0186503226761252 3.33837669604755 12.3547878522561
"etap[189]" -0.0228679264305276 6.1940000241359 0.0291987961315743 0.0451385920869271 -12.7632420782219 -3.28944033188728 0.0105094999713284 3.30670168176364 12.3854183629646
"etap[190]" 0.026176684105424 6.30172407884018 0.0297066121954296 0.0477414952476797 -12.5378097254215 -3.29544176311173 0.0478207438518901 3.37868523818427 12.6555937713409
"etap[191]" 0.0140215467219102 6.19660291940338 0.0292110662975366 0.0448191691031651 -12.6068701890361 -3.28837336408183 0.0519102452729792 3.33747233573806 12.5695819523773
"etap[192]" 0.0472056039567563 6.30731871580659 0.0297329855670111 0.0500338142626382 -12.8854537143758 -3.26965918396259 0.0540822116471178 3.40242958089957 12.7046531135066
"etap[193]" 0.0149572734529295 6.22726491947363 0.0293556083520327 0.0468820925909623 -12.5810550804666 -3.29560597680293 -0.00544528242078675 3.27722940227995 12.807080918202
"etap[194]" -0.0329719400328141 6.07423138276802 0.028634201341676 0.042218160646782 -12.3649415435089 -3.35464820139291 -0.0589871231007975 3.30083464617205 12.3806100069957
"etap[195]" 0.0122156847400622 6.2303343591992 0.029370077829662 0.0470730024546408 -12.5297181296769 -3.31595670623398 -0.0209320121266074 3.27843649787155 12.7472639023235
"etap[196]" 0.096095383062415 6.17179551086552 0.029094123052198 0.0446835905263776 -12.2197371724724 -3.23040323426828 0.0707064188826591 3.37907552916224 12.8387393033956
"etap[197]" -0.0234579631682932 6.25952728816978 0.0295076946165806 0.0468342128098648 -12.5541304583928 -3.32750961544436 -0.00405286474929195 3.25390406638118 12.4227723383308
"etap[198]" 0.0151164862837582 6.22809013928805 0.0293594984755444 0.0477964533766775 -12.70508757005 -3.28585762219979 0.0324843059604349 3.29771069790542 12.5966851609515
"etap[199]" 0.0423958695820144 6.29187139275467 0.0296601661878032 0.0415627934496513 -12.5689127505759 -3.27718449172006 0.00862070088723283 3.33975443069361 12.8820574370856
"etap[200]" -0.0245018787241459 6.22285301864757 0.0293348104520858 0.0572560681314204 -12.4776874368466 -3.28382617599707 -0.0166019660232398 3.28579135415365 12.4738411133263
"etap[201]" 0.0194187852437285 6.17668722093732 0.0291171827946205 0.0434490158859973 -12.6518127412137 -3.3076667937896 0.0340872776782193 3.33888839896347 12.5943015941642
"etap[202]" 0.00910662425020604 6.26781817853981 0.0295467782485988 0.0458412297800747 -12.6762841422429 -3.30240530068348 -0.0114961975388468 3.3222084861138 12.7755175426335
"etap[203]" 0.0388563023156182 6.29716357732624 0.0296851137851221 0.0489646337523618 -12.4831279712783 -3.28244022510769 0.0267088086412734 3.35021163838754 12.9165983987211
"etap[204]" 0.087668811982938 6.1557741078254 0.0290185974339727 0.0471576882465668 -12.285411658656 -3.2035114585613 0.045542381535976 3.28604738270169 12.7967108036277
"etap[205]" -0.0899374463904447 6.28282412571702 0.0296175169619796 0.0540597623864796 -13.1148197768402 -3.37373792680233 -0.0143820498830374 3.30489348954311 12.392448992333
"etap[206]" -0.00667088289875213 6.19824449570347 0.0292188047624275 0.0469134869658952 -12.5925406574548 -3.28551065286154 0.00501310148682646 3.32753994756125 12.5408671020539
"etap[207]" 0.0066919512809368 6.32965494282787 0.0298382795509636 0.0498777158061302 -12.6202554044199 -3.34104238679896 -0.040345672023632 3.32679585631552 12.7478791076467
"etap[208]" -0.0428959193209199 6.25202332149566 0.0294723205784401 0.0469730373519642 -12.8616255693706 -3.31620993507449 0.0172695147220303 3.28041352447424 12.5310309292047
"etap[209]" 0.107047513758659 6.31352980083663 0.0297622649026329 0.0453771538773481 -12.3474416541238 -3.27060548902598 0.00423498848297183 3.35438578089301 13.0280673414488
"etap[210]" -0.0292508863577333 6.18252132861474 0.0291446850419596 0.0501688207787547 -12.4010540144504 -3.29868717023694 -0.0140471214386945 3.29134011050213 12.5077320178271
"etap[211]" 0.00405797143918325 6.16306343358034 0.0290529596451167 0.0442772539036372 -12.5283843097028 -3.27506325461895 -0.00402472470818121 3.31487624075889 12.5722384564661
"etap[212]" -0.0953263737403115 6.30101342332821 0.0297032621332189 0.0459697223539346 -12.978897724963 -3.39021164422234 -0.060685387171649 3.29079528635721 12.4558997398066
"etap[213]" 0.0854482865244593 6.24703879782965 0.0294488233085387 0.0475870072468711 -12.3644724360759 -3.25746271304949 0.0334467149944147 3.36994131075322 12.7437551505146
"etap[214]" -0.0361656922491828 6.14817325670834 0.0289827666781883 0.0444150561907844 -12.4036407261694 -3.31481239990832 -0.0613204177436057 3.249700677567 12.3951177288771
"etap[215]" 0.0226732466551581 6.1604477124649 0.0290406290175272 0.0436934153970373 -12.6031802629923 -3.27659626688888 0.0562097295618249 3.33746254574802 12.5031923578321
"etap[216]" 0.0712392595393576 6.21367124936721 0.0292915271766096 0.0501571855195622 -12.5518348746406 -3.20678935270206 0.0190638879855186 3.29806459435002 12.8834192581179
"etap[217]" 0.0487288399420897 6.16924224098167 0.0290820868225375 0.0447350213013201 -12.3472959187436 -3.27916550359897 0.0286987764954121 3.35970867293924 12.4820330215648
"etap[218]" -0.019633370729501 6.27767798429597 0.0295932578186745 0.0450260963681466 -12.6361188678971 -3.35305642165541 -0.0206177092567366 3.27051998158408 12.6704145433237
"etap[219]" 0.0268262999402012 6.31893393735714 0.0297877402465003 0.0460276892479239 -12.7657828500186 -3.23256429618169 0.022612353427021 3.29892906410014 12.7614021606001
"etap[220]" -0.00195385221727234 6.18768651271631 0.0291690339533216 0.0486903947711807 -12.2957012852301 -3.29367401773942 -0.0223050820904165 3.30694223747992 12.721266654941
"etap[221]" -0.0380397479198974 6.29940070874458 0.0296956597237642 0.0516424215273978 -12.9188555776229 -3.31056915975254 -0.0105901013124586 3.28178180114703 12.6584664448874
"etap[222]" -0.0198673804790008 6.34430675360867 0.029907348849362 0.048088697823355 -12.8570908184365 -3.3056012162156 -0.015094684040338 3.29686766131892 12.9075720284577
"etap[223]" 0.086093678916979 6.23533267502964 0.0293936401164501 0.0433679998799432 -12.5031169374455 -3.24048754786928 0.0516495196010033 3.36376462533957 12.7856831326076
"etap[224]" 0.0141582493167005 6.31297371922481 0.0297596435087755 0.0493318737847909 -12.8800371563765 -3.23361273917232 -0.0270516514000013 3.27529658979108 12.6881272907845
"etap[225]" 0.0235646937774016 6.29502091552001 0.0296750131805023 0.0480288451857934 -12.680773144576 -3.27581905400808 -0.00203877678737555 3.2835550916128 12.9210472569559
"etap[226]" -0.0338122704542988 6.19482035320161 0.0292026631998753 0.0420254747144468 -12.735641066422 -3.29735916662908 -0.0108573410839314 3.25199107582167 12.5602000961637
"etap[227]" 0.0289999949494626 6.23617477761516 0.0293976098261079 0.0430972758138586 -12.3556873387061 -3.33059163201855 0.0196654502627137 3.31979474589918 12.6633690142979
"etap[228]" 0.0140434623021469 6.2350785214357 0.0293924420249185 0.0446792712836467 -12.7693621317844 -3.27657546576371 0.0413725234689845 3.35721389157739 12.6435827665111
"etap[229]" -0.00312971904495212 6.3363457928044 0.0298698205202323 0.0504417800405926 -12.617337642933 -3.32552376795867 -0.0484025609797565 3.32199175205598 12.6849586830956
"etap[230]" -0.0310504180812159 6.2641595641496 0.029529531374965 0.0484517667875888 -12.7434223278607 -3.30442257330654 -0.00618688429041621 3.28768828412963 12.4956798656213
"etap[231]" -0.0553041255767562 6.33878870410694 0.0298813365145514 0.0516255529945428 -12.8406005146701 -3.3303839606236 -0.0534845126746803 3.28885140006903 12.6538233080269
"etap[232]" -0.00653118634160403 6.26514518626584 0.0295341776421789 0.0489834715740433 -12.6683068254063 -3.28516878853014 -0.00163087352493417 3.25396147091355 12.7703794721624
"etap[233]" 0.0411348552140658 6.293281548974 0.0296668137279713 0.0452916863881552 -12.3473533215888 -3.3120135431042 -0.0602729476297801 3.3453802194019 12.8550857433314
"etap[234]" 0.135494171494414 6.19977629370716 0.0292260257274662 0.0443754987825112 -12.167837156345 -3.30343725120735 0.0569347339018098 3.36357696754621 13.1096881760917
"etap[235]" -0.0502204775702399 6.34377889783761 0.029904860513394 0.0469341520374627 -12.7833417446745 -3.33639537967422 -0.05887496261507 3.28623921093023 12.7023299715147
"etap[236]" -0.0508894154113743 6.22916960875363 0.0293645871434056 0.0480178034255021 -12.7869769509872 -3.34320557350008 -0.0180421160978066 3.26985330343477 12.4143691513865
"etap[237]" -0.0204329565607591 6.20354468806965 0.0292437901088522 0.0479293647730705 -12.6137012341809 -3.36962272170347 -0.0164443661467922 3.28251847525624 12.5962281848504
"etap[238]" -0.0389281562746579 6.25084911467309 0.0294667853143951 0.0490258318935747 -12.6200414002224 -3.36322879710196 0.00519526071627207 3.26127735035806 12.4403092501543
"etap[239]" -0.0109998495814468 6.27029676387032 0.0295584624118984 0.0474130559799233 -12.7025917156637 -3.31924874544592 -0.00505246810437298 3.3013495204522 12.6267735887637
"etap[240]" -0.0391101816032875 6.30722943297053 0.0297325646836856 0.048452270505112 -12.6857108869624 -3.39836126381251 -0.0552666613174742 3.30186205431518 12.8007686477103
"etap[241]" -0.0154581757957014 6.35156156736009 0.0299415483693612 0.0509423808368612 -13.0124312000545 -3.27464804031057 -0.000519135323813384 3.33000712965506 12.5303522658643
"etap[242]" -0.0928973003944226 6.25434895871615 0.0294832837374348 0.0495793242188614 -12.6766228328384 -3.40975440625042 -0.0620824226051636 3.23868716983813 12.3673171957416
"etap[243]" -0.094602955579097 6.47096571360264 0.0305044249127605 0.051740396543638 -12.9895985613325 -3.44936573551319 -0.074068762910984 3.29038562294123 12.6268635802259
"etap[244]" 0.0289625069932446 6.24436864154004 0.0294362360710773 0.0464818337340664 -12.4344748989515 -3.2706832636825 0.0111577475915158 3.33647123010308 12.7485284856289
"etap[245]" -0.0197007901591367 6.30923471290033 0.0297420176639292 0.0467271352671155 -12.8665687939168 -3.29997870634806 -0.010403331264512 3.28821161204791 12.6163588993976
"etap[246]" 0.0233735840493578 6.21527028584577 0.0292990651068586 0.0473922617973899 -12.3598905517921 -3.27777656853594 -0.0145438791432729 3.27133213206692 12.725138358685
"etap[247]" 0.0975571438818624 6.2472306806521 0.0294497278528384 0.0530521062958091 -12.3341140215301 -3.21658062459106 0.0572749285760547 3.40506132330726 12.7136580846595
"etap[248]" 0.0488258905814911 6.18932925242795 0.0291767779025871 0.0447385253892938 -12.4663930826901 -3.29607093585501 0.0421976638605259 3.38295635354356 12.7135055638102
"etap[249]" -0.021640738856089 6.24688116530242 0.0294480802216791 0.0484078660568741 -12.6596517052471 -3.31317537643198 -0.0230639595884516 3.31677980812677 12.6857724654595
"etap[250]" 0.0539586683313912 6.21943496488763 0.0293186975921384 0.0496171171950671 -12.3731176409905 -3.24597680240087 0.00530498783182601 3.33410867458179 12.5779049867203
"etap[251]" 0.0602766753180973 6.21139083652834 0.0292807772073945 0.0476061128486013 -12.3520369100437 -3.2890009274626 0.0283505046583509 3.35028522740684 12.8129402944531
"etap[252]" 0.0481503816330426 6.30314456332956 0.0297133084235297 0.0473854878352472 -12.4940085896204 -3.30712690765053 -0.0108197904336264 3.32265187361586 12.9217299587986
"etap[253]" -0.0377410027484089 6.2363210859278 0.029398299530108 0.0472072301118962 -12.8680216958328 -3.30190078578537 0.0203258140672743 3.31303515938649 12.3015590934223
"etap[254]" 0.0520565364593077 6.3810502946686 0.0300805595630172 0.0523594870943889 -12.7614113752381 -3.28194652809805 0.0429865876907778 3.31130604001707 12.9411576759008
"etap[255]" 0.0295435730620011 6.20543072250481 0.0292526809604433 0.0447303823939341 -12.1892263489945 -3.32000833459339 -0.023421262279899 3.26654054789125 12.8575860273403
"etap[256]" 0.00144830804179601 6.21939933560377 0.0293185296340836 0.0444307880647849 -12.6359304816756 -3.34990302846925 -0.0118126958656415 3.31181308693202 12.668804168884
"etap[257]" -0.10289336170419 6.2751573775558 0.02958137556455 0.0482615762630032 -12.9775622921713 -3.37370849383738 -0.0317815532593877 3.28272792498486 12.3789717765034
"etap[258]" 0.0502999663009435 6.29365960018125 0.0296685958784532 0.0525037717318912 -12.5442827035502 -3.3291568605593 0.0201861956437135 3.31870791529641 12.9967451454142
"etap[259]" 0.0437680455269605 6.17556805928056 0.0291119070159755 0.0461389232260697 -12.4609477515754 -3.29086131752714 0.078945249285462 3.34660262305905 12.4784202719347
"etap[260]" -0.0209510383104329 6.27333188879192 0.0295727701279905 0.0433127744883323 -12.7139432480531 -3.34280518158412 -0.0223658423964194 3.29422736434503 12.5376171503758
"etap[261]" 0.0300530685031415 6.24543872019332 0.0294412804702249 0.0422209405828137 -12.5600481347168 -3.3128057408891 0.0309033508890155 3.27412963645814 12.6905596282703
"etap[262]" -0.00432063694020308 6.25352460826747 0.0294793977121525 0.0494214318176691 -12.8125809413145 -3.3133367420664 0.0147256235314377 3.28283920284565 12.6533414222848
"etap[263]" 0.0714089977301317 6.21631370768863 0.0293039838445968 0.0455284040378697 -12.6948500049504 -3.20330603229084 0.0519513775920796 3.38736960692677 12.7546144340215
"etap[264]" 0.0654215525558857 6.22843948027161 0.0293611452847338 0.0467327916995642 -12.4242921948813 -3.318629461263 0.0498275860565009 3.39165454008048 12.6681533917181
"etap[265]" 0.0154499978909387 6.20530765217691 0.0292521008013538 0.0484011908917949 -12.5283849663423 -3.29235106894861 -0.0104893112853663 3.27689523527918 12.537793541874
"etap[266]" 0.043835749862843 6.33100456062311 0.0298446417102637 0.0484253147936237 -12.5936905815178 -3.28904653973259 0.0284898971786426 3.37932565825012 12.9053915033303
"etap[267]" -0.0256951847073361 6.27122837797603 0.0295628540829091 0.0521134306159013 -12.8592050820685 -3.32771387425038 -0.0107992273963174 3.24930284977371 12.6036921691189
"etap[268]" 0.0378990955385632 6.21347994193545 0.0292906253447277 0.0435374821709926 -12.3160127316032 -3.27220151432402 0.0107995267568222 3.33682079939473 12.466030665281
"etap[269]" 0.00937861654798369 6.3407184030767 0.0298904332027325 0.045251000836876 -12.4075860535163 -3.35754086253708 -0.0413862769881051 3.35434185698602 12.9696970849314
"etap[270]" -0.00950397192586262 6.22625084847813 0.0293508279755159 0.0446265189221381 -12.705123991393 -3.39052131658622 -0.0168441478777558 3.33101899468191 12.6156535636701
"etap[271]" 0.0569600675398541 6.21871365033824 0.0293152972827435 0.0414114963993481 -12.6545241458265 -3.27981844965815 0.0494642753788787 3.35671048979871 12.7898230866076
"etap[272]" -0.0621623678527587 6.27622719387089 0.0295864187270235 0.0511546443736133 -12.7119838260783 -3.29585411219398 -0.0478993750805097 3.29296650350475 12.3723549392336
"etap[273]" -0.0340720894407963 6.22783451734555 0.0293582934621512 0.0460388373167384 -12.8783958403632 -3.30256834601423 0.0104993922363774 3.30863652615123 12.497434784062
"etap[274]" -0.0273319512021518 6.33720306050442 0.0298738617189254 0.0516859711065511 -12.9111396115534 -3.31391226835748 -0.00624525059354082 3.32583276858228 12.6209771853567
"etap[275]" -0.0424655611625205 6.22501256664794 0.0293449906589882 0.0490544901408992 -12.6958599315651 -3.32041488577782 -0.0279345454293539 3.2720062804962 12.4019889167989
"etap[276]" 0.0275514999980217 6.25306365820845 0.0294772247727357 0.0445101435339218 -12.5880225965525 -3.30804097582896 0.0155162212495243 3.36507104091749 12.5500032102463
"etap[277]" 0.0309016224259016 6.31563536760598 0.0297721906395719 0.0456906045245768 -12.6740638121017 -3.27519669378452 0.0539864480602499 3.36859899982516 12.5866289372442
"etap[278]" -0.102375753175377 6.2307365165915 0.02937197361779 0.0462791611814092 -12.6754699216832 -3.3804395823706 -0.0260776925393611 3.26802195774891 12.2814357407508
"etap[279]" -0.0831074930196254 6.3338977762636 0.0298582804595893 0.0543577621753238 -12.9237876524327 -3.34547078801533 -0.0179607244861108 3.29223561559275 12.3172336872834
"etap[280]" 0.0239191437776473 6.28473826581639 0.0296265403049424 0.0479425339990801 -12.551166183687 -3.25663908195248 0.0369263334359074 3.35269461677076 12.6638905284438
"etap[281]" -0.0679795319416327 6.22237141227458 0.0293325401378711 0.0470013221770849 -12.8809031655754 -3.3047746834047 -0.0117198532181191 3.27671093849407 12.2120036699443
"etap[282]" -0.00424288103532774 6.20008354634302 0.0292274741302819 0.0466165481755622 -12.7384264687677 -3.26899917987267 0.00626737524703872 3.33427553080395 12.5726885915883
"etap[283]" -0.0592250634016927 6.23797075889374 0.0294060761630477 0.0463653154503407 -12.836726224487 -3.35313879211713 -0.0377702154820555 3.25235622713063 12.5084573166351
"etap[284]" -0.0499871286310024 6.30830774050549 0.0297376478741535 0.0468433900147352 -12.7073911874797 -3.3139948030679 -0.0235401156489219 3.25949358795546 12.6910128915325
"etap[285]" 0.00563420511235203 6.22817173805355 0.0293598831358138 0.047024126884068 -12.5996384410569 -3.35080875340624 0.00714949904259719 3.33952600875066 12.6430871409245
"etap[286]" 0.0371264760764089 6.22139835823969 0.0293279531171609 0.0457272627357925 -12.295843734105 -3.28311419836274 -0.0018272268787964 3.30058791708243 12.5490530960932
"etap[287]" 0.0164829856795058 6.22269173137747 0.0293340501366031 0.053260491422803 -12.3762918805129 -3.33981951560299 -0.030027387639009 3.29254321231711 12.7774224333588
"etap[288]" 0.0423162283869134 6.27053028339234 0.0295595632334822 0.0453721054351457 -12.7261475076542 -3.24408915633369 0.0659283931898599 3.3369856758604 12.6063772081747
"etap[289]" 0.108476267035288 6.27176774185298 0.0295653966686085 0.048590353095189 -12.4818065868831 -3.25225546344891 0.0777496039762263 3.36492142753637 12.9956937871655
"etap[290]" -0.0738343554611636 6.23070851811831 0.0293718416317216 0.0477346978374626 -12.7451621646126 -3.39660844603564 -0.0453364675637348 3.29816637155332 12.3744684848766
"etap[291]" 0.0313140838324901 6.14043878883583 0.0289463060469782 0.0468983292707245 -12.3149536105734 -3.32614981342778 0.00624562091247133 3.29306225081873 12.700163625279
"etap[292]" 0.0307300783803014 6.21626060206846 0.0293037335023025 0.0418655960051267 -12.5414017235822 -3.30894768006555 -0.0168800207092307 3.35251143861789 12.6490132815367
"etap[293]" -0.0396085378780921 6.2750338922688 0.0295807934493245 0.0502155033994107 -12.8027285305246 -3.36546699355301 -0.0122513966397414 3.32228880421138 12.6492068117126
"etap[294]" -0.0823734290787356 6.31682685210191 0.0297778073513502 0.0558925288182134 -12.9971935981666 -3.40664352357066 -0.026513374527873 3.28992764187293 12.4487771891826
"etap[295]" -0.0504068821963276 6.23748439315412 0.0294037834129636 0.044129296020885 -12.7634454051276 -3.38408739822401 -0.0346780191395817 3.28747152476367 12.5079418973988
"etap[296]" -0.00179165981273661 6.23565291807687 0.0293951497566523 0.0419392819942238 -12.6483968304046 -3.3012146127352 -0.0297161329469278 3.30652207358078 12.4491417538729
"mean.p0" 1.19148465264961 0.346000571642028 0.00163106233668333 0.00507423949229057 0.579146133746546 0.963789950480018 1.17268948791296 1.39275057926336 1.93650565098656
"mumup0" 0.656891336956958 0.0540380397589958 0.000254737762370761 0.000675577797513256 0.548862259796752 0.622046692264193 0.6573519388068 0.692704803796137 0.762098638102958
"mupsi" 13.0943340850629 1.43839962077018 0.0067806808393517 0.0087072997830562 10.3696216777939 12.106956244484 13.0694793663193 14.0631766103538 15.9470266155843
"ppo[1]" 0.734707370013139 0.109169010683426 0.000514627651664516 0.0007839050954627 0.48278078414502 0.671609973132374 0.746142403322788 0.810432030922935 0.917326651369804
"ppo[2]" 0.732455980132583 0.109506741501833 0.000516219730010591 0.000898047039597463 0.478202254871624 0.67020488607579 0.744810614226269 0.809156801735198 0.913562149470512
"ppo[3]" 0.670513495409126 0.125581487055555 0.000591996807256492 0.0013306286141739 0.377101649097297 0.597355880915971 0.689159551310413 0.761782697777815 0.868525871192972
"ppo[4]" 0.733037741122105 0.109699638933163 0.000517129057222369 0.000880809214668724 0.47702259715162 0.670861093271977 0.745606064448289 0.808646281943209 0.915816811664404
"ppo[5]" 0.790661881952094 0.0991999740424742 0.000467633162259753 0.00115809716257885 0.570971214776446 0.729826182123136 0.796643686018387 0.864195728607024 0.9545848442431
"ppo[6]" 0.840264110643029 0.0933842465034928 0.000440217559724106 0.00195425404208121 0.646288397131723 0.77472796934061 0.848921633521955 0.915366918798616 0.984477617575483
"ppo[7]" 0.840339586255603 0.0929219089921405 0.000438038079794278 0.00189169497611589 0.647873968862632 0.775408854787836 0.849031936250825 0.914145693934929 0.984490538637127
"ppo[8]" 0.790841404748063 0.0989222438274553 0.000466323929470552 0.00120934255220102 0.574873763559023 0.72900420212244 0.796322791302098 0.863880519635115 0.955840848169377
"ppo[9]" 0.608192884688204 0.144160292720323 0.000679578137069188 0.00226459906007011 0.280201234072783 0.517365813407952 0.631503634352791 0.717702197430444 0.827202790408175
"ppo[10]" 0.671565829511702 0.124594297469414 0.000587343150918643 0.0014136117570607 0.383105612378444 0.597583783890207 0.689994582002319 0.761464666083426 0.871710674589805
"ppo[11]" 0.790838449550547 0.0983215739899927 0.000463492344701725 0.00117998324372961 0.575292623022449 0.729729310991439 0.796254590244747 0.863224522726006 0.954903461355663
"ppo[12]" 0.839920406397961 0.0930057144565822 0.000438433142542327 0.00189298585857384 0.645923943286089 0.774882349934689 0.848897539667658 0.914011330462243 0.984940336111622
"ppo[13]" 0.733421823528814 0.109498985725871 0.000516183168932081 0.000847849365242083 0.482303262470626 0.670458527361933 0.745319243077206 0.808695488632652 0.916957897918451
"ppo[14]" 0.789514258694744 0.0986184064858946 0.000464891626506583 0.00120612947827275 0.57415587282667 0.728238122669947 0.795142854068991 0.861924390463847 0.953857579222543
"ppo[15]" 0.733669354961175 0.108356746177096 0.000510798600060894 0.00080538860725676 0.483139535409788 0.670431817290181 0.745443125216115 0.809181796001119 0.913490582836239
"ppo[16]" 0.542615255763038 0.163302479270448 0.000769815269844731 0.00336499263071571 0.197932355924116 0.428123227140318 0.559744961426212 0.674119282739016 0.795843414146381
"psi0" 0.99999453321526 0.0000116891415702467 0.0000000551031418038067 0.0000000775574529411057 0.999968629827794 0.999994479056374 0.999997891389746 0.999999219380023 0.999999881342748
"sdeps" 0.824444097406372 0.457120946205321 0.00215488880589462 0.0136396436118223 0.0695992188410656 0.501391202182764 0.782074632964371 1.08544696941731 1.84984993492523
