"Mean" "SD" "Naive SE" "Time-series SE" "2.5%" "25%" "50%" "75%" "97.5%"
"N" 50.1057777777778 0.361436283426269 0.00170382697985052 0.00679563607209739 50 50 50 50 51
"betapsi[1]" 0.020588240346424 3.0417347301482 0.0143388750283895 0.0227621910063811 -6.65502520500478 -1.38075151646435 0.0125529443165948 1.40382202856298 6.70980001189474
"betapsi[2]" 0.0187832953313636 3.01216797451505 0.0141994960056836 0.0228507771940924 -6.4854775683144 -1.36507087719132 0.00622448393889707 1.39435813227756 6.5730783257702
"betapsi[3]" 0.0290090240385921 3.06948551425151 0.0144696934792075 0.0236158974796093 -6.56648558728413 -1.4062119628896 -0.0011758136835569 1.42032825097832 6.79772602843068
"betapsi[4]" 0.0194917444343288 3.00936039067862 0.0141862609285537 0.0222118413781792 -6.51045939684336 -1.37523839969405 0.00212626771806063 1.40694256132107 6.66600799894392
"betapsi[5]" 0.00296067565312752 3.00712788751582 0.0141757368077174 0.0228004852077663 -6.55531390147583 -1.40520753316607 0.00540749777841016 1.39469962758662 6.51044468070452
"betapsi[6]" -0.00908734862713231 3.007716161599 0.0141785099583402 0.0225116594955921 -6.56943207181112 -1.42297152468348 0.000291764849535693 1.37943611191318 6.55426993629197
"betapsi[7]" 0.0439414717285414 2.99243043216847 0.0141064523387688 0.0226327661796267 -6.49100616562579 -1.34225722097801 0.0132074150566815 1.40659945441354 6.68209869219744
"betapsi[8]" 0.0484860762202303 3.03060083996984 0.0142863893667488 0.0229073496997501 -6.55558491418332 -1.34755062679509 0.018104495834808 1.43076316044278 6.70790894320813
"betapsi[9]" -0.0036842234990464 3.01255273620835 0.0142013097897001 0.0226328880342096 -6.56348026064985 -1.42290587340784 -0.0035438765461512 1.4013135320901 6.57186586109311
"betapsi[10]" 0.0111067633043805 3.02228867488627 0.0142472054447693 0.023641513805284 -6.47376517284351 -1.38738718535048 -0.00192479656721438 1.41955347699321 6.69611881470257
"betapsi[11]" -0.972101779901385 4.33805513405245 0.0204497880163307 0.109732279545197 -13.1053665288904 -1.98201941397153 -0.12422943603322 1.11434733144077 6.15074065924747
"betapsi[12]" 0.0279852587482522 3.00348316598019 0.0141585554256282 0.0227321926745007 -6.48493717790773 -1.38939302864722 0.00066443416835807 1.41389114586645 6.62657010032879
"betapsi[13]" -0.00319382239665101 3.04746793948062 0.014365901636369 0.0232642143531798 -6.61259720112363 -1.43517569380631 -0.00878071365996201 1.3817453862277 6.71497771956422
"betapsi[14]" -0.00788733313708757 2.99588289972579 0.0141227274269128 0.0223873140202484 -6.47852173658607 -1.42607201259324 -0.00837195028437404 1.37855113600509 6.59011609854823
"betapsi[15]" -0.0156496144298542 3.00759489280716 0.0141779382917732 0.0220434719270869 -6.57174809420845 -1.40834543612203 -0.00834408488859997 1.3695416809091 6.57805800870412
"betapsi[16]" 0.0455065978546811 3.05586966826019 0.0144055077656605 0.0239013155950742 -6.56209426085861 -1.37117313635546 0.00727842411863985 1.45404193550744 6.73516912087676
"etap[1]" 0.443361149593923 5.93740272004345 0.0279891848398545 0.172255772420015 -10.4617010911864 -2.60561479121135 0.292852908105584 3.22340021039123 12.2881221152734
"etap[2]" -1.68120508594283 9.94301405219203 0.0468718177449208 1.28973572941826 -20.8706685034776 -7.60798344265816 -3.40479255051461 5.96950389005987 14.9866904300434
"etap[3]" 0.495479142276273 6.02808499285416 0.0284166651734403 0.178057861025752 -10.3227657765833 -2.5660218658186 0.297095298294736 3.19440692857756 12.2657783341725
"etap[4]" 0.480609058359193 5.94393167760643 0.0280199626409669 0.186767185013989 -10.4581393950547 -2.5548320694795 0.274215433610584 3.19306289713844 12.5804996649129
"etap[5]" -0.491857153010469 5.10036972364926 0.0240433734543396 0.182290747018206 -10.7549518880556 -3.18620555597389 -0.391141163509839 2.41886388455408 8.96640762163132
"etap[6]" 0.521747441330254 5.81122390872563 0.0273943722190219 0.184794214773684 -10.2881325670813 -2.54648365861732 0.358685488824623 3.30411067017328 12.5415955435419
"etap[7]" 0.464348939406149 6.03497271772223 0.028449134219848 0.181899276490971 -10.5381907512233 -2.5926611847718 0.269339988734412 3.1915392153659 12.5728778797058
"etap[8]" -1.05312225696339 7.48486697580171 0.0352840012991242 0.641497134021537 -15.2745434927234 -5.29804945846281 -1.49167554346779 3.93836165247187 12.1213375139488
"etap[9]" 0.521137394718554 5.97303353692282 0.0281571501214186 0.214520986052705 -10.2150393625433 -2.58281269033099 0.304418424717817 3.25344139282856 12.6040035025148
"etap[10]" 0.417437606932877 5.77862406075632 0.0272406950619236 0.174570172091083 -10.6289883276641 -2.63236463921485 0.251276850604757 3.23354007119526 12.1247509164596
"etap[11]" 0.497718893974339 5.80458016100699 0.0273630532919263 0.205684933687759 -10.2794102027502 -2.56089178060207 0.292832823784509 3.18415354773658 12.3817647135886
"etap[12]" 0.40905843644274 5.80100501070276 0.0273461998717671 0.178014737454931 -10.4259104785879 -2.62568606776082 0.214952121419752 3.19073355243812 12.368439411895
"etap[13]" 0.550747284276527 6.07007941921171 0.02861462879777 0.207116161600369 -10.2138469113545 -2.56051221256949 0.264461824409568 3.24267853631095 12.7738193883692
"etap[14]" 0.558402988282854 6.06184923778886 0.0285758313504734 0.171819781867465 -10.3187658454357 -2.53237630084252 0.317473583181921 3.27024430624853 12.8036888303391
"etap[15]" 0.526587110040249 5.82459335020524 0.0274573963705613 0.196931602889053 -10.3020438665278 -2.56714022827683 0.300331585247782 3.26233711622166 12.7029102157221
"etap[16]" 0.482431835378945 6.13788488230702 0.0289342668161446 0.166508282342391 -10.3681446845284 -2.5580965284995 0.278974725245654 3.19104745691662 12.3988222326693
"etap[17]" 0.427479255825109 5.90134948238426 0.0278192282476376 0.172487390843711 -10.3049627531081 -2.58598500617297 0.240316448991595 3.14072415526705 12.0594669185623
"etap[18]" 0.450187090273069 5.9823820372975 0.0282012193748111 0.175706454139689 -10.5195830751618 -2.60792639769068 0.261658165935941 3.19363040799978 12.4289635331284
"etap[19]" 0.509576695264029 6.04037536203984 0.0284746025294034 0.190026125279492 -10.4742060608945 -2.5699972251831 0.328523517097043 3.23197952730107 12.7198639339813
"etap[20]" 0.391624633316279 5.64682279987988 0.0266193779596924 0.169432691199617 -10.4357948345193 -2.59170601498715 0.223138550348877 3.17307610948282 12.3468202522061
"etap[21]" 0.477278555021017 5.58159573783897 0.0263118946404525 0.164777212025671 -10.2226052670631 -2.54572058191901 0.279015502139149 3.2216964160774 12.1657424850258
"etap[22]" 0.552395979193646 6.11028039090453 0.0288041379957319 0.205456502855324 -10.294098622752 -2.55860639679932 0.330590795890987 3.20787625964719 12.470089596446
"etap[23]" 0.49238152551351 6.00787790034073 0.0283214080258115 0.193768663750606 -10.4981065063105 -2.58057104920224 0.286489422100897 3.22188871814088 12.4728105984003
"etap[24]" -0.441367762689196 5.12054129587024 0.024138463157704 0.157753154899069 -10.7418546487484 -3.16211147050132 -0.370193084963216 2.47417179723499 9.28003921914113
"etap[25]" -1.69141702928377 9.90680432215476 0.0467011234405588 1.42997434865617 -20.2511119646355 -7.58989891836154 -3.37042701503819 5.90424688786334 15.0417802795034
"etap[26]" -1.07043059443222 7.27094283875353 0.0342755532460159 0.654857939882237 -15.2088109495852 -5.32471845924284 -1.48676016501904 3.99514888331778 11.8141017820608
"etap[27]" -1.09075135031654 7.32177135805445 0.0345151611838516 0.78687497213932 -15.2476947403131 -5.34608184337747 -1.51020590464407 3.98459315818123 11.8938229902695
"etap[28]" -0.481347620632943 5.21658480821494 0.0245912166168234 0.174251351090302 -10.5962598256684 -3.14126003083008 -0.371833818274598 2.44113042937084 8.86241939530124
"etap[29]" -0.523205160150008 5.29396689555443 0.0249559992748242 0.196139804767029 -10.7233547224548 -3.17589728415179 -0.412864051506908 2.41913465402427 8.90410376328699
"etap[30]" -0.495640966498363 5.38885736627942 0.0254033172436217 0.201743207199808 -10.9379386297596 -3.12900737191342 -0.373725466169721 2.48576264078484 9.00983423451218
"etap[31]" -0.440732399998103 5.1954806804331 0.0244917308043863 0.181302906455333 -10.471167516892 -3.12681985649437 -0.357272869295825 2.51565728178976 8.9486719015669
"etap[32]" -0.510032219676934 5.2771861541773 0.0248768941013502 0.191418400353562 -10.8347178895652 -3.15478588472236 -0.398920735574217 2.41131434611582 9.0610326722016
"etap[33]" -0.428291573508721 5.18574904793867 0.0244458554488608 0.157346791324498 -10.5773301289902 -3.16458911732725 -0.3861375567159 2.48347295027569 9.22553590761163
"etap[34]" 0.421720636366656 5.90242497249717 0.0278242981566505 0.18276928448814 -10.614850938799 -2.63174239970849 0.234096958401255 3.1763265220506 12.1722350199318
"etap[35]" -0.457918572589631 5.28535265634729 0.02491539136177 0.189506678390292 -10.9253714905968 -3.15423453803255 -0.340599893281437 2.53296535226267 9.07289675598035
"etap[36]" 0.489254583819331 6.04709524351635 0.0285062803544755 0.18184904378603 -10.5022677771306 -2.6207407342911 0.272733004200952 3.22922076487832 12.6209636532111
"etap[37]" 0.633596174321682 6.20878769286376 0.029268505870477 0.242829038233198 -10.2755855189633 -2.54822450310542 0.332898032773362 3.28551268362518 13.2446122191722
"etap[38]" -1.61965335509624 9.80259396890791 0.0462098711242209 1.36541859365966 -20.5019753265766 -7.45808931078041 -3.38551399020317 5.95378998066498 14.8578579473263
"etap[39]" 0.526533132766698 6.1972792610978 0.0292142546028601 0.226537547299333 -10.5524690933001 -2.59671082745694 0.264851511895674 3.23870813570902 12.8084479543614
"etap[40]" -1.07847629088754 7.36112914779243 0.0347006955839599 0.737703325153478 -15.2198578157584 -5.33260484754372 -1.52569089781556 4.00506916856216 11.6718151312351
"etap[41]" 0.494615677672786 5.90047258742 0.0278150945251334 0.173074724770699 -10.2324813384538 -2.58634003684712 0.254501573051014 3.1940848323336 12.4155765932581
"etap[42]" 0.561420250797475 6.18719618816519 0.0291667225412211 0.186849025393338 -10.4023447900481 -2.58462896868089 0.299046591504986 3.28805321384951 12.7230442951843
"etap[43]" 0.404508471848794 5.6820239472338 0.0267853177596892 0.159693717839112 -10.378150905738 -2.59123342652908 0.259613129895494 3.22115363500838 12.0443694016187
"etap[44]" 0.477485746413225 5.72586005852431 0.0269919631700516 0.169532150462975 -10.2493582286751 -2.55723264351885 0.267993328347146 3.26718570258789 12.2799177212948
"etap[45]" 0.482037272171771 6.03570051029056 0.0284525650669171 0.17682350791372 -10.7370082122821 -2.57819932576641 0.276839332600166 3.23695518051316 12.746786379167
"etap[46]" 0.550373135787382 5.96153006805424 0.0281029222491244 0.177957291290942 -10.3075761763099 -2.50477055389971 0.346335874044237 3.28128821718317 12.4850971589273
"etap[47]" 0.482326696857601 5.79488529835141 0.0273173512710834 0.152136096158337 -10.033738095856 -2.51879456420896 0.276781202173451 3.23263754446172 12.223991133488
"etap[48]" 0.481446426566205 6.07376705749642 0.0286320124913545 0.205712293250229 -10.4016190396943 -2.55352823011672 0.279229308682685 3.17987565669888 12.1984400740646
"etap[49]" -0.44182626234464 5.27313322658232 0.024857788417443 0.169943406958367 -10.6791099885068 -3.11009412972588 -0.384665734725187 2.45038203624036 9.20843038157305
"etap[50]" 0.463052199633474 5.96448095922002 0.0281168328834835 0.183780395767455 -10.5964572588896 -2.55609081527002 0.291979832332449 3.19856447834087 12.2472139514741
"etap[51]" -0.158628655083126 7.58575161884535 0.0357595760672159 0.115887293584744 -15.0894135109621 -3.69578208595117 -0.0816017891288137 3.47825972025778 14.0266462472778
"etap[52]" -0.056842980161201 6.60025819641179 0.0311139155217658 0.0474968135137094 -12.6461675468184 -3.25207310830896 -0.0213914655955496 3.24238334113743 12.2353295036151
"etap[53]" -0.00065462647313772 6.36508397987073 0.0300052936332563 0.0597855176541497 -12.2865589373942 -3.23721099556539 0.0442310955463081 3.27177333564852 12.0379448231979
"etap[54]" 0.0195510229290227 6.09150146627532 0.0287156132960738 0.0477689188312169 -12.0103340655456 -3.22897154680851 -0.0263755484279378 3.20364053876444 12.346975091552
"etap[55]" -0.0837144266795906 6.34465822471131 0.0299090057000291 0.0497939061681384 -12.2203676678647 -3.26274023005849 -0.0453728160151644 3.13159043126636 11.8242043779923
"etap[56]" 0.0403056143834326 6.30757771787884 0.0297342065144886 0.0444441297844324 -12.0045751613539 -3.21156646455238 0.0331746780594738 3.22797081899761 12.2879467433633
"etap[57]" -0.00989000729525897 6.29605290025809 0.0296798780032115 0.0613023884163236 -12.067587436733 -3.17784100613069 0.0400638136393559 3.25769508170364 12.0211085632141
"etap[58]" 0.0928312312140658 6.22056480328345 0.0293240237014139 0.0411547183650439 -11.9175837217009 -3.16930370027684 0.0406811091256521 3.27404929902207 12.3470678760718
"etap[59]" -0.0411004903786014 6.46125763626664 0.0304586605973167 0.0519521461027845 -12.2697133651218 -3.26388989144378 -0.0139214898579436 3.18857868885003 12.2592773887862
"etap[60]" 0.100774138562364 6.2976719301931 0.0296875101835181 0.0596296860546457 -12.0019733088891 -3.15070124793878 0.0448063031873523 3.23085849704639 12.2720690376273
"etap[61]" 0.0588378301580255 6.3733211113362 0.0300441238433681 0.0639723550102751 -11.9293910383057 -3.20897968997816 -0.000999118129392213 3.25431426868766 12.2641203382442
"etap[62]" -0.0169285637223827 6.19023321122245 0.0291810392052105 0.0540352067194562 -11.782382342489 -3.21487212169834 -0.0354556591672207 3.17437580784056 12.0312747888538
"etap[63]" -0.0602014313539564 6.28301403772666 0.0296184122157786 0.056838608866158 -12.2194650606736 -3.21635608402436 -0.0497886972630724 3.17237076816986 11.9090893017752
"etap[64]" 0.0293516935491316 6.35297513027518 0.0299482119688471 0.052576742343789 -12.0588792378119 -3.2476311935564 0.0167571131779075 3.23439610181407 12.123692515677
"etap[65]" -0.0475046048690822 6.5102201012974 0.0306894718709624 0.0676093484094338 -12.4964393279874 -3.24877412143107 -0.0239388191675628 3.15156580220864 12.2626145154379
"etap[66]" -0.173685286928537 6.39439185934347 0.0301434523020388 0.0629014704618968 -12.5303145068174 -3.30080161244129 -0.0655169765189661 3.08194334167866 12.0242544237527
"etap[67]" -0.0194624348732575 6.26703046690419 0.0295430649403376 0.0482872067843444 -11.975245115464 -3.22627325521259 0.0213676738423039 3.23751331192221 12.1291946461717
"etap[68]" 0.0647336589436041 6.22194407469332 0.029330525649194 0.0521663093043866 -11.8522914384288 -3.12902967710357 0.0715930929444711 3.20951088501054 12.1693730935809
"etap[69]" -0.00379358802041173 6.44262078491035 0.03037080563749 0.0647619628455063 -12.1152617619665 -3.24948082069241 0.0249805975966633 3.28113380268373 12.1816632564484
"etap[70]" -0.0701141069878797 6.16982963799295 0.0290848558386037 0.0508930273992907 -12.3930938191697 -3.20782266480556 -0.0267529304533994 3.17170434556446 11.8814345523384
"etap[71]" -0.0365349814391325 6.31602674585501 0.0297740356143312 0.0505245540424989 -12.2150313760625 -3.27527697388278 -0.00522400142221304 3.25065216240956 11.9521358195502
"etap[72]" 0.0742207270665006 6.23797795414687 0.0294061100817962 0.0465688927699161 -11.7603875086819 -3.17611165756707 0.0442753271579361 3.2752387490635 12.1852220396284
"etap[73]" -0.0964563264410466 6.49043786693215 0.0305962175238511 0.0642056864683118 -12.3154872468056 -3.23591046601002 -0.0530628574989662 3.1504535491607 11.8746828155185
"etap[74]" 0.00684738864861459 6.44246910775858 0.0303700906245396 0.061137264320381 -12.1724517897761 -3.1992781250375 0.0279172541916814 3.25275248698467 12.2196975285956
"etap[75]" -0.0253342129020427 6.23207758821892 0.0293782954900687 0.0441406737150403 -12.196509382638 -3.25693098618817 -0.0158198801110422 3.20146026882462 11.8058091455092
"etap[76]" -0.0144441419154084 6.31445905063854 0.0297666454282085 0.0509334991970354 -12.0006240679478 -3.28669799947787 -0.0402027548605039 3.18535296467173 12.2572909245839
"etap[77]" 0.0393810406590198 6.2514963865544 0.0294698365833055 0.0602678896504117 -12.0716736099792 -3.18052127454384 0.0610075432947391 3.24251740853312 12.0042503131683
"etap[78]" -0.0444152758530283 6.27639674049216 0.029587217977461 0.0407611765605683 -12.3236562022472 -3.24530281616209 -0.0297362551954349 3.20001796210261 11.8775322293526
"etap[79]" 0.00866770449277647 6.21273363122929 0.0292871072023197 0.0431490229188037 -12.1005884373407 -3.15799276748022 -0.00175522050504265 3.1768323013892 12.1732573905552
"etap[80]" -0.0582555342749557 6.21654959102685 0.0293050958093169 0.0590735505309334 -12.0639173049124 -3.23425668760084 0.00353295514164481 3.2252886518454 11.7617070802894
"etap[81]" 0.0222823358066263 6.26438072764361 0.0295305739496741 0.0472777271919994 -12.1271944598683 -3.22481762629203 -0.0118906302463422 3.24305085635276 12.1569994516208
"etap[82]" -0.0187992966683457 6.34889657064173 0.0299289854543519 0.0697184179641948 -12.1042802610437 -3.21067247431693 -0.0278698535989278 3.11967285082096 12.2827109344442
"etap[83]" -0.0850913044364137 6.33616050790607 0.0298689470788452 0.0594168039936331 -12.4212548140845 -3.31565562043766 -0.0194092114340092 3.17374498363029 12.0042928623781
"etap[84]" 0.0407624075909431 6.4063057795202 0.0301996150603553 0.0500635411878691 -12.1016201207996 -3.20451826505386 0.0424647187734725 3.30706998944817 12.2321593653651
"etap[85]" -0.0586374225368978 6.52584545608606 0.0307631304998258 0.0764124728741189 -12.2978984686448 -3.19811490182721 -0.0137833703770775 3.17190571776214 12.3104901899034
"etap[86]" 0.0262390936462102 6.25067275493294 0.0294659539466072 0.0582105359233194 -11.9936203695295 -3.19167626261656 -0.00483516674559611 3.24227670349353 12.15839083008
"etap[87]" -0.0483318365300974 6.67277083670896 0.0314557433862716 0.0559416657774689 -12.27657696764 -3.24639260839757 -0.0292809455255601 3.18282786856961 11.9558240258007
"etap[88]" -0.00410373979754581 6.67634293514717 0.0314725824197964 0.0756649808940077 -11.7436139376524 -3.17856905832689 -0.0147392873169341 3.14950889318844 11.8760493969429
"etap[89]" -0.0471861199047202 6.32892013574348 0.0298348156371486 0.0606430442645831 -12.2682308993076 -3.21539150167532 -0.026825843617897 3.16728857764124 11.927862253124
"etap[90]" -0.0122949307720545 6.25548779120437 0.0294886522452685 0.0508468294725092 -12.2178894238002 -3.22918412240409 0.000694664239294259 3.25858318214975 12.2824715967854
"etap[91]" -0.0578369212221508 6.4040631850771 0.0301890433687676 0.0652729562957462 -12.3629820444563 -3.30142650280546 -0.0443104151634368 3.18248504070956 12.1741570467276
"etap[92]" -0.015705176821157 6.43807718762953 0.0303493869145017 0.0569721449889722 -12.2574298612377 -3.2224991082733 -0.0000580057119086626 3.17093411301293 12.1804008769895
"etap[93]" 0.00216655388273661 6.30136905577535 0.0297049386006521 0.0475298311191762 -12.0395526422655 -3.26662143083002 -0.00160867081728746 3.26503099451596 12.166980863202
"etap[94]" -0.0300928764562688 6.27918106551834 0.0296003434115079 0.0583379970028386 -12.2539396781469 -3.22236492517341 -0.00656711329822691 3.18499656941896 12.1200736046741
"etap[95]" -0.0147119776926255 6.19466628067084 0.029201936895 0.0452141154263365 -11.921446450839 -3.22375951752363 -0.04247970065449 3.18028997376822 12.0214529655276
"etap[96]" 0.0782785699334737 6.32364516955384 0.0298099492080605 0.0530370271787658 -11.8160933392727 -3.15708684239797 0.0119327971120029 3.20634992841034 12.2646209276861
"etap[97]" 0.0472758789553305 6.28834638515227 0.0296435491426072 0.0552253044354797 -11.9372909696579 -3.1840993662099 -0.0108928492208571 3.20765918122017 12.256427810616
"etap[98]" -0.0235915133689676 6.36227745556593 0.0299920635508064 0.0543992156034709 -12.4429488907811 -3.21043163024728 0.0187118991087003 3.26693209970773 12.0479175108912
"etap[99]" 0.0555020111866591 6.74580354857519 0.0318000228916653 0.0833894435991808 -12.0508434995245 -3.22091617829556 -0.0205568421956504 3.18403708376196 12.0619558811136
"etap[100]" -0.0585788429222753 6.37027985594501 0.0300297872279652 0.0526464884369945 -12.2306774261325 -3.28007278527717 -0.0621607574080453 3.20411270985042 12.2077526062527
"etap[101]" -0.0904185166959271 6.37474082604262 0.0300508164426765 0.0587116018776278 -12.4908346840065 -3.22823739830749 -0.0429066047874705 3.16938344556501 12.0382871622478
"etap[102]" 0.024737067837202 6.37955879434828 0.0300735285630796 0.0592995339370783 -12.0758387502288 -3.18669845206153 0.0277801854232641 3.21493187895365 12.2946083161141
"etap[103]" -0.0710441683766205 6.46458027893183 0.0304743236850501 0.0613461825154562 -12.2124057378991 -3.26576259253942 -0.0363154150032861 3.19042145505814 12.1210439813467
"etap[104]" -0.102813734321241 6.288574741384 0.0296446256242071 0.0613142785747456 -12.5153239654964 -3.24903778898423 -0.0154913157944154 3.16894238508926 11.7770567358549
"etap[105]" -0.0540587603517723 6.18853285580817 0.0291730236529181 0.0507003686095229 -12.2398072268924 -3.21021093709883 0.0220613624354237 3.19479863117233 11.8121778747699
"etap[106]" 0.127506672182452 6.55658710881669 0.0309080480405639 0.0677940699794995 -11.8971658609335 -3.24817474099945 0.00845277331808798 3.26113872700096 12.8383783898896
"etap[107]" -0.0881417695476416 6.27508615088784 0.0295810397988172 0.042782041706916 -12.3728140951481 -3.28921177413348 -0.00632907274690946 3.1858761624326 11.8071627288048
"etap[108]" -0.00364570278726291 6.32121545054571 0.0297984954028136 0.0742703259759808 -12.1689164121116 -3.26966444189576 0.00785194724081307 3.22253792959269 12.1580914890539
"etap[109]" 0.0393059549635055 6.19131591847494 0.0291861431361456 0.0603093553304065 -11.9947570257948 -3.2411981586903 0.00923406041901197 3.2542830446136 12.101738369502
"etap[110]" 0.00688885187321978 6.24396994538658 0.0294343565993856 0.0456955551797866 -12.2446285023976 -3.17627463571066 0.00165449040352632 3.23892316388252 11.8152727442846
"etap[111]" -0.0242301694694664 6.18601579055969 0.0291611580935455 0.0509773806818776 -12.0413497319864 -3.22677951805026 -0.0164225733208118 3.19465252433923 11.9998953487262
"etap[112]" 0.00750065018778515 6.25917880141506 0.0295060518342645 0.0712979857144581 -11.8447249228619 -3.23431195637215 -0.0152394635774036 3.21545676310543 11.8465863082766
"etap[113]" -0.00434732393828302 6.36819579761665 0.0300199628827894 0.0778763454219414 -11.9736574698344 -3.19055381368131 0.00309372479771363 3.21702613442011 12.0979432373951
"etap[114]" -0.0681024266103 6.36766541572526 0.0300174626385759 0.0535383678788499 -12.1040380259316 -3.26898757899953 -0.00683435400819847 3.16805841008832 11.9639355857082
"etap[115]" -0.0456665018878607 6.23306132302697 0.0293829328604264 0.0453933784316459 -12.3164141194813 -3.25686745201325 -0.0203469104198616 3.2104521746947 12.1100571222321
"etap[116]" 0.0488564612564535 6.27088577137682 0.0295612390199119 0.0581810164394731 -12.0361439546672 -3.16550230322111 0.0132432614601827 3.19248705653093 12.0909324564791
"etap[117]" -0.144465814861725 6.37435864799924 0.0300490148381025 0.0794442099380805 -12.4881025836315 -3.28113674547697 -0.0399269402937963 3.14395344774579 11.7675179732818
"etap[118]" 0.0033027131683131 6.49435256225299 0.0306146715745688 0.0517437969719623 -12.2393394554996 -3.21372741379398 -0.019255369985686 3.20643522255679 12.2452738057139
"etap[119]" 0.0295513169452227 6.18183313939835 0.029141440886882 0.0613677025572143 -11.8910941498325 -3.15214921645689 0.0280165044944509 3.22785177873973 12.0609581946511
"etap[120]" 0.0289242162009221 6.28984959369746 0.0296506353356461 0.0607593654173574 -11.9514659689556 -3.20516491196798 0.00545394294133551 3.18646376433301 12.0579885315785
"etap[121]" -0.0119599858436899 6.34340874664884 0.0299031156039563 0.0516202877256198 -11.9843186866823 -3.24722138000497 -0.0265146327297346 3.18807975712981 12.2616801141436
"etap[122]" 0.0917155118706039 6.30472415533799 0.0297207546916675 0.0586839495007716 -11.9288671627679 -3.19668999278949 0.0327418384073959 3.27123190227223 12.4825197198003
"etap[123]" 0.012461820580362 6.26127088862484 0.0295159140279503 0.0482280464859683 -12.0391878033851 -3.23940799147846 -0.0288695864449766 3.24216819381115 12.3937924571689
"etap[124]" -0.155270839409387 6.30932340770079 0.0297424357752283 0.0827328888828853 -12.3501397144752 -3.2521322307293 -0.0283536052322729 3.11272415333818 11.6813410563569
"etap[125]" 0.0215795251220894 6.37189580934731 0.0300374049053575 0.0579534613710612 -12.0489345824407 -3.2619896308693 -0.0413948759900836 3.22522997766367 12.1372529095516
"etap[126]" -0.0110068749877853 6.44424866727876 0.0303784795485679 0.0699477726762548 -12.1148011339453 -3.20868925542786 -0.0040058700475091 3.19162431363615 12.0767917511167
"etap[127]" 0.0307625239276146 6.30041765781395 0.0297004536676514 0.056016105924379 -12.1600876889761 -3.19575356829688 0.0472848447982643 3.26092419615934 12.1570075924961
"etap[128]" 0.000118550219825474 6.38097299082837 0.0300801951492197 0.0596029941782995 -12.1428594840052 -3.21255673483445 -0.00116478545603332 3.2019394066556 12.1971101790368
"etap[129]" -0.0631322225544002 6.34623520593598 0.0299164396608143 0.0510564413836139 -12.2423498610722 -3.29497531979312 -0.0329755009632689 3.22287102573815 12.0783455206915
"etap[130]" 0.0112177726483021 6.28305830941156 0.0296186209145027 0.043143885756389 -12.2920117895032 -3.18931724461146 0.0237137239148565 3.22148725578511 12.1350025325156
"etap[131]" -0.0160975273966646 6.29198815597038 0.0296607166148806 0.0553983199537583 -12.175359588651 -3.27965726093355 -0.0342813770548842 3.13402959865475 12.2324107847792
"etap[132]" -0.0416152605598565 6.51195341152502 0.0306976427737348 0.0628971674303636 -12.1463382191765 -3.28682201480469 -0.0193011299344608 3.2147280955828 11.9401539443495
"etap[133]" 0.0182344147020427 6.2039810089119 0.0292458469450278 0.0494120435017619 -12.1430040066166 -3.24801690337307 -0.0173506433853922 3.23394080748325 12.0401759034898
"etap[134]" 0.0793255437088578 6.43744642167561 0.0303464134552793 0.0767003196751509 -12.1642067518711 -3.2122046636717 -0.0109401935631354 3.23200933963985 12.2275056709013
"etap[135]" -0.0951473215306626 6.2935039169013 0.0296678619804334 0.0471041744095731 -12.4344323960691 -3.2724069257503 -0.0450501132295309 3.15478717377399 11.9644337104407
"etap[136]" 0.114018984511813 6.55111380377043 0.0308822466331391 0.0572199595176508 -11.9134168575531 -3.18471956035389 0.00108054405894905 3.27194832914301 12.4307820613273
"etap[137]" -0.073277435461386 6.43046323845742 0.0303134944138937 0.0690544398068532 -12.3002807145237 -3.26741528454727 -0.020167774007178 3.23011990778071 12.1708251614946
"etap[138]" -0.0401875135162877 6.33513837222763 0.0298641286850484 0.07147332470052 -12.0727496701301 -3.21775143070179 0.0078431897494426 3.15601665628185 12.0135925940843
"etap[139]" -0.013563608944174 6.34372497174959 0.0299046063033772 0.0555966738203959 -12.1147925979836 -3.22852100793738 -0.00242011305250639 3.21776181034544 12.1696520921909
"etap[140]" -0.00138835516191518 6.37787303458898 0.0300655818153646 0.0548856288098377 -12.0752321488782 -3.24219118586791 0.0121533120673007 3.17996851352927 12.1554998803201
"etap[141]" -0.0268405842402518 6.28004896223913 0.0296044347158855 0.0498961546267057 -12.0850064366193 -3.23236860561416 0.00671101069908066 3.2080399687452 11.8822805353369
"etap[142]" -0.0572691876900825 6.65685301026338 0.0313807060327955 0.111018402369045 -12.3377549548722 -3.2050748429318 0.0186836004081818 3.26044778412084 11.9817330140515
"etap[143]" 0.107290818012316 6.25538737695017 0.0294881788879346 0.043145193818309 -11.7459711302801 -3.13441542794543 0.0465263400949673 3.25577573297212 12.4705006547936
"etap[144]" 0.0259282655990836 6.50808161983438 0.0306793909726695 0.0556956293462408 -12.1014415713857 -3.1960146025463 -0.0217874426499513 3.17128000681798 12.2845948637149
"etap[145]" 0.109792992781421 6.45728359657064 0.0304399267945317 0.0548326919745995 -12.0324789850124 -3.15652884774572 0.0885474719288381 3.34009754718693 12.474302183963
"etap[146]" 0.0587563847747178 6.48350939435919 0.0305635563909205 0.0501913957340318 -12.0022131600285 -3.17820064318663 0.0453553921650434 3.26607805073655 12.0194306331529
"etap[147]" -0.131716311003533 6.41208874620982 0.0302268762267661 0.0879628043421926 -12.3746003111793 -3.25744505992708 -0.0399192119291258 3.16470102219148 11.9443874290342
"etap[148]" 0.0473984476550631 6.31924075503892 0.0297891865989228 0.0601170967772652 -11.8460458646939 -3.21483160834743 0.00869942353583068 3.30890694526411 12.3460111869503
"etap[149]" 0.0339935832367421 6.15032866111714 0.0289929273520127 0.0458267385557231 -11.8323265549976 -3.17279921952958 0.0379963816888828 3.24303272964708 12.1269911567738
"etap[150]" -0.145117060203833 6.61919811830536 0.0312031991698064 0.0725675582280917 -12.5498454441363 -3.23932282151274 -0.076861901675936 3.18011528221743 11.8503609987669
"etap[151]" 0.0928224878664445 6.29362133922735 0.0296684155145868 0.0590692441679816 -12.0745353205927 -3.19532256458482 0.0587516323703076 3.32779787899474 12.1112361643335
"etap[152]" -0.0206268773625114 6.60765220771041 0.0311487712252953 0.0485770948857982 -12.0499799555438 -3.19122390867293 0.0179301133125194 3.17865639346267 12.2512973016374
"etap[153]" -0.0858148525048383 6.37615346618858 0.030057475692187 0.0470240171899912 -12.5384335413191 -3.27074443578636 -0.0181676464423091 3.16015156186565 12.0730446973237
"etap[154]" 0.0410095461091609 6.24772251987516 0.0294520464051709 0.0599619798085624 -11.9437423968187 -3.20483474356856 0.0119111085030606 3.23376501138359 11.8335980504771
"etap[155]" -0.00853561401812246 6.18432882954149 0.0291532056830417 0.0590277082572986 -12.1390521013444 -3.20408257048491 -0.00852032573091 3.1821626289794 11.8091207569954
"etap[156]" -0.0124655392851993 6.51679807350353 0.0307204807293185 0.0500004504864543 -12.2000733839762 -3.22049309824641 0.0041522393514314 3.19997650702163 12.0000082567142
"etap[157]" -0.13926626593995 6.2937763967562 0.0296691464627876 0.0598692587369119 -12.434239823865 -3.22858362508307 -0.060352330902729 3.1205007399773 12.0204145581174
"etap[158]" -0.022134999012402 6.42857306703316 0.030304584060349 0.0601337280549138 -12.0600301756186 -3.24163171840296 0.00339416418817928 3.19049623722224 12.0380042397822
"etap[159]" -0.026875666258231 6.32252111433441 0.0298046503609399 0.0620105038211438 -11.9804681489629 -3.20272953077419 -0.0104404886022683 3.20742689881328 11.9882878752478
"etap[160]" -0.101640565048492 6.41859130940511 0.030257529603636 0.0795445695707837 -12.2702618640986 -3.21564124472846 -0.0202084344930307 3.17646007062459 11.8021709449005
"etap[161]" -0.0272020527497975 6.3439334124122 0.0299055889020839 0.0536973799342716 -12.169026883511 -3.21839613847545 -0.0270960408606648 3.2010294510161 12.1152776033457
"etap[162]" -0.0138639640334564 6.18901848756232 0.0291753129429615 0.0527384842689751 -12.278470080813 -3.24176210992497 0.00168434208638679 3.26212059486915 11.8825761020132
"etap[163]" -0.0278525011642159 6.38352535909763 0.0300922271286282 0.0538239410324492 -12.3086753134446 -3.24871241771669 -0.0469234900031555 3.20070217041733 12.0162832534336
"etap[164]" -0.0350262931504239 6.33516403960101 0.0298642496822069 0.049117110249835 -12.2268759045692 -3.24350864839068 -0.017330515883026 3.22757758600894 12.1064059012415
"etap[165]" -0.065325942261234 6.61374504228579 0.0311774931229279 0.0620971947550351 -12.2488341057301 -3.26509093231641 -0.000142452589460148 3.18082818786717 12.0769590764059
"etap[166]" -0.0645913454582593 6.38257231083861 0.0300877344160498 0.0732714469799853 -12.2148593026235 -3.23303299443522 -0.00281350082396373 3.2116423114238 11.8916311751746
"etap[167]" -0.0413151136096994 6.46271571347683 0.0304655340392022 0.0587936377592889 -12.2632720624964 -3.26881047089959 -0.0148074704714795 3.18575999109936 12.1486465242489
"etap[168]" -0.0240704834009125 6.37912083698861 0.030071464012287 0.0674411069083538 -12.1455770004904 -3.21821509407804 -0.00988004281720365 3.20465621516236 12.1637034020916
"etap[169]" 0.0908334982183554 6.41176831688439 0.0302253657084401 0.0495507484929905 -12.0586943236913 -3.17845648823906 -0.00628755180435991 3.27687290581179 12.4198483934084
"etap[170]" -0.0286584079952145 6.36385466828516 0.0299994986028673 0.0550531992989815 -12.2451995093814 -3.28222762898832 -0.00656726264932323 3.21253681094488 12.2137705369174
"etap[171]" 0.0137436396095293 6.28936866626895 0.0296483682220064 0.0458671076095582 -12.2596442274017 -3.20300683415862 -0.0126537261969928 3.23753507325402 11.9746712576493
"etap[172]" -0.0207822059671362 6.15270689407685 0.0290041384496997 0.0662735837263005 -12.1305742156217 -3.2398440398247 0.00128306330916987 3.18812681487477 11.8254358388842
"etap[173]" -0.0382113591887201 6.3175174785111 0.0297810629954649 0.048268660157384 -11.9595457903007 -3.23850387872859 -0.0249443114368978 3.18804330717913 12.0035488227291
"etap[174]" -0.0594925497048875 6.24273949327995 0.0294285561925288 0.043035313589004 -12.4752859586641 -3.29011986711634 -0.0477050847050456 3.22182037516537 12.036922321624
"etap[175]" 0.0219735958534837 6.43826680021513 0.0303502807568022 0.0792969041152258 -12.1352144423308 -3.20951408187175 -0.0144960188929695 3.21466148997041 11.9430253192576
"etap[176]" -0.00980467858984412 6.46446250449758 0.0304737684910427 0.0587343890841879 -12.1619092804001 -3.27026216676667 -0.00998652817536865 3.23395329570284 12.3898497175228
"etap[177]" -0.0557157139278118 6.47488345163304 0.0305228933069485 0.0818929390367026 -12.3533301176052 -3.26763501406894 -0.0275552138410188 3.19117667603751 12.0639559147774
"etap[178]" 0.0330026081416745 6.50968349219372 0.0306869422713887 0.0691195457139551 -12.1277786377475 -3.18048190102495 0.043121294594604 3.26232263825864 12.191922623314
"etap[179]" -0.0117313094108077 6.21068420869442 0.0292774461318402 0.049009094126869 -12.1430883433204 -3.19789883199187 0.036585315620109 3.22018441809114 11.94506177647
"etap[180]" 0.016061697879267 6.51054819830251 0.0306910185350771 0.0754725143901048 -12.1654169319694 -3.16247727142985 0.0277096690564796 3.28209838526326 12.3217726562502
"etap[181]" -0.01607331531992 6.3464908090689 0.0299176445855381 0.0586095592594795 -12.1110031519402 -3.23461395510989 0.00238586038721202 3.22411617554347 12.2849503223005
"etap[182]" -0.00602458349077198 6.48979804158585 0.0305932013582435 0.064074931005226 -12.1927873864418 -3.20171621574084 0.00368713913176602 3.23732031586472 12.3758405606267
"etap[183]" 0.0646445735313873 6.41379100898576 0.0302349007704476 0.089567770031912 -11.9077323690305 -3.19240677971021 -0.028567252076055 3.15842428615058 12.2114050553902
"etap[184]" -0.0235365958521733 6.31784673437619 0.0297826151224979 0.0582176082259222 -12.3557477287698 -3.19455193004621 0.0424323410793596 3.21784201303366 12.1569086441725
"etap[185]" 0.122239159896347 6.56404517216333 0.0309432056883434 0.0864797093258408 -11.8568096070098 -3.18235394524734 0.000661456083353422 3.22751431937657 12.4002834001978
"etap[186]" -0.110263058259422 6.58566998946704 0.0310451460547259 0.0747554366427632 -12.2387112966608 -3.2610104418133 -0.0165772147024701 3.16537641700445 12.0782186948106
"etap[187]" -0.055479309107517 6.42583837683631 0.0302916926071314 0.0527458844404209 -12.1853244616843 -3.31258161568876 -0.0434398485297621 3.19978042101775 12.1147675709868
"etap[188]" -0.144232471619075 6.58966568036323 0.0310639819222473 0.077342802746748 -12.6326650125155 -3.29662740449377 -0.0273961677641036 3.18354875532126 11.8555440413746
"etap[189]" 0.0625743498259734 6.43716384557239 0.0303450813787541 0.0894296612935391 -12.1985031204464 -3.16834238244476 0.0261883819662799 3.24625711447132 12.1822846819943
"etap[190]" 0.0163611508020288 6.43945267614022 0.0303558710295241 0.0625784421580685 -12.2468774160288 -3.24883210570348 0.017174578081523 3.28214224322481 12.1507489801732
"etap[191]" 0.0853783015263488 6.24039368222847 0.0294174979331829 0.0560891014620226 -11.8025630272495 -3.17420783673227 -0.00102931098566126 3.26428002418031 12.4645845965714
"etap[192]" -0.0628127604387309 6.48230612933609 0.0305578841452045 0.0533066166434974 -12.3836560084693 -3.26348018164944 0.0178095468018242 3.22180432517091 12.0629634856809
"etap[193]" 0.0696046002301744 6.37024555447341 0.0300296255292774 0.0407322826842734 -12.1832080982341 -3.18193486081406 0.0926324267538233 3.28847987026614 12.3021021719228
"etap[194]" 0.0286546189787202 6.48547564717599 0.030572825395589 0.0617235258113753 -12.0734612213795 -3.22042734440764 -0.0366862144832764 3.22831195631635 12.3963418904955
"etap[195]" 0.00103346747087379 6.26673474299179 0.0295416708844456 0.0572757629493136 -11.8337248490483 -3.21784765560835 0.0279373168057589 3.17429549345395 11.9354303466646
"etap[196]" 0.0506981455776439 6.16392562468624 0.0290570240529678 0.0470891222807892 -11.6825260712211 -3.20550659776927 0.0106296759128756 3.23174523972676 12.23970962928
"etap[197]" 0.0317705811002949 6.42119363991914 0.030269797107325 0.0575999480106184 -12.3205127572127 -3.19805228122548 0.0418243127285765 3.26662485346619 12.5519502224253
"etap[198]" -0.0181363158037186 6.21043117148839 0.0292762533030117 0.0499496789590412 -12.1831584612858 -3.20983045722902 0.0151762725818353 3.21408427672446 12.2201830713385
"etap[199]" 0.116930211672621 6.36503276636798 0.0300050522104891 0.0609143805932835 -11.8822073907214 -3.18436975306855 -0.00239966451850855 3.23978856310633 12.4657997051106
"etap[200]" 0.0591410946391727 6.26792339956291 0.0295472742652585 0.0805880747734007 -11.8170185754728 -3.22386996356232 -0.0444853754473279 3.21910930682464 12.3036461456467
"etap[201]" 0.00651876688690641 6.25495681995353 0.0294861492227879 0.057383246587446 -12.1397826391949 -3.24717947201635 0.00916194428679361 3.26803179806706 11.8933231872816
"etap[202]" -0.160628926087239 6.52224790290522 0.0307461714714935 0.0822712441487803 -12.5588449912236 -3.27415951410906 -0.0639324140613798 3.12721168973151 12.0327054063769
"etap[203]" 0.0241946649460676 6.40831801656195 0.0302091008367392 0.0716580945325482 -12.2491956503858 -3.21370059174005 0.0155224076930983 3.2566311982828 12.4816026732902
"etap[204]" -0.103675393859134 6.32322117784684 0.0298079504919859 0.0532457800418865 -12.525051461433 -3.20314988028223 -0.00232128947303958 3.19085492245527 11.5562403586334
"etap[205]" 0.0282224694495195 6.29443901563927 0.029672270078158 0.0525664655137215 -12.08952149573 -3.30623046716173 0.0336921017961378 3.27635567377221 12.2664198184052
"etap[206]" -0.0190448745682882 6.48537561560849 0.0305723538422576 0.0842355159722533 -12.1182955315468 -3.26765622311866 -0.0128379677046162 3.22697482314502 12.4937269087409
"etap[207]" 0.0417255921740622 6.27261827267167 0.0295694061093386 0.0471512360732609 -11.944884219421 -3.19196606443915 0.00283991722612053 3.24103574796455 12.065959718346
"etap[208]" -0.062124208335959 6.287135962812 0.0296378431569745 0.047107057783253 -12.0709079179072 -3.28745745055381 -0.0613280436472273 3.18933290622047 12.0451378092055
"etap[209]" -0.0436750726337258 6.40343755553879 0.0301860941228406 0.0505540950786364 -12.2511690746045 -3.30753246285365 -0.0528163174570333 3.20023529225641 12.1774611533861
"etap[210]" -0.0995895908960616 6.36832307268899 0.0300205628632343 0.0835706944724888 -12.4558505247564 -3.2779264116187 -0.00553877050843768 3.19588897253819 11.8600365895056
"etap[211]" 0.00181808809181573 6.36325626784911 0.0299966777161594 0.0613244026756211 -12.2125184749208 -3.21998697110101 0.0151060216147476 3.28555067431072 12.1995142481666
"etap[212]" -0.0801051787899084 6.34401122888656 0.0299059557324619 0.0557362423215496 -12.6405169477562 -3.20191892752102 0.0434604066101252 3.19593981803561 11.9214850099184
"etap[213]" -0.0295170309296098 6.30701682106161 0.0297315624215352 0.0450973072197838 -12.0737873788031 -3.24333453894565 -0.0321032516089922 3.19851774371871 11.9956997250197
"etap[214]" 0.0387694944682911 6.42818165617889 0.0303027389318871 0.0635579523346099 -11.7700491682057 -3.177403539992 0.0322911453101711 3.21539362845649 12.2556683717169
"etap[215]" 0.00943231338758273 6.27746661460891 0.0295922614124141 0.0538219973561862 -12.0723437816275 -3.20639708269463 0.0629749844968758 3.28733003759334 11.9216470773361
"etap[216]" -0.0801927417132916 6.20240110178177 0.029238399191392 0.0536844374019365 -12.1524706765923 -3.27607274105538 -0.0580708994053456 3.16094151539399 11.9006224659319
"etap[217]" 0.0497803352715558 6.456206583909 0.0304348497081553 0.0508561083591435 -11.971806083076 -3.18682358232747 0.0167181018332224 3.20434806168738 12.4859915944501
"etap[218]" 0.00241724496884371 6.32405474428931 0.0298118799618795 0.054744636884196 -12.2441933436928 -3.22198064515446 -0.00830183964917296 3.20728531495445 12.2153632454817
"etap[219]" -0.125881114800754 6.4252452212268 0.0302888964447729 0.0560182573579916 -12.4762788521621 -3.34134210400484 -0.0768699621795325 3.18073436812087 11.8388413966353
"etap[220]" 0.121267794973948 6.53528320216065 0.0308076204614822 0.0752960808561137 -11.8670267248206 -3.13858971324428 0.0998253256294708 3.29326853494916 12.3253995886405
"etap[221]" -0.0412543843772261 6.33483483590675 0.0298626978011096 0.057906206871067 -12.1039218096463 -3.23535903404714 -0.00470928674083956 3.18003723139646 12.0957633091808
"etap[222]" -0.0465755022456738 6.20445459956544 0.0292480794727786 0.0553322721017541 -11.9999657816733 -3.21114839540766 0.0502246700079796 3.20756516911915 11.8187890509226
"etap[223]" -0.0230977369103569 6.37720913619718 0.0300624521683322 0.059331447845136 -12.3931089000442 -3.30174512022742 -0.0469036563910937 3.23902956845984 12.143263974426
"etap[224]" 0.0225957893502359 6.25805838647315 0.0295007701475767 0.0538746001426872 -12.0245063020345 -3.21123380119768 -0.00938476315548101 3.17931668072858 11.8934266173643
"etap[225]" -0.11183465922037 6.2158854088297 0.0293019648244133 0.071162704127128 -12.0763415315249 -3.24285004116103 -0.0655087557477463 3.17763985025534 11.7952631962147
"etap[226]" 0.032231367965516 6.31395832866578 0.0297642850021924 0.0517016566436326 -11.8475104116906 -3.14145568691091 0.0201146676163045 3.22460634946136 12.162549851775
"etap[227]" 0.00388141192181909 6.33058265631696 0.0298426528342911 0.0504075749223911 -12.2604952870525 -3.21880372966117 0.0227864470745376 3.2132708089689 11.8481462260353
"etap[228]" 0.00571920079510569 6.40345846455983 0.030186192688911 0.0750603609748508 -12.1369149987039 -3.18965535476621 0.011498416825259 3.18449598849379 12.0662505733064
"etap[229]" 0.0420244654254461 6.22424367873052 0.0293413660865857 0.0553793656796521 -11.9746822819041 -3.17328704721442 0.0305164961449054 3.20366368555434 12.10132586695
"etap[230]" -0.00260690236510979 6.34061737906595 0.0298899569709787 0.0569174288162931 -12.07895600548 -3.26196251621526 0.00172083650683674 3.27375214570359 12.0893112668796
"etap[231]" 0.032009441201327 6.4630163159568 0.0304669510928824 0.0752991302981273 -11.9120630793687 -3.16003869721394 0.0453462000682555 3.2281821851496 12.1149581631986
"etap[232]" -0.0196083911742584 6.37029310437625 0.030029849681669 0.0596548836088731 -12.3147448600338 -3.22272618398088 0.00608083186444218 3.21305337827528 11.9988124120028
"etap[233]" 0.0437063786969051 6.30684143548645 0.0297307356460051 0.05397226724133 -11.9341603770249 -3.15462114226074 0.0474450905418277 3.26626801821058 12.230092405931
"etap[234]" 0.0233306301557565 6.34434148787119 0.0299075125882458 0.0621712869808925 -12.1632710591488 -3.23530506504635 -0.028055608784202 3.23446761105225 12.1990852214032
"etap[235]" 0.0456687394203032 6.35810270663096 0.0299723835955953 0.0565838515192552 -12.0665408846025 -3.17691042291619 0.0284756032060762 3.31928777906888 12.338818792724
"etap[236]" -0.0817411518717847 6.37019464674499 0.0300293855479442 0.0647735541951917 -12.3968715662533 -3.28162376108991 0.0104553503431164 3.21975472580779 11.8304246144779
"etap[237]" 0.0419445233937773 6.22279668848311 0.029334544909144 0.0490157534732005 -11.690120741252 -3.18158721913337 0.00619591483700946 3.26112719530777 12.1444494044634
"etap[238]" -0.0062594916305997 6.30952047416811 0.0297433647554642 0.05237441376172 -12.2065136102017 -3.21978978610958 0.0321845882273524 3.25523628824882 11.7546625563969
"etap[239]" 0.0168807100027717 6.44492273260451 0.0303816571229866 0.0817735231113032 -12.4722536930034 -3.27138938962439 -0.00886342684808804 3.23540707264633 12.4478829382173
"etap[240]" -0.0322923304913852 6.15163489419853 0.0289990849938105 0.045449245230901 -11.9124506614689 -3.2813439030539 -0.0384007826407422 3.20757626925697 11.9372993764543
"etap[241]" 0.0124371808649725 6.36550722453768 0.0300072888277504 0.0448558808260525 -12.0559218932048 -3.15492135672941 0.0154344443575679 3.19385528562914 12.1014786241689
"etap[242]" -0.00326486401578313 6.32394334248655 0.0298113548087451 0.0528485603908781 -11.8988116065443 -3.19053899084253 -0.00784769401037676 3.20019164373428 11.961649558468
"etap[243]" 0.109641872951572 6.31203936550392 0.029755238923095 0.0566330093289981 -11.8199532684904 -3.20485455784772 0.0711887372611265 3.26528585068097 12.2255860047465
"etap[244]" 0.0310950507679706 6.34114633932668 0.029892450513561 0.0624233830150243 -11.9816198206367 -3.17521307894738 0.0452784482591104 3.25036402087593 11.9889615808052
"etap[245]" 0.0552346226002926 6.44467254824747 0.0303804777426172 0.0537051511295009 -12.1144124407447 -3.20451759489036 0.0123724631853437 3.23466796108168 12.6922720074897
"etap[246]" -0.0383579289036476 6.4043509326576 0.0301903998238705 0.050766017488395 -12.4380289023549 -3.29355405785818 -0.0147758917692067 3.25726587576742 12.1532208167305
"etap[247]" -0.0508119982053112 6.27844534117701 0.0295968751737023 0.0478428637232964 -12.3274080122022 -3.26762252088831 -0.000706767907980511 3.21274823167425 11.9952584110871
"etap[248]" 0.0503717595187265 6.18623419778471 0.0291621876750779 0.0442778510741868 -11.9238045532219 -3.18202610464131 0.0529278661960182 3.28097088959063 12.0092764196392
"etap[249]" -0.0365789174342222 6.3375100692796 0.0298753089721709 0.0457505145000251 -12.3271071619047 -3.26814808654637 -0.0164129055494776 3.16126710281772 12.1322640335756
"etap[250]" -0.0641657533624744 6.27948843004665 0.0296017923417897 0.062026027807934 -12.2054633099519 -3.26985545029928 -0.0374732153009813 3.23074922196546 12.0489808675737
"etap[251]" -0.00738024656354869 6.4525099474186 0.0304174235966223 0.0680060023669811 -11.9048080937228 -3.14556501138423 0.0375264219479838 3.24303096195305 11.8949492904579
"etap[252]" -0.0286719995884273 6.18275847242066 0.0291458029485815 0.0484840842663313 -12.1588919085489 -3.20317920775231 0.0348651101014702 3.22869102317035 11.6187063044829
"etap[253]" -0.00969770209991452 6.30516225845766 0.0297228199295793 0.0536593052348407 -11.9819112939821 -3.31549465396753 0.0216890620657056 3.25480136277926 12.3217230884666
"etap[254]" -0.0491429639691364 6.67152148326914 0.0314498538776756 0.0630434686017418 -12.4049010282981 -3.26878395520263 -0.0199637458378405 3.26908970752445 12.0190813448687
"etap[255]" -0.0641257682232991 6.25148050968644 0.0294697617390321 0.0500050981108826 -12.3108234056117 -3.27297074697584 -0.0544427323152716 3.17651116932087 11.9076672369691
"etap[256]" 0.029660485624477 6.31995012345225 0.0297925305936923 0.0446727163509764 -11.9041716171279 -3.21090321845101 0.0107903733095685 3.23727244848062 12.0389991666823
"etap[257]" -0.0127829220598659 6.29301570616731 0.0296655605329624 0.0610366672923081 -11.7178674189205 -3.26672418021101 -0.0323547669308763 3.1784425961236 11.9109594597444
"etap[258]" 0.0230333156124026 6.28392529431395 0.0296227079205271 0.0521237559405901 -11.9522548402563 -3.19429317210156 0.031613534847592 3.25405150660136 12.1263279505033
"etap[259]" -0.108649812479756 6.59095864367693 0.0310700770097603 0.0851151351053928 -12.3980886089184 -3.2729411630841 -0.0486324896385885 3.19298848621074 11.9462060689151
"etap[260]" -0.0544535516141681 6.33130180937843 0.0298460429543343 0.0516649717397796 -12.5549684841502 -3.23381213436227 0.0140125429321378 3.19135338399657 11.9719720364792
"etap[261]" 0.0439337003029598 6.43986686960457 0.0303578235562399 0.0789659737729703 -12.1526503604397 -3.16459317287675 0.0430859930812149 3.23848314039801 12.334950153034
"etap[262]" -0.00335289407160565 6.40185218093056 0.0301786205952659 0.0498095751656374 -12.0450585567275 -3.24134733466312 0.0188365235412612 3.17450215927344 12.2193046829721
"etap[263]" -0.0232871415214234 6.39697616768966 0.030155634848414 0.0670552837513615 -12.1509222374546 -3.22689101409265 0.00802623142503999 3.24465422355778 12.2177178941759
"etap[264]" -0.0350226021247225 6.40962181613922 0.0302152470068885 0.0675678718952899 -12.243886132168 -3.2318606143372 -0.0247062380506837 3.22550857535528 12.0821447427747
"etap[265]" 0.0191590212267747 6.30180856672617 0.0297070104751437 0.0617103461394175 -12.0987535632037 -3.22830532672945 0.0101021987582975 3.26355676307656 12.0372576660961
"etap[266]" -0.026475064749154 6.41910714939106 0.0302599612966498 0.0517303403466569 -12.1734457279937 -3.26505068374088 -0.00792459918692772 3.1830768873418 12.2311862536897
"etap[267]" 0.0049459336882696 6.23094262060879 0.029372945201445 0.06200450885682 -12.0738505009929 -3.2716367182408 -0.00821395890771707 3.22766300516068 12.1123711832999
"etap[268]" 0.018240516892785 6.35046988313241 0.0299364021205592 0.0651122857117704 -12.3084666977143 -3.14518222823797 0.0197977879318189 3.19291764709925 11.9119536463001
"etap[269]" -0.0117932506792729 6.39044396640602 0.0301248417562557 0.0458867209633878 -12.2272386979175 -3.23288529395422 0.0327867516644167 3.25682804665647 12.084784033423
"etap[270]" 0.111520561824989 6.42955213189525 0.0303091994163703 0.0614777028447467 -11.6352252726292 -3.14215016519188 0.0547786427659485 3.23790528039765 12.3241235876364
"etap[271]" -0.0927912805511607 6.50832641499671 0.0306805449481314 0.0590875829050497 -12.3496323246779 -3.25683176541287 -0.0167363340517546 3.20052382911063 11.8524620279588
"etap[272]" 0.0381870995121373 6.36842294456414 0.0300210336637687 0.0655809792834599 -12.0218886741875 -3.25120519449176 -0.0207479102202398 3.20964459113816 12.061274333142
"etap[273]" 0.0224264784656902 6.45576286237626 0.0304327579847902 0.0729253901101803 -12.1610904532893 -3.25144888506918 -0.00449041778647676 3.23999379840812 12.1734633960228
"etap[274]" -0.123750636718204 6.1489085139312 0.0289862327139763 0.0472315937048723 -12.1487761977822 -3.24757044238263 -0.0696890278788131 3.12789019287822 11.6658172265287
"etap[275]" -0.00629205427249334 6.26609228691122 0.0295386423174376 0.0629063140536101 -12.0569008263115 -3.19369255033734 -0.0202424439257848 3.17947089141936 12.0435064096205
"etap[276]" 0.0338039784440526 6.35780191191483 0.0299709656357051 0.0689743107611167 -11.9970921498888 -3.17469523000941 0.000196040232455617 3.22997671891163 12.2669528904029
"etap[277]" -0.0615617764725184 6.38167117167715 0.0300834864053041 0.0501550792754319 -12.2489339329465 -3.20646310745076 -0.00463813700268071 3.20725391254304 12.0002085943821
"etap[278]" 0.0295136117182338 6.38478575422052 0.0300981686882173 0.0559484119732257 -12.0968774391905 -3.22332578728103 0.0401578820828093 3.26609272409446 12.1336338769108
"etap[279]" 0.0324720546071946 6.23337950141068 0.0293844327677114 0.0505269998251004 -12.1049077778939 -3.15250970852966 0.0325190156864532 3.24627162409328 12.0777092568151
"etap[280]" -0.0513866900734399 6.4040245715122 0.030188861342677 0.0699075322445496 -12.4351587369531 -3.29148236227847 -0.0253765137788447 3.24014905936621 11.9938046457876
"etap[281]" -0.0381831935644657 6.37951930896425 0.0300733424271943 0.0522621903366235 -12.3576599651617 -3.27065407885189 -0.0120254110070904 3.18517933193873 12.0007742830441
"etap[282]" 0.0324645873476348 6.18739598905923 0.0291676644116682 0.0518755700925775 -12.0006564190117 -3.20606194488313 0.0171905441524731 3.26974931884897 12.2024188390272
"etap[283]" -0.0195262359404982 6.32876446984799 0.02983408182108 0.0476293713056848 -12.2840656826304 -3.21110208072894 -0.0149439976914299 3.16969947208599 12.1861458720462
"etap[284]" 0.0561877119801551 6.25762739430916 0.0294987384310314 0.0447808124272127 -12.1831031888811 -3.18442282926757 0.0271894897829201 3.29526678698681 12.2383076838202
"etap[285]" 0.0800068031727327 6.65098049176082 0.0313530227150901 0.0722967904865243 -12.1774578796643 -3.25112528868257 0.00409920849842294 3.25012950481386 12.2825957265967
"etap[286]" -0.0972608677735897 6.60092002592701 0.0311170354160204 0.0811151757658605 -12.2237408267069 -3.22791156587491 -0.00274978938202966 3.18922703774558 11.9600161707592
"etap[287]" 0.0474827873049188 6.29292438991716 0.029665130064031 0.0601762429577042 -11.9798758273989 -3.11732663984452 0.0455878013001278 3.27725153144599 12.1728253386038
"etap[288]" -0.0499204836260782 6.31368797769466 0.0297630105554925 0.0729664589678014 -12.2444893108359 -3.2493627501454 0.00405176899606436 3.18208768334556 12.0667776605272
"etap[289]" -0.0490214300889757 6.38802143122038 0.0301134218158729 0.0647776904390272 -12.4812760563067 -3.24901171346828 -0.0117776357930521 3.18771021102703 12.1064446804748
"etap[290]" 0.00317281202427209 6.29597027594219 0.0296794885084511 0.0452135102601159 -12.139961300658 -3.2157252952094 0.0242560640910714 3.23171426647514 11.9866700763209
"etap[291]" -0.0140828742284593 6.425812969549 0.0302915728360304 0.055335891897625 -11.9557110683356 -3.24250667457763 0.00365931997291147 3.22193449577777 12.0942078736366
"etap[292]" 0.0531308474041771 6.18458951501885 0.029154434566167 0.0531275035585242 -11.6937735741972 -3.21267198478217 0.00394483428867999 3.18638195260193 12.1463063033235
"etap[293]" -0.00444919774796355 6.34680527271443 0.0299191269813794 0.0498848503241719 -12.1481751995824 -3.18625325120261 0.0125890768323949 3.2212271927963 11.915556388917
"etap[294]" 0.01212403763441 6.34030279884594 0.0298884740256001 0.0520950493417948 -12.0828683751081 -3.20090443902592 -0.0184614907247171 3.21070368865724 11.9523778398004
"etap[295]" 0.076716058173343 6.37554561397379 0.0300546102493668 0.0639513439019312 -12.0107880336994 -3.16716821124783 0.025309002489535 3.2465182917479 12.2686342888205
"etap[296]" -0.00324712257193925 6.37106000251513 0.0300334648741655 0.0654203924177073 -12.0691841569152 -3.12136195008264 0.0915211243491486 3.24615749075669 12.064891555616
"etap[297]" 0.0917284767975765 6.30462682911147 0.0297202958914357 0.0622777654743222 -11.8617055775095 -3.1933872343383 0.0337782769036926 3.28905689115104 12.1251036409374
"etap[298]" -0.00236795761053914 6.32189398028364 0.0298016940226732 0.0625548485711851 -12.2677366037993 -3.20111429999349 0.0125522832356042 3.23749137266021 12.1617240474726
"etap[299]" -0.00744677821252656 6.404937706301 0.0301931659013523 0.0417365859198392 -12.1824719220027 -3.24112790784611 -0.029983942178198 3.17872176785221 12.2654016264217
"etap[300]" 0.0170394071761129 6.48655288177599 0.030577903528193 0.085346361945476 -11.950871683526 -3.26988324625281 -0.0623914087699756 3.15814444719676 12.2131470905472
"mean.p0" 0.0927704729803718 0.244019193360425 0.00115031750909885 0.00568519927272467 -0.401510815581914 -0.0596787220770064 0.0876360215554168 0.252042779602044 0.571241561603784
"mumup0" 0.933729452977412 0.0254079311989188 0.000119774136311178 0.000412299850750571 0.878283192671051 0.917497433909869 0.935994754502454 0.952222996404027 0.976608642785658
"mupsi" 13.5308415087738 1.46651596036427 0.00691322253527919 0.0118053871093235 10.7341928165854 12.5336535286574 13.49796462702 14.5030063082659 16.4555890742699
"ppo[1]" 0.499344069800784 0.103515304090439 0.000487975823192913 0.00171301937639832 0.269896525644975 0.439058601576418 0.505344105245245 0.565914688725324 0.693130999542159
"ppo[2]" 0.499925231471972 0.103290415501972 0.000486915688220139 0.00167663941638621 0.275335891782484 0.439005959618035 0.505800837479117 0.566349198932394 0.694014191205256
"ppo[3]" 0.500055362960871 0.101927291493092 0.00048048986001829 0.0016263021249465 0.276484323584102 0.439732774524845 0.505741480775569 0.565751381874321 0.692460869783097
"ppo[4]" 0.50098361407292 0.102505266647913 0.000483214461027164 0.00172890110532897 0.277676740354288 0.439862395693314 0.507390261147363 0.567699789460008 0.693031984350628
"ppo[5]" 0.570771341276791 0.105721072821104 0.000498373916707465 0.00189989562426805 0.378287187163236 0.500760850799954 0.561603443127699 0.632689944896635 0.803946892891967
"ppo[6]" 0.499625296655492 0.102468535065114 0.000483041306685291 0.00167638458085707 0.273315706848762 0.439767014807164 0.505978704650892 0.566148690601055 0.691176193532536
"ppo[7]" 0.534251567077847 0.100783160300178 0.000475096373851112 0.00141081579713221 0.331246080719146 0.473555801463861 0.532332119271901 0.59710956255909 0.743012909833503
"ppo[8]" 0.534939204567199 0.0999422476616894 0.000471132273657373 0.00141865250812805 0.33059414329894 0.47504072664239 0.533405166847566 0.597999587714455 0.741571279756706
"ppo[9]" 0.534355949511108 0.100912381760667 0.000475705529657689 0.00129057914534409 0.331130156259822 0.472974980098237 0.532476454187452 0.596991064821518 0.746629581526789
"ppo[10]" 0.604746432800906 0.114628738971904 0.000540365057639309 0.00271206632934752 0.412854854955477 0.521588171207053 0.588942997538959 0.67637825419383 0.862034708959417
"ppo[11]" 0.403618115656299 0.142357788345964 0.000671081049961004 0.00428668204936745 0.100820860725274 0.305404570522749 0.425950614146094 0.509858940957464 0.627024352595442
"ppo[12]" 0.60439306351646 0.113759942623094 0.000536269512374549 0.00273360936094291 0.412744288157233 0.521714687042323 0.589401356632132 0.676335181170126 0.855651189931023
"ppo[13]" 0.534763250187302 0.101089379665902 0.000476539905784672 0.00136744622055972 0.329836152767827 0.473956462392099 0.532881055321523 0.598199597471696 0.743914753259405
"ppo[14]" 0.534168495073105 0.100730880728018 0.000474849925584497 0.0012885686952072 0.330329205798938 0.474068393077061 0.532063287280832 0.597478515395221 0.743108204238285
"ppo[15]" 0.499518283701712 0.102558601629474 0.000483465884541406 0.00168866413655153 0.274161464410818 0.439601267125634 0.505975086295159 0.565243040974479 0.693531910418736
"ppo[16]" 0.499382391925925 0.103226130504924 0.000486612645837861 0.00154323175427913 0.273583033851802 0.438313334509088 0.505639505894378 0.565396721748692 0.694459920150181
"psi0" 0.999996335753839 0.00000789905880707287 0.0000000372365203164836 0.0000000587489593045773 0.999978213380564 0.999996396687967 0.999998626249546 0.999999497166537 0.999999928644338
"sdeps" 0.444626493078781 0.317482992293884 0.00149662917841601 0.0118386374604566 0.01296790056753 0.196739267446683 0.395127320339973 0.63580845159197 1.18466911304475
