"Mean" "SD" "Naive SE" "Time-series SE" "2.5%" "25%" "50%" "75%" "97.5%"
"N" 10.5521111111111 0.975599544883002 0.0045990203593952 0.0191206016748717 10 10 10 11 13
"betapsi[1]" 0.211131158318176 2.28837549349115 0.0107875055289914 0.0176091619113463 -4.26863657939697 -0.908847898734379 0.0369955368908714 1.16995875049227 5.70085929067096
"betapsi[2]" -0.669329865931919 2.95969166199325 0.0139521202961114 0.0437789646107538 -7.8716564093758 -1.80603993104321 -0.179187990229547 0.717983184420368 5.03452417637089
"betapsi[3]" 0.220241741473454 2.27223550976779 0.0107114209160645 0.0174614450277963 -4.26739008900265 -0.887901006920022 0.0455621147423256 1.18867358218135 5.53848478625323
"betapsi[4]" 0.22118683968631 2.30387127214805 0.0108605533301118 0.0191862783389126 -4.24171896293811 -0.905150481774588 0.0315542165983039 1.16687688940212 5.69741680542531
"betapsi[5]" 0.206816010501804 2.28057960394328 0.0107507553532268 0.0164729844541656 -4.31145387540734 -0.902299755110342 0.0326101832019401 1.15687162933728 5.59305838635768
"betapsi[6]" 0.2015457568648 2.27809838431135 0.0107390587717111 0.0177147364912552 -4.32996699807261 -0.890900694288203 0.0391489732953228 1.15466970470234 5.60040713623733
"betapsi[7]" 0.215506663558762 2.2676205967657 0.0106896660075421 0.0174291302514999 -4.18352043521203 -0.910651323173549 0.0308555901296846 1.15515025653619 5.66126586613944
"betapsi[8]" 0.238755538303343 2.26519274403895 0.01067822100003 0.0173569072101692 -4.19899916575934 -0.868750593588439 0.046289382168087 1.17944487140388 5.59494459890595
"betapsi[9]" 0.221705876677788 2.2605235984606 0.0106562104366914 0.0165012201921749 -4.24255993041835 -0.886511625653712 0.0387029610980614 1.17795758493175 5.56746503570599
"betapsi[10]" 0.228518122367729 2.31554569916707 0.0109155871068559 0.0203331934196588 -4.31901169156361 -0.892290819583014 0.0364998817941069 1.16304215021735 5.72812418926475
"betapsi[11]" 0.258261034645237 2.28522368514475 0.0107726477619598 0.0194339864725354 -4.18846094140526 -0.858352077872566 0.0473192066212429 1.18804342962625 5.73836970705315
"betapsi[12]" 0.202945425598961 2.26896417372111 0.0106959996900502 0.0176913791468467 -4.26151412147957 -0.909039493672267 0.0299441840138791 1.14709294116334 5.59262099939733
"betapsi[13]" -0.736098085189479 2.95310902669476 0.0139210894557271 0.0415074887206127 -7.9444962596847 -1.87121527683918 -0.190964454418606 0.691157989629284 4.76213812589548
"betapsi[14]" 0.254862746078424 2.30495926634678 0.0108656821839505 0.0189065776607547 -4.19981742957415 -0.884794232393315 0.0408084066499745 1.18398248538669 5.80464371699808
"betapsi[15]" 0.238133074128781 2.27807577584929 0.0107389521943989 0.0185461274351305 -4.23188110171904 -0.866098848327278 0.0409285856280406 1.1639320764131 5.68465850681109
"betapsi[16]" 0.222954409897171 2.29133293037892 0.0108014470201799 0.0173420172787875 -4.29368938533975 -0.909251424292465 0.0384625357675956 1.17499692194342 5.73673946284177
"etap[1]" 0.662796216337028 6.34743641335197 0.0299221022068773 0.303314068149009 -11.324544689021 -3.28504889790292 0.491761243752553 4.33217785787407 13.8840613047396
"etap[2]" 0.647102980766085 6.39227749242894 0.0301334850808176 0.293186676419044 -11.3599990482986 -3.30865357080994 0.47352855220206 4.31355297246978 13.9950222409264
"etap[3]" 0.641795019781614 6.46775370811141 0.0304892833736668 0.299421589392891 -11.6051550042708 -3.26808378490291 0.488731554369131 4.29381498677819 14.2149900881355
"etap[4]" 0.103367585011762 3.91944092841573 0.0184764217262857 0.0549491541188758 -7.62961186941375 -1.95445688024439 0.0272910024677419 2.06317374597917 8.1952497412338
"etap[5]" 0.136165915878205 3.86735171911359 0.0182308708387911 0.0544239621551046 -7.55849642167512 -1.90207285256422 0.04547022968198 2.0581894581986 8.26556291131987
"etap[6]" -0.231247960591434 3.95809622306069 0.0186586445327672 0.0818066913906861 -8.66314554004319 -2.26008116563947 -0.123440765957945 1.87785758402604 7.52469107203692
"etap[7]" -0.457053959622266 5.23922828433706 0.0246979589869273 0.19133315904911 -11.3701076942207 -3.3956920954127 -0.392515027641387 2.63969422304326 9.7824970422296
"etap[8]" 0.596376327475246 6.44155626023719 0.0303657874200558 0.278224314100612 -11.4910375741549 -3.37072424054539 0.450191715717662 4.28721159624269 13.8378067800748
"etap[9]" -0.498314198256269 5.26904856093721 0.0248385331189328 0.215030682147883 -11.5113137879817 -3.483174934832 -0.428656108154337 2.69578424882092 9.80069600583097
"etap[10]" -0.25708924636118 4.03060635857783 0.0190004605896266 0.0841427343615161 -8.69411720932966 -2.22181020200804 -0.170487577114566 1.84324910096759 7.691433058118
"etap[11]" -0.349184424468754 6.90145598767398 0.0325337755262985 0.175007688438232 -14.3844753161665 -4.48651417935531 -0.256675553896757 3.88918334610968 13.1847965677685
"etap[12]" -0.0475812999499991 6.20278331505904 0.0292402009620601 0.0745693241993807 -12.5513081362866 -3.58777966065406 -0.0475538485053456 3.49013186004546 12.2546307865775
"etap[13]" -0.0704242428873462 5.92718238345274 0.0279410057111259 0.0472731462985691 -12.0742707601479 -3.3578779815436 -0.015486102690653 3.2322670457097 11.7988356406908
"etap[14]" -0.0473361269786185 5.85923115074044 0.0276206805281868 0.0449102828188765 -12.0731427884198 -3.31286279675581 -0.0553024807680128 3.19285796669449 11.7812206227453
"etap[15]" -0.030281881452673 5.79058826668941 0.0272970948695689 0.0415480552768796 -11.8420289039764 -3.2304617389215 -0.00708420571210895 3.19233963189521 11.6526461795817
"etap[16]" 0.0190388569761471 5.79402460120408 0.0273132939058206 0.0437110154302373 -11.6892784650868 -3.15016332836716 0.0357155139192581 3.23064199028618 11.7741449333668
"etap[17]" 0.00332215960470659 5.7361330083154 0.0270403903197854 0.0416776139162445 -11.7509547376139 -3.1812034480056 -0.000403771567210304 3.15685467574794 11.6765133567265
"etap[18]" 0.00847796315818802 5.76556033520308 0.0271791120690819 0.0416761458158459 -11.5436016584539 -3.18209351611448 -0.0423133358574577 3.15048412040561 11.5533214649468
"etap[19]" -0.0194451895326344 5.72350911354283 0.0269808807091276 0.0373284089684098 -11.6682598373019 -3.19479520988452 -0.0357136112234916 3.14643262829147 11.6739116029938
"etap[20]" -0.0136323951287548 5.83420915107064 0.0275027256905511 0.0444262692374122 -11.8715700029685 -3.1804339204427 -0.00235951184601618 3.16801627242923 11.7683666459585
"etap[21]" -0.0375721871501024 5.79043109524828 0.02729635395629 0.0416742914303248 -11.844622478877 -3.1960295673806 -0.0425601495667292 3.14997503916982 11.6780078507195
"etap[22]" -0.00515063239550834 5.78957955101871 0.0272923397382953 0.0409552259672773 -11.9223080606263 -3.18360394449778 0.0230039237407305 3.15922476536235 11.8806102633153
"etap[23]" -0.000575661361600428 5.88296837111575 0.0277325788581462 0.0455432752730082 -11.739803069331 -3.23653981290693 0.000693178837046553 3.20050128815487 11.9893135742613
"etap[24]" -0.0152171160497662 5.87973361290304 0.0277173300616948 0.0469858862303174 -11.8220461035678 -3.17844430099078 0.0322013930365127 3.17877812060789 11.6165502543209
"etap[25]" -0.0356017584528497 5.7414815150476 0.0270656034223158 0.0395050745524944 -11.7841424144818 -3.15278843890089 0.00853823151111664 3.20510211857437 11.5091351826719
"etap[26]" 0.0181691346422678 5.72839770734989 0.0270039257613372 0.0382259963029032 -11.5004390173815 -3.1724021992466 0.0028901553818651 3.21592728641496 11.5677604153133
"etap[27]" 0.0217439629479224 5.72730113537696 0.0269987564714831 0.0437611682243905 -11.6146245193503 -3.11133726281111 0.0296880052484104 3.16440900036194 11.5511153462806
"etap[28]" -0.0590160875243562 5.72591559525232 0.0269922249726981 0.0391284149904677 -11.6616160171025 -3.20139896189541 -0.0439441276348773 3.1135275597675 11.5167487769971
"etap[29]" -0.0136288120717671 5.75386924617288 0.0271239997468638 0.039709938396424 -11.6835269902155 -3.16015198764973 -0.0544606890661624 3.14659984807506 11.7120420406707
"etap[30]" -0.0857950282029118 5.77879847646097 0.0272415172654403 0.0409850082285696 -11.8482961009049 -3.28591817459933 -0.00705303535765583 3.13068603999034 11.4485584891896
"etap[31]" 0.0056403154459846 5.85685502170207 0.0276094793484801 0.043379834695106 -11.7251973038955 -3.21542030425451 -0.0237070518865703 3.18220827977119 11.9935824955417
"etap[32]" 0.0459763989241275 5.7231775361169 0.0269793176381518 0.0389584366548785 -11.5677092479709 -3.17534919106912 0.000595678982880207 3.1969821915816 11.8630925414041
"etap[33]" 0.00861076139009032 5.77523148982023 0.0272247023291598 0.0403373806611463 -11.6336607671828 -3.21926204234641 0.00888280048367149 3.24668087095606 11.8002193099184
"etap[34]" -0.0536773109053575 5.70594086942106 0.026898063212114 0.0391529142915185 -11.6868974272549 -3.20820606101048 -0.0204316422213428 3.12599202274435 11.4144939724294
"etap[35]" -0.0110431113439892 5.83527476834252 0.027507749058545 0.038585140279968 -11.9999948975836 -3.17951576519748 -0.0452395497049926 3.17431682039611 11.7259449495943
"etap[36]" 0.0684849671239955 5.75903128006938 0.0271483338080167 0.039842756936 -11.3504288587275 -3.13532530721792 0.020001687896803 3.24822460203769 11.9489238893298
"etap[37]" 0.0442607825732109 5.83934651616413 0.0275269434618513 0.0445453394827109 -11.7104788157335 -3.16089658367028 -0.00159347773739795 3.18043845129154 12.0749253550871
"etap[38]" -0.0106968254515041 5.80983704717334 0.0273878344909673 0.0401027694746367 -11.8670964321612 -3.19095897479557 -0.00631325727505062 3.18577483246899 11.6858402720018
"etap[39]" -0.084138777779438 5.75735587577151 0.027140435876415 0.0409944780371029 -11.8027489300788 -3.21313480454285 -0.0630589766147131 3.08754146217533 11.5278094692637
"etap[40]" 0.0333540637878572 5.76258702074509 0.0271650957303096 0.0388158424747071 -11.7438800443845 -3.15428599566944 0.0279482358127202 3.23961776561679 11.7935194949127
"etap[41]" -0.0597744192927128 5.86819844690015 0.0276629527676764 0.0425446945444939 -12.0806769636721 -3.24541259241068 0.00460976953700204 3.17271587914878 11.5264994129517
"etap[42]" 0.035058475093234 5.70228667009436 0.0268808371512892 0.0390598317526886 -11.6394110786684 -3.166550548375 0.0537510785340561 3.19376881563608 11.574825447676
"etap[43]" -0.0449007593321747 5.73548877297296 0.0270373533652566 0.0398873073780623 -11.86190491467 -3.19286320911992 -0.0182758574207629 3.13806165859555 11.5422273964376
"etap[44]" 0.0442346381103355 5.77176303156471 0.0272083518601416 0.0390688222163267 -11.6825931135134 -3.17667691725797 -0.00227164247001599 3.23634876900017 11.8878245307461
"etap[45]" 0.0305462825342609 5.75259705826766 0.0271180025955656 0.0384845517356674 -11.6034555051678 -3.18772702162321 -0.021924355380445 3.2350005406532 11.9453242189382
"etap[46]" 0.0164459676806178 5.79555099074832 0.027320489375137 0.0403963277109482 -11.6226085414427 -3.17023480147454 0.0100996287233936 3.20115025408245 11.8243114558805
"etap[47]" 0.0272221855337357 5.7012548022099 0.0268759728794332 0.0399555797437238 -11.6618199174242 -3.14203164199431 0.0875094745502583 3.21321614961412 11.4505793501231
"etap[48]" 0.0274469934247704 5.7311485411156 0.0270168933160682 0.0395054725315738 -11.3458122063228 -3.22856345816059 -0.0104080491078669 3.20685738696191 11.8309653970093
"etap[49]" -0.0768705830217537 5.83102391133677 0.0274877103264476 0.045930971054719 -11.8326221017858 -3.20066405703761 -0.0818220664765831 3.1164243702906 11.5627661956205
"etap[50]" 0.00846073916843423 5.90007350459205 0.0278132132306408 0.0415361270355702 -11.8759142356969 -3.18464840818833 0.00774523453055911 3.21116459771694 11.8649908179571
"etap[51]" 0.0153155919379172 5.6757638478486 0.0267558073681813 0.0376011473146917 -11.638252752883 -3.16918091794393 -0.00541482496600357 3.20324313993361 11.5458517456823
"etap[52]" -0.0906990159027779 5.79831845892936 0.0273335353452539 0.0380192106247654 -12.00785681776 -3.29230155053825 -0.0237214848496038 3.13531107941457 11.6870816030992
"etap[53]" 0.0784721711256828 5.7759494218275 0.0272280866930983 0.0387476748416572 -11.6464338335558 -3.11964465685041 0.0334122769388458 3.24879407252546 12.0546352665267
"etap[54]" -0.0748204332143449 5.80798222427176 0.0273790907719566 0.0428473835990199 -11.9583636489298 -3.26938151468662 -0.00121495839744409 3.13939815066389 11.5841556572624
"etap[55]" -0.0500657684222306 5.71736876242508 0.0269519348163661 0.036329456352561 -11.6457790036003 -3.21906994238167 -0.052576519969674 3.1515468779085 11.5756940843488
"etap[56]" -0.0270118941496037 5.74002615031932 0.0270587427671927 0.0408075628597681 -11.753193675642 -3.2275559758633 -0.0146365821793896 3.179939063819 11.6230665784456
"etap[57]" 0.00565016216476763 5.80709623716714 0.0273749141886918 0.0421839638336578 -11.7076608388951 -3.21955845395145 0.0104517815447817 3.22251563841888 11.8990890923288
"etap[58]" 0.0265011904889615 5.77173466351432 0.0272082181318695 0.0403922845273021 -11.7614037248398 -3.13367145542245 0.0541205752329053 3.24140448391715 11.4911491550739
"etap[59]" -0.0330083141206843 5.69436208107941 0.0268434802804186 0.0409419243303605 -11.5561316764511 -3.2077888354775 -0.0202794650001546 3.13822562172292 11.5350926265577
"etap[60]" 0.0488919905393449 5.80070244123066 0.0273447735455971 0.0400416588715898 -11.8812373953839 -3.1030707491055 0.026270750773991 3.2383734742004 11.8351769704561
"etap[61]" 0.00997398608779714 5.80143029157387 0.0273482046650196 0.0438492366426244 -11.7282505924784 -3.12816930313714 0.0251258890719895 3.20099309009064 11.7824343058906
"etap[62]" 0.0396142722968799 5.80334020837232 0.0273572080991508 0.0405598288576219 -11.3995151168045 -3.2170445476649 0.0300716442091171 3.18929605806153 11.9046213785506
"etap[63]" 0.00809784657990946 5.8372812141946 0.027517207534999 0.0431016377283621 -11.8895678799688 -3.18285592477294 -0.00888511139384388 3.2422248583705 11.744575904272
"etap[64]" 0.0603437310295493 5.77614128318196 0.0272289911361969 0.0407029715765991 -11.6263009723752 -3.16051410898783 0.0232911056796418 3.2247649983323 11.9309887631097
"etap[65]" -0.0113033145077803 5.81207784342418 0.0273983977057955 0.039752450396113 -11.861316161382 -3.18494621126735 0.0543776300280507 3.16948319535666 11.7232400952955
"etap[66]" -0.0293671103859802 5.76768467662415 0.0271891263105779 0.0437331771572014 -11.6046048156322 -3.21246510198647 0.0129235615668403 3.18139171769693 11.4747348835924
"etap[67]" -0.0411722095443642 5.79815085269855 0.0273327452419047 0.0405477166888213 -12.0210081827501 -3.21263908814442 -0.00637568715048092 3.17634773916993 11.6359241579835
"etap[68]" 0.0108720419156726 5.773698663512 0.027217476516647 0.040798384086534 -11.7206790704497 -3.18967061315119 -0.0193300078144812 3.17732526962574 11.76981943795
"etap[69]" 0.016613744400114 5.727928179719 0.0270017123868588 0.0423546815891975 -11.553557167808 -3.11874845000938 0.0262354671909371 3.17536522953221 11.7499763262314
"etap[70]" -0.00667524500155304 5.7529012729601 0.0271194366773787 0.0399091919574886 -11.5912269503715 -3.16905474759898 0.0089270758138564 3.13668146387228 11.6167400971359
"etap[71]" 0.00484069277345029 5.72832408770608 0.0270035787150081 0.0392632955559806 -11.5569155410041 -3.21283040486546 -0.0072412156038375 3.19756176540348 11.7008292016991
"etap[72]" -0.0915654198354928 5.78013987229961 0.0272478406660653 0.0395501284358037 -12.0161092931433 -3.24899735880595 -0.0518917833896913 3.17256123835137 11.4281819432926
"etap[73]" 0.0581310909582731 5.76678117711702 0.0271848671730559 0.0417918370961206 -11.5358006692948 -3.14232988255584 -0.0161706824959035 3.1680912485589 11.8577701617404
"etap[74]" -0.00408639269128409 5.71062485910861 0.0269201437512545 0.0384543520488884 -11.6722529851857 -3.21319522819859 -0.00497356107316966 3.20459453351183 11.7468715975991
"etap[75]" -0.0914852113570069 5.85772294313802 0.0276135707693661 0.0443415232377177 -11.9600893842107 -3.29918697100422 -0.0343866383355874 3.1711177601161 11.676481078717
"etap[76]" 0.008276428960584 5.80453551918857 0.0273628428483761 0.0437149027742935 -11.6690876989127 -3.19762741150921 -0.00861637210679368 3.20265304762995 11.6790420135463
"etap[77]" -0.0420228488948377 5.75557767809514 0.02713205337218 0.0415175349484275 -11.6527141836959 -3.24586338362254 -0.0483730624637794 3.13683211120799 11.7153851312788
"etap[78]" -0.0140641942291722 5.75866709697918 0.0271466170324655 0.0393952891538573 -11.8540002318594 -3.21032443349589 -0.039474468560924 3.22856698995605 11.6473544765921
"etap[79]" -0.0266071611432981 5.79075012241944 0.0272978578647974 0.0391800597983374 -11.8992452503441 -3.19749222580698 -0.00638019503138946 3.15351148332089 11.7685268991008
"etap[80]" 0.0711135751476074 5.79545012396248 0.0273200138845486 0.0413645420594996 -11.6363453822839 -3.19283536077787 0.0294802071929687 3.25463978245188 11.9689676798303
"etap[81]" -0.066798038289064 5.75207747410908 0.0271155532523528 0.0406097120782526 -11.808525818351 -3.24224567449423 -0.00573730406939951 3.16392766126591 11.5070057969591
"etap[82]" 0.037242397313269 5.78303042332961 0.0272614668542965 0.0398731521427608 -11.4988700372294 -3.14623334162789 0.00625343144364432 3.2100652820256 11.7641866028685
"etap[83]" 0.0405563699176472 5.73145633293494 0.0270183442606192 0.0426085213586739 -11.5470280143527 -3.0854538153774 0.00950337590812254 3.17821992513886 11.6403926433359
"etap[84]" 0.000353235572366496 5.86144773756902 0.027631129618704 0.0375575440842735 -11.6438746750162 -3.22019912571525 -0.0193846611189712 3.16572536710488 11.8664981277544
"etap[85]" 0.00903213638423505 5.84359320020124 0.027546962522386 0.0471602607287694 -12.0203113976384 -3.1630212907805 0.0569975933781919 3.25426613807175 11.6124502009856
"etap[86]" -0.0310006933078603 5.80198961317943 0.0273508413323539 0.0427952837944007 -11.8780755214793 -3.20863900296229 -0.0400841197342584 3.18026076632613 11.7105994810706
"etap[87]" 0.00415962629137997 5.72555382053441 0.0269905195503228 0.0415987981169337 -11.5535467879952 -3.17134609663908 0.0313954227870616 3.22894273218468 11.520656808297
"etap[88]" 0.0418082350809279 5.70732562488959 0.0269045910119945 0.0419464095647632 -11.56019121988 -3.16425972095843 0.0310975594298447 3.22843606983956 11.7083727043362
"etap[89]" -0.00869204643902802 5.73934087684628 0.027055512357061 0.0415549679718583 -11.7814847231411 -3.17597420219125 -0.00510283293497796 3.1488951475043 11.623886921505
"etap[90]" 0.0382860639872865 5.81009650238543 0.0273890575745665 0.0474943378945846 -11.8484868220511 -3.1478112620357 0.0297012741434523 3.18625103324905 11.8521423400141
"etap[91]" 0.0179008265902345 5.7194422465924 0.0269617093144687 0.039684334738842 -11.5630248671247 -3.18421930799533 -0.0117684707258555 3.17452117226975 11.5299115882484
"etap[92]" 0.00819198856574474 5.72718146825662 0.0269981923552679 0.0378834214316917 -11.5730295351578 -3.18726421797412 0.013320053716271 3.22142771685232 11.6356209026174
"etap[93]" -0.0425616592581864 5.77039636965499 0.0272019093541152 0.0403020117018395 -11.7654976430999 -3.20071559619508 -0.0145181422973957 3.16904769070014 11.4577079496718
"etap[94]" -0.0291225605157273 5.78007404959559 0.0272475303748629 0.0411083548935272 -11.6174583175337 -3.21096052573319 -0.0502310588684264 3.12446677471645 11.7937825007376
"etap[95]" 0.0293932538695121 5.8022395710817 0.0273520196452053 0.0410557037059524 -11.5782168601181 -3.19191171332348 -0.0304854402006333 3.15429911125366 11.9833460756219
"etap[96]" 0.0886161813055686 5.77798263903647 0.0272376713709389 0.0392412253289865 -11.4423528673269 -3.07338560323349 0.05198321212386 3.2348536668189 11.9816060720667
"etap[97]" -0.00988876912147355 5.7548950615417 0.0271288354868874 0.0433666956059388 -11.5724979057741 -3.15939090322181 -0.0101801132021172 3.15228179598504 11.6205965776791
"etap[98]" 0.0643228083296793 5.82484557144809 0.0274585853529025 0.040855731203654 -11.6429883451019 -3.12516295800358 0.00950605780196444 3.18651153490835 11.9546514626994
"etap[99]" 0.125133744237669 5.7054895068791 0.026895935468686 0.0395928797739741 -11.4763491302283 -3.06046543556677 0.0679714251345995 3.27522341477195 11.8969322972871
"etap[100]" -0.00836597346911178 5.74256644756883 0.0270707178432684 0.0385425442247893 -11.6003062152654 -3.2208171764345 -0.0251145038504434 3.17642912132124 11.6669246411623
"etap[101]" 0.00525043181570273 5.70103501163457 0.0268749367767249 0.0392317309838022 -11.5900224879522 -3.12324759817963 0.0295908447260128 3.22183339745303 11.5201609965596
"etap[102]" -0.00792056047846504 5.83730057150072 0.0275172987862151 0.0427951196723703 -11.8083516554542 -3.19182942682102 0.00269213732934763 3.16010464532697 11.6699017796644
"etap[103]" -0.0120180812366663 5.8050273441584 0.0273651613335183 0.0404610652027007 -11.8698362872635 -3.20414312285209 0.00338178669815084 3.24194043104285 11.6304524350631
"etap[104]" -0.0226094188407979 5.70160681917867 0.026877632303338 0.0386586160769773 -11.7285769212348 -3.17384428939554 0.00523560304411914 3.15008327127834 11.4404597202368
"etap[105]" 0.0345419144266683 5.7394145505651 0.0270558596583022 0.0397235689585862 -11.4233265409371 -3.11785184920297 0.026727683373802 3.1878254425739 11.6167751791075
"etap[106]" 0.0446168181481349 5.77417957344288 0.0272197435478021 0.0462043116588326 -11.6461219694567 -3.13156965264204 0.0131401912876786 3.1890903638374 11.7451029038418
"etap[107]" 0.000520835070906581 5.91613852262156 0.0278889444518978 0.0488416967210406 -11.858002478973 -3.18315647355478 -0.0222495646063783 3.14886729344901 11.801128084903
"etap[108]" 0.000770097714351455 5.84567353101989 0.0275567692959125 0.0422857516710353 -11.7647452685957 -3.21059441790573 -0.00956880864730753 3.1823332058331 12.0101527540035
"etap[109]" 0.0460583646703373 5.82105355703342 0.0274407096255227 0.0436111527086591 -11.6085223943902 -3.1976658932459 0.0205272095948877 3.27769428597697 11.6646978056438
"etap[110]" -0.0643043011252632 5.78481403805648 0.0272698748947525 0.0470911151087148 -11.7160577573721 -3.24636166542906 -0.0473607722584047 3.14594639189841 11.6643971027012
"etap[111]" 0.0559892602446303 5.74927491403818 0.0271023418574807 0.0396910599396856 -11.4642719161721 -3.115777812617 0.0167858375795457 3.15220386356797 11.9965182409298
"etap[112]" 0.0609301218833869 5.7649680567405 0.0271763200416336 0.0400828728925895 -11.5646767810063 -3.13505125607388 0.0808373831921899 3.22155415873378 11.7018498443809
"etap[113]" -0.00204508325990223 5.80851571689339 0.027381605680293 0.0464846139573069 -11.7654016299867 -3.20322934726246 0.0206888851466124 3.1858040588108 11.7532804191414
"etap[114]" 0.0315387161885729 5.79442817241838 0.0273151963587694 0.0456764537118633 -11.5489995482145 -3.21192471965357 -0.0285823504769657 3.2246839769954 11.8514899673634
"etap[115]" 0.0308399855093754 5.71172368787928 0.0269253236797552 0.0362098502162674 -11.5488358540822 -3.14853529577949 0.0137445875911766 3.17015642616915 11.7428431538263
"etap[116]" 0.00584090077455567 5.80070181106191 0.0273447705749531 0.0424719630241637 -11.5441577062056 -3.17806691750424 -0.0250738998062072 3.18674189888206 11.7012633567373
"etap[117]" 0.0499622918811466 5.7694552713715 0.0271974729742618 0.03739663742874 -11.5892986094914 -3.16604356452865 0.0635744625210355 3.24006823440911 11.7909099766021
"etap[118]" 0.0189994808223315 5.66082641718893 0.0266853916447616 0.0395917933086846 -11.5038099710027 -3.11914626942502 -0.0199740489912368 3.14477801128289 11.7535506384254
"etap[119]" 0.0427785784993723 5.7645540626651 0.0271743684548464 0.0406295317243596 -11.7411749955301 -3.15208747119954 0.0417178536144137 3.23387111347152 11.8276078266883
"etap[120]" -0.0236641121424723 5.76757570736086 0.0271886126245444 0.04014725605627 -11.6748623193829 -3.18482301178335 -0.00555980592680331 3.14717618880608 11.6832234298537
"etap[121]" -0.00266047649005681 5.75675054974598 0.0271375823421651 0.0388858431843472 -11.7703528448789 -3.2001537160628 0.0126940583577774 3.20685403614691 11.7044287433306
"etap[122]" -0.0328021808043706 5.76907916870618 0.0271957000092946 0.0417886325106085 -11.7159575260039 -3.19546523324945 -0.0136067716772535 3.15119256895061 11.7398222195666
"etap[123]" -0.00143317057876646 5.81574068803961 0.0274156645209022 0.0405340164448548 -11.7898108063486 -3.26219856365716 -0.00673099947980582 3.22424616738765 11.8030068227258
"etap[124]" -0.0193196114669955 5.79071399455135 0.027297687556394 0.0405252613150882 -11.8004295304226 -3.23521384957583 -0.00548023644389497 3.17117049009635 11.8525491466855
"etap[125]" 0.0131419355152736 5.77830766469134 0.0272392035565696 0.0390904395555042 -11.7755835856437 -3.13434327633337 0.0216910339799308 3.22320701803212 11.6797709619513
"etap[126]" -0.0644607815324122 5.82490855841563 0.027458882276315 0.0476497872488784 -11.6753335496439 -3.25545941146758 -0.0421510435901966 3.1197470301352 11.5303962251624
"etap[127]" -0.0166309905034541 5.8798120394188 0.0277176997678356 0.0454469574757904 -11.793318364719 -3.18200194030636 0.0403962290367843 3.19318790803209 11.8325805841458
"etap[128]" -0.0011626441440363 5.68814661172397 0.0268141802768887 0.0391057292834973 -11.4020205018046 -3.19872116214078 -0.0184791207451927 3.16725619791055 11.5092173887762
"etap[129]" 0.000170652600573256 5.76231730893881 0.0271638242966617 0.040852416432938 -11.8032883328595 -3.17801837116846 0.019853904216289 3.16514256839658 11.619157951318
"etap[130]" 0.0822764977087178 5.77113325678367 0.0272053830733529 0.0359127705052427 -11.5444437530575 -3.12642008298059 0.0645819035602966 3.22977689506115 12.0025606504089
"etap[131]" 0.145492019871426 5.76964039954902 0.0271983456768598 0.040638098645137 -11.2895239908585 -3.05034625710446 0.0922718932602841 3.26168127711293 12.0490716083521
"etap[132]" 0.0865985919603324 5.78106274744457 0.0272521911412199 0.0399383082061395 -11.4780445853738 -3.13499943420072 0.0802940480325176 3.26745567527419 11.9034862068279
"etap[133]" 0.0537757791931365 5.75361706256781 0.0271228109419488 0.0354364911087236 -11.4363383636758 -3.13242081246253 0.0324331039774833 3.22920603955935 11.8289862167536
"etap[134]" -0.0202773015077426 5.71369840833829 0.0269346326012719 0.0401385917477253 -11.7630839036107 -3.17981188666784 0.00482163488166826 3.18734752538438 11.6051998302693
"etap[135]" 0.0185186042801746 5.86203084974346 0.0276338784358556 0.043227018419516 -11.7347030562676 -3.15202966605657 0.0502652206507827 3.2318038171909 11.5698477730081
"etap[136]" 0.00247561519089065 5.75340604183827 0.0271218161806899 0.0385751600711178 -11.6032186687557 -3.19482681420523 0.00205466254216793 3.15248975476571 11.8086117987847
"etap[137]" -0.00808679811291426 5.75693880786608 0.027138469799454 0.0433575873826199 -11.5954461298718 -3.19840897059852 -0.00445074100965257 3.190946630822 11.6192099468502
"etap[138]" -0.00041006954421058 5.73179619764615 0.0270199463982324 0.0394895066469387 -11.6097563131134 -3.14012450611162 -0.0221070139510783 3.17755047897222 11.6568406378273
"etap[139]" -0.0174567866058455 5.84784082528382 0.0275669860190515 0.0468332457280441 -11.9812459333563 -3.17002758409187 0.0274231112874364 3.17661879328781 11.8080930020832
"etap[140]" 0.0377344336096289 5.80891599719338 0.027383492619723 0.0421865645363149 -11.6518826202684 -3.24225600662146 0.0403944029173387 3.24896022958565 11.7347773951314
"etap[141]" 0.0336867878849882 5.78755959716308 0.027282817584502 0.0392044424505021 -11.5864070837965 -3.11569061919225 0.00147453440556231 3.20696923573913 11.7452156846589
"etap[142]" 0.0040755190306555 5.84199027721804 0.0275394062709784 0.0431605298008747 -11.7364418150704 -3.19445449914074 0.00666770054220175 3.18362477942748 11.667374594211
"etap[143]" -0.0153498820662218 5.88981247047402 0.0277648422519285 0.0438459815003625 -11.8867800348954 -3.21172165499162 -0.0220858185868999 3.16465190388728 11.9096223854349
"etap[144]" 0.0172241784624033 5.74625282498787 0.0270880955930752 0.0408539353771422 -11.4157959279301 -3.17235160063033 0.00308573773879658 3.21480990904097 11.6297718983378
"etap[145]" -0.0511900347706116 5.7416167581104 0.0270662409642279 0.0375429546242048 -11.5755952621513 -3.22161091921657 -0.0349193299768864 3.1406525611644 11.5779673356665
"etap[146]" -0.0188439704298832 5.81383976508356 0.0274067034841506 0.0406767807986234 -11.8373414205427 -3.19714214181811 -0.0432715630493958 3.14707666207151 11.7343694961666
"etap[147]" -0.000809347494225596 5.80653008440079 0.0273722453189566 0.0391517058040891 -11.8102413638542 -3.21551349709646 -0.00210005908186374 3.20774112483823 11.8493695895005
"etap[148]" -0.0265472926024479 5.7723552503036 0.0272111436060497 0.0417277422575438 -11.6006346849232 -3.23510171168062 -0.0203097232727058 3.15063981503763 11.3812152960086
"etap[149]" -0.0269789874776377 5.71199401583105 0.0269265980179408 0.0397190482155834 -11.601064764568 -3.15427458368895 -0.0122409625266974 3.10559970982787 11.4287886092735
"etap[150]" 0.0320945529259811 5.77570070174806 0.0272269142153997 0.0406929711393053 -11.7778419628692 -3.17924184037005 0.0248996568127235 3.21658646900588 11.7903760800683
"etap[151]" -0.00166684770140755 5.83426089226817 0.0275029696008953 0.0425340488918053 -11.7443347595251 -3.19752819772203 0.000903561070188371 3.20073110410013 11.8702566222069
"etap[152]" -0.0492953965873352 5.87445271269054 0.0276924356593546 0.0417645864166412 -12.1050747223547 -3.25689076303767 -0.0427951486711724 3.17814153037257 11.7703995763102
"etap[153]" 0.0206001844325251 5.76810717171875 0.0271911179715539 0.0427044734092021 -11.4937135155982 -3.16540560204371 -0.012589987156738 3.1543456420684 11.7811423002676
"etap[154]" 0.0595795476266207 5.85087135585046 0.0275812720771466 0.043427985710689 -11.6497669752004 -3.18366229073768 0.00592227945997953 3.22993081159657 12.0027400876825
"etap[155]" -0.0804697004347595 5.78820623323177 0.0272858658561628 0.0410567569443569 -11.9764208950546 -3.24734557519201 -0.0170989071462259 3.13832539434967 11.5189814052377
"etap[156]" 0.0827725321113309 5.79289096830413 0.027307949909081 0.0403247450698468 -11.3783973650496 -3.10698156080113 0.0332933506520388 3.22787363654631 11.9354259220537
"etap[157]" 0.0534527578210704 5.74598460590741 0.0270868311962043 0.0403297405084797 -11.6899851594576 -3.15836004312483 0.0342543811990024 3.21155855095848 11.8811154001027
"etap[158]" -0.0390757866246312 5.81118821461904 0.0273942039553898 0.0414460972412894 -11.8132985244264 -3.20817077284172 0.00157367570991538 3.17027244508605 11.5059662485667
"etap[159]" -0.00442801373187566 5.79488425128908 0.0273173463351842 0.043836881266803 -11.7821572032186 -3.1473149255581 -0.00927891643828375 3.16643342936705 11.6806124363445
"etap[160]" 0.0674997295140579 5.74016745702068 0.0270594088933711 0.0433286852074109 -11.376395987148 -3.12392857422357 0.0438470606490945 3.20037643018016 11.7516198492445
"etap[161]" 0.0345204098338733 5.71241728884808 0.0269285933460784 0.03892670099209 -11.3653688261208 -3.14148874944816 0.000881189821026437 3.16692335105357 11.8003477874117
"etap[162]" -0.00547140010597598 5.78525010376185 0.0272719305282012 0.0373814755762138 -11.7768246544839 -3.18721676618029 -0.018285920905739 3.1795815610574 11.7170464825157
"etap[163]" 0.0302330551862532 5.77221012843436 0.0272104594949974 0.0408202397068945 -11.4937153320299 -3.1637438646171 -0.0299137740501793 3.18713168615287 11.6412704265326
"etap[164]" 0.0674561531079126 5.79154733993305 0.0273016159841971 0.0383809567603021 -11.4469729188904 -3.13649323176248 0.0448886347153688 3.23894233492821 11.9524476255467
"etap[165]" -0.00313023086174831 5.77521260211406 0.027224613291659 0.041635627869438 -11.8128942464103 -3.13943496269689 -0.00111432321257121 3.17479254770721 11.8961239333749
"etap[166]" -0.0302835037291731 5.63518452100678 0.0265645145869424 0.038688349966189 -11.6007682988717 -3.19575661937979 -0.00235741535884948 3.16921682336325 11.2976275202552
"etap[167]" 0.00615814174739816 5.75999269655303 0.0271528659687842 0.0387397888609973 -11.6052051871901 -3.21194678129878 -0.0157885404227187 3.22497924184398 11.7478638356143
"etap[168]" -0.0313918885744288 5.71541876079481 0.0269427424205255 0.0386238683785374 -11.7119715013246 -3.1447015880766 -0.0205746111715881 3.12030226582176 11.4957105096702
"etap[169]" 0.0122564843718814 5.75607974661179 0.027134420145865 0.0408548788800254 -11.6057984056653 -3.21874170211492 -0.0509051527790816 3.18529510882709 12.0500602946943
"etap[170]" 0.010972394770922 5.74772553392291 0.027095038009573 0.0400323699100349 -11.8262771521113 -3.14779264281741 0.0379536039174701 3.18655943763695 11.7032504876905
"etap[171]" -0.0630737390164837 5.78130626065467 0.0272533390735011 0.0390062354440147 -12.0420450209371 -3.20192650675652 -0.00757786522020369 3.15555983792665 11.4786128290189
"etap[172]" 0.0234384815261784 5.75916495258973 0.0271489639463207 0.0406294392029874 -11.5929348157075 -3.20366688909144 0.00416109700025067 3.20051521484849 11.7288829791946
"etap[173]" -0.054886350517803 5.79397320364545 0.0273130516154056 0.0443723630239195 -11.8422222873301 -3.21855656475968 -0.040870873974598 3.09108566397963 11.643980088979
"etap[174]" 0.0490767357206228 5.68712485016928 0.0268093636467282 0.0384949421545428 -11.5473088781654 -3.13342517175522 0.0216668763521514 3.20147212083701 11.7242496962425
"etap[175]" 0.0603320948393521 5.83478633814343 0.0275054465765056 0.0468334262571305 -11.7245307980747 -3.13492348167389 0.0396287292515736 3.24648272136999 11.87145588321
"etap[176]" -0.012153083141682 5.80448993061531 0.0273626279417808 0.040449583696646 -11.7288617447631 -3.17783195091787 -0.0325257826896648 3.16690567694342 11.6829083340891
"etap[177]" 0.0364922723408606 5.83651979278122 0.027513618160034 0.0429931542468492 -11.5741598232519 -3.18978163073241 0.0104312705556633 3.1933661457268 11.9526404270307
"etap[178]" 0.0562358866440591 5.81837878287994 0.0274281006192422 0.0417041758839704 -11.5532263679357 -3.178852223158 0.0174279000927476 3.2133401003323 11.9701927160769
"etap[179]" 0.0087427513440333 5.73003717671114 0.0270116542940231 0.0428955734531334 -11.6343144258778 -3.12778227681908 -0.00673476890914239 3.14836624514896 11.6357802406622
"etap[180]" 0.0641915891769124 5.71851623206434 0.0269573440401202 0.0393543475032809 -11.3336255400019 -3.14803307140371 0.0267385451003069 3.19097738795031 11.8358399140982
"etap[181]" 0.0682485820019673 5.84023692915936 0.0275311409089646 0.0401909280808962 -11.6939605134154 -3.14987396865771 0.0276104615588529 3.19499774843507 12.0737783539196
"etap[182]" -0.00559050581553504 5.74129445390672 0.027064721607641 0.0380613809644766 -11.8192542813086 -3.12851157010195 0.0195218528154027 3.17135967102685 11.6384512834396
"etap[183]" -0.0113545450209631 5.75587797166814 0.0271334689696587 0.0482186462244673 -11.6830393591491 -3.14980029394442 0.0449032014197135 3.16382123831711 11.5653556824173
"etap[184]" -0.10273808822591 5.79351112622421 0.0273108733615524 0.0396527097144 -12.0107252403237 -3.2616872675164 -0.0745113555881649 3.11703321647288 11.5624861986877
"etap[185]" 0.0155023973581945 5.759404392781 0.0271500926782069 0.0439195901947955 -11.5672348179978 -3.16360050861994 0.0314239969216725 3.19667873959968 11.5849972263888
"etap[186]" -0.0261144787426527 5.73943951762728 0.027055977354162 0.0372455525534672 -11.7144025621651 -3.20742180071654 -0.0330002738927932 3.17228368953545 11.619722819923
"etap[187]" 0.0122642050177625 5.70041833798411 0.0268720297492581 0.0387791165711185 -11.6586760903473 -3.16298073461027 0.0263759199270499 3.20601484591021 11.4163164455742
"etap[188]" -0.0169096579230622 5.82232337054595 0.0274466955838264 0.0408227283982367 -11.8152166991406 -3.24869112105978 -0.0187506260680129 3.2241444707706 11.6632781996941
"etap[189]" -0.0136765533944598 5.80512153197661 0.0273656053391513 0.0416902957907236 -11.6784970271061 -3.20014627467671 0.0256800732573212 3.2122986027683 11.6779681318957
"etap[190]" -0.0552721148915563 5.75172493723749 0.0271138913776027 0.0362713868817656 -11.8755487175934 -3.19953654227971 -0.0609237289923802 3.12447822005488 11.547552497726
"etap[191]" 0.017797225352298 5.7607767517621 0.0271565620404853 0.0430248874640913 -11.7279125027018 -3.16183203044912 0.00787269489765822 3.1854247883168 11.8043616928288
"etap[192]" 0.00582922396172171 5.72428748653165 0.0269845499945855 0.0393393796579573 -11.6373229135753 -3.16575353692639 0.00563236810572813 3.18544637359019 11.7303847106355
"etap[193]" -0.00248291911202597 5.72726699577698 0.0269985955358654 0.0394262289349982 -11.6574013768422 -3.20345436335107 -0.01334708162296 3.18787718939047 11.6457457603894
"etap[194]" 0.0170772825599948 5.80596365009033 0.0273695751220098 0.0387597236787636 -11.6231944375645 -3.1785762435005 0.0372525045970276 3.17600937627179 11.7485305193086
"etap[195]" 0.0323275531570344 5.91872323022821 0.0279011288804048 0.0409694710132976 -11.9039944188466 -3.17075802388804 0.0412017341791912 3.25109605894684 11.8273760861001
"etap[196]" 0.0441753441806111 5.81133176102969 0.027394880639659 0.0378649767838919 -11.7453027888563 -3.18456175761957 0.0593586850995445 3.27033195156096 11.7424028646079
"etap[197]" 0.0275743494452835 5.83361360385698 0.0274999182540624 0.0437174409460495 -11.7566691994079 -3.20088485244388 0.021940925300818 3.19559416279494 12.1243442989141
"etap[198]" -0.00869761924189013 5.77234665222989 0.0272111030743415 0.0389087420942006 -11.7021597417716 -3.20667399133253 0.0123565297932198 3.19201293214551 11.7686552262465
"etap[199]" 0.0401706867777585 5.76773473807285 0.0271893623025102 0.039588434275696 -11.7298790273485 -3.19036029952922 0.0296767979860996 3.24060167267351 12.0118332693442
"etap[200]" 0.0249575185410316 5.78830696806699 0.0272863407247301 0.0350835328694867 -11.6182582733415 -3.18096640585892 0.00340081667923937 3.2073285970512 11.8685674097223
"etap[201]" -0.0593623089067722 5.69543627998635 0.0268485441026282 0.0390448663482338 -11.7455967159562 -3.18869438832966 -0.0282826366319486 3.1709690941149 11.4622045217672
"etap[202]" -0.0592839733919922 5.74387679615444 0.0270768948857391 0.0396196610399625 -11.9040052988421 -3.20738600741586 -0.0104015978183627 3.13526693087811 11.4312922601078
"etap[203]" -0.0159529391610526 5.80349397700771 0.0273579329714496 0.0436548707637088 -11.6053398059994 -3.21992277332364 0.000812180433014718 3.17324964869644 11.6445594445242
"etap[204]" 0.0255845507529977 5.72116703148037 0.0269698400284045 0.0385917221435238 -11.5187362692903 -3.17850663198059 -0.00421452811899756 3.16944651403678 11.4975092689812
"etap[205]" -0.0230711891454291 5.79857583544597 0.0273347486297886 0.043674852964682 -11.8135256820455 -3.18493643164654 -0.00483864634773598 3.15305088855084 11.6660499588028
"etap[206]" 0.128336640445214 5.73903525162421 0.0270540716259475 0.0401238430096314 -11.2871288099191 -3.12460166983711 0.0780070643539169 3.25266476522599 12.073437145783
"etap[207]" 0.0196249765322327 5.78373938043664 0.0272648089101495 0.0427491404658841 -11.7336376074495 -3.1306388603123 0.043123102009674 3.22562328985541 11.619501626178
"etap[208]" -0.00565162118786218 5.83263254104257 0.0274952934796035 0.0386793101776 -11.8075744542185 -3.21307621747594 0.0015837279335723 3.23930790597411 11.6892890209639
"etap[209]" 0.0106224137380387 5.77172476323776 0.0272081714615183 0.0443090982903352 -11.5855522242452 -3.20364300644788 0.0342709885531992 3.17401217262676 11.6440994836792
"etap[210]" 0.0243540918762169 5.7937475200635 0.0273119877327976 0.039728218452917 -11.5434687484855 -3.1738095994339 -0.011431693081952 3.18158952446207 11.8630012940418
"etap[211]" -0.023996893555712 5.7341649268206 0.0270311126946461 0.0439906313659528 -11.8120489350126 -3.16110636280303 0.0438662214005565 3.23191512868073 11.4567364060183
"etap[212]" 0.0712806542061532 5.78263445881735 0.027259600259685 0.0390700344821927 -11.5542880991712 -3.09492411806827 0.0391747092604549 3.24372800596482 11.6296195484398
"etap[213]" -0.0298852822205404 5.75006240547232 0.0271060541277021 0.0399036194304303 -11.4968821861995 -3.25461749118111 -0.00481183889489592 3.18858479475422 11.4953843570169
"etap[214]" 0.0555389945646174 5.68548661117268 0.0268016409140369 0.0391878801195495 -11.4466011004083 -3.11264939811272 0.0460307133398615 3.20537429308298 11.5606718788505
"etap[215]" -0.0203882074636337 5.8123577528029 0.0273997172112609 0.0375508889442191 -11.8853322653787 -3.17932410875344 0.00483258456841243 3.18864007723642 11.6399191568437
"etap[216]" -0.00686482983394205 5.71304314304686 0.026931543651065 0.0440914198060201 -11.5375808492895 -3.19642567849111 -0.0363346442566537 3.1374080930213 11.6082386434888
"etap[217]" 0.0086069188784082 5.79790557212171 0.0273315889781769 0.0396221769743032 -11.6671347268137 -3.17787813805718 -0.00108097802628972 3.17538589341243 11.7801176137473
"etap[218]" 0.0344953563168987 5.8105191135533 0.0273910497827172 0.0390016602410698 -11.5304128442705 -3.16828226410778 0.00228301450212404 3.20555506877559 11.8697522963174
"etap[219]" 0.0424862557483771 5.78238051550607 0.0272584031594354 0.0424491509688379 -11.5738589772575 -3.1441503423962 0.0245575588654164 3.18146281867972 11.9683317335591
"etap[220]" 0.0227238703799389 5.8111676442183 0.0273941069855908 0.0399529218099166 -11.846462959986 -3.2054909504764 0.0106281543028685 3.24263799904868 11.9592264233922
"etap[221]" -0.0651336896806705 5.76099581491433 0.0271575947140883 0.0422573964293396 -11.9336888634025 -3.24879199748059 -0.0153186514135506 3.11454497205224 11.4358957459085
"etap[222]" 0.0766011518386418 5.78320075087535 0.0272622697860473 0.0433688413404959 -11.4309625894636 -3.14527489202629 0.0529852133777725 3.24631374719674 11.7753521408231
"etap[223]" -0.0152160866070004 5.76368650479426 0.0271702787478228 0.0398520583299511 -11.9130342342057 -3.16548710409369 0.0464578506833386 3.17936490179983 11.529213865448
"etap[224]" -0.0130061302756103 5.82110059451926 0.0274409313623574 0.0450302737572134 -12.0679089668186 -3.21755478204929 0.00914437859478037 3.22974348342874 11.7639432120245
"etap[225]" 0.0273841152512075 5.79129743364454 0.0273004379146554 0.0404665137820729 -11.6617698802453 -3.16703963868424 -0.0000368423330939655 3.19670829653381 11.7686927758263
"etap[226]" -0.00104614919133863 5.71693756509871 0.026949902132676 0.0423071325262407 -11.5543618723399 -3.20825656313645 0.00221937685024459 3.20208590732317 11.6290983752116
"etap[227]" -0.0686265211445722 5.74736230361651 0.0270933257254878 0.0370553713078546 -11.8363018215634 -3.2997772339834 -0.0316483332614611 3.2075652460704 11.523933545275
"etap[228]" -0.0495258626811125 5.74852341284096 0.0270987992468632 0.0405926711855596 -11.6537888667986 -3.21531730527558 -0.0187671126349299 3.11939524974873 11.6747793283425
"etap[229]" -0.0199584689884925 5.75966633731677 0.0271513274965905 0.0398306407384461 -11.6299969199182 -3.25112768622913 -0.0310335859100337 3.15594964441079 11.6047904198028
"etap[230]" 0.00543461669792397 5.84609944964639 0.0275587770955727 0.0428321504994212 -11.8006375679823 -3.13975791637617 0.0132584943171617 3.19203596564253 11.8623802121695
"etap[231]" 0.0227916535710599 5.80229476114248 0.0273522798136469 0.0445492314661828 -11.7312133971286 -3.17258445519433 0.0303733695283264 3.15936810870501 11.88144807019
"etap[232]" -0.0130577020888341 5.73412718598101 0.027030934782622 0.0396680989365253 -11.5170603197071 -3.1944097887978 -0.0530971203923655 3.13191002542499 11.749247320765
"etap[233]" 0.0206625793880915 5.73928249508668 0.0270552371428069 0.0417601370363381 -11.7350346791803 -3.17321238849735 0.0323842965661607 3.24689771874986 11.7389223564752
"etap[234]" -0.0815729529665315 5.70624970155895 0.0268995190607737 0.0384879424321844 -11.7450755123161 -3.21644745387993 -0.0158872968454782 3.11403690646798 11.1808616057314
"etap[235]" -0.00504851116024475 5.80326443405129 0.0273568508955759 0.0419163784560774 -11.7539812476313 -3.17568934205637 -0.0102662084573919 3.17227508171552 11.7780820730479
"etap[236]" -0.0584377383718532 5.83985176936205 0.0275293252482677 0.0419492315292998 -12.0620549643641 -3.21440091833698 0.00150133971980052 3.14210490764576 11.6480658954925
"etap[237]" -0.123378397065894 5.80228060384747 0.0273522130755181 0.0440722507501509 -11.8234643658561 -3.25933358279523 -0.0779410615239553 3.05888000798423 11.3726911671743
"etap[238]" 0.0468071699647604 5.93042636207173 0.0279562979729892 0.0486837040344541 -11.9287493897843 -3.11506096810266 0.0669859062035392 3.20607519980197 11.7875906085429
"etap[239]" -0.0349498008949516 5.73892208061867 0.0270535381327111 0.0418390440429985 -12.0859041199055 -3.13178790024463 0.0181074363990166 3.13527940745303 11.666865673131
"etap[240]" 0.0185450818696417 5.76827308503656 0.0271919000944347 0.0399138015471592 -11.6129287879201 -3.17085037778381 0.0331016636985311 3.20875259369394 11.5851940947573
"etap[241]" -0.0573989606826838 5.78933713560994 0.0272911969810993 0.0458413681722229 -11.8635201090007 -3.27483409383289 -0.00984079846285314 3.16978815872898 11.4821234808163
"etap[242]" -0.0283834762899887 5.70187726909797 0.0268789072164841 0.0405026987816184 -11.6713054108035 -3.15647703722011 -0.0518527000039939 3.16647847717408 11.3614542792586
"etap[243]" 0.0279932321002124 5.84510597548815 0.0275540938134779 0.0421595908127817 -11.8116077477971 -3.18739524268806 0.0152347556022501 3.22763970307078 11.8426534453768
"etap[244]" -0.0358184707407993 5.77643179816433 0.0272303606369574 0.0414793678897528 -11.6966320704589 -3.16412794155924 -0.0062541445220208 3.1544878712183 11.4828368905438
"etap[245]" 0.0460161159220782 5.78674719579755 0.0272789878877379 0.0387011066844885 -11.4253548748584 -3.19375088974027 -0.0140306484018552 3.22789219912272 12.0367122528765
"etap[246]" 0.0136803935963041 5.78993390440533 0.0272940101761794 0.0426069311041805 -11.9376167553846 -3.15188437126177 0.0196544022548569 3.18662986128729 11.7465567415214
"etap[247]" 0.00308269696007587 5.73136437479997 0.0270179107658137 0.0412214583197084 -11.4951061098481 -3.21166147367033 0.00818332580280838 3.17968280107302 11.6795041008083
"etap[248]" -0.0235446690507226 5.82228455742413 0.0274465126170155 0.0411391607018145 -11.7458988481153 -3.18762969832218 -0.0310967593541369 3.11755656967454 11.7921123194386
"etap[249]" -0.00789284307903564 5.74331075460778 0.0270742265402986 0.0428789527503137 -11.5264158136531 -3.15930518393905 -0.00511452014340147 3.12761231949572 11.5750497666516
"etap[250]" -0.0292757770615007 5.75467651461086 0.0271278052467753 0.0401741680293261 -11.7395572376048 -3.19308827875913 -0.0314075930310894 3.18328913162527 11.6175702192831
"etap[251]" 0.0156201942131022 5.8078604414384 0.0273785166821746 0.0415935392310522 -11.7670131365251 -3.13640368181502 0.0326635823285574 3.17035013556528 11.5865216337909
"etap[252]" -0.0593628712712449 5.75947947914607 0.0271504466387263 0.0405933404452245 -11.7467444459752 -3.2356418780696 -0.0271955855432611 3.16359733229699 11.4588378366198
"etap[253]" 0.0171549183013321 5.82626634292954 0.0274652829338962 0.0468875732072008 -11.7368894864725 -3.17245324568237 0.00012146686216727 3.20340018482937 11.8168872846449
"etap[254]" 0.00933113491678745 5.7973158991706 0.0273288092332275 0.0426116731736118 -11.3867746599491 -3.21972112704258 -0.019702960092668 3.19213721933417 11.8711438801155
"etap[255]" 0.0099854695972004 5.74814235577982 0.0270970029266502 0.0414473160916953 -11.4993015141362 -3.17370495455232 0.0102730088536535 3.16495166337672 11.5987125261981
"etap[256]" -0.0536129473355197 5.77802020799068 0.0272378484726875 0.0471776384747557 -11.9873207433689 -3.20189054307454 0.0115573276084749 3.14893439478963 11.5022502787437
"etap[257]" -0.0747438539572201 5.76311888512047 0.0271676029630196 0.0386474883488001 -11.7567262571742 -3.24887153971773 -0.043011823236927 3.11441190372045 11.5998897763519
"etap[258]" -0.0653469150191778 5.78111681490953 0.027252446017694 0.040816046832825 -11.8715819134042 -3.26195420786106 -0.0903829448988455 3.10519536690687 11.8134231153766
"etap[259]" 0.058100149980202 5.7834187809078 0.027263297589477 0.0431403457833679 -11.7613664214124 -3.11265772209647 0.0769317984373032 3.23132917850348 11.8558333411317
"etap[260]" 0.0130355670365442 5.78322164314135 0.0272623682731337 0.0439655336409037 -11.4416499875845 -3.17696021191553 0.00163567305696903 3.11851327139155 11.8248641747063
"mean.p0" -1.24710044953354 0.262275933274872 0.00123638060640462 0.00798054237164017 -1.79606766867404 -1.41293786197774 -1.23446561088691 -1.07051296102331 -0.760507181740352
"mumup0" 0.741796725644244 0.137772371805503 0.000649465189092172 0.00263193555190657 0.383420586518678 0.678839183222191 0.765860553139933 0.834991869337489 0.939510913732136
"mupsi" 5.64818287417399 1.29491579023852 0.00610429157562127 0.0119763271581555 3.30421231800334 4.73123992353296 5.58620109784215 6.49736748911046 8.33587500565502
"ppo[1]" 0.220871301172238 0.0669488322818695 0.000315599821993538 0.00147780703199398 0.0903382446394112 0.178956945575234 0.220118502055841 0.2597191982189 0.361880479157082
"ppo[2]" 0.207988427977608 0.0722040732824854 0.000340373265648905 0.00178054480601402 0.063475669735063 0.164642885261456 0.210026756386473 0.251446556737896 0.353932463430681
"ppo[3]" 0.219841046618375 0.0662496938388291 0.000312304051766458 0.0013962831247938 0.0903415204636134 0.1782308126384 0.219058497469008 0.258995846095983 0.360683437809458
"ppo[4]" 0.23901056211537 0.0709939718424048 0.000334668792754208 0.00140620552512655 0.116662675226997 0.193803516322689 0.233255372474319 0.273783654987381 0.408617329179787
"ppo[5]" 0.23811583464001 0.0704934740190205 0.000332309423388314 0.00127706406290763 0.114583426450782 0.193079488773299 0.232460369678326 0.273621792484507 0.403629983941852
"ppo[6]" 0.219948467203719 0.0658318313517651 0.000310334229111748 0.00152222328019169 0.091727431485945 0.178819658473905 0.21971529282116 0.258074006563828 0.360530329872693
"ppo[7]" 0.259027485659413 0.080506205697603 0.000379509893175828 0.00174798839669029 0.137847254440916 0.207016586609757 0.245951780450148 0.294666403082966 0.467798854251667
"ppo[8]" 0.220196640807776 0.0667846184569835 0.000314825710599262 0.00146887742320286 0.0911677964256051 0.178547373091318 0.218929946756596 0.258624140512988 0.363373739122656
"ppo[9]" 0.238306897794137 0.0707821055937261 0.000333670045679907 0.00130564253088069 0.113656581860926 0.193446147388242 0.232655516333352 0.273318555781723 0.405580053483564
"ppo[10]" 0.219377020848082 0.0659373256412562 0.000310831533961586 0.00144141912400901 0.0893102016901021 0.178142433664345 0.218962996154066 0.258704668339296 0.357906256786149
"ppo[11]" 0.237832105339072 0.069290188767877 0.000326637082316412 0.00135331214122997 0.116266461488508 0.193039500392448 0.232760576970355 0.273553864973664 0.399746071507078
"ppo[12]" 0.23902087898947 0.0711665982612681 0.00033548256149681 0.00135894155027507 0.116315507699563 0.193396844473793 0.232805689438454 0.27419237592222 0.410037693300679
"ppo[13]" 0.208495248899602 0.0727197237084077 0.000342804065068182 0.00181268888339738 0.0640988601300929 0.164606563201259 0.210210459355243 0.251085185570046 0.353502546827194
"ppo[14]" 0.257954427319377 0.0797762509798746 0.000376068853636729 0.00172725885776323 0.136071390406263 0.206507697470189 0.245106072857921 0.293261904474159 0.45938940377604
"ppo[15]" 0.238272148340523 0.0704296003917305 0.000332008320221676 0.00130423248558544 0.115660393114128 0.193097300443371 0.232695568295581 0.273663557343448 0.4032434087121
"ppo[16]" 0.238176340101436 0.0706722738784099 0.000333152294008643 0.00133005509879546 0.115301304429768 0.193015465033835 0.23275075609778 0.273492785392751 0.405153426521731
"psi0" 0.992763450696904 0.010236862826878 0.0000482570341530797 0.0000843292108838354 0.964573035638085 0.991261500790701 0.996264760468023 0.998494866614206 0.999760298159007
"sdeps" 0.326301346809709 0.264747723103208 0.00124803273539984 0.0113522416002138 0.0130148338093054 0.12280993052586 0.266006362125126 0.462215500558927 0.986862105725351
