"Mean" "SD" "Naive SE" "Time-series SE" "2.5%" "25%" "50%" "75%" "97.5%"
"N" 38.5268666666667 1.38586065364733 0.00653300977315766 0.0163048776666782 37 37 38 39 42
"betapsi[1]" 0.0595359477569517 2.8178850947607 0.0132836377273986 0.0203518821110444 -5.99693409258728 -1.24752235731973 0.000684904437473 1.32138942587345 6.25300273256363
"betapsi[2]" -0.00648364460674053 2.78753452612763 0.0131405637747765 0.0206119723870001 -6.06569155157302 -1.27324427495386 -0.000468512476515272 1.23580571752484 6.14858059299964
"betapsi[3]" 0.00655870087887883 2.78556368433288 0.0131312731374584 0.0202958434291656 -5.99136402306094 -1.29009358959184 0.000708528045859023 1.26243305520671 6.16339052864338
"betapsi[4]" 0.0653119856516533 2.7424062127924 0.0129278268655575 0.019408799951063 -5.80181284276779 -1.20947915413794 0.00602874303304053 1.28844144858238 6.14301135692904
"betapsi[5]" 0.0179680708975265 2.81387492931534 0.013264733626198 0.021333965768903 -6.07766884902758 -1.2594258598354 0.00103708084477073 1.26771425798353 6.22687125330374
"betapsi[6]" 0.0329262144863149 2.73146174092328 0.0128762341303898 0.0191513372142289 -5.85086320483957 -1.24572667124267 0.00163107523724409 1.29090073312526 6.04368563140614
"betapsi[7]" 0.0322359822153347 2.77944787902393 0.0131024429547493 0.019723239690785 -6.01353505720484 -1.26662610906075 0.00263406625439502 1.29902712449519 6.18231890196398
"betapsi[8]" 0.0412715149826951 2.80751496239829 0.0132347524546302 0.02079759437499 -5.95214437855868 -1.26611994606907 0.000744198467623602 1.29032185988998 6.34942557686758
"betapsi[9]" 0.0621270699638204 2.81475898779939 0.0132689011178582 0.0205154350073843 -6.04081058924204 -1.23562453685943 0.00313107553999819 1.31804929171306 6.29136638947759
"betapsi[10]" 0.00115606290398164 2.78589462325916 0.013132833198518 0.0207723007954645 -6.0148252782108 -1.28251124277837 -0.000679923127414428 1.24369407578075 6.16876503779501
"betapsi[11]" 0.0488026149258704 2.7815447374728 0.0131123276402718 0.0205722786853384 -5.95172918353828 -1.21506710028367 0.00266781778097168 1.28824285321883 6.21689065020698
"betapsi[12]" 0.0282631665660347 2.79824419040212 0.013191049616328 0.0201305750397867 -6.02216647520834 -1.24741152419503 0.0026842043816512 1.26569627979162 6.27453244397939
"betapsi[13]" 0.0307530074514382 2.77748180543626 0.0130931747949749 0.0197666410035686 -5.99556978103131 -1.23741900519645 0.00113310124862522 1.28118237107401 6.13621518744977
"betapsi[14]" 0.0260395771840801 2.74004696316618 0.0129167052561628 0.0193463311164695 -5.85459921243594 -1.26100667600331 -0.000106359637617878 1.28042511930186 6.00332507912368
"betapsi[15]" 0.00641464888292393 2.77859991692487 0.0130984456230797 0.0205422165339287 -6.02747175045646 -1.26929700336623 -0.000504206873637999 1.24546174325551 6.13550315049996
"betapsi[16]" 0.00122974071307554 2.752212874162 0.0129740559105925 0.0195952876073994 -5.99214772301461 -1.23880862353224 -0.0000132949939045252 1.24287064427169 6.01166804563631
"etap[1]" 0.866481364805363 6.00184092801235 0.0282929494653366 0.262212607083316 -10.5559895311336 -2.36319689471873 0.776344272554714 3.90262492637809 12.7224289291745
"etap[2]" -0.549350327213489 5.19245910759545 0.0244774869734306 0.138780611497773 -11.1311439052941 -3.20547366635787 -0.479555812581381 2.23483871392371 9.44502837733966
"etap[3]" 0.924801895281122 5.77738479866886 0.0272348531244189 0.274381256877047 -10.2418119874527 -2.32541147994032 0.849913349549367 3.92571417791032 12.8377352088447
"etap[4]" 0.975285533880674 5.98212875137911 0.0282000253735412 0.254357031036155 -10.6239866008149 -2.33733921676359 0.854292884617204 4.00277560771227 13.5476754995444
"etap[5]" 0.841680915955171 5.80353416511212 0.0273581224199906 0.276607171838612 -10.4424880720568 -2.39728095762977 0.758608578178426 3.87669483360647 12.8132595147331
"etap[6]" 0.920324997654065 5.80652245075086 0.0273722093335858 0.248963215346024 -10.3571957170857 -2.28882806405242 0.806379809050543 3.98636148199156 13.0095643691469
"etap[7]" -2.11149214006821 9.43294091858176 0.0444673099337415 0.92613860930241 -20.3434389885956 -7.56069922383052 -3.16520610770186 4.47886380950341 15.6893588240478
"etap[8]" -1.27734170530741 6.85271224935895 0.0323039953402789 0.468653809959436 -15.2620790164812 -5.09142804989128 -1.48176100758641 2.89315641924079 12.0767873764845
"etap[9]" 0.843891572142477 5.97874713723561 0.0281840842915931 0.259784104119988 -10.8191131860462 -2.4118900702463 0.769799084248506 3.93242304633951 13.3418634933214
"etap[10]" 0.177997977313483 4.73815908692242 0.0223358961380233 0.0568518079838131 -9.20378519281224 -2.31180658155486 0.103478450438656 2.55535389818184 9.89013486473464
"etap[11]" -1.31789378730343 6.90836195981999 0.0325663305911993 0.483975136929052 -15.5036583111683 -5.11306285963589 -1.44868962224099 2.8695441985351 11.9038209662048
"etap[12]" 0.954490120980466 5.88581970069492 0.027746020154685 0.267372409342622 -10.7155666313103 -2.34678577675951 0.842317854000761 4.02507003944073 13.3651600545882
"etap[13]" 0.923913693639899 5.94203177781597 0.0280110064274642 0.266406601848077 -10.4814919596002 -2.34477779426041 0.798383516894797 3.96383171812118 13.415696065431
"etap[14]" -1.38977748257612 6.91000439074078 0.0325740730848108 0.475705703502118 -15.5678818779476 -5.1469872041448 -1.51523000038738 2.80339033615649 11.8057902075154
"etap[15]" 0.8730671902512 5.81628360813592 0.0274182238707805 0.269070355426633 -10.5437203125342 -2.37181745886128 0.813241215838132 3.91382304649912 13.0603850886555
"etap[16]" -0.564439131312242 5.05871958845652 0.0238470328341255 0.130457923745254 -11.1548206258552 -3.26855938674402 -0.490995230027336 2.20832299803936 9.52950565520416
"etap[17]" 0.847593571628465 5.95034837402209 0.0280502112379558 0.260029799644544 -10.874827092561 -2.40052343832689 0.785050686973446 3.96091202920716 13.0059589891816
"etap[18]" -1.34353816889223 6.97194300631506 0.0328660545187434 0.523923440347573 -15.5599696486691 -5.17565885144659 -1.51469550693355 2.89515817861499 12.2547292131993
"etap[19]" 0.167073105190979 4.66277996570839 0.0219805555528879 0.0455514266819208 -9.21447804775159 -2.27250044482523 0.11921675545121 2.55078200339163 9.75712935694847
"etap[20]" 0.825293811075218 5.85697945722609 0.0276100659431658 0.260289976434594 -10.716225213748 -2.43844043607786 0.771452755606596 3.90299382488336 12.9283195833514
"etap[21]" 0.893084435373835 5.8563132536211 0.0276069254292542 0.254930194442763 -10.4771452793928 -2.35922317150905 0.79493683900399 3.92378222827073 13.0801691356487
"etap[22]" -2.07492348625681 9.3810488278459 0.0442226882720797 0.883653795730362 -20.0482155583024 -7.61571354050042 -3.14588159338674 4.50955560283003 15.7853788033318
"etap[23]" 0.0967596578767402 4.65663988715381 0.0219516109450014 0.0456995823206305 -9.21576461829689 -2.34016581304706 0.0838258793140909 2.54337578195806 9.53896619606835
"etap[24]" 0.928936985780271 5.85835804917009 0.0276165646879131 0.258539341737631 -10.4488435935896 -2.32031017724902 0.812951537300478 3.9247690497409 13.1909477191499
"etap[25]" 0.943586796600582 5.99487105236479 0.0282600931564405 0.280578516092332 -10.4822256838941 -2.32818107502297 0.821828907665846 3.98490841603899 13.2669269204779
"etap[26]" 0.143653698530274 4.75636039229413 0.0224216979143886 0.0541235667813593 -9.18278031707485 -2.35654674673755 0.0778407607993264 2.53429478143851 9.63985848630668
"etap[27]" -0.60180595819629 5.19148438240953 0.0244728920748389 0.151901813526346 -11.4055225524018 -3.25041556597599 -0.508381634478054 2.18315870901069 9.58748522547057
"etap[28]" 0.0590122586977556 4.71044216058328 0.0222052372942363 0.0464180028258944 -9.58383743470246 -2.38538627512005 0.0657906567092045 2.5066384865075 9.66226086692466
"etap[29]" -1.36043548690677 6.84152789807476 0.0322512718027041 0.479098575298473 -15.2068271179397 -5.18629835030006 -1.4954162135324 2.87954731760509 11.7941610147771
"etap[30]" -0.527776860604117 5.16921521565318 0.024367914216007 0.145383876480323 -11.2534397596492 -3.21210151959736 -0.48836193179938 2.24308201058669 9.73281759385342
"etap[31]" -1.22449049496567 6.69068187341881 0.0315401768230424 0.451863897500622 -15.1076747490787 -5.04707871315947 -1.48512216991532 2.89357676523173 12.0481564648368
"etap[32]" 0.138186734074762 4.88333713877683 0.0230202720376614 0.0502403765626591 -9.39466791530956 -2.36975055455738 0.109566469990406 2.55682611411702 9.90348999075849
"etap[33]" 0.0612720751491301 4.79315883651452 0.0225951674440243 0.0418911849580612 -9.38982200801494 -2.37225244144839 0.0634493079445817 2.50737318943583 9.66007265984117
"etap[34]" -0.63327648076524 5.15997488921356 0.0243243548994348 0.132205961538123 -11.5693651964666 -3.27671544131085 -0.50506441808736 2.19031262551941 9.23375459258914
"etap[35]" 0.243095173972434 4.70268324619653 0.0221686614210529 0.0503452621442909 -8.89594551280868 -2.25793623577911 0.147954936994427 2.5526154680221 9.97476056656487
"etap[36]" 0.960880525280162 6.05798255743802 0.028557603644495 0.283266760975889 -10.8260239934756 -2.31536909978145 0.873478695061477 4.0242436265633 13.4456720321956
"etap[37]" -2.13527712275566 9.3939084521889 0.0442833091225893 0.863499473123799 -20.7635425475333 -7.66051160735046 -3.136244443467 4.55548426241884 15.7692851321358
"etap[38]" 1.3064456844924 7.79428173501159 0.0367425964620343 0.388347731040414 -13.962246056429 -3.38232445049979 1.54579064667297 5.72091348562768 17.0321313060059
"etap[39]" 0.695100185277648 7.13031209318419 0.0336126135537799 0.161898132475207 -13.2164678245912 -3.41880691478479 0.72848200910092 4.67054847332114 15.1076570906734
"etap[40]" 0.234940216876054 6.75133647855977 0.0318261053737448 0.0843602956908449 -13.4825217035314 -3.4645799475541 0.225445520525604 3.94726892270824 13.7577204284306
"etap[41]" 0.139941309309016 6.52824769849164 0.0307744547791261 0.0601166218272567 -12.7098352234606 -3.39194809284078 0.0859824256241354 3.63530163428665 13.4139260844605
"etap[42]" 0.0140777723738012 6.38211406480054 0.03008557422351 0.0531725722106323 -12.8751072386542 -3.41562150798679 0.0232959978928065 3.42851545968523 12.994716314414
"etap[43]" -0.0300978433837473 6.38751615072556 0.0301110399007776 0.0498807410290872 -13.1521992355078 -3.44499389303546 -0.00242619484238164 3.39602346724707 12.8333735405368
"etap[44]" 0.0359401056261557 6.41591597051995 0.0302449179351849 0.0549503389064074 -12.7993557207144 -3.33898157461235 0.0613036739217355 3.44420768681568 12.7053248171193
"etap[45]" -0.00534035606490508 6.43736977619373 0.0303460521450127 0.0588625288532588 -13.0076027759502 -3.35124983927645 0.0235791141830743 3.33924959504967 12.8775131596838
"etap[46]" -0.0552990666609176 6.3345104169762 0.0298611684756046 0.0518931295017741 -12.6951113667917 -3.3762304833354 -0.0378524245883104 3.34411274440906 12.6859381558352
"etap[47]" -0.0125056101158617 6.32051405868644 0.0297951890098806 0.052451689919097 -12.7201802400171 -3.3913127363581 -0.040720981473485 3.34236836882284 12.7668575760629
"etap[48]" -0.062272504601351 6.29118959538675 0.0296569521641882 0.0490369301037087 -12.8513259682339 -3.44566732416062 -0.0115504573109654 3.3634661177893 12.6323469324601
"etap[49]" -0.00245286642036372 6.45069475105257 0.0304088666788916 0.0544816410607166 -13.0526403570217 -3.41543533782441 -0.0139807263748068 3.41385870912669 12.8592362055667
"etap[50]" -0.0546031138109631 6.31814195019079 0.029784006783194 0.0528101457948924 -13.0818291363855 -3.46414422585665 -0.0357544993612414 3.39543793587895 12.7439601645025
"etap[51]" -0.0815895090201654 6.46138262036172 0.0304592497779912 0.0577998658157065 -12.976218646406 -3.4036629499547 -0.0452290536579295 3.3393424830169 12.9129487962512
"etap[52]" 0.000561988782197629 6.3175023348805 0.0297809916077057 0.0475899971260849 -12.8573101838415 -3.36895482637113 0.019611228938332 3.41818057325807 12.7163420577774
"etap[53]" -0.0439968312452178 6.28940276721193 0.0296485289753933 0.0470346455493376 -12.9252970813527 -3.41785477024296 -0.0122650859857312 3.33378187013204 12.6464985964842
"etap[54]" 0.00138795577494558 6.36367532050463 0.029998653149322 0.059052450657028 -12.9360590071883 -3.37994900706638 0.0187621135639613 3.34885500497387 12.6619311446698
"etap[55]" -0.00848805751510501 6.38644555852454 0.0301059930807427 0.0546616419199026 -12.8154059631209 -3.35506867074644 -0.00790727217902095 3.34835059708397 12.7209436906889
"etap[56]" 0.0172617802027132 6.36107382152742 0.0299863895655351 0.0503657184875532 -12.9527126149241 -3.35689094583976 0.0116069900487984 3.35891754313771 13.03654173565
"etap[57]" 0.0289358591377473 6.2953709131729 0.0296766630852607 0.047730162919693 -12.4050640254857 -3.40783060807081 0.0166673529006002 3.38899122531933 12.7626232988249
"etap[58]" 0.0597182963241359 6.42010573517538 0.030264668675181 0.0490914547154338 -12.8944406524122 -3.37996745340431 0.0368411757132291 3.4029501694281 13.0242604015356
"etap[59]" -0.00214431473360721 6.46075764495751 0.0304563036156819 0.0668399244742344 -12.8997690860398 -3.40708664836378 0.00838389968700692 3.41355905431718 12.7333585669115
"etap[60]" 0.011655210917686 6.52788909880194 0.0307727643239773 0.052611691492102 -12.8546722285077 -3.3342541491056 0.0581073319035157 3.40659765812029 12.7986808412007
"etap[61]" -0.0343187922187184 6.42025647238954 0.0302653792572231 0.0447380311338495 -12.9165146189256 -3.35769562941642 -0.0211042831755599 3.32395244150417 12.5757830560397
"etap[62]" -0.00799187776252921 6.35389862884674 0.0299525653828629 0.0467496041181382 -12.9241728899633 -3.36939464115667 0.0215581092125681 3.37925028965687 12.8453978456497
"etap[63]" -0.0928658891899681 6.31356841460233 0.0297624469296701 0.0476910553764272 -13.2135017588879 -3.43925017770588 -0.0316031514727483 3.35550632726583 12.5366547896157
"etap[64]" -0.0091164070838303 6.43063131141239 0.0303142867174016 0.056257012663566 -13.0765629794143 -3.33332818428039 0.0329422673175507 3.39312835927587 12.875927237765
"etap[65]" 0.0189491780467181 6.3047975007456 0.0297211004452347 0.0558020385563358 -12.675826429323 -3.39814420713646 0.0587837953151278 3.43349139200991 12.7661894287858
"etap[66]" 0.0478808697440369 6.31371995452733 0.0297631612957273 0.0510955874125247 -12.5884810569864 -3.35246076074577 0.000716613809058374 3.41107536425546 12.9256871790762
"etap[67]" -0.0318493296458561 6.32831976594673 0.0298319854667853 0.0532340153800538 -12.4894389664305 -3.40557417619279 -0.0420866614402204 3.35981026501262 12.7336180327779
"etap[68]" 0.029333787647883 6.33537698287664 0.029865253506435 0.0507680876983086 -12.7587321815531 -3.36575298676598 0.0188439378670528 3.39485922276141 12.898962070142
"etap[69]" 0.0415926960639589 6.3869565043172 0.0301084017023081 0.0584869665424719 -12.7120109413874 -3.35365098214405 -0.000260189925750208 3.40441926718763 12.9593990337782
"etap[70]" -0.0380922729665219 6.31640641582988 0.0297758253957568 0.0465020733705746 -12.9250978436185 -3.39970958682736 0.0108018690837473 3.37014298581151 12.6120893336916
"etap[71]" -0.0234293995410988 6.40497662376753 0.0301933493600489 0.0444563600993758 -12.7491856812581 -3.38214645047787 -0.0741734842389007 3.31658505006119 12.8700315861259
"etap[72]" -0.0422588190406531 6.2261988273088 0.0293505827453719 0.052634497353666 -12.706132893215 -3.38334212649637 -0.0199529005466857 3.31388321098062 12.5741404356633
"etap[73]" -0.037093858732014 6.43181278629006 0.030319856243387 0.0559127866186597 -13.0624357579327 -3.34416565018035 -0.00605904750183537 3.35957688179492 12.8787822873348
"etap[74]" -0.00162976466672499 6.45964401029357 0.030451053891531 0.0584998810231739 -12.7150756254212 -3.41876109504976 -0.0150034174527508 3.38371763600499 12.8564060605813
"etap[75]" -0.0518649893612579 6.35559766440466 0.0299605747132928 0.0454312971315291 -13.0247884300251 -3.4038566667536 -0.0214115393151744 3.36732635348198 12.7174544409839
"etap[76]" -0.0295909757239847 6.49585640179927 0.0306217607421754 0.0536734217831102 -13.0115437035344 -3.38637790534245 0.0268752549254231 3.41034289214282 13.0205101753637
"etap[77]" 0.00795939898079851 6.29777514695773 0.0296879967520128 0.0482343048226515 -12.7593475879074 -3.41576524880843 -0.0157321798599487 3.38502692488027 13.0553499908808
"etap[78]" -0.0762490005865532 6.43405221941626 0.030330413032384 0.0520134874977782 -13.1876829597993 -3.42611674097923 -0.0182430717094358 3.34446017588938 12.6290153474651
"etap[79]" -0.0351175750962208 6.433692575673 0.0303287176555195 0.0524479708308812 -12.9316116509346 -3.43176127292513 -0.00842103307667532 3.30190723081198 12.9077711118496
"etap[80]" 0.0335670612451469 6.38680290855993 0.0301076776449646 0.0575081323198039 -12.5703739417067 -3.38149089193534 0.0347405411495246 3.39685151217699 12.7718748524926
"etap[81]" 0.0884467672315655 6.39813911679955 0.0301611170430925 0.0521177126230445 -12.7457880633473 -3.30442227345638 0.0604833487516361 3.43730239689551 12.7864341758778
"etap[82]" 0.0071313278937926 6.42739552583185 0.0302990330778919 0.058300641006717 -12.8765464891755 -3.42374870493247 0.0161734382354958 3.40122708429906 12.7038238735942
"etap[83]" -0.0575674661745873 6.42591524280162 0.0302920549567668 0.0503058930522693 -13.0729044347916 -3.44508348312226 -0.0224846927779976 3.35258253300098 12.8511604943978
"etap[84]" -0.0362785884522435 6.48547714909098 0.0305728324756842 0.0610640606822958 -12.8914074489963 -3.37274251020779 -0.0129825930096546 3.34951057260213 12.9518645841934
"etap[85]" 0.0174258003494967 6.35326053282443 0.0299495573693668 0.0455291147830279 -12.7354295554254 -3.37912938486355 0.00117925817428942 3.37985259836503 12.860954292001
"etap[86]" -0.0942064134174125 6.36215063865659 0.0299914657301626 0.0622624854575575 -12.8673193085455 -3.45862479649427 -0.0242460677637044 3.32051176792748 12.560078273157
"etap[87]" -0.0807080182070432 6.34657728909641 0.0299180522562974 0.0500235080979988 -13.1139295483205 -3.3999949081662 -0.0172839064928778 3.33671891696186 12.5688228327831
"etap[88]" -0.0569033495744463 6.37279289586339 0.0300416338117497 0.0515093791848895 -12.7829455385688 -3.45389449794766 -0.0812265558906534 3.28777760555091 12.8008870468811
"etap[89]" 0.000502654374305346 6.395864376748 0.0301503938156532 0.0522766829951994 -12.6462871666543 -3.33263523386632 0.027430832147076 3.3888778291363 12.7767189819012
"etap[90]" -0.0178905416344335 6.3047884517403 0.0297210577878147 0.0504663394635691 -12.9071112121257 -3.36462056658381 -0.00409975947706253 3.3393867371317 12.4629049643199
"etap[91]" -0.0361173541735747 6.48871729913233 0.0305881066894595 0.078185652277525 -12.8579991022687 -3.37992775729599 0.00698673407262033 3.4016631764968 12.6835255747072
"etap[92]" -0.0729048029012464 6.32746126642413 0.0298279384612248 0.0497657977011805 -13.0205485629722 -3.41790974856682 -0.0353759388323408 3.39810521625873 12.6165064377072
"etap[93]" -0.00483095787777561 6.2821838096859 0.0296144984832616 0.0493140986220859 -12.7513356481827 -3.36216189588878 0.00260387092628156 3.34753146414238 12.7353790225834
"etap[94]" -0.0122031068641319 6.30608553174657 0.0297271722816025 0.0495238157525513 -12.8193614291237 -3.39944363319591 -0.0280659196440383 3.40026127979884 12.8807376942528
"etap[95]" 0.00233808961509755 6.34096594615202 0.0298916001319804 0.046666304031516 -12.784944506628 -3.3650118059337 0.0547040328613498 3.44871173674688 12.4870476303859
"etap[96]" -0.153680097425916 6.45206697698105 0.0304153354139539 0.0558323435675124 -13.1223879146751 -3.5122301004073 -0.0984722504224193 3.30632966429568 12.4983824401503
"etap[97]" -0.0114360742626703 6.36059449261068 0.0299841299873521 0.0530282694344656 -12.8080051497109 -3.42953711116286 -0.000513935050577536 3.32972637726118 13.0762670922138
"etap[98]" -0.065154530027108 6.46026219689375 0.0304539680511112 0.0615208961968581 -13.1041754915673 -3.39509632482389 -0.0252921222535164 3.31343899121526 12.5242495617839
"etap[99]" -0.0444966202457867 6.46187363316365 0.0304615644345371 0.0677782990589911 -12.8573812853467 -3.40439832590712 -0.0123553194707925 3.30066799771762 12.9629332604343
"etap[100]" 0.0189053403508414 6.58721906308169 0.0310524484577757 0.0669571006139421 -12.9082107841427 -3.41436015312204 -0.0261231080218009 3.37426703716147 13.1076223331268
"etap[101]" -0.065443592435152 6.29948767690543 0.0296960696956062 0.0553913259932196 -12.9263291334375 -3.41624104628542 -0.0367729444221793 3.35030838487676 12.6755744709298
"etap[102]" 0.0274493332795571 6.26848215994613 0.0295499082869654 0.0462218071826333 -13.0399870343049 -3.33483768144462 0.039602376310071 3.4600109409474 12.718957405527
"etap[103]" -0.030212462045208 6.47020667178783 0.0305008467553308 0.0551666424046096 -13.0199270059978 -3.3970557539928 -0.0295944510624526 3.35398896306266 12.8189222334608
"etap[104]" 0.14629320206072 6.29425141290908 0.0296713857104068 0.0516925234425295 -12.4133072966037 -3.31082491762239 0.0805637030447657 3.50962220579846 13.1316418059624
"etap[105]" 0.00107696814286324 6.28890333972888 0.0296461746516601 0.0474267031607587 -12.9143149219015 -3.30695963778955 0.015827601585266 3.36506876951854 12.5578820173787
"etap[106]" 0.0128622655339981 6.36636021765168 0.0300113098758518 0.0494553687175653 -12.7599853249513 -3.36290881492205 0.0124542444374558 3.36223163934534 12.8016775130348
"etap[107]" -0.0823307978588724 6.43231412438696 0.0303222195738402 0.0626869577764763 -12.888943071127 -3.47691593148594 -0.0926828282387832 3.33057966745785 12.6796769136576
"etap[108]" -0.020670223241925 6.38474043804076 0.0300979550656973 0.0511222712254967 -12.849328934187 -3.33655490776479 0.0238004174835192 3.36064268321728 12.6630577336833
"etap[109]" -0.062962521669662 6.32594039375414 0.029820768998703 0.0473118376211535 -13.0877034666098 -3.3864413379129 0.00662152718070473 3.34923487067379 12.6865282715898
"etap[110]" 0.0603021489379972 6.30244826986633 0.029710026064666 0.0487861730284289 -12.5742257014166 -3.38416622837438 0.0461676925162097 3.43191691803674 12.8846177754439
"etap[111]" 0.0986757788297002 6.39064255455085 0.0301257779097482 0.0523339336333723 -12.5238505338558 -3.30839083997068 0.0712918694821686 3.44778173879098 12.9924126246106
"etap[112]" -0.0333239236743434 6.31064067677244 0.029748645441183 0.0507255312937641 -12.832584561123 -3.39227998053777 -0.0131467278288791 3.33439868739565 12.6359876313985
"etap[113]" 0.0415679709955832 6.27521791873167 0.02958166095839 0.0493473562103122 -12.4497920530907 -3.34562920566065 0.0395823310234376 3.43409592731534 12.7362361822846
"etap[114]" -0.0199562162965708 6.32231269870458 0.0298036678802389 0.0546051283222514 -12.6708794422686 -3.3590677626256 0.00873130557624515 3.37038214985505 12.484551043971
"etap[115]" 0.0279659280158596 6.30604050616711 0.0297269600289854 0.0531434178808787 -12.6652357886852 -3.36154126882707 0.0336021905498484 3.43784908975025 12.6678225935046
"etap[116]" -0.0617541396125388 6.34358416616473 0.0299039425394846 0.0458539707305649 -12.8767024284451 -3.45220822566274 -0.055176716778229 3.37871053669816 12.6955352400817
"etap[117]" -0.00622949498392312 6.31142395422693 0.0297523378465139 0.0462697620375162 -12.6564307963399 -3.43609833569935 -0.0352176105019297 3.37637923082372 12.8531102716385
"etap[118]" 0.0179354267056674 6.45906848684573 0.0304483408479797 0.0441573742871572 -12.9291252116911 -3.35553884227261 0.00477519209268073 3.409788906743 12.8414172046755
"etap[119]" 0.0425513419029111 6.50094585773682 0.0306457526675487 0.0560330755077218 -12.8206270273454 -3.42543928059463 0.0339097490804825 3.43928066974029 12.9236580992518
"etap[120]" 0.0000973297581064548 6.44615395095449 0.0303874611419492 0.0501566479389344 -13.0807488919533 -3.34311455875083 0.0257162469340168 3.3918729620405 12.7106796349667
"etap[121]" -0.0201693755532954 6.47728966102869 0.0305342362868193 0.059341020466424 -12.9691050580326 -3.36196124393707 0.0243879511978805 3.33488938619813 12.7373489841679
"etap[122]" 0.0991404737563769 6.37459444284068 0.0300501263856448 0.0439260444009383 -12.6986712658009 -3.35030389329433 0.071080311066336 3.52006170250412 12.940482743774
"etap[123]" 0.0827931242760424 6.29279658737221 0.0296645275970564 0.0503701108416545 -12.5670759907934 -3.2638291084327 0.0319934929769703 3.43255920484744 12.7658185123517
"etap[124]" 0.036224211482336 6.33175755911817 0.0298481913792109 0.0603937265139627 -12.691120387698 -3.37465187577926 0.0266603198011089 3.36940562760725 12.9082181802102
"etap[125]" 0.0525579090793899 6.53312589249479 0.0307974508061899 0.0550441355963146 -12.5614225999283 -3.41715881380282 -0.0356562903770373 3.36314814686034 13.3277237734075
"etap[126]" -0.0721139174314126 6.23586209617891 0.0293961358316818 0.0468590796389404 -12.6621662325001 -3.45609325337272 -0.0352985106756971 3.30292216240596 12.3923197315013
"etap[127]" 0.101152679358309 6.47403306783989 0.0305188845593036 0.0544912250258964 -12.878269877585 -3.34846390128137 0.0635163831068484 3.4593017563222 13.312319142708
"etap[128]" 0.0463111815173302 6.30306441258656 0.0297129305893037 0.0519496388528303 -12.6567031508526 -3.37196211756179 0.0586723709854718 3.41483922793792 12.6297641768456
"etap[129]" 0.0618957950732752 6.37581701905996 0.0300558896652126 0.0477491192874177 -12.6350101913596 -3.37490183033734 0.0222015396858604 3.394475194488 13.1415531011068
"etap[130]" 0.0986760299668845 6.35992545829097 0.0299809761293234 0.0496927282685308 -12.5905548743046 -3.25274809571493 0.102483902546701 3.47207122120252 13.0720288844754
"etap[131]" -0.020633935968015 6.2682590333139 0.0295488564579339 0.0510634914152945 -12.7871866809555 -3.3652885396571 0.00476643758542439 3.36674050780389 12.5073636027189
"etap[132]" -0.0197837466123453 6.52792958263175 0.0307729551665812 0.0558159446450295 -12.6418004484507 -3.42337587328392 -0.0067983298110247 3.34071145706464 12.8953228639148
"etap[133]" -0.0325610220135378 6.40666759449856 0.0302013206725203 0.0529356477329292 -12.7508669293029 -3.45472459799428 -0.0612423083740491 3.33875549302187 12.9540744313667
"etap[134]" 0.0248063432308906 6.47044895805589 0.0305019889037517 0.0620435306044564 -12.8324969260232 -3.3397367120899 0.0294529197112955 3.41735013139118 12.8024765412133
"etap[135]" -0.110239940970306 6.34277829608838 0.029900143631513 0.0651387745846786 -12.743506703921 -3.47492693072734 -0.0738859130190066 3.33176657387478 12.6493613525993
"etap[136]" 0.0162750727023684 6.3614767591636 0.029988289031768 0.0490959486787556 -12.8044908162163 -3.40250586954602 0.00212858232345907 3.37425233368955 12.934475445146
"etap[137]" 0.0257109129225923 6.45922263945323 0.0304490675303403 0.0584816771072189 -12.649947384726 -3.40411101771144 0.0245733136808755 3.38234776521309 13.0270604935038
"etap[138]" 0.0382428037708152 6.42657282717682 0.0302951548392395 0.049423536154483 -12.6201105218044 -3.37953752881331 -0.00190599416578311 3.35897395200321 12.9145175162695
"etap[139]" 0.0151797627792415 6.30129619472456 0.0297045951303648 0.0477786135255618 -12.7861301346542 -3.34569942510887 -0.000343537770451172 3.40286785705177 12.7336688200972
"etap[140]" -0.0404645216890691 6.3871014568614 0.0301090850151545 0.0506866002756722 -12.9263109519376 -3.41816850733303 -0.0040708816179957 3.38072284932481 12.7897976816064
"etap[141]" -0.00273671833532012 6.38152211104181 0.0300827837267304 0.0552885502781448 -12.515119810183 -3.38247006994999 0.0142669392999704 3.36005521575263 12.7407226702223
"etap[142]" -0.025895969264266 6.47474062179819 0.03052222000065 0.0545187395884134 -13.0496608066503 -3.37913763004274 0.00987170787032678 3.37916109547716 12.8810024829484
"etap[143]" 0.0431531159509644 6.21675254389084 0.0293060525382929 0.0403875680913924 -12.4542904736667 -3.30663651385698 0.0127300426495812 3.40470492729553 12.4943785021893
"etap[144]" 0.0125244097537486 6.42640245322517 0.0302943516887292 0.0634725052417727 -12.8195202721303 -3.38181171116555 -0.00646865927186042 3.37461508194806 12.9561780626112
"etap[145]" -0.0206024792640067 6.27590365979941 0.0295848935727842 0.0444947528488406 -12.6446857885838 -3.41835057413603 0.0115991944828932 3.31513026864659 12.4382472231963
"etap[146]" 0.0566672044737883 6.43345479622252 0.0303275967524404 0.0609973973385812 -12.5196753660947 -3.39194800892366 -0.0189195769794843 3.40919589870428 13.1003681911617
"etap[147]" -0.0554898314357524 6.22323179295596 0.0293365960112992 0.0472613808718964 -12.7340192389132 -3.417794900253 -0.027381726055716 3.31546929125905 12.5476323644336
"etap[148]" -0.0265852040822307 6.42393088352028 0.0302827005974059 0.069048022737566 -12.8327457066866 -3.39506304264644 -0.025484482912367 3.34993506859398 12.8229434221103
"etap[149]" -0.0231621882261854 6.34421683788047 0.0299069249825544 0.0512013374433573 -12.8691086420093 -3.45332436981659 -0.0277901868529872 3.42457852524662 12.940569123055
"etap[150]" 0.0183030928840141 6.59852466192335 0.0311057435618178 0.0692664062279929 -12.9837204401389 -3.3719737602099 0.051878417703757 3.42748170160323 12.7836743568156
"etap[151]" 0.0744864242712185 6.23151406328918 0.0293756390080741 0.0457030820550821 -12.4327357352871 -3.35698460605507 0.0514747328076783 3.45685347872279 12.7257779409877
"etap[152]" -0.0703054815766084 6.35189152325758 0.0299431037963786 0.0540195378804625 -12.7664313013371 -3.39048361920519 -0.0399823172651214 3.33118324219755 12.6210506980066
"etap[153]" 0.021699956689119 6.45741932875155 0.0304405666421687 0.0515521557886672 -12.6486917186484 -3.40950852423701 0.007861733219954 3.41636352610153 12.9188218234886
"etap[154]" 0.126577451806274 6.44261841481525 0.0303707944647546 0.0582332313891518 -12.4020414869481 -3.38028604984942 0.0688798739428727 3.45426905016032 13.2762354026399
"etap[155]" -0.016612679389946 6.39315610978702 0.0301376269227641 0.0507723940817324 -12.9441017348088 -3.40321606300481 0.0299129087808226 3.4100038309989 12.7420526689334
"etap[156]" -0.109893928992933 6.34098758497421 0.0298917021383665 0.0490073526476587 -13.016036669499 -3.44599483978116 -0.0181525859004586 3.34567906123511 12.5147832928152
"etap[157]" 0.0107263675435357 6.34885785722317 0.0299288029575466 0.0489755307967779 -12.7030356116541 -3.3554983549235 0.0203720322919003 3.37531906496998 12.9050285645382
"etap[158]" 0.000567157199894676 6.43592112067773 0.0303392231174196 0.0501847051768488 -13.0621779444927 -3.37314703510352 -0.0190650998490639 3.41773870401936 12.9779696841023
"etap[159]" 0.00276884928549085 6.42549526770942 0.030290075175196 0.0521676769016395 -12.8026962758353 -3.38706746334176 0.0062219071012475 3.37789470277258 12.9615446078546
"etap[160]" 0.0619571973016599 6.37292004540037 0.0300422332004152 0.0512613804873055 -12.6900842902921 -3.31128473582511 0.0307149684949849 3.39651293673002 12.9331872373746
"etap[161]" -0.0485783641323198 6.30528184083746 0.0297233836463238 0.0508257648844103 -12.781249334535 -3.38259895191761 -0.015823956712491 3.36063215985411 12.4906516534617
"etap[162]" -0.0267521358931811 6.40396405784191 0.0301885760784995 0.0474674999668157 -12.6625189991699 -3.40906258112521 0.0138650786661755 3.37044835921756 12.6913378032637
"etap[163]" 0.0713947178366699 6.33665324021898 0.0298712698412437 0.0537332876802597 -12.4378795985642 -3.32605350096643 0.0684785823182887 3.46021456892535 12.8396961700195
"etap[164]" 0.0242066744401062 6.39081988953698 0.0301266138748897 0.0529661651653672 -12.7648440685302 -3.3785314223945 0.0657870310654894 3.4295825852158 12.7719430287952
"etap[165]" -0.0449343895011422 6.51759336665028 0.0307242297771658 0.0698279012340043 -12.8178653407231 -3.415608306414 -0.0228141231704869 3.3200406394107 12.9257895895824
"etap[166]" -0.0262659105645117 6.43454704989402 0.0303327456856264 0.0537691535385345 -13.0968816328724 -3.41234989034484 0.0134252994084027 3.41610136459601 12.7639236782013
"etap[167]" -0.0120908705638693 6.33085731112804 0.0298439475694871 0.052289448756881 -12.7433730222252 -3.4517311680394 -0.0603438332145916 3.38215068199192 12.7211799868349
"etap[168]" -0.0696334272595235 6.45228339962881 0.0304163556400995 0.0530510046984898 -13.1738154369117 -3.42393114832474 -0.0425407687683515 3.36535924765181 12.8333141760784
"etap[169]" -0.0401838777478802 6.28382293010042 0.0296222253709968 0.0486303319241482 -12.8737260769961 -3.40247089164084 -0.00935507532358321 3.337131562837 12.7738173457731
"etap[170]" 0.0681077399729477 6.40186565609631 0.0301786841178065 0.0453000757162968 -12.6445878190945 -3.35427112016825 0.0328587261556288 3.41004194055165 13.1714138895454
"etap[171]" -0.0268392757511682 6.58299853475985 0.0310325526964653 0.0647786951675534 -12.9075294055217 -3.42811103086953 -0.0576953401294366 3.33351189355368 12.6397064318738
"etap[172]" 0.0793698830788277 6.35345702052206 0.0299504836212562 0.0507656917698202 -12.5139048698098 -3.34460745416898 0.0453762201931651 3.41676866390124 12.9368616655167
"etap[173]" -0.0355234990845506 6.26883507294591 0.0295515719348008 0.0531912425968183 -12.778917906673 -3.38481754571212 -0.0268442802490393 3.32486053114651 12.5631082120138
"etap[174]" -0.00700307432760023 6.3138245915047 0.0297636545591691 0.0461651644070032 -12.8149986543052 -3.41670271524309 -0.0351512632611172 3.35873259620838 13.0070178385363
"etap[175]" -0.0462516150964871 6.40453645869147 0.0301912744019815 0.0487195275713542 -12.8833420276163 -3.41738299741468 -0.0146781297854529 3.38113212872568 12.6587443420073
"etap[176]" 0.0597422403972383 6.24473643932519 0.0294379698864638 0.0460376887104266 -12.4093394536951 -3.29734582988807 0.0357572194641152 3.37958448469285 12.7758355422394
"etap[177]" -0.0634325877132206 6.39488961511607 0.0301457987452534 0.0500352008532736 -13.088559749808 -3.43917116434062 -0.0505944244553153 3.36339300961505 12.8232291682665
"etap[178]" -0.0523722916589797 6.4088346407339 0.0302115362264413 0.0436023921165122 -13.1477104693362 -3.4211197807659 -0.0310726584522504 3.33269058415596 12.7858882949372
"etap[179]" 0.0151805783868183 6.45815886467601 0.0304440528479495 0.0517826384128228 -12.9247349975233 -3.43330801989625 -0.00664997310102176 3.42017267141971 13.2475593327714
"etap[180]" 0.137637623848762 6.47961714386846 0.0305452081461466 0.0523526462725914 -12.641944049894 -3.34471728066211 0.0411330894592584 3.4573946107808 13.3646809139484
"etap[181]" 0.0568458008731559 6.29761273433251 0.0296872311315552 0.0462559108161374 -12.7301933559275 -3.33017623313646 0.0475635762781437 3.4641353765052 12.8494830525299
"etap[182]" 0.0457382784557577 6.5692528819068 0.0309677550675038 0.0519154638829248 -12.9384472798325 -3.34872312060937 0.0259950897096825 3.38830153325074 13.1329218072435
"etap[183]" 0.10369272824216 6.42690901985195 0.0302967396667087 0.0522741027212608 -12.714196947107 -3.30160111599064 0.0677176506562147 3.42222194099308 13.1852506741061
"etap[184]" 0.0351498814250164 6.37605389433797 0.0300570063059818 0.0544457387327907 -12.754640231717 -3.30600016080755 0.0483702355281922 3.43527099074025 12.5401127294372
"etap[185]" 0.0427826305527151 6.26791117773153 0.0295472166509928 0.0471478499534595 -12.6442176011743 -3.32000590498753 0.0430627845308161 3.44379672245489 12.9037497708802
"etap[186]" 0.10138499717419 6.40273432662391 0.0301827790699443 0.0631734036052792 -12.8218104892883 -3.30025133001039 0.0399674501468852 3.41461107914955 13.2388418085923
"etap[187]" 0.0209596656502905 6.2634582048296 0.0295262251354235 0.0449407090863625 -12.7497293060791 -3.36297239922975 0.0431139892394645 3.42941866560274 12.604056586787
"etap[188]" 0.0839503620792673 6.29720984404438 0.0296853318885231 0.0490759669236625 -12.6038163311815 -3.35788215465766 0.0590595195105554 3.43867740846906 13.14181071675
"etap[189]" -0.0353608387198427 6.48157348183992 0.0305544304117861 0.0799351908534533 -12.6388417594171 -3.36308170851046 -0.0569944583191211 3.35088984845922 12.9167692621379
"etap[190]" -0.00556877463762103 6.52828029777531 0.030774608453623 0.0744239502130684 -12.8875617834216 -3.45281247522283 -0.0455147587504034 3.38298225490078 12.808977635658
"etap[191]" 0.0442405936213376 6.3701485702558 0.0300291683412911 0.0482734981513677 -12.6358711061978 -3.41450151296051 -0.00198974740099206 3.43946413486209 13.0572482220316
"etap[192]" 0.0496464255870847 6.4316064446471 0.0303188835395538 0.0583694656200965 -12.6795447136364 -3.30774873437297 0.0435971739324547 3.38289367847426 12.782981110887
"etap[193]" 0.0464686228868402 6.30238689576897 0.0297097367443965 0.0556088662998863 -12.620449670748 -3.3634622178306 0.0361454811041044 3.42386970520191 12.8872521534405
"etap[194]" -0.0228241987426608 6.37026319698158 0.0300297086968585 0.0623317639612156 -12.9279702924506 -3.35888202828132 -0.0247258815338322 3.35131258677116 12.7647971902771
"etap[195]" -0.0416694827236387 6.58334997165886 0.031034209385895 0.0573549409911622 -13.1258256481478 -3.40890908287153 -0.0293878458158964 3.39886085690098 13.0555809363274
"etap[196]" 0.054534737871885 6.46049029100757 0.0304550432970754 0.05172298200529 -12.8214453373553 -3.34409903815013 0.0564869484554872 3.44834933982677 13.0331205036947
"etap[197]" -0.01812012527424 6.37735607193611 0.0300631448300482 0.0526413195154516 -12.7464644340574 -3.39138938182649 -0.0133310898597745 3.36460411538659 12.7824529476625
"etap[198]" -0.0559322234123226 6.37185531625469 0.0300372140190883 0.0536984235738291 -12.8958570419017 -3.34917877889144 -0.0132079468066861 3.34489158765057 12.7095518003443
"etap[199]" 0.0517204053928937 6.45404974811316 0.0304246822867076 0.0583544887965938 -12.7608256371805 -3.36262594444192 -0.00287523918219217 3.40168515160483 12.9277130155162
"etap[200]" -0.00424841346823429 6.34361762006149 0.0299041002426663 0.0544943922458138 -12.7595991170319 -3.35326922751078 -0.009543636082744 3.34923796169903 12.8657543962484
"etap[201]" 0.0641298314351314 6.31136563226105 0.0297520629141301 0.0499708250393282 -12.5902578193767 -3.30981063037352 0.049884616821745 3.41077169752483 12.9048431719489
"etap[202]" 0.0115799953870513 6.23584604780126 0.029396060178904 0.0443646848661345 -12.5920930230465 -3.39825558542497 0.0210453644649088 3.42735021948727 12.6830728887565
"etap[203]" -0.0518826192878258 6.36995389254752 0.0300282506217733 0.0465447434078328 -12.7410292631285 -3.42879814784481 -0.0412571661161674 3.30286154370675 12.6113988630571
"etap[204]" -0.0310339932952047 6.33353195999729 0.0298565559851721 0.0511113408997276 -12.7449095484392 -3.37978954682164 -0.0063721846063371 3.36460935427538 12.7256959158334
"etap[205]" -0.0536241316541885 6.43552246606036 0.030337343841531 0.0512004141206638 -13.2760487001406 -3.42914386970716 0.05153285897111 3.40270527947734 12.4965171127013
"etap[206]" 0.0338701134034306 6.24540583084034 0.0294411254283281 0.0625106414204758 -12.4331907852199 -3.37208872917896 0.0146726051854318 3.39403359223974 12.5518381989753
"etap[207]" -0.0562017974786027 6.2910297517044 0.0296561986538433 0.0463232965149265 -12.8406254541459 -3.46497954396415 -0.0552569624216468 3.31851103862557 12.8170942468266
"etap[208]" -0.0395182539579243 6.46662921211297 0.030483982448694 0.0615425205963817 -13.2406623305112 -3.44461867005578 -0.0292537244673205 3.33771904050384 12.9161935521698
"etap[209]" 0.0159040350966456 6.4026706688054 0.03018247898411 0.0578676795614861 -12.6819003074577 -3.36765396605353 0.00798368816763089 3.37063604699472 12.64483157556
"etap[210]" 0.0865521851597672 6.3144267268613 0.0297664930524613 0.050229345623074 -12.3579749175836 -3.33729328033018 0.0100187208262647 3.40774369815335 12.9956404163058
"etap[211]" -0.028095812031912 6.37007837476746 0.0300288374365857 0.0530235071640202 -12.8840175104725 -3.47027982974867 -0.0268531719896968 3.38338551198765 12.9567707655588
"etap[212]" 0.0852447185925857 6.37851650682282 0.0300686151725649 0.0526847737876905 -12.7331647068527 -3.31162249807321 0.0508187027850709 3.4033951528433 13.0149258808998
"etap[213]" -0.0455230525093636 6.50403397940259 0.0306603102126886 0.0612533174738864 -12.9859440626332 -3.37712982559216 -0.021961580666331 3.37700633941794 12.6494901614175
"etap[214]" -0.0774299830987197 6.39298026969468 0.0301367980046194 0.059520822459935 -13.0958494687797 -3.41860266028806 -0.0272648573401934 3.33338792369834 12.510322346672
"etap[215]" 0.0245663109542502 6.34426058773909 0.0299071312213658 0.0535379202734205 -12.8133481821402 -3.39355974742155 0.0106208042607151 3.3838871936651 12.9114665338034
"etap[216]" -0.0473214234339067 6.375345827851 0.0300536684485521 0.0614810315993917 -12.7339444361738 -3.45844395948318 -0.00645475838185248 3.36836708396576 12.6095299905584
"etap[217]" -0.0386024368842572 6.3519183120918 0.0299432300801541 0.0480776748072124 -13.0033201298165 -3.43103871479717 -0.0209187218444177 3.39006434306682 12.6108411967054
"etap[218]" 0.0274181990524977 6.42639374196645 0.0302943106234618 0.0529336862055816 -12.8858383139302 -3.35920112236435 0.0182296527242707 3.42137154982676 12.8073346533477
"etap[219]" -0.0432185084145441 6.34427444177156 0.0299071965299011 0.0441920566700353 -13.0212499526531 -3.41303111662786 -0.041508256919852 3.37073986991466 12.75260595413
"etap[220]" -0.0987996949513939 6.44465921017393 0.0303804148663355 0.0702463918959658 -13.2765591635648 -3.41842688496113 -0.0296950471511874 3.31771014808447 12.7301969781896
"etap[221]" 0.0111074708633497 6.33685363807653 0.0298722145258037 0.0448985575518721 -12.7645651674806 -3.37863124851128 -0.0185591071244928 3.39032346319006 12.8909239552353
"etap[222]" -0.0301643871273872 6.52836521810753 0.0307750087719082 0.0662466819016072 -13.0405085398382 -3.42397379842887 -0.0416302638907413 3.37252461483019 12.846457598606
"etap[223]" 0.0618388385005246 6.39719240327361 0.0301566541927322 0.0512406912145946 -12.5587673747963 -3.37390972288491 0.0269032412974579 3.45326734454629 12.7948109854675
"etap[224]" -0.0257224736284599 6.38627154813928 0.03010517278792 0.058122455406724 -13.1759152680205 -3.35022891927997 -0.000174385242259688 3.34529713493085 12.8378751173903
"etap[225]" -0.108675856446189 6.35606373831024 0.0299627718067539 0.0613361160751743 -12.7740615748186 -3.49142227133168 -0.0697441869065559 3.345182839706 12.6320139455217
"etap[226]" 0.108953727473338 6.48779983786816 0.0305837817355837 0.0508832222950496 -12.7444076128431 -3.30447675597387 0.0572001871383656 3.41041416247243 13.2216822631317
"etap[227]" 0.00980349511216678 6.44148620082687 0.0303654571568283 0.0516897491875221 -13.1046368059481 -3.35728753120247 0.0186726751112845 3.42028468900971 13.0489742414749
"etap[228]" -0.038944059620635 6.32159539205534 0.0298002864642664 0.0509205174687964 -12.7020621582308 -3.36519408866073 -0.019254031554311 3.34276309318947 12.7152751371637
"etap[229]" 0.000690003394032803 6.29028533492218 0.0296526894394785 0.0518093210593293 -12.546556901036 -3.40426063969547 0.000416269939988043 3.37464215525159 12.7587388061691
"etap[230]" 0.0267025264329978 6.38991197675864 0.0301223339330078 0.0508608090772379 -12.7316337953324 -3.38026939518337 0.0148678911110883 3.44410238499903 12.9462812260907
"etap[231]" -0.0860074792375671 6.55966868653043 0.0309225747372181 0.0825362894072825 -13.0842824599558 -3.41385766484383 -0.0118714486956178 3.38922383927207 12.5171500496681
"etap[232]" -0.0259679802116538 6.2738982988993 0.0295754402108429 0.0447358264586786 -12.9430720235798 -3.38319727768927 0.0146525498143365 3.36289237569937 12.7477154332222
"etap[233]" -0.055681507369452 6.34036880492296 0.0298887851812312 0.0555072767199106 -13.1957462115164 -3.41528592404439 0.0119553206138092 3.34849279412032 12.553830091845
"etap[234]" 0.0627300990928925 6.34523927124906 0.029911744779676 0.0590830141915579 -12.6409847114933 -3.40023977982868 -0.00168316192727409 3.37691184323714 13.2228870489488
"etap[235]" -0.0113119276556949 6.36226811710825 0.0299920195288947 0.0510083465655305 -12.7328971421185 -3.42827671172991 -0.0103421582781108 3.37872873983387 12.8424466389887
"etap[236]" -0.0826108238480177 6.36674133191081 0.0300131064656987 0.0465443782804207 -12.8915796777316 -3.46130788585783 -0.0618767405273591 3.35731979599161 12.526090414932
"etap[237]" 0.0260449372842604 6.40224241497825 0.0301804601762084 0.0532203248089979 -12.6689917283809 -3.33613750330347 0.0333898963177945 3.34718718678742 12.7696131896811
"etap[238]" -0.0272400158857492 6.27109064837226 0.0295622048193304 0.0478016752250948 -12.7902437806772 -3.37985812627143 -0.0130676816560431 3.35388719266121 12.6210896530357
"etap[239]" -0.000386860891542138 6.34891516278209 0.029929073098542 0.0508095444881056 -12.6182955622187 -3.36763214368661 -0.00264188962229924 3.37755051980249 12.6850733499668
"etap[240]" 0.00157545515074815 6.29050807901126 0.0296537394651841 0.0526917464370639 -12.8029830246235 -3.42209620935928 0.0149905845477776 3.40967732781824 12.8044377274417
"etap[241]" 0.0841943836778922 6.23524802707071 0.0293932410821449 0.0513049094024819 -12.3092616766092 -3.30956317933869 0.00755700165870768 3.41237373633136 12.9475238114371
"etap[242]" 0.0360205576199269 6.31053782633711 0.0297481605995812 0.0466363661965343 -12.8369205099655 -3.39256912520664 0.00534826117655756 3.45351031021052 12.8850669177314
"etap[243]" -0.0224437844274467 6.37273035120067 0.0300413389733822 0.0531188026458367 -12.9545634651783 -3.37362092437404 -0.0184357769286184 3.38672263242866 12.8472121174606
"etap[244]" 0.0449453087490228 6.35606588084768 0.0299627819067723 0.0530402095815194 -12.5169787035914 -3.41571501953338 0.00684178213751579 3.40826831995955 12.8539728076617
"etap[245]" -0.0346475226942365 6.33369237165982 0.0298573121730011 0.041995369513056 -13.0306220303416 -3.41267293800108 0.00783214276549502 3.40146474870976 12.7217825014387
"etap[246]" -0.0437899835914876 6.24569537914762 0.0294424903721384 0.0427640081133576 -12.6837595710914 -3.37196143685899 -0.0292870126131199 3.31253028436346 12.5868510331628
"etap[247]" 0.0574944736978673 6.3168569587799 0.0297779492755913 0.0526170400498399 -12.4991557167457 -3.35220600086402 -0.00104500277624466 3.37873810046639 12.7179788986668
"etap[248]" -0.0424717833425554 6.37679560473399 0.0300605027623198 0.0509838364883436 -12.7432711638909 -3.43150232637427 -0.0242116783807416 3.36503106716115 12.6391519549797
"etap[249]" -0.0023612121145194 6.22109361569683 0.0293265165470371 0.0483655745435836 -12.5369810104585 -3.37442186945034 -0.00703282305091724 3.39613432117325 12.4219383948433
"etap[250]" -0.0609765744998646 6.32095701435724 0.0297972771229378 0.0602761049536381 -12.8787385588429 -3.36628928705393 -0.00388758562951162 3.35550049137667 12.3691092963028
"etap[251]" -0.0140888922790634 6.35906053540523 0.0299768988437386 0.05010353365043 -12.7021298852885 -3.4019181571592 -0.0128888504476453 3.35990548542249 12.9926016378033
"etap[252]" 0.000451570824525704 6.31606856146434 0.029774232735004 0.0444045133493011 -12.7082955508584 -3.37109051584716 0.0362932498892573 3.44391961782473 12.6726405404893
"etap[253]" -0.0138030513606227 6.34480078417616 0.0299096777317913 0.0468883484442062 -12.8707577108547 -3.37777816643021 0.00673145077094498 3.35770054624519 12.7471471715422
"etap[254]" -0.0810147942380406 6.2945628723699 0.0296728539443855 0.0432599681827754 -13.1370086767777 -3.41825323387453 -0.0262629676002479 3.40292355856599 12.5818094459406
"etap[255]" 0.00767902671786442 6.3830408642991 0.0300899431982449 0.0567092346684157 -12.7224914622162 -3.41082530108362 -0.0281076679200535 3.36242253572676 13.0252300753814
"etap[256]" 0.0198787563532269 6.35598469659479 0.029962399200534 0.0464624364229166 -12.4795701815285 -3.36625409745888 -0.0307054053431586 3.34601219411137 12.710340070813
"etap[257]" 0.0142923434435162 6.30161660808845 0.0297061055734474 0.0504181215995275 -12.5929972895988 -3.41112257892384 -0.0266932876872533 3.3834322363276 12.8015310525515
"etap[258]" 0.0663843734664081 6.31865774858478 0.0297864382801415 0.0514962510715577 -12.717379425274 -3.30472950433277 0.0551774096500631 3.37440154303014 12.7615167472645
"etap[259]" 0.0599194994367034 6.39393679229531 0.0301413070954012 0.0496382930779257 -12.983040679814 -3.36746037159555 0.0184092658240389 3.45842619340193 13.0240426368255
"etap[260]" 0.069263794935009 6.36411200960028 0.0300007117214607 0.0435317511908412 -12.4274214753341 -3.34615636180643 0.0173453062883114 3.38595411783421 13.2795024973524
"etap[261]" 0.090660031087151 6.41927727555747 0.0302607632790893 0.055552746645325 -12.8109150097049 -3.33896948094805 0.0409959590194813 3.44154983811847 13.3151477321306
"etap[262]" 0.0132318652353083 6.47167623263917 0.0305077743316198 0.0554031701534228 -12.7974563724657 -3.34743308945615 0.0326848566362862 3.38344757050373 12.924992205447
"etap[263]" -0.0388568270335489 6.47457161053836 0.0305214232739306 0.053615920561474 -13.0340375369985 -3.41134594385189 -0.00884980362497453 3.43096179004943 12.8866468479571
"etap[264]" -0.0225500460169522 6.45950030133206 0.0304503764409896 0.0500921168566858 -12.6180565281696 -3.43214210742705 -0.0227476870004903 3.36376541548151 12.7039441889088
"etap[265]" 0.0243615015520077 6.29305196847834 0.0296657314751359 0.0492239902250542 -12.6783362084895 -3.35666160870012 0.0586168862029255 3.38945047932232 12.7863920880173
"etap[266]" -0.0234048989705566 6.3557681631705 0.0299613784521828 0.0464875783731101 -12.9609492314318 -3.43183958726502 -0.0137839827677429 3.40829594081119 12.7364493107597
"etap[267]" 0.0313005304428902 6.34301244413704 0.0299012474159997 0.0574725150217767 -12.784168468435 -3.3682658327715 -0.0122992311234526 3.34422750627153 12.8156944945893
"etap[268]" -0.056350701836939 6.47199060352317 0.030509256290179 0.051353329614164 -12.872873564098 -3.42260282269183 -0.0000850402851266001 3.39626619425947 12.4839425155639
"etap[269]" -0.013582834907229 6.37739945298636 0.0300633493302802 0.0520493368989954 -12.7093886707369 -3.423464327485 -0.0374943888842148 3.31715454471836 12.7107476962465
"etap[270]" 0.00621705698536864 6.40005397670061 0.0301701437792329 0.0558654152144319 -12.9344219744492 -3.3126903768763 0.0543965963108985 3.41234156422537 12.4353590356239
"etap[271]" 0.0181629030690113 6.4128692138352 0.0302305553864354 0.0551716592327149 -12.9282097328207 -3.3729651202627 -0.00717687424229541 3.38113926681056 13.2657156292573
"etap[272]" 0.0145258354944164 6.2757178132288 0.0295840174836486 0.0484195997615686 -12.5381673249219 -3.38178680036217 -0.0046482669369098 3.37482776722236 12.6490525273536
"etap[273]" -0.11119255976736 6.32162316673596 0.0298004173953665 0.0511805683133026 -13.054645637873 -3.44575831833667 -0.0917529851331197 3.32450752958609 12.5146988930215
"etap[274]" 0.046291754040595 6.45731410970257 0.0304400706348151 0.0478479929359877 -12.579112604182 -3.32228437720588 0.0294633352239471 3.43645916103267 12.983545439012
"etap[275]" 0.0456073864540485 6.40315096465155 0.0301847431204419 0.053276860772426 -12.7849498725743 -3.3739846549649 0.0395000645835028 3.44370844782101 12.9806614939306
"etap[276]" -0.0349047857222114 6.28778789446099 0.0296409163922403 0.0517409058453347 -12.8611804794505 -3.42159915441741 0.00299428163368839 3.35709763405235 12.7474053685893
"etap[277]" 0.0746823113204535 6.45647924542054 0.0304361350468471 0.0517509209704208 -12.9651268298666 -3.35947997299063 0.0133346662379394 3.45051505367205 13.1413129198547
"etap[278]" 0.0516372868880971 6.35006910413811 0.0299345128302616 0.0530063982685238 -12.6459602048213 -3.36727303478688 0.00370865948320725 3.36118027311703 12.8657778430053
"etap[279]" -0.00304032133343927 6.48065216757246 0.0305500872946785 0.0582890869861968 -12.9154943727346 -3.38284839933582 0.0241914827591767 3.40934440545361 12.8786216622621
"etap[280]" -0.028598033061241 6.43815779617714 0.0303497669068393 0.0471108035024063 -12.9143784168668 -3.43863818110892 -0.00163323712987836 3.36634013000062 12.7210041647411
"etap[281]" 0.0734891490263455 6.39266999556762 0.0301353353583576 0.0697838680878584 -12.7143815853742 -3.38112479015687 -0.00803066589704976 3.42945772571895 12.8518753920758
"etap[282]" -0.0671750078173511 6.37616149046709 0.0300575135189987 0.0690001968359963 -13.0453743299031 -3.43919856795785 -0.086584709451986 3.28631948513743 12.530043707866
"etap[283]" 0.0496257042759559 6.36798149955892 0.0300189526720573 0.0529313721726621 -12.5325547343792 -3.30247033093469 0.00267201618814837 3.35452131270117 12.6499871774042
"etap[284]" -0.00837119580372336 6.24310578583172 0.0294302829121772 0.0446679596822672 -12.6485261969333 -3.37824247708983 0.0182167934144504 3.34326375163592 12.744185076928
"etap[285]" -0.065860247718487 6.3229096991237 0.0298064821672038 0.0511201437570823 -12.9508277923561 -3.46565952897096 -0.0673733690401648 3.33969907938324 12.6736229032991
"etap[286]" -0.0188453014489723 6.61235457394545 0.0311709383923114 0.06060726504217 -12.9188002551815 -3.45767007402943 -0.0449512439315708 3.4096197976958 12.9060112075194
"etap[287]" 0.0105814248939853 6.32892927724419 0.0298348587305963 0.0495090265129143 -12.8964022358074 -3.33438928862568 0.0379524212016292 3.43755805757963 12.713231310344
"mean.p0" 1.95515020948228 0.388966132143538 0.00183360393127066 0.00891628420667102 1.30530227656671 1.69449398381993 1.91854063693505 2.16513194848373 2.84338774381679
"mumup0" 0.434272632298305 0.0573685246953046 0.000270437818924785 0.000666599581334051 0.320190166174806 0.396391542879701 0.434769279827417 0.472309901976187 0.546377867096759
"mupsi" 11.7599857595545 1.42992012192581 0.00674070809845888 0.00893468922430529 9.05263446285855 10.7757598605258 11.7196524257595 12.7011461001958 14.6684761528305
"ppo[1]" 0.889402317415456 0.0612132181972448 0.00028856187790349 0.00126521728777679 0.757030290396452 0.851133218272739 0.891113127801919 0.934744997232935 0.989365024943747
"ppo[2]" 0.858637891292193 0.0708940061092184 0.000334197549768725 0.000780925566867623 0.684209440770065 0.825806348853319 0.866721329692501 0.904184251412361 0.969863396013034
"ppo[3]" 0.85797258692669 0.0715158954909649 0.000337129164428598 0.000812763427050971 0.679556517909425 0.825102601097132 0.866570382232285 0.904469030288735 0.968541507857899
"ppo[4]" 0.777357138734878 0.116876985449252 0.000550963393172049 0.00253618210331606 0.472278912572548 0.72327702926395 0.811913444732005 0.85975291151558 0.919121292665658
"ppo[5]" 0.858337069000001 0.0713494019537253 0.000336344306367226 0.000790696250583222 0.682920417595106 0.825596012510977 0.86645057149149 0.90460524824936 0.969925862335902
"ppo[6]" 0.890810382444683 0.060568051108314 0.000285520531079615 0.00136137753849504 0.762064013197062 0.852168480995263 0.892167219886124 0.936102972405277 0.989941650703671
"ppo[7]" 0.819171945531122 0.0913698324858505 0.000430721520977492 0.00140535396400617 0.575384054343319 0.782793178066922 0.840967225931005 0.87970291297953 0.940474861545456
"ppo[8]" 0.890207509390034 0.0610089416602806 0.000287598909073326 0.00132789637444363 0.758823349948874 0.852205134206625 0.892079120053684 0.935643344798122 0.990015756089412
"ppo[9]" 0.857966979823425 0.0716486000421217 0.000337754739682047 0.000786381300141232 0.679277231341214 0.824815171725875 0.867060174083071 0.904098297150089 0.96906460497228
"ppo[10]" 0.820769941236167 0.0892882549506848 0.00042090887037295 0.00125170122593371 0.583787504100386 0.783938534957706 0.841780927189116 0.880097762954557 0.941223163722586
"ppo[11]" 0.889816220848852 0.0615635491860708 0.000290213354022548 0.00127245369322186 0.757103924929959 0.851337709190764 0.891506079742682 0.935800351729822 0.989979059042134
"ppo[12]" 0.820174404926552 0.0904031232167121 0.000426164409779868 0.00131491699396081 0.580057163549879 0.783185786907984 0.841456785540137 0.880092974598394 0.94077722058088
"ppo[13]" 0.820291001103007 0.0905593298762436 0.000426900775034676 0.00135894058500813 0.580495546760135 0.783671380166 0.841724215292987 0.88057241328169 0.941436244546888
"ppo[14]" 0.85910580193037 0.0703622546653217 0.000331690849422825 0.000784633549856085 0.685072100988643 0.827011545819836 0.867290384960185 0.90413786985823 0.969073844201464
"ppo[15]" 0.89005010830791 0.0608591233642125 0.000286892658852689 0.00126319799329331 0.760588727817684 0.851638408548014 0.891677821889381 0.934896384409433 0.989837883553951
"ppo[16]" 0.890617114091993 0.0611904585562807 0.00028845458792707 0.00133280182791409 0.759064186874684 0.85234858785141 0.891956285788823 0.936167473979263 0.990902946386815
"psi0" 0.999979920732252 0.000039289704974027 0.000000185213445453022 0.00000024367780070828 0.999882931525021 0.999979100404645 0.999991867649464 0.999996952378588 0.999999573850903
"sdeps" 0.664789421811903 0.515439328028928 0.00242980429426328 0.0201938563938761 0.014801517860138 0.265246714202672 0.571018410317254 0.945317389801278 1.91733672310507
