"Mean" "SD" "Naive SE" "Time-series SE" "2.5%" "25%" "50%" "75%" "97.5%"
"N" 50.2045111111111 0.496770258215425 0.00234179745517279 0.009406940649151 50 50 50 50 52
"betapsi[1]" -0.00456718214842966 2.75227414221512 0.0129743447309647 0.0189192292963713 -6.06848279107213 -1.19678897200432 0.000357919715513321 1.1863293694407 5.98772828381184
"betapsi[2]" 0.00960483031788653 2.76648221195138 0.0130413222140185 0.0198802568489508 -6.03936462183388 -1.19236069807277 -0.00186154485492828 1.17830795339332 6.14987350149432
"betapsi[3]" 0.0213825514518196 2.76732911930304 0.0130453145735612 0.0195612954702228 -5.97897248615163 -1.17810917715349 0.00128214958119287 1.22934847725859 6.07214333008771
"betapsi[4]" -0.000937434278456678 2.82552300829458 0.0133196431970914 0.0212071374743437 -6.16923034160603 -1.24542994143678 -0.000599929962278921 1.21157351989254 6.21848192012729
"betapsi[5]" 0.0107512408418937 2.78881573078265 0.0131466034314408 0.020080253694355 -6.06322786349603 -1.20658087405443 -0.00134297427232325 1.19488074413017 6.2145851413789
"betapsi[6]" 0.0489269173051553 2.783607959379 0.0131220537616116 0.0197787024729516 -5.94040876577747 -1.16652768913009 0.00226114459714691 1.24066597755353 6.19958286186177
"betapsi[7]" 0.0402649009144792 2.79195961831967 0.0131614238594189 0.020290477652556 -6.14006419267396 -1.16956848613478 0.00474386982353357 1.23610082516855 6.25111599004194
"betapsi[8]" 0.0305528430330522 2.81373870086322 0.013264091439116 0.0201657992565598 -6.12557879050097 -1.17242090723295 0.00222638534089669 1.21996569506773 6.21255742258573
"betapsi[9]" 0.0353204069420149 2.79578801311279 0.0131794710855474 0.0201917528969415 -6.01721130779799 -1.181098144446 0.00244416348601057 1.22651774602889 6.23228497460705
"betapsi[10]" 0.017862805599455 2.79571545179784 0.0131791290282285 0.0195298252055921 -6.17514280019024 -1.17056599794873 0.00584637301846762 1.22002354839888 6.08433965507627
"betapsi[11]" -0.02842143103219 2.81449937807135 0.0132676773058638 0.0196960351393576 -6.21881271974119 -1.26179436125184 -0.00700068918501188 1.17808448699704 6.06804252804917
"betapsi[12]" 0.0391582044877331 2.79845407278015 0.0131920390113464 0.0200909706089386 -6.11646285067631 -1.1855061239375 0.000732822554663136 1.21358067539683 6.29509003995491
"betapsi[13]" 0.0220963483972883 2.83802861495058 0.0133785951922202 0.0205921464052824 -6.13493261086339 -1.19720429875495 -0.000789950848137939 1.19692362192015 6.37067736804911
"betapsi[14]" 0.0147437835290097 2.81439945772729 0.0132672062768447 0.0205590910541207 -6.15635804361649 -1.22993527631333 -0.00330097090675139 1.21200232585872 6.26116890270477
"betapsi[15]" 0.00141154289389496 2.80140184891621 0.0132059349613146 0.0195341706753826 -6.14869115766398 -1.19881360527039 0.000815668346444602 1.21263619728301 6.176894135816
"betapsi[16]" 0.0175360520826561 2.80095406379842 0.0132038240820259 0.0200098999816459 -6.08868170922734 -1.1930832032288 0.00131504873730918 1.20314597807483 6.2111649520637
"etap[1]" 0.963005855870964 5.71042964302533 0.0269192234938126 0.0732869777387505 -9.52952895094113 -2.04739700435863 0.626680915485773 3.5874977990402 13.1036934213074
"etap[2]" 0.936597535521673 5.73049415897545 0.0270138085290763 0.0770007230253648 -9.31852822505852 -2.11207655751961 0.546425475577807 3.51503841325872 13.313287759116
"etap[3]" 0.980082946510396 5.84372900915938 0.0275476027319543 0.0728473250456811 -9.50898965434234 -2.06851832494591 0.620905832872621 3.59209985816545 13.515127047151
"etap[4]" 0.976962651465846 5.70054480835273 0.0268726259362932 0.0732354486221006 -9.49441170077468 -2.08213196392578 0.655359019780272 3.58110825786067 13.2609585208394
"etap[5]" -1.09470787427532 4.94223189228593 0.023297904568212 0.0851694354770769 -11.2635629541688 -3.72752742596454 -1.05735404081987 1.84800008030518 8.00330489584621
"etap[6]" 1.01272417212901 5.82164776630296 0.0274435107548823 0.0899454354539752 -9.43815550783499 -2.11174566879103 0.616452823889964 3.63773876969912 13.2760981653256
"etap[7]" -2.39341992511809 7.18372700395193 0.0338644138579155 0.297481780507161 -17.0770190432801 -6.25231828159424 -3.25991243116414 3.02766851255899 10.6066068696671
"etap[8]" -1.18523468652778 4.95018968055729 0.0233354179418782 0.101699896599579 -11.7277119074544 -3.76208492740798 -1.11107624328646 1.79154971137378 7.80128418846132
"etap[9]" -1.18169789246176 4.94297736107247 0.0233014187417729 0.101738035845806 -11.7742903477423 -3.78799711524354 -1.12099518950497 1.85310200102392 7.73623122333391
"etap[10]" -4.28784315853258 11.5779503440997 0.0545789813370268 0.614621135978494 -27.8308601832646 -10.7098015828933 -6.71088846474304 5.98954799604561 17.0344603601201
"etap[11]" 0.977291418227859 5.75647865643132 0.0271363006247881 0.0828530092115582 -9.38563963449522 -2.11787586107063 0.601956768373675 3.56777170052164 13.3454814779789
"etap[12]" 0.95130178223404 5.76519598924751 0.027177394525776 0.0739674835221645 -9.30144350014342 -2.10245671657626 0.558043874140623 3.55373717712173 13.2841159347805
"etap[13]" 0.927754144138515 5.68244903902519 0.0267873216616113 0.0636671300558121 -9.35299582560023 -2.11018547475884 0.589106030750346 3.53623375041459 13.0464966511427
"etap[14]" 0.990298025020695 5.85243233485136 0.0275886306027255 0.0675987527654211 -9.58224873546914 -2.11100152170438 0.62172503127976 3.64339937565217 13.5981735346078
"etap[15]" 0.973227480769407 5.91370543782786 0.0278774747801856 0.0880639405659768 -9.43725737387233 -2.08409362452489 0.596123643869877 3.57038926074378 13.0940216849955
"etap[16]" 0.97270175704546 5.79118337067372 0.0272999002166543 0.0768900458908254 -9.44789969113722 -2.14376433384872 0.609823700236062 3.5932066029347 13.6774222723475
"etap[17]" -1.06698254393959 4.93177859136308 0.0232486272350898 0.077687610096973 -11.3299300669823 -3.72960906012606 -1.03875467223875 1.92690329643311 7.9735398374887
"etap[18]" 0.95084514114823 5.72119164477773 0.026969956056601 0.0633035814740504 -9.47000791430763 -2.07780937093783 0.613950784407003 3.58043121331249 12.9962637531048
"etap[19]" 0.95977616059036 5.82288160557631 0.0274493271289961 0.0841569873425176 -9.56385152472216 -2.12430417412087 0.576404102455181 3.56276846770418 13.7659460683276
"etap[20]" 0.91049854069443 5.67642834647066 0.0267589398447263 0.0614200850714893 -9.63634498111337 -2.13127073821322 0.617077086586588 3.60504900630058 12.8546635111178
"etap[21]" 0.978517933153644 5.7392135868586 0.0270549123063046 0.0749077975148418 -9.6443468601372 -2.10454014508596 0.624157251268137 3.66326134219995 13.449521116893
"etap[22]" 0.943070682305124 5.56799385251992 0.0262477747381456 0.0589002552977482 -9.38847608069452 -2.09348246301953 0.610148479980936 3.58007086826607 12.8108917429959
"etap[23]" -2.3814851479469 7.05416700441289 0.0332536621629517 0.257248092219188 -16.9135732600416 -6.24191237289911 -3.24099477753997 2.96557708192282 10.5634593535504
"etap[24]" 0.951197095514497 5.80986704855319 0.0273879759188282 0.0835053984882859 -9.67247429756993 -2.11488510697962 0.592734469932548 3.57930254291162 13.4037400293479
"etap[25]" 0.97349333782539 5.78333967649835 0.0272629246877146 0.073091184693194 -9.53529145217472 -2.09667737441438 0.621957990589115 3.58905065472817 13.3918427460182
"etap[26]" 0.918937977820796 5.64583096382783 0.0266147023997043 0.0708650813783965 -9.38725505639145 -2.11305345927107 0.557020394930645 3.52557737013479 13.0694015053499
"etap[27]" -1.11318648777675 4.98909325559857 0.0235188111533721 0.0991420473138419 -11.1911289986472 -3.74849162530743 -1.09652648722445 1.87678557476796 8.04881766486349
"etap[28]" 0.927960321580844 5.66561743734853 0.026707976730386 0.0635526669259442 -9.60245082699521 -2.10174858649547 0.621391683274687 3.57992811481091 13.1279037196794
"etap[29]" 1.02679233584934 5.91617015109568 0.0278890935499546 0.0921023286786584 -9.40644114275904 -2.07127017482715 0.608890705821093 3.63556724236188 13.5028268053315
"etap[30]" 0.978561054325606 5.70462164321099 0.0268918443201202 0.0770972705428127 -9.27971509428041 -2.11182279328463 0.592766381248396 3.56102676033398 13.4197570498474
"etap[31]" 1.02430713074747 5.8505610031959 0.0275798090607026 0.10604875123871 -9.51561177276492 -2.1244351707888 0.640927117302141 3.64587142753212 13.8161888258382
"etap[32]" 1.0088711811399 5.89716811525713 0.0277995170939694 0.0744293098866814 -9.46816468030475 -2.08358954583084 0.616773311292717 3.63736939271513 13.5676626160506
"etap[33]" 0.980008427864189 5.6994059197244 0.0268672571638125 0.0684954655181015 -9.50921471084609 -2.08401447340671 0.629619480569028 3.64501347716679 12.9849491968351
"etap[34]" 1.06198988289335 5.92963065480391 0.0279525469729565 0.0919073509079991 -9.31798287903748 -2.13406866236554 0.657952783162798 3.62801454725021 13.6309172669124
"etap[35]" -3.38874137882505 9.3622511952371 0.0441340753821601 0.435361661082757 -22.0606339386305 -8.54681132843547 -5.09433690239953 4.51927261979802 13.6057162507552
"etap[36]" 0.965272435235551 5.81976817850989 0.0274346502930535 0.0873478386027008 -9.5880565437099 -2.1343284928386 0.619721635186843 3.61967409044602 13.5076516758678
"etap[37]" -1.00556589176446 4.875006132346 0.0229809992967191 0.0772515650305139 -10.9751467434526 -3.64958207280487 -1.02255625439548 1.94102509699811 8.1253693259503
"etap[38]" 0.925150143118548 5.72483840581969 0.0269871470530152 0.0660370554698977 -9.4300525127479 -2.13694691103976 0.585386790577764 3.55586226432655 13.2281555007371
"etap[39]" 0.997787600783595 5.96174499664441 0.0281039354322149 0.0802869875985516 -9.7049517500217 -2.13484049209188 0.632518083590693 3.6274089880754 13.5896360043474
"etap[40]" 1.00372372210256 5.6805215411777 0.0267782353496201 0.0741320296613557 -9.26581210580687 -2.07772694133537 0.634101037359521 3.61335021011463 13.5879139411592
"etap[41]" 1.03996047657085 5.84669100251797 0.0275615657025522 0.100197311839318 -9.44877153701662 -2.06192285411237 0.629549005657806 3.66829320701647 13.7225981105395
"etap[42]" 1.00893221188896 5.88612960326893 0.0277474810494289 0.0841832392797993 -9.40545339268871 -2.08084341654398 0.59824988566705 3.6195331020814 13.7340182472371
"etap[43]" -2.39386636356231 7.15194594366749 0.0337145965029793 0.250531107094412 -17.1235945105021 -6.30392343203548 -3.25174712721621 2.99047333695419 10.6474747745707
"etap[44]" -1.14966005226567 5.03720397984216 0.0237456072824417 0.0954476388367761 -11.7127408348892 -3.73813963793404 -1.08523167240699 1.87347870798459 8.01331238380348
"etap[45]" 1.0051301419789 5.68939657696183 0.0268200726695283 0.0700537542210583 -9.24461247788155 -2.10802599606559 0.610036407898324 3.60420723362121 13.59503419401
"etap[46]" -1.10498936832126 4.92768829087439 0.0232293453736722 0.0886362112595062 -11.1827455527108 -3.76194692487935 -1.0596719460778 1.90149520033863 8.01025667225344
"etap[47]" 1.00510326816124 5.97798075075177 0.0281804715110615 0.102016689732511 -9.51052055030786 -2.06765342423881 0.615619304891936 3.5713958782427 13.38088064699
"etap[48]" 1.02399468080006 5.86612608582385 0.0276531835638756 0.0842676640658665 -9.39794434007976 -2.08518970536938 0.619821926557621 3.62594621250837 13.6548118080475
"etap[49]" -3.43469213140383 9.41712234268344 0.044392740451832 0.474283666081108 -22.8315359759176 -8.5372156197724 -5.08638485484218 4.49428775942627 13.625055287988
"etap[50]" -2.41783575075029 7.10911083590445 0.0335126698684987 0.287619790013282 -17.0385650997199 -6.27535942412877 -3.30778608149757 2.96436883788937 10.4902325558529
"etap[51]" -0.775644268535369 8.54579645622051 0.0402852708322233 0.153564811173589 -18.1723604093624 -4.63486118012427 -0.258349392812495 3.74923183463449 14.7888059305527
"etap[52]" -0.0349979255574577 6.86269168094547 0.032351038831927 0.0785083451808841 -13.1732784077553 -3.42513557676779 -0.0040283517621126 3.40369483107882 13.241989548441
"etap[53]" -0.0742892691748387 6.43753902123593 0.0303468499737929 0.0533086772558915 -12.9166222451133 -3.36018921932278 -0.0711518724239511 3.2817739272842 12.5862015882897
"etap[54]" -0.0755098028563369 6.46217733192165 0.0304629960842119 0.0509943664011306 -12.6649211348013 -3.31172212659091 -0.0353043074215746 3.21947276018146 12.3987116991271
"etap[55]" 0.0421825954312329 6.45765713736472 0.030441687682722 0.0493909988256716 -12.5628264405557 -3.27587292647606 0.0161691652388715 3.3522095661666 12.7196653926427
"etap[56]" 0.0575563438116602 6.43647138925534 0.030341817108371 0.0501030702619883 -12.2571969081736 -3.27282067813047 0.0131184463815239 3.3156277808375 12.7680874351941
"etap[57]" -0.0293463986251475 6.42388340161842 0.0302824767655739 0.0559292934552091 -12.5972978065753 -3.31025394490777 -0.0481082886745123 3.23554374720815 12.6105047014603
"etap[58]" 0.0122554970909979 6.48472000140898 0.0305692632472822 0.0558608539452013 -12.6594849761941 -3.28280042418527 -0.0535492179036162 3.24759176079818 12.9590094701281
"etap[59]" -0.0445383924947378 6.44137086162974 0.0303649134426388 0.0546363651725357 -12.444643207377 -3.36843112515207 -0.0792486039461314 3.17888403492161 12.6840495485076
"etap[60]" -0.00527254186117265 6.48362933678524 0.0305641218049392 0.0570342829594937 -12.6002153617106 -3.27118709901639 0.0189272402260279 3.29512249109876 12.6772312428707
"etap[61]" -0.0368714891682815 6.49709421255076 0.0306275958380168 0.052017094143501 -13.1163503694327 -3.28196741661019 0.0382294555074065 3.33454310420403 12.429621408273
"etap[62]" -0.068180656415993 6.441337883497 0.0303647579822302 0.047399880992211 -12.89968176452 -3.31027335233799 -0.00865102162024077 3.27975344636792 12.3883647695636
"etap[63]" -0.030797312674969 6.49194158112699 0.0306033061005454 0.0485317941325908 -12.8624383153447 -3.2379618517402 0.00649030892693111 3.28478637716172 12.6645608070078
"etap[64]" -0.0301221361442571 6.57867131688065 0.0310121539957583 0.0600893099305883 -12.7292505487407 -3.32445804077213 -0.0681039390200835 3.26213717101438 12.922661350513
"etap[65]" 0.0310963328297269 6.46399596485719 0.0304715692020867 0.0575624636060698 -12.8626567260248 -3.18500535185825 0.0310177040272033 3.29416381917136 12.7423290975552
"etap[66]" 0.0636337092985556 6.42310778314959 0.0302788204650478 0.0521958886376122 -12.587372507411 -3.23148163463862 0.0359792382024748 3.30393033189224 12.7960951014903
"etap[67]" -0.0025245499984949 6.4322658774655 0.0303219921356713 0.0561664156136913 -12.679264215745 -3.33883779823558 -0.00252706868902258 3.29749680165094 12.6097787825862
"etap[68]" 0.0595985374192657 6.36820312004444 0.030019997401045 0.0535705386154312 -12.5175500903265 -3.2062967760544 -0.0011501061536807 3.27029117130565 12.7886782775743
"etap[69]" -0.0116068223371443 6.43614495488731 0.0303402782820027 0.0475453721406877 -12.489372768016 -3.27907968531068 -0.014742211560723 3.32152529687155 12.6073627469536
"etap[70]" 0.00778188810296439 6.37479707003457 0.0300510815793972 0.0510705011572805 -12.6611568446059 -3.26922713733532 0.00287819601823287 3.30818565401254 12.388086471785
"etap[71]" 0.00925925377778301 6.53910322012329 0.0308256281988531 0.0546864112381794 -12.5694542881404 -3.29208926348274 0.0102697361542374 3.32988355556818 12.7689345372678
"etap[72]" -0.00552473735401597 6.47313919864588 0.030514670819513 0.0623621653294673 -12.8147377658274 -3.28801568522856 -0.0137200632073615 3.24900481750973 12.6293624272207
"etap[73]" 0.0462655724102564 6.4240299878294 0.0302831677795994 0.05798813892151 -12.5342317017038 -3.23799317872944 0.0694533709739304 3.32222885416394 12.702776966329
"etap[74]" -0.0539631041416489 6.35798390721378 0.029971823569772 0.0456069720501235 -12.3694427351939 -3.32049317405372 -0.0374297703998928 3.21546401070585 12.241654987219
"etap[75]" 0.0508927642001292 6.34085889140434 0.0298910954710601 0.0513390753232125 -12.3113054205221 -3.23914177356918 0.0509203534664154 3.33892812781613 12.4941282042729
"etap[76]" -0.00116155093299001 6.45479034541839 0.0304281734958854 0.05198755107457 -12.6310181940651 -3.32744189885334 -0.0510487651520533 3.22781994381085 13.0450824249303
"etap[77]" -0.0316267346009373 6.51071504444772 0.0306918050553484 0.0528727648107131 -13.086999494944 -3.31614043382814 -0.0366203131719667 3.3040361775837 12.5970030462011
"etap[78]" 0.0543835138230874 6.42779412445593 0.0303009120898256 0.046997222291531 -12.5647757718265 -3.24090652184702 0.0248114618955428 3.32389245505335 12.7069966073572
"etap[79]" 0.0733634455307593 6.43199925748699 0.0303207352770393 0.0565996427351656 -12.4324127939257 -3.24283700966679 0.0429289243454742 3.2814736436127 12.8068354907133
"etap[80]" -0.0460404971963169 6.31709518461222 0.0297790722829346 0.0490138318220505 -12.6639188673039 -3.27250083748439 0.0139992522354522 3.20986375469922 12.3251465419362
"etap[81]" -0.069328455280785 6.51095862757886 0.0306929533172405 0.0657430377652862 -12.82006621513 -3.28107368140717 0.00676801626638196 3.25026801917608 12.3455724355691
"etap[82]" 0.0335916463138193 6.45060029100528 0.0304084213899584 0.0462184307174103 -12.445420669057 -3.28785065312451 -0.0102602704865372 3.27764247320562 12.7753741668422
"etap[83]" -0.0216760394378273 6.48342367202656 0.0305631522919691 0.049664449373424 -12.8003346578038 -3.20804710135396 0.038491407988524 3.24962425343371 12.3707059799471
"etap[84]" -0.0590261651360227 6.47534152609913 0.0305250526906903 0.0479102344661152 -12.8077658741643 -3.33688423551224 0.00434678418181234 3.24411325582254 12.3663947221788
"etap[85]" -0.0220737138706903 6.47728065911239 0.0305341938513789 0.056745230323861 -12.7991451114159 -3.31840987850083 -0.0291855463266637 3.27172411256135 12.6469833719026
"etap[86]" 0.0179578375278308 6.34314666807342 0.0299018801537038 0.05772203751134 -12.2396685794361 -3.19550157150879 0.0228683894537447 3.24283884459008 12.1711419435225
"etap[87]" 0.0594156201653345 6.27263953511674 0.0295695063414659 0.0424608013880018 -12.1040629329581 -3.23288631930652 0.0153186559848183 3.30103333210696 12.4807468762369
"etap[88]" 0.0481441096782191 6.39665305249203 0.030154111668765 0.06696897227578 -12.189794445038 -3.22774683401944 0.0324559838794085 3.26172164632901 12.5877191699338
"etap[89]" -0.0644787658856188 6.44139139432455 0.0303650102346904 0.0470027521225888 -12.6792699839915 -3.29862159694823 -0.0298970475498631 3.24878053852074 12.3447303835322
"etap[90]" 0.0491612797633362 6.47025922645551 0.0305010945004101 0.0515543722794495 -12.6501218542367 -3.27616057776605 0.0374943317212926 3.26947018789517 12.8245198759835
"etap[91]" -0.0454842133110415 6.48056829716445 0.0305496919257836 0.0515359789797335 -12.6410669443537 -3.29192896508177 0.00185939769447776 3.25060305076837 12.3690509533042
"etap[92]" -0.00879011834548932 6.42176400182509 0.0302724858191345 0.0537796551408115 -12.8086600392708 -3.31539037196879 -0.0226414049127266 3.31336379415187 12.5434714521966
"etap[93]" 0.0684352934487331 6.48266060882063 0.0305595551775199 0.0577338366020158 -12.6203942552796 -3.24436727815233 0.0669815426712205 3.39362515516954 12.7792213329864
"etap[94]" 0.0385025128475957 6.42385555423537 0.0302823454917513 0.0495340655297801 -12.4905251780157 -3.24930990608508 0.0506280562238872 3.31582042120805 12.6972655124032
"etap[95]" 0.00408389284508285 6.44130738244909 0.0303646141989115 0.0521168171351385 -12.4248745503914 -3.34920372783133 -0.0144909199028959 3.25721329751563 12.5787977814163
"etap[96]" -0.00591526464069819 6.50752626083441 0.030676772985237 0.0469646810073663 -12.6071734835552 -3.27194322351696 -0.0200545678405126 3.28439860450499 12.4303452619794
"etap[97]" 0.0850623473486095 6.46206504226623 0.0304624667456999 0.0649729101899406 -12.4378546219312 -3.23908326870688 0.0177201689096137 3.28866857503841 12.8356649175403
"etap[98]" -0.00816002215006317 6.49177193028647 0.0306025063588136 0.0627384803868523 -12.5925874800959 -3.22283318746271 0.00831838139567585 3.2675566159982 12.2687124173353
"etap[99]" -0.0508908235511214 6.40587429557726 0.0301975810255418 0.0482880946212126 -12.8089547452044 -3.28398363145735 -0.0379944932512583 3.20480109784637 12.4783772719444
"etap[100]" -0.037606522722234 6.3712997899339 0.0300345952428979 0.0519767492159244 -12.5801325993665 -3.3335428653022 -0.0302427182526341 3.23682340545525 12.3357134002043
"etap[101]" 0.0592582652320721 6.38054378483348 0.0300781718527562 0.0458542412605931 -12.2521902442226 -3.27737133475159 0.0238631831638653 3.29598180847026 12.8628998537579
"etap[102]" 0.0149512090037808 6.475122912872 0.0305240221380545 0.060219466232487 -12.429815593226 -3.29082240579918 -0.00311729571096314 3.26244550836798 13.085671076927
"etap[103]" -0.0476378448919964 6.55889710768378 0.0309189374796535 0.0614568725621937 -12.7245991451765 -3.376608254767 -0.0288891598121438 3.25340148684852 12.6273838407906
"etap[104]" 0.0193421783362527 6.42226127261377 0.030274829976113 0.0532404905432634 -12.4976911293043 -3.23808770487057 0.039214622517984 3.26713279856658 12.511281654108
"etap[105]" -0.0390008184790326 6.29995743876623 0.0296982841742549 0.0446867700716087 -12.7397127857609 -3.30246530416059 -0.00554987530527017 3.25253695013277 12.4191571321799
"etap[106]" 0.0207887471932892 6.2512276394596 0.0294685696973511 0.0480989939901356 -12.2803664071083 -3.19980750768815 0.0247755245753108 3.2777287510105 12.3604235777521
"etap[107]" 0.0140236351573705 6.36340234620996 0.0299973663361563 0.0564441813326556 -12.4946466538008 -3.27837604496352 -0.0116419537170396 3.2951488617632 12.7746356198111
"etap[108]" 0.0254967952504539 6.50995382481943 0.0306882166316075 0.0517428188905136 -12.6241494952977 -3.26337315396797 0.0273963193222356 3.29903735816962 12.569727775467
"etap[109]" 0.0268811813346361 6.40720826012195 0.0302038693947113 0.0433249032023255 -12.411838063045 -3.21504153601381 0.00749164315846699 3.26619466339822 12.7705259853045
"etap[110]" -0.00799438105948926 6.27757139420869 0.0295927553481844 0.0571107102456058 -12.2682505738005 -3.32843574208718 -0.0108853344966992 3.22586054599728 12.5256267596873
"etap[111]" -0.0762520719206602 6.67229937109477 0.0314535208760523 0.0616466412643647 -13.0450255414118 -3.27677983033303 0.0173497278340415 3.27368008013005 12.5113556952953
"etap[112]" 0.0660178196412848 6.41850231411586 0.0302571100758192 0.0485046773174862 -12.4614323455894 -3.26568138556139 0.00753382304484212 3.26870263088219 13.0147608036124
"etap[113]" 0.0482051868772222 6.27662962657252 0.0295883158129721 0.0450630226122107 -12.2894529098615 -3.1844742821978 0.0225349956898737 3.28070421786901 12.4518164071803
"etap[114]" -0.0210283810934891 6.5141187040611 0.0307078500606382 0.0584937809426893 -12.7068273948875 -3.26179821488658 0.0026684148768797 3.26293780922055 12.7456764461626
"etap[115]" -0.00454312487367962 6.36083029244445 0.0299852415584286 0.058071742170363 -12.3839535190371 -3.2967984890004 -0.0195762961487306 3.26141923944957 12.6570490218413
"etap[116]" 0.0232623667824147 6.39929199278685 0.0301665517526157 0.0554551242355732 -12.481720634942 -3.33508772436662 -0.0128109327168986 3.29794690365626 12.8999836703233
"etap[117]" 0.0121488689352326 6.41816990243031 0.0302555430721058 0.0485397222970529 -12.8382626477953 -3.22467299206466 0.0765270515564059 3.29555766389169 12.708083479371
"etap[118]" 0.059733829064261 6.39971157007816 0.0301685296589352 0.0525447254680394 -12.4293555092926 -3.26587091031687 0.0184821879405739 3.29079193955256 12.7650956294168
"etap[119]" -0.0699195744538466 6.42680415724306 0.0302962453396298 0.0517014660965118 -12.8607997540586 -3.30702517906571 -0.00573859525842905 3.23619027397797 12.3943605203661
"etap[120]" 0.00807766452097651 6.24524897401829 0.0294403859981778 0.0463564404578022 -12.5276823818898 -3.29654427615319 0.0392103584124916 3.30622014684443 12.4827088419396
"etap[121]" 0.0353257463576196 6.27873945427218 0.0295982616361292 0.0452938559293598 -12.4916495402813 -3.22083451628258 0.0202236983181361 3.30982375347522 12.4880240274232
"etap[122]" 0.0367063089312604 6.53756637262805 0.0308183834302829 0.0512495353784431 -12.5064661170558 -3.24555777512528 0.0189226371359925 3.27499758832119 12.9698090862218
"etap[123]" -0.0156477004785245 6.40603709954632 0.030198348490812 0.0452812768919601 -12.7099855681224 -3.21387469691982 0.0193290570654669 3.28350881060941 12.3916905746946
"etap[124]" -0.119033564321783 6.46400090058081 0.0304715924693109 0.0543812502757964 -13.0818326490766 -3.36262524695121 -0.0418260024364842 3.20228260330447 12.1403029997485
"etap[125]" 0.10475790987967 6.45471810872919 0.0304278329688668 0.056044171414942 -12.3552673656928 -3.20946316717087 0.0231187620135885 3.33178704931278 12.7172127167628
"etap[126]" -0.0904006736969702 6.33697370424347 0.0298727805231426 0.0477110322591828 -12.800001981435 -3.32319414107073 -0.0507169561139441 3.22914028825168 12.3347593198931
"etap[127]" 0.0389765778274838 6.45899018565205 0.0304479717326128 0.0590244441074668 -12.7969372551335 -3.24657669509046 0.0106268001408904 3.30866528775947 12.8051914488226
"etap[128]" 0.02239799949326 6.32623499922309 0.0298221577822021 0.0450465893128131 -12.4910500324408 -3.28195986463078 0.0271353505537166 3.29820536262316 12.6859221534023
"etap[129]" 0.112803297991644 6.35349224454007 0.0299506496688695 0.0488527745781581 -12.2254767900619 -3.17624359204318 0.0607240029841465 3.32094812229081 12.6392733725882
"etap[130]" 0.0472938961281641 6.53447273520171 0.0308037998835982 0.0603204380433736 -12.527939255456 -3.24530399700867 0.0250229960360996 3.330938324855 12.8480417802879
"etap[131]" -0.11033415896651 6.51971206753728 0.0307342174289292 0.0672390253176834 -12.567602416327 -3.40071508920638 -0.0593462194094014 3.20502533367419 12.5264126650383
"etap[132]" 0.0144623108051152 6.33569483035346 0.0298667518538099 0.0454777664310977 -12.3393325514867 -3.3202048536451 -0.00179097157280468 3.31375487103575 12.4287401222086
"etap[133]" -0.0458074254593872 6.46956353870297 0.0304978149968941 0.0523109211456504 -12.7423883812285 -3.31295759176434 -0.019141026644062 3.30039872906453 12.2470946648102
"etap[134]" -0.079392964982789 6.53936051127866 0.0308268410809911 0.0550743841883089 -12.610946371158 -3.34698559858726 -0.0320382829448953 3.28600428726412 12.450552087796
"etap[135]" -0.0379722762581655 6.42644679335017 0.030294560710083 0.0568312174236226 -12.6309530754629 -3.32714711470703 -0.0149399461717713 3.25466344809215 12.3459362863939
"etap[136]" 0.0765291257326827 6.43973067539127 0.0303571815305613 0.0550159131512949 -12.4054149746804 -3.24195184917664 0.00726403869164218 3.3193753640795 12.8453997327253
"etap[137]" 0.0126938820291406 6.52295423242684 0.0307495011407901 0.0614582934586989 -12.6378627730694 -3.27785586983757 0.0153343044318448 3.34664387783783 12.5661703236754
"etap[138]" -0.0766190632975999 6.45972129261042 0.0304514182038664 0.051470149385168 -12.9743879172869 -3.28340784451099 -0.0183062734396438 3.24512223284983 12.3552297691166
"etap[139]" -0.0144148335026884 6.48451601517439 0.0305683016469506 0.0507903700843435 -12.5485857787849 -3.30453047435479 -0.0218340468085193 3.24877151359656 12.703125755629
"etap[140]" 0.00919452689648842 6.56121346722382 0.0309298569032431 0.0650708207535124 -12.6779544778681 -3.28391881680213 -0.0150445911345543 3.2533163630289 12.8993832265636
"etap[141]" -0.0736517913913224 6.37763313362125 0.0300644509113573 0.0484509030812892 -12.9084929036988 -3.31651168013731 -0.0515562717595995 3.19337948863147 12.5450962683134
"etap[142]" 0.0238962704512802 6.32587492486585 0.0298204603754039 0.0459924866052696 -12.483821854514 -3.23225215930628 -0.00291558763730203 3.27704576164734 12.5082469584041
"etap[143]" -0.0344948051707907 6.33768356381546 0.0298761268332562 0.0543876459584823 -12.4740810205494 -3.33282823699743 -0.0415609291662702 3.20600977844138 12.4005142300396
"etap[144]" -0.0000297407936414305 6.49295156947827 0.0306080672312928 0.0585154641658355 -12.8017520028986 -3.33647330720379 0.0259823667444789 3.36168652042345 12.7639535878676
"etap[145]" -0.0617443672097378 6.5301046930704 0.0307832087355212 0.0588831601656108 -12.8811032460051 -3.31392057670963 -0.0543254981734673 3.19747751687153 12.4346589485278
"etap[146]" 0.0435914820161694 6.30658901185335 0.0297295457095871 0.0483244140735381 -12.4904311112221 -3.27028046073349 0.0261193504128846 3.33833263536159 12.4667305385249
"etap[147]" -0.000575567597601178 6.36139556711323 0.0299879062887721 0.0501924263812875 -12.7547455101707 -3.27952033481684 -0.00415300909794776 3.29777410693367 12.858920403649
"etap[148]" -0.0745166576880819 6.35406530106862 0.0299533510832517 0.0512742091192779 -12.4264048723168 -3.32674918652768 -0.0360132335746479 3.21789375566468 12.447832600106
"etap[149]" -0.016862099201676 6.36984850993372 0.0300277538433677 0.0469965372423026 -12.6160687618509 -3.3210160048735 -0.0203957510236256 3.23536102352656 12.4342289590472
"etap[150]" -0.0411890529966839 6.40409403366535 0.0301891887904072 0.0462563151250272 -12.9320426695319 -3.28774337848612 0.0224361935124627 3.28446816524126 12.5592174401194
"etap[151]" -0.0877149532153397 6.33741470300304 0.0298748594112319 0.0455142122533055 -12.5147822643057 -3.31238860835316 -0.0593158364485347 3.14832013921723 12.3951856304956
"etap[152]" -0.0167112991934465 6.40785358587402 0.0302069114894804 0.0447360016666514 -12.745361062625 -3.27478563774413 -0.0111109595276712 3.30794175103443 12.617885168217
"etap[153]" -0.0491537291799853 6.35657486846576 0.0299651812974142 0.0516619221574762 -12.6137127325967 -3.29442639396068 -0.0166024746380486 3.26859981582193 12.3662483229675
"etap[154]" -0.0302316377413848 6.43564036497266 0.0303378996223336 0.0544220746624713 -12.7337919956218 -3.30698799573682 0.00770204543693036 3.30225869588072 12.4888702536883
"etap[155]" -0.0149910559408274 6.47947783783173 0.0305445514511917 0.051349681930384 -12.8761090396205 -3.3019235304803 -0.0107724682706338 3.29053292185521 12.5631198214823
"etap[156]" 0.0311350504848805 6.47391039191855 0.0305183062594645 0.0552412078723319 -12.7907847122942 -3.23074842545408 0.0223161079137058 3.34688358158093 12.6978960448485
"etap[157]" 0.0363889160155619 6.40923122251225 0.030213405730873 0.052111945370064 -12.6283237839025 -3.25093878390068 0.00649938656527163 3.24981237388479 12.7158719521602
"etap[158]" 0.0167618986015175 6.38185610650437 0.0300843581964401 0.0549067535746201 -12.3601529649384 -3.27075995650881 -0.00173940396045997 3.31043780935043 12.6397128297345
"etap[159]" 0.0754050391945374 6.52513035607157 0.0307597594860293 0.0570537886799031 -12.3011508628562 -3.24318986086498 0.0168937315108222 3.30736735044159 12.6522694677827
"etap[160]" 0.103839604691366 6.49044238951862 0.0305962388435283 0.0580194184082607 -12.3381083766863 -3.21348314091947 0.0544745837164153 3.33455067323885 12.6458347692465
"etap[161]" -0.085615634266514 6.48353695245553 0.0305636863010324 0.0705572837958532 -12.9996064750632 -3.30425181963236 -0.0205019876222569 3.24193109341577 12.5952250725383
"etap[162]" 0.0224086265242138 6.41435154441977 0.0302375431598241 0.0532615808725689 -12.3352986086967 -3.29416843622495 -0.0519838210145471 3.26119993840448 12.6782354686926
"etap[163]" -0.0683003512988332 6.42516519185558 0.030288519182699 0.0562686776142382 -12.5814363069407 -3.28697735105262 -0.00337727851355382 3.26254225222395 12.3064843253533
"etap[164]" -0.0819516079665252 6.57070884526277 0.0309746185445849 0.0618429251829618 -12.8655700915487 -3.29370174050106 -0.0112829348199405 3.23672632355409 12.1112892111464
"etap[165]" -0.019672025042472 6.2815495452052 0.0296115085318258 0.0477181051137169 -12.3489323246423 -3.31262194402055 -0.0353243829683866 3.25972131848701 12.5474350192059
"etap[166]" 0.0873466108419089 6.36650907478169 0.0300120115950922 0.0482244845906895 -12.4193904371195 -3.26594904334995 0.0407474056161126 3.31177869874625 12.8940886318426
"etap[167]" 0.000970180007501604 6.54851399775847 0.030869991030067 0.0534688234286033 -12.7606588127688 -3.28514691597916 -0.0258703758367097 3.25645438198136 12.9414535899385
"etap[168]" -0.00081681407814569 6.35860461108605 0.0299747495958867 0.0495392450521809 -12.6686105403553 -3.21761648007332 0.0145214718852641 3.29201852006795 12.3276828849579
"etap[169]" -0.0292521114408386 6.27384163494408 0.0295751730943964 0.0492780871407014 -12.5032565430374 -3.23383156554381 -0.0188073545623726 3.25390288990239 12.2969675532825
"etap[170]" 0.0753581666016963 6.27922302742885 0.0296005412218511 0.0486536709965276 -12.12943682038 -3.22395116682355 0.0118869094804486 3.28499039211653 12.5269089293818
"etap[171]" 0.0177641836161078 6.43452010133385 0.0303326186488954 0.0564749941275357 -12.432131628001 -3.31594354463979 -0.0380243705675244 3.2581639479423 12.8519584203726
"etap[172]" 0.0150952367148907 6.57138416706114 0.0309778020420723 0.0482139824538789 -12.7791253140642 -3.30322894426455 0.00589069289886493 3.25742007952118 12.7414059870839
"etap[173]" 0.0804410800031288 6.49300328743208 0.0306083110320651 0.05425519060194 -12.401503953712 -3.21372249980509 0.0225735917384965 3.29686909354285 12.6716746551709
"etap[174]" -0.0606729720664002 6.29428555813725 0.029671546672556 0.0454940901712427 -12.3009941180323 -3.28660288843258 -0.0110101473811771 3.19550950202112 12.1366707361536
"etap[175]" -0.000224710661634631 6.48098032703826 0.0305516342532358 0.0514800805097895 -12.7513728756568 -3.24687395616836 -0.00350224883183397 3.28117857037403 12.7214568535343
"etap[176]" 0.0450777340158755 6.46680556787665 0.0304848137977367 0.0481040725195044 -12.5315578243994 -3.2346172227925 0.01010545714649 3.30854694855615 12.8525623945436
"etap[177]" -0.0946806058305101 6.55686007212354 0.0309093348019325 0.0565623182535891 -12.9198276880288 -3.31692669190877 -0.0160555343406419 3.260945236294 12.3013938210176
"etap[178]" 0.0509667648091608 6.58209907109903 0.0310283125841053 0.0612290796480684 -12.7309242586658 -3.27351968420612 0.032269587028288 3.31485854569403 12.7578635201418
"etap[179]" 0.00577250086237573 6.29097995386895 0.0296559639045958 0.0467843756543383 -12.513812236302 -3.27372460866002 0.0353722086131576 3.28261943811085 12.3834812061275
"etap[180]" 0.00819408102150868 6.39315904169549 0.0301376407439132 0.0539835623819268 -12.6423855492698 -3.22740462498443 0.0213159682524406 3.28298580134081 12.6033944911028
"etap[181]" -0.0809549035866158 6.49231289989689 0.0306050565140132 0.0531117121617199 -12.8730008798897 -3.32742161529112 -0.0883312540078046 3.23325165189791 12.6353518300618
"etap[182]" -0.0249687276410343 6.47059189424632 0.0305026627114152 0.049134303922768 -12.6115179502906 -3.36867968084487 -0.023130363981025 3.27536823195412 12.7172624006605
"etap[183]" 0.0154628597011011 6.43848946858352 0.0303513304255572 0.0438792233363771 -12.435525597492 -3.23785339421056 -0.0240342414541703 3.28244861521449 12.5066328085787
"etap[184]" 0.0351314025746297 6.34068838885088 0.0298902917143151 0.0524252980412892 -12.4993392248769 -3.26407838024746 0.0132246435832857 3.32139955030718 12.6753567934865
"etap[185]" -0.0267898478380193 6.50867472636588 0.0306821869036721 0.0634550168037151 -12.5526591249877 -3.32673017993255 -0.0470861836588381 3.279481895399 12.6285469592622
"etap[186]" 0.0694888027513692 6.38421136465343 0.0300954609898311 0.0468781167969661 -12.239557811465 -3.2153052768972 0.0372207154640236 3.27998216445738 12.7875538415823
"etap[187]" 0.059829198490596 6.40279524939225 0.0301830662626285 0.0517629119505663 -12.2768392331597 -3.31191306037767 0.00328994264640333 3.34302894409772 12.9954963143846
"etap[188]" 0.0111038448338748 6.37375636081237 0.0300461756290754 0.0510472312689007 -12.4935750253749 -3.26060714466132 0.0443195834064654 3.27453878397462 12.7162333728711
"etap[189]" 0.0885010086933756 6.34725446964751 0.0299212445160292 0.0495842977980454 -12.1436157748658 -3.21987166872061 0.0358907705405144 3.34037918714184 12.688127239996
"etap[190]" 0.114303456116224 6.36956411797254 0.030026413206806 0.0553671808007676 -12.2646395171172 -3.24358409357749 0.021603456917887 3.31082802499632 12.8413107251323
"etap[191]" 0.0165538770008876 6.5210526681507 0.0307405370808266 0.0521324780123404 -12.6611664191826 -3.27945492901152 -0.0106378611620374 3.26440958267411 12.8476362037133
"etap[192]" -0.00263779350308767 6.32584204846992 0.0298203053945872 0.0509058042661156 -12.5044347818447 -3.32053214294843 -0.0161824650194945 3.28259280108003 12.6037695343244
"etap[193]" 0.00947565387682969 6.38145685167688 0.0300824760911338 0.0470251958779205 -12.6124997202987 -3.29701848830219 -0.0107629399428532 3.27002643644026 12.7021279752036
"etap[194]" 0.117446410449669 6.62754455494407 0.0312425446494462 0.0869840106701781 -12.3293096657246 -3.17465561131944 0.0891743540412273 3.33462754609336 12.7152984453902
"etap[195]" 0.0210408216850238 6.4417217930998 0.0303665677494536 0.0531321314440407 -12.4604748196341 -3.2918805560382 -0.000414430919933583 3.32904431956515 12.5999503121578
"etap[196]" -0.0612296714240938 6.33092018833256 0.0298442439754718 0.0501894711361517 -12.729510987431 -3.26112480739376 0.0416342597124695 3.31280781177109 12.1226042065623
"etap[197]" -0.0452687144447029 6.48507136478052 0.0305709195901 0.0527767359192164 -12.8965366427326 -3.32113806470238 0.0146666856977366 3.2741171362591 12.5064025185842
"etap[198]" 0.0313365845501096 6.43145832088047 0.0303181852774215 0.0500217249163124 -12.5842850853227 -3.25449127496611 0.0026343790643936 3.33707845042629 12.3986875312742
"etap[199]" -0.099517985835947 6.53929215419967 0.0308265188426305 0.0664083703138994 -12.8712203550409 -3.35827115808278 -0.0308557379996634 3.19877648948834 12.3244192541464
"etap[200]" 0.0223054693136164 6.43322061402697 0.0303264928069837 0.058012928236486 -12.6103923547445 -3.23723901896912 0.0238601700637989 3.27775280938 12.6437075486985
"etap[201]" 0.0425953897072459 6.37432032780548 0.0300488341949768 0.0511879178430322 -12.4482121530516 -3.21819643575265 0.0359874392668041 3.31241123707029 12.5742230876967
"etap[202]" 0.0345884268119866 6.45489449724028 0.0304286644722822 0.0544461140282651 -12.5852055493979 -3.26801535422194 0.0258967505817923 3.28583324094763 12.6517246881325
"etap[203]" -0.0281534699421063 6.38914237627619 0.0301187060015415 0.0494792305606117 -12.5628448564478 -3.3202557663114 -0.00711134731661171 3.31784290649535 12.6447942909936
"etap[204]" 0.0414151678721909 6.48207085131812 0.0305567750339913 0.048284783151828 -12.4895117838278 -3.28797993053867 -0.0108245524813966 3.26191391166149 12.8761043715736
"etap[205]" -0.0244496890822991 6.41555761256633 0.0302432286195909 0.0449855749127441 -12.7725857025724 -3.2948359133985 -0.00792246466800021 3.28335116033161 12.5718976952992
"etap[206]" -0.0128636471383968 6.47993855616998 0.0305467232982664 0.0479243249622884 -12.6173293501378 -3.29143487637607 0.0136168980497464 3.26709801728747 12.6626138111157
"etap[207]" -0.0288965971266875 6.52515572412125 0.0307598790721623 0.0569099418560788 -12.9486284425475 -3.29598682354932 -0.032550754795066 3.32871893292958 12.6764735265492
"etap[208]" 0.00372253402830666 6.54099697462976 0.0308345554432093 0.0529574476652054 -12.47355484573 -3.32000853828894 0.00552500734305936 3.2768717331024 12.9017577223922
"etap[209]" -0.0602232059116979 6.37779421451765 0.0300652102539851 0.0429911786660769 -12.7670560652164 -3.31980186531569 -0.0261508896203313 3.2378615901603 12.3555605743023
"etap[210]" 0.0551750191650649 6.38670823162113 0.030107231333595 0.047415851495796 -12.4924332055561 -3.20442812196223 0.0269324839555587 3.28937391828789 12.5292477728294
"etap[211]" 0.0395342052678492 6.39058692971927 0.0301255156917774 0.0487754785619966 -12.4201313070393 -3.21232986638727 0.000205028939635429 3.31959714292955 12.6109192975265
"etap[212]" 0.0246889481093353 6.47085693877074 0.0305039121432854 0.0532742409965806 -12.7813597176373 -3.26931187814284 0.0359536476696623 3.28416004061156 12.6681782236083
"etap[213]" -0.0760916231538263 6.33525337388104 0.0298646708080416 0.0495398210456625 -12.9799369163978 -3.32673938943783 -0.00352214765499525 3.23541255140443 12.3285778643167
"etap[214]" 0.0298840261335444 6.47868808580194 0.0305408285244203 0.0488759308237014 -12.7361171206846 -3.29186600244991 0.0429169825545732 3.34789296831556 12.7265958427703
"etap[215]" 0.0319551834106159 6.5099561913569 0.0306882277875721 0.0608824047992513 -12.5831770676751 -3.31949546701032 -0.0255211882957661 3.26803099623471 12.7352232844617
"etap[216]" -0.0588595697749277 6.35215781984539 0.0299443591305322 0.0504759708291422 -12.6167740940892 -3.33219738928432 -0.010167846669893 3.21964834302902 12.2770959589681
"etap[217]" -0.0625734476734183 6.56508459969779 0.0309481055967312 0.0585974629572919 -12.5177836177821 -3.25365503802839 -0.0719122621551242 3.16559780626058 12.5727092949795
"etap[218]" 0.00900638567772503 6.43494439994916 0.0303346188117497 0.0563818807044267 -12.4866068586542 -3.2744606559886 -0.0116970409788871 3.25942755921432 12.4036356940113
"etap[219]" -0.0173952764547508 6.39473896908889 0.0301450885930708 0.0560387272393997 -12.5442970097064 -3.27042607882828 0.0304480204750131 3.26495840024169 12.3489686118661
"etap[220]" -0.0115286978952429 6.41077244366361 0.0302206711170559 0.051094103283614 -12.5291234334419 -3.31911338998496 0.00892056113321539 3.31895237202286 12.6444347053026
"etap[221]" -0.0534789389150085 6.3787788857213 0.030069852038554 0.0531270866888643 -12.781745324019 -3.32335257995934 0.018956096594513 3.30212842384121 12.3895037061212
"etap[222]" -0.0448995499566808 6.34906422143438 0.0299297757677676 0.0492095735424566 -12.9325732142227 -3.27201488331369 0.0101549362486114 3.28595627804222 12.5065441204425
"etap[223]" -0.00418892164964138 6.66765784812516 0.03143164052694 0.0637295390874556 -12.694531958162 -3.33208232905739 -0.0367184245669773 3.29152848238427 12.7462323911882
"etap[224]" 0.0693728556198221 6.29876885709274 0.0296926811465128 0.0503674155681869 -12.4209455500586 -3.19816516422283 0.0765182866005043 3.3190477795694 12.6178541483055
"etap[225]" -0.055630856692645 6.47308088965555 0.0305143959482966 0.0567404603181314 -12.8282748836729 -3.32249214806003 0.0210259832975857 3.27756452647826 12.3969462466048
"etap[226]" 0.0266176672369157 6.41512183124763 0.0302411743267538 0.0505462179806347 -12.3624980893989 -3.28143234203218 0.00537130994903874 3.31998297860153 12.5940293984632
"etap[227]" -0.0537989480062293 6.32425863563199 0.0298128411148864 0.0525825055586395 -12.6130434554257 -3.31848319843051 -0.00556067150327482 3.25268374148536 12.3452510128519
"etap[228]" -0.00602881531118896 6.41190572976736 0.0302260134789825 0.049399065393877 -12.5298234284731 -3.28977676176281 0.0170201902450698 3.24647862144295 12.6934586634189
"etap[229]" -0.0313927710338478 6.29690345665644 0.0296838875645252 0.0525614877287234 -12.8126645296563 -3.21851749222422 -0.0151884599148574 3.24153704162178 12.4300444458295
"etap[230]" -0.00736540463773975 6.4246308059632 0.0302860000634438 0.0480980479543472 -12.6395513987358 -3.29313124091342 -0.0375516871160039 3.24676990453735 12.6628981353571
"etap[231]" -0.0125200978064105 6.3997512565233 0.0301687167426317 0.0468012710702598 -12.9027476728614 -3.23323294862554 0.0292367700997313 3.27472221724151 12.4014113400489
"etap[232]" -0.00551565306580793 6.48339913587161 0.0305630366274255 0.0687826643792707 -12.4957192476673 -3.27813237724706 -0.0164262618079413 3.25644983688098 12.5984403622256
"etap[233]" 0.000819512246862199 6.34556172458746 0.0299132648392906 0.0548005320435688 -12.3447910291011 -3.23558149486582 -0.00807610555296775 3.22132489636281 12.4539944370664
"etap[234]" 0.00319418700975686 6.58679197202269 0.0310504351312157 0.0570011958970702 -12.783247360631 -3.26180615458239 0.0391855169879202 3.26807736041208 12.8256838761196
"etap[235]" -0.137661379208498 6.31830089929034 0.0297847560764351 0.0501258113478353 -12.7496431040985 -3.35246733953802 -0.0401950585828257 3.19454130091244 12.1869148186834
"etap[236]" -0.0395385944136735 6.49490517969101 0.0306172766381543 0.0586640576405828 -12.7417600680155 -3.2933697844693 -0.0278950906700582 3.2532511451923 12.447579441351
"etap[237]" 0.0300874695787485 6.39413012636653 0.0301422184809531 0.0546752636223334 -12.6107854086937 -3.26270184847796 0.00714839020473695 3.27739890685589 12.6147512086417
"etap[238]" 0.0234987402104031 6.5497384843735 0.0308757633153267 0.0555063594520173 -12.4348139866255 -3.2860273394131 -0.0147676649524815 3.29950099754115 12.962878528035
"etap[239]" 0.0138670183254309 6.47190930264484 0.0305088730341631 0.0536377649068924 -12.5974303369235 -3.18804152431203 0.0459820844832329 3.25099613791038 12.7577174572762
"etap[240]" 0.0611796473149543 6.46762880236938 0.0304886945623521 0.0504737166934557 -12.5863824292833 -3.22622471992158 0.0720494195235623 3.30448766757576 12.9480236907323
"etap[241]" -0.0405427127098038 6.44634074926526 0.0303883417176309 0.0490996047872259 -12.761484398485 -3.29535802837465 -0.0402319875366154 3.30434581975227 12.2753140280517
"etap[242]" -0.00112642870326385 6.54084613301655 0.0308338443690254 0.0530492460335739 -12.8465692181327 -3.29950247329966 0.0155334726042701 3.30395974676363 12.5272396195056
"etap[243]" 0.00791954667253195 6.42020148031222 0.0302651200220846 0.0489980571630486 -12.7121265918993 -3.267798716607 0.00343807954398681 3.25170499447938 12.8402670989939
"etap[244]" -0.00498105081545441 6.38022743520633 0.0300766805663123 0.0534755106663007 -12.2151316575475 -3.24834609976681 0.00840634580765298 3.2284144483898 12.4355330041967
"etap[245]" -0.0674965588168544 6.3867833124662 0.0301075852680929 0.0479825421209508 -12.8512126784719 -3.31334533344907 -0.0144098557347521 3.21721599990888 12.3468366035756
"etap[246]" 0.0426065038538608 6.53130363649605 0.0307888606090314 0.0655270633665278 -12.5583943091005 -3.24528319799573 0.00664169391704228 3.29621371030401 12.8934509650038
"etap[247]" 0.0524314605188609 6.31455796382342 0.0297671117094337 0.0435724157221906 -12.2547471253344 -3.18400569646277 0.00169258003000583 3.25325170019742 12.6578654652034
"etap[248]" -0.0201912939766587 6.40557613555661 0.0301961754857253 0.0454373706685663 -12.6495199055356 -3.26118187729342 0.0304026184663068 3.29541274705586 12.3827523716072
"etap[249]" 0.0520648330519203 6.35960897627413 0.0299794842187885 0.0572101131583024 -12.2664394862651 -3.29447075095887 -0.000967199474845764 3.3569771772502 12.6277576913473
"etap[250]" -0.0204179951388463 6.53822135005291 0.0308214710234738 0.0613298837549856 -12.9805233238223 -3.29161426754431 -0.000910323726907029 3.27559987051731 12.596507456144
"etap[251]" -0.0252973617941807 6.43819464357158 0.0303499406071225 0.0496228147846481 -12.6623539952949 -3.2578624829169 -0.0191291153856113 3.22454180261743 12.65334237888
"etap[252]" 0.0104886105354946 6.6351881682683 0.0312785769882084 0.0592446022223664 -12.6562592831436 -3.27084065825418 0.0230997175053302 3.31217780849556 12.6995941304599
"etap[253]" 0.00503063332430159 6.45471237859864 0.0304278059567723 0.0607837874899077 -12.5691139444332 -3.26166634728888 0.0120083482846683 3.29147343773338 12.7149602642486
"etap[254]" 0.0807976608990717 6.50645003331068 0.0306716996000361 0.0570015672064893 -12.2984599845713 -3.24845209384719 0.0179870010535201 3.27195896246491 12.8707309250448
"etap[255]" -0.0365161982875724 6.42782540345352 0.0303010595404343 0.0495495568109027 -12.6940566041375 -3.29979889389566 -0.0320449504979216 3.25627653765888 12.5830851330557
"etap[256]" -0.0855797471457696 6.45929727146735 0.0304494193490289 0.0545321449584403 -12.725962360813 -3.32617558868457 -0.0217394477580427 3.1843458700919 12.4664069644644
"etap[257]" 0.0332563734493203 6.51781512146269 0.0307252751393766 0.0535758863446226 -12.4714562194081 -3.29068229851792 -0.023916491760053 3.30986505557551 12.8121339001154
"etap[258]" 0.0614232857923272 6.4596887955535 0.0304512650112709 0.0507613853744996 -12.6253255966809 -3.27257656209551 0.0393180379455001 3.30092721692255 12.6159607774288
"etap[259]" 0.012665735544352 6.36819905971919 0.0300199782604883 0.0511605945412343 -12.6004182327691 -3.27829282587267 -0.0156326842312647 3.26062509710738 12.521230048613
"etap[260]" -0.0605621661389812 6.51562391718597 0.0307149457033563 0.0515855974813003 -12.856970177509 -3.30677057734335 -0.0199743537313237 3.28003006589925 12.4734075382778
"etap[261]" -0.002940297471178 6.50404477377372 0.0306603610978422 0.057615882637558 -12.7014332570729 -3.27529179475757 -0.0232496833667969 3.30085877714617 12.6297343652312
"etap[262]" 0.0453235838391907 6.420165115113 0.0302649485948914 0.0569080430832129 -12.274671847384 -3.22444907060602 0.0128366283400076 3.27150708717409 12.6761223517277
"etap[263]" -0.0668966464273106 6.4254284543321 0.0302897602139149 0.0616655353762546 -12.8334765197948 -3.29659907768128 -0.0120328040501133 3.26775676236123 12.3163121625301
"etap[264]" -0.0289857569445615 6.52464821017085 0.0307574866284565 0.0595767460925205 -12.9258245580914 -3.28912821563524 0.035742081888397 3.31025448513209 12.6398916541877
"etap[265]" 0.0162184336843767 6.45886834685574 0.0304473973790189 0.0575671229979064 -12.4728511280212 -3.26649072032463 0.0154495859721811 3.27962259314432 12.5887214586657
"etap[266]" -0.0183098065800244 6.31929770655197 0.02978945507093 0.0536176810820125 -12.5131042328463 -3.25150420222095 -0.00829257489740717 3.24649706821994 12.3552090100352
"etap[267]" 0.0503902178197307 6.54748876728765 0.030865158047279 0.0493593217202026 -12.526793645004 -3.22848724110282 0.0548340720061193 3.30735191452054 12.6547003536788
"etap[268]" -0.00225246922427057 6.38596475822385 0.0301037265663893 0.0598565446511104 -12.5442514155439 -3.2226844299093 -0.0243821933553499 3.23493845854591 12.4140417055822
"etap[269]" 0.109849377981476 6.40353902175743 0.0301865724391823 0.0601902788368929 -12.17414443012 -3.24303735380925 0.0391241805158415 3.32923007837915 12.946295968461
"etap[270]" 0.0631402338892968 6.38025250573231 0.0300767987499052 0.0447273518616537 -12.2858570512615 -3.27936416963071 -0.00400511789585228 3.30641203809265 12.533279516963
"etap[271]" -0.0200406289276228 6.38680207332364 0.030107673707623 0.0476044676683878 -12.8168128643407 -3.295799569086 -0.0427899305229289 3.20645969453012 12.6135532102089
"etap[272]" 0.0619070904730909 6.64248448397526 0.0313129721503022 0.0585287253416605 -12.6288399023916 -3.29616176004974 0.00756263943483414 3.32342556050545 13.0711424713616
"etap[273]" -0.0178923820183759 6.54473623760932 0.0308521824979392 0.0526078571353228 -12.6720823122996 -3.29123667759778 -0.00721328375348805 3.27418164687135 12.6422975668569
"etap[274]" -0.159020876227262 6.39193594795835 0.0301318750247427 0.0547162523947624 -12.8609354079009 -3.34341706526462 -0.080675523547188 3.20873141490636 12.0511305892311
"etap[275]" 0.0243906282698171 6.28266261043582 0.0296167555716423 0.0524201644556477 -12.3001626080791 -3.26303659563175 0.0317020308327525 3.31459914980508 12.4010345074844
"etap[276]" 0.0812404120709999 6.49580192828879 0.0306215039515844 0.0501476354654051 -12.3818444846595 -3.23807766557027 0.0100083141804096 3.28853808305373 12.8997992362661
"etap[277]" -0.0513063014156236 6.33345082262842 0.0298561734999471 0.0550335026175207 -12.6714062745668 -3.29594733324346 -0.0245223725556887 3.2579808516659 12.356914761159
"etap[278]" 0.0840324636003594 6.34168728426528 0.0298950005524566 0.0473226614196089 -12.3100775982837 -3.22225916954232 0.0317773929180757 3.37309669741042 12.5713583597018
"etap[279]" 0.0387558857891549 6.40243695965258 0.0301813772685982 0.0500946760878464 -12.3757757873531 -3.18396959380566 0.0489057622098536 3.27401897362343 12.3890746406964
"etap[280]" -0.00487456888977892 6.33127724061094 0.0298459271360536 0.049297834046119 -12.5698787716694 -3.27625230296536 0.0169983088004418 3.30800105614626 12.4831164647206
"etap[281]" -0.0232715698558728 6.48417110425602 0.0305666757212886 0.0525037930679922 -12.8610844792986 -3.27225132936641 0.0092923419519856 3.28220253798326 12.7308960015089
"etap[282]" -0.0140105277346566 6.4931798114747 0.0306091431743823 0.0473782718039714 -12.8085348741075 -3.30130529579289 -0.0162818752626052 3.27149851527592 12.7283283577008
"etap[283]" -0.0107630652421608 6.4564086905364 0.0304358024479336 0.0458856191890181 -12.5342290092432 -3.24040824529977 0.0193162440425401 3.284693734551 12.3370855953045
"etap[284]" 0.0148532641414943 6.47663170100524 0.0305311346335238 0.047567365310013 -12.6732117804339 -3.26021603445208 0.0215170700988744 3.31855406677782 12.7684645062267
"etap[285]" 0.00369974587125229 6.32786842846375 0.0298298578414865 0.0486254812743442 -12.4018727510216 -3.26172844968894 0.0037278029772202 3.27799124327879 12.4741348419496
"etap[286]" 0.00336644366273218 6.36942126488704 0.0300257397909028 0.0459158056375654 -12.6268354818423 -3.25554828174048 0.0329601450681753 3.3040150659002 12.5563960186433
"etap[287]" 0.0450847161783492 6.3391941613954 0.0298832478585391 0.049988399224418 -12.5577396498956 -3.28373178288907 0.023375928377502 3.31912596229642 12.5324536399416
"etap[288]" -0.0342446662343862 6.39807474707869 0.0301608136013183 0.05199774523271 -12.411868234463 -3.33918194926859 -0.0108832167995132 3.24165837733722 12.1491590156016
"etap[289]" 0.0194488124955951 6.31132798983456 0.0297518854660299 0.0496511492354794 -12.4267277605214 -3.31501922638788 0.00846709709416388 3.28060017740057 12.5899088646053
"etap[290]" 0.0274008659117333 6.37861537720141 0.0300690812519994 0.0493187784967768 -12.6879318593754 -3.27916000311944 0.0402016967129149 3.33435749450755 12.6694480952797
"etap[291]" 0.0110319154898339 6.24451198575245 0.0294369118021749 0.0456903203587931 -12.2547606174536 -3.21542935706182 0.0070375453027219 3.195064452933 12.4040772608731
"etap[292]" 0.0101498263143761 6.55009557335848 0.0308774466489451 0.0557106180558996 -12.575179987892 -3.30732061620229 -0.01009498968302 3.25265259586411 12.7464559083768
"etap[293]" 0.0357321017713278 6.40773562500256 0.0302063554165995 0.0567815792938681 -12.6219699285818 -3.25747094243579 0.0190324317352359 3.3644809930705 12.612578485796
"etap[294]" -0.120760798660948 6.36451932488044 0.0300026318241052 0.0443823423704937 -13.0623446767212 -3.32957888200166 -0.108494593839319 3.11463716134696 12.1220206634647
"etap[295]" 0.101954197406619 6.32408574362462 0.0298120260941476 0.0572197699673532 -12.2603268167468 -3.22404186270259 0.0501674505797043 3.32405115259638 12.8842077823436
"etap[296]" -0.0637399970557644 6.39404646298223 0.0301418240879773 0.0575419435838873 -12.9090108408471 -3.27258426032645 -0.00939949264034041 3.17737795487067 12.3611590294713
"etap[297]" 0.0195902370222466 6.43310652378897 0.030325954980444 0.0558832394149618 -12.5074383220486 -3.24406818987554 0.00635624048939765 3.30563848277657 12.4247679267062
"etap[298]" 0.0121431227193292 6.35287959765078 0.0299477616237369 0.0510656599192721 -12.4910268698471 -3.3044714011955 -0.0433240241981116 3.29318982596126 12.5555815910273
"etap[299]" 0.0153229881255144 6.56070472467112 0.0309274586678505 0.06715482510764 -12.5338960582051 -3.24015781385195 -0.000985817408184875 3.25142631884172 12.7046100867994
"etap[300]" -0.00486951770443874 6.43017812691526 0.0303121503851946 0.0520939859858643 -12.6100561323815 -3.28088955342656 0.00142123649818476 3.31427580573172 12.7915642436844
"mean.p0" 0.617074870620099 0.229250808838606 0.0010806986768152 0.00745622554447167 0.18090747125866 0.459245034782463 0.618968173731871 0.766684793661417 1.07232819126444
"mumup0" 0.951532880359861 0.0225276250269766 0.00010619624280402 0.000391793162554711 0.900454931725714 0.937902806016721 0.954227859822672 0.968203815596138 0.987020988144978
"mupsi" 13.647076192241 1.44848422390828 0.00682822011444851 0.00863629682747247 10.9121890493721 12.6470123936851 13.619290483468 14.5999260646473 16.5776852347631
"ppo[1]" 0.635820557700477 0.08041150057786 0.000379063448959939 0.00167827602913645 0.451684456652247 0.590631331588692 0.643111386250783 0.68755881018658 0.778922539229683
"ppo[2]" 0.614156222550142 0.090015476674092 0.000424337026453266 0.00229062539085792 0.394444307152735 0.569921606834206 0.62647281921496 0.673799048574442 0.75569089646836
"ppo[3]" 0.636431773515752 0.0804600424494566 0.000379292277537121 0.00170954347981369 0.454280852607205 0.590164878694575 0.643633018152413 0.688011326130574 0.783114393940729
"ppo[4]" 0.655811253946293 0.0780512191972361 0.000367936975828289 0.00159013216741255 0.493205911196104 0.607565793141656 0.656352772678711 0.704780810508269 0.812505676158773
"ppo[5]" 0.674103437239334 0.0799354115636178 0.000376819143823811 0.00188393280215544 0.52484884568501 0.622111072614623 0.66990285628911 0.721433177088887 0.847612267237039
"ppo[6]" 0.655113665453862 0.0780640008700274 0.000367997229211659 0.00170587300893103 0.493418128093826 0.606477866415754 0.655870079494168 0.704136675692164 0.812326900917286
"ppo[7]" 0.635357880676022 0.0808586053471386 0.00038117112105499 0.00176554053039186 0.452470107556801 0.589336593164247 0.6423724644132 0.687121161392471 0.780923672922043
"ppo[8]" 0.655289083056152 0.0786043872802877 0.000370544635179367 0.00167769167925811 0.493972988537788 0.606620098470595 0.65575691223208 0.7037685520969 0.813980034133103
"ppo[9]" 0.633959295340366 0.0821794821029937 0.000387397793796169 0.0017794507455919 0.443838270782847 0.588245100417072 0.64184685212105 0.68674243193774 0.778929359271124
"ppo[10]" 0.674271978618622 0.0802603425751456 0.000378350883301606 0.00191026710235894 0.525992879753003 0.621207278284253 0.669573873688302 0.721465559847018 0.850018612326232
"ppo[11]" 0.614030316248632 0.0901193826589778 0.00042482684396339 0.00228286538327769 0.394200234402626 0.569306991517533 0.626503042913548 0.673616934958532 0.755697570950792
"ppo[12]" 0.634322356490387 0.0820365292811035 0.00038672390773118 0.00187155089669435 0.446508142584018 0.588662553096939 0.642493658711046 0.686996298613068 0.778797215004065
"ppo[13]" 0.674308802704553 0.0792909520312762 0.000373781132453684 0.00185862321279563 0.526020623863959 0.622711847729199 0.669888232808853 0.721105973101857 0.846047712771066
"ppo[14]" 0.614669777849126 0.0899969915309292 0.000424249886652722 0.00212601573377473 0.391675913902722 0.570231008553069 0.62730263384015 0.673968455572877 0.755942679346774
"ppo[15]" 0.674902724109265 0.0801060764700443 0.00037762366590811 0.00195996297237006 0.527443261673745 0.622079248750593 0.669572233784055 0.722341789943133 0.850363130502941
"ppo[16]" 0.635454842655659 0.0819230790169659 0.000386189098057186 0.00175971839674399 0.446564114882101 0.590018995617681 0.642726905006343 0.687919535121059 0.780880491590346
"psi0" 0.999996821622832 0.00000708457373052157 0.0000000333970008444525 0.0000000476748097533938 0.999981765721114 0.999996782852983 0.999998783206815 0.999999543613829 0.999999936845725
"sdeps" 0.294109605157457 0.245009482110732 0.00115498577503668 0.0108771957048484 0.00535867557430464 0.098935529194509 0.242046620920351 0.431598882271016 0.893015796710602
