"Mean" "SD" "Naive SE" "Time-series SE" "2.5%" "25%" "50%" "75%" "97.5%"
"N" 50.1609555555556 0.434239756490895 0.00204702584317005 0.00693923809709497 50 50 50 50 51
"betapsi[1]" 0.0251761850402165 2.79114089403077 0.0131575643561083 0.0203280768473493 -6.13106085983971 -1.23519052741777 0.00918452444022556 1.28506774869326 6.13976881075738
"betapsi[2]" 0.0186807398263782 2.8344641165238 0.0133617919854928 0.0205199001815312 -6.062905037655 -1.2719731373071 -0.00523068630368163 1.28955711871231 6.2074827343301
"betapsi[3]" 0.00185889034470861 2.82658309263264 0.0133246404825852 0.0209580597646787 -6.12886310638476 -1.26909332184921 -0.00237795959520764 1.25005338074349 6.22766200822308
"betapsi[4]" 0.00642345975689869 2.80938101864327 0.0132435491281295 0.0209653266649181 -6.14268988032129 -1.25472103912649 0.00105659725568156 1.26952440936475 6.17091057932415
"betapsi[5]" 0.000901687993739478 2.80379863077578 0.0132172334993541 0.0201221968442773 -6.13570875989382 -1.28782571937897 0.000504948635297253 1.27530978044544 6.16945112010574
"betapsi[6]" -0.00179964008675794 2.78980269198353 0.0131512560111602 0.0210340300806942 -6.0653423557218 -1.26871863820706 -0.0078141646105537 1.24035202361803 6.16257867385803
"betapsi[7]" 0.0175136799206356 2.82913253847889 0.0133366586855595 0.020476178029952 -6.10542677546792 -1.25634626831427 0.00144596041399493 1.26248301751517 6.20074980848958
"betapsi[8]" 0.00733956579785299 2.78557819148258 0.0131313415248179 0.0200612105528314 -6.06632776963797 -1.28492190783728 0.00462510687814498 1.27323877679187 6.16802501857402
"betapsi[9]" -0.0587780139308124 2.81420647935965 0.0132662965680955 0.0207569647544106 -6.28910127596149 -1.33170723336117 -0.0129809901463944 1.23076070291231 6.00921699321385
"betapsi[10]" -0.00489745275387015 2.81426373101055 0.0132665664549661 0.0197601491744098 -6.21554269797621 -1.26293264826262 0.000900319484096473 1.26430919855193 6.17387611395806
"betapsi[11]" 0.010807512446938 2.80597913026806 0.0132275124725365 0.0212744203014861 -6.20326843689119 -1.2433034022626 0.0070918880369626 1.28003869508208 6.07585894147878
"betapsi[12]" -0.035466014275087 2.83456904880436 0.0133622866410071 0.0206288927512072 -6.27562736494635 -1.3111613813899 -0.0108862373915325 1.2449307135048 6.02244926428916
"betapsi[13]" -0.00783562135839715 2.80195651051592 0.0132085496611707 0.0203896089701295 -6.14441188421667 -1.27966138717583 -0.00382263399156549 1.26474669347592 6.12937874304549
"betapsi[14]" -0.00646688950444339 2.79816332495959 0.0131906684129762 0.0205156153128798 -6.05231256436297 -1.28242811533697 -0.00111921588408993 1.25246299100276 6.11365588497644
"betapsi[15]" 0.0325651863485409 2.78810212231385 0.0131432394488582 0.0210965085005847 -6.0330066275293 -1.22125079463141 0.0123738085245144 1.27935866329845 6.13717160120398
"betapsi[16]" 0.013564391988992 2.81131839640138 0.0132526820144661 0.0209863414200962 -6.10077212489417 -1.24368172999403 0.00370152530833048 1.2705283187048 6.20349155505747
"etap[1]" -0.0942009136843096 6.87007903621145 0.0323858631586177 0.570603670467939 -14.0143628036372 -4.02616534161275 0.107217730322263 3.86678193547573 12.6819277770602
"etap[2]" 0.00548133769278378 5.04131255861865 0.0237649753085343 0.10154539104614 -10.1866063104616 -2.48461801440274 0.0535443558306872 2.53391132584204 10.0330055176535
"etap[3]" 0.0944308605542365 6.36349086018723 0.0299977835950467 0.28935742264009 -12.3884155897391 -3.06525040551356 -0.0632388198134605 3.09158954668857 13.5926437595805
"etap[4]" -0.104370503264198 9.26236999675954 0.0436632308971166 1.29036330224314 -18.6972656506154 -6.16871370871745 0.598483121529535 5.86480746585746 17.4942797114503
"etap[5]" -0.0199705794215982 6.39957278296118 0.0301678754101914 0.278544773285304 -12.4344551832127 -3.14080999871544 -0.0322873530081556 3.03311529338317 13.1635910647617
"etap[6]" 0.0581897656262463 6.31610645049515 0.0297744113456081 0.269708482076306 -12.506995931791 -3.08168019153328 -0.0722294825890271 3.03941043758824 13.6234266730052
"etap[7]" -0.0599982180244516 5.05214798975805 0.0238160540207727 0.0944327049283583 -10.0394144567954 -2.53688089872627 -0.0329654356583673 2.43948445220437 9.79612389226457
"etap[8]" -0.00871333534243459 4.94721633656933 0.0233214014639003 0.0938913957304198 -10.0962514016281 -2.53841450388241 -0.00290560031260719 2.49680303915462 9.79796216255104
"etap[9]" 0.0333424554430498 6.58539830884045 0.03104386533997 0.281509752423738 -12.6298846232549 -3.04948872265126 -0.0147436446031608 3.07414274211408 13.7199105732078
"etap[10]" 0.0480580250311688 6.47886397468879 0.0305416576725845 0.293976783259185 -12.773127510756 -3.08647503441541 -0.0746443649871002 3.05666955000554 13.5211979149804
"etap[11]" 0.0192799137617096 5.18614060026796 0.0244477012442423 0.0984609506142467 -9.99776103613442 -2.57823416740319 0.00498241777151139 2.52870060611217 10.0871507421338
"etap[12]" 0.0347945343713843 6.35378981164124 0.0299520524136368 0.258202192301891 -12.4808343664519 -3.13996275510497 -0.0830700020060553 3.04197135650203 13.6083046491172
"etap[13]" -0.0313197952774293 6.72280415459816 0.031691602708703 0.619686619946055 -13.7679648350023 -3.96211386084313 0.189934866177904 3.89921727270871 12.8225083959914
"etap[14]" 0.0423863997289649 6.96811608426152 0.0328480142351758 0.613988555048142 -13.659291719018 -3.95801635893744 0.174186441838022 3.91139162463775 13.2622943590689
"etap[15]" -0.00721101698493491 6.57954744125381 0.0310162840856611 0.271389719104983 -12.9736708695656 -3.08579753021602 -0.0696460774313285 3.1100485853774 13.2855946217722
"etap[16]" 0.0790238104638236 6.50882409195617 0.0306828910198172 0.286716766510143 -12.7679940465092 -3.04100035595907 -0.0386585342984433 3.14801332733898 13.7543961268118
"etap[17]" 0.0377556576952484 6.55638947199559 0.0309071163716545 0.276012344981237 -12.5955394141359 -3.09162769190628 -0.120592267053316 3.0320129255657 13.6382050719127
"etap[18]" -0.00381426821562045 9.52252429670425 0.0448896100280882 1.30318135917096 -18.7149784508888 -6.14056055612695 0.742686805857863 5.8545780966641 18.2044396507876
"etap[19]" 0.0894718803318184 6.42346891582836 0.0302805228608216 0.284434829103797 -12.3383739212344 -3.13438014461283 -0.0606697658958332 3.10281466794342 13.7170015920169
"etap[20]" 0.0722117643409432 6.47136417699767 0.0305063032872184 0.27184580043537 -12.620418478573 -3.09404596969683 -0.0456680726378865 3.08017696195307 13.8345293935222
"etap[21]" -0.0413363673227734 5.00068756480807 0.0235734672511402 0.101574167607115 -10.2496734066415 -2.52946450918532 -0.00138362350547448 2.46042686107446 9.76830108719675
"etap[22]" -0.0859002948524379 12.2739173395825 0.0578598012169464 2.24484318809237 -25.1382546672228 -8.23547873380709 1.8983274643766 7.83549158565044 22.9483328715327
"etap[23]" 0.0246185880016055 6.43390779955728 0.0303297322306398 0.260530593625136 -12.5826850407887 -3.15551640293377 -0.0691419783210146 3.07671047126115 13.4467892144881
"etap[24]" 0.0303128866470353 5.12984011392244 0.0241822982063822 0.113592811816818 -10.2660437733894 -2.47589547052283 0.0458922465317916 2.50834081074859 9.91276527342367
"etap[25]" 0.0717334342756586 6.62485974448205 0.0312298883315536 0.303886544913066 -12.3413177368303 -3.09597852873602 -0.0510401736467742 3.06380762435828 13.9305614244624
"etap[26]" -0.0810880797709534 4.96982365940574 0.0234279734057809 0.0935471263067162 -10.3250164201294 -2.5672981471516 0.0198345090744346 2.4451071246648 9.69244786672489
"etap[27]" 0.017162970765807 6.84119810915447 0.0322497171628248 0.590254678061962 -13.7763993278753 -3.94427069162543 0.213865380405562 3.9353808550955 13.1653648609077
"etap[28]" 0.00383860259606737 5.03508361371514 0.0237356117806616 0.101326098845029 -10.2159576314581 -2.48249024587351 -0.0051998149097354 2.49649591313635 10.0327481728704
"etap[29]" -0.0815355759895141 6.88699975449871 0.0324656281895742 0.596986617154211 -14.0731368045179 -4.01593277708836 0.105189074898847 3.84622228128945 13.0296139946359
"etap[30]" 0.00753382299943369 5.05352894983356 0.0238225639289989 0.0984002040463812 -10.1148538798193 -2.51790347673554 0.0582743999383405 2.51978542069723 9.78528516524122
"etap[31]" 0.0771190054059985 6.39500509452848 0.030146343120424 0.293484888601287 -12.2877406836311 -3.10243785456115 -0.0508361353690814 3.0325276638846 13.436263445602
"etap[32]" 0.0222216481258128 6.61709047062728 0.0311932636233695 0.270308933697613 -12.8858890072726 -3.09478360430915 -0.0635765387364875 3.06943221922781 13.456444951277
"etap[33]" -0.00601981058549294 6.6350927882057 0.0312781273622814 0.304100595242884 -12.7353869610193 -3.1567708264035 -0.0874761016076369 3.08995778343016 13.5414346694169
"etap[34]" 0.0338253952714101 6.49998331987524 0.0306412152205549 0.25256590269473 -12.8032892661105 -3.10062840112675 -0.0497252024927693 3.02531636335616 13.5373252965222
"etap[35]" -0.0283144858546179 9.46074136821325 0.0445983625101045 1.29181679125043 -18.8143389186705 -6.11686826846316 0.605936283630782 5.79193907004569 18.1681961455602
"etap[36]" -0.0155785374853748 6.49741388338088 0.0306291027807616 0.275688942658671 -12.6456956618714 -3.13948395150074 -0.0920366559957433 2.97986434049925 13.3522780629374
"etap[37]" -0.0635941069478169 6.75490121737628 0.0318429097136802 0.595832381069814 -13.7734373239937 -4.00521681660625 0.193994476975764 3.86056765503621 12.8012803162397
"etap[38]" 0.0138168625202135 6.44225522865923 0.0303690823887962 0.277451486380263 -12.6593444026136 -3.08678764547667 -0.0629131678318736 3.03340262094986 13.3309897796404
"etap[39]" 0.0702768269907149 6.45027714703195 0.0304068980746594 0.28072318041403 -12.1881293758212 -3.04797210768568 -0.1085381625118 3.04137252901816 13.7555144893891
"etap[40]" 0.141384763308859 6.7071998934574 0.0316180435162494 0.2881570052816 -12.4079856179583 -3.06601392060815 -0.010145704599117 3.11848472287437 14.007331006918
"etap[41]" 0.0128940745909186 6.54856954700293 0.0308702528917166 0.260964336587175 -12.7270835266243 -3.114279216141 -0.0914164320074554 3.06037332546044 13.7526272795923
"etap[42]" 0.0341814925173306 5.12694503705737 0.0241686506831599 0.0972069979615591 -10.161716136807 -2.54081720033914 0.0117587566056312 2.51943719377401 10.2742329449599
"etap[43]" 0.0351085599281298 6.28973133325985 0.029650077850597 0.257386653529597 -12.555885749902 -3.0463736526726 -0.0625658652891009 3.06783564365082 13.0729079013134
"etap[44]" 0.049890268145471 6.49746118529823 0.0306293257641384 0.277148733894021 -12.583318075634 -3.065588377392 -0.0569847551370043 3.10767130389849 13.628705855735
"etap[45]" 0.163493022477511 6.3464440884055 0.0299174243422187 0.259608901611061 -12.0321638937294 -3.0315540920966 0.0238741252474654 3.14211602367006 13.9014271049522
"etap[46]" 0.106892499014279 6.46425918381878 0.0304728100281712 0.269816692883732 -12.4173869030703 -3.06820221654516 -0.0460909392008269 3.06216343080644 13.9550612895689
"etap[47]" 0.0128945515432945 5.17273900466413 0.0243845255167077 0.11222862600778 -10.1414783312001 -2.53506630643533 0.018976868637608 2.48715361321871 10.1009455649191
"etap[48]" 0.10077506745593 6.43504091763247 0.0303350738004722 0.27287711453412 -12.3544970271847 -3.12287304532711 -0.0214001119906537 3.09757862103324 13.8729189343853
"etap[49]" 0.0351364676031272 6.60188458383481 0.0311215823856035 0.304904302902086 -12.4960056825426 -3.09267569753859 -0.0537366397357836 3.09282801501576 13.7580340280262
"etap[50]" -0.155208181455998 5.21320604029161 0.0245752889520858 0.0967605727147795 -10.5253533817754 -2.53331629355344 -0.0178907383100726 2.41032884392554 9.45680864493186
"etap[51]" 0.0732161943936979 8.32754607217662 0.0392564286551966 0.171759996701163 -17.1329574882951 -3.80947378173544 0.0636029245972911 3.99911099879037 16.2588819117932
"etap[52]" -0.0427647732349034 6.82965225189171 0.032195289469724 0.0803931852235759 -13.9936956352725 -3.26234659921817 0.00357856586969719 3.34098081753485 13.3693684842229
"etap[53]" 0.0248847414856497 6.76566204878374 0.0318936367594097 0.0666018078085031 -13.3572758335213 -3.28113234026705 0.0282178510715044 3.31125555999046 13.5128977564997
"etap[54]" -0.0378048912086631 6.61756208463884 0.0311954868331407 0.0660301500160563 -13.5844634814728 -3.25052289112536 0.00703108741588512 3.24307496509216 13.2761420961813
"etap[55]" -0.0198068901901429 6.66895215338112 0.0314377419404295 0.0607249312781198 -13.4258711875038 -3.31309505631733 -0.0367303120699629 3.23398346112873 13.6325332909456
"etap[56]" 0.0313133018633514 6.57494523707795 0.03099458908712 0.064707567829865 -13.3507384376592 -3.23620647576573 0.0212268199045993 3.3018294574058 13.3212951296741
"etap[57]" -0.0444256454038754 6.8967753192378 0.0325117106436871 0.0649938974513632 -13.9923286814716 -3.33347115820466 -0.0259524951370868 3.25768040398728 13.8104058724798
"etap[58]" -0.0842869832828744 6.5086500979808 0.0306820708043514 0.0587372327543965 -13.5499907221016 -3.28782375250495 0.0162547163815878 3.25845220521863 12.771208114221
"etap[59]" 0.155312592202166 6.77989047180945 0.0319607101887902 0.0849613542754807 -12.9516387764308 -3.20391354954267 0.0270424203717881 3.34227225516408 13.9532450997923
"etap[60]" -0.073290036387633 6.98992767736779 0.0329508350711353 0.0986511144474835 -13.7656191012408 -3.32114178485791 -0.00696083931579894 3.19704234163023 13.3175139862639
"etap[61]" 0.0397979724101013 6.7025585782586 0.0315961641465781 0.0605791938618775 -13.5342365550278 -3.19727366308644 0.0564788081931058 3.27900466789459 13.4179930265507
"etap[62]" 0.0593276142603327 6.76500099375395 0.0318905205161143 0.0744100666734855 -13.5116389717344 -3.25771950160928 0.0438784145533649 3.37346567651129 13.5998989436626
"etap[63]" -0.132638768177336 6.66940457062365 0.0314398746557636 0.06293762588917 -14.023795579525 -3.35775823903313 -0.0201050489474777 3.25956521996006 13.0759697518623
"etap[64]" -0.0997849510783279 6.6068954624473 0.0311452038939141 0.0596694924220799 -13.8041393864129 -3.34722339261578 -0.031132419629483 3.23492415009457 13.0875069318752
"etap[65]" 0.0828167280750119 6.57109016574161 0.0309764161065609 0.0583530814795354 -13.1242067711025 -3.22434738359914 0.023917142677528 3.35111592919098 13.6247870259206
"etap[66]" 0.0539872426239522 6.8171006203737 0.0321361205113151 0.0704212251175832 -13.4486106863734 -3.20257148498157 0.0423340140838599 3.28279190571729 13.8751176669838
"etap[67]" -0.11903848384871 6.64152654519251 0.0313084563835739 0.0607160312479215 -13.7436017630439 -3.3640776094193 -0.0500094032222062 3.21911606430626 13.0931307832258
"etap[68]" 0.0139442604897898 6.74849869310775 0.0318127279248336 0.0720590633113414 -13.6020563327775 -3.29052386931085 0.0400025291875766 3.3426654375278 13.4306498585425
"etap[69]" 0.0256010409973206 6.5517847272697 0.0308854093968457 0.0632473474290861 -13.3613248887151 -3.23911077830804 0.00445102199887859 3.26802319152391 13.4481671290974
"etap[70]" -0.0492730865082026 6.65956653194633 0.0313934976966815 0.060113085660744 -13.5637278389819 -3.337202869207 -0.0236408597030063 3.22381435078658 13.0688997650819
"etap[71]" 0.0535412520254454 6.48374785334096 0.0305646804973408 0.0630679947377511 -13.0365017325548 -3.22278034767071 0.0296584191773205 3.32298344125146 13.1273424645103
"etap[72]" 0.00451080788039841 6.67879988485197 0.0314841645917784 0.0522199896876073 -13.1880628051995 -3.27064825043218 -0.0504830629474185 3.26117484023388 13.413592401836
"etap[73]" 0.0521009226847048 6.9694490189605 0.032854297749606 0.085867448026774 -13.5437589095849 -3.30222486088155 0.0130702891786477 3.30852135235026 14.0328450154728
"etap[74]" 0.00496037128811439 6.88687239018158 0.0324650277884253 0.0585077361741554 -13.59430587835 -3.31820587359513 -0.0121694513570117 3.27633217076989 13.4234464957856
"etap[75]" 0.0948014557039976 6.66585049259697 0.0314231205712734 0.0687727035223625 -13.1302140796709 -3.25882953715822 0.0395770394965294 3.34312848656192 13.8457949200854
"etap[76]" 0.0788339778850668 6.92025917232845 0.0326224145888123 0.0775128266300952 -13.2280370018931 -3.27428763226499 -0.00982504094011259 3.29153812675693 13.9195769830834
"etap[77]" -0.00387512806726215 6.6978455138714 0.0315739465479891 0.0778762598394287 -13.229694126869 -3.24918105936567 -0.00147443569598157 3.28572242065166 13.3819863452554
"etap[78]" 0.083664677986685 6.91937831430988 0.0326182621842911 0.0714538389931842 -13.2425856406374 -3.2829466988699 0.0300901980424409 3.28688866006911 14.2437845537226
"etap[79]" -0.0285861907924046 6.61043660011939 0.0311618969769878 0.058047199298444 -13.6924022598412 -3.267008151478 -0.0331656724662059 3.21300875801103 13.3371031887608
"etap[80]" 0.119084411818107 6.7882475759358 0.032000105955449 0.0786682681308871 -13.4408381104115 -3.24952471641123 0.0739784522687753 3.35280213001004 13.944412159415
"etap[81]" -0.0403530424494732 6.58127598825127 0.0310244325343511 0.0628985964307407 -13.3131191543824 -3.26838812911073 -0.0328035207074013 3.2004501816683 12.9772479239722
"etap[82]" -0.00830661423608443 6.75354372585838 0.0318365104372955 0.0629101575576719 -13.794211745112 -3.30237627106218 -0.0238851984542351 3.2783355597645 13.9736118457399
"etap[83]" 0.0909755840238595 6.90375582048564 0.0325446170421433 0.094040854338126 -13.5942307668241 -3.23172962255474 0.0562925752740545 3.31831076905679 14.1953028851519
"etap[84]" 0.0701009278439519 6.78666960732621 0.0319926673400867 0.0593097590513208 -13.3417449191213 -3.24475284388386 0.0115569525357333 3.26867120720879 13.7130229538185
"etap[85]" -0.0442266177400227 6.74539195949594 0.0317980826421386 0.0728318717180565 -13.7165718158875 -3.26451583003982 0.000875821603629269 3.26553695313089 13.3277639876353
"etap[86]" -0.072619013524937 6.86684880485956 0.0323706357019929 0.082991370630535 -14.227450311896 -3.31124894234596 0.00252338379745662 3.37713217152727 13.6015369713927
"etap[87]" 0.0538264534694805 6.68162928313401 0.0314975025031911 0.0588170446781875 -13.0697362182751 -3.21264802467989 0.0210180560870739 3.24751817886917 13.8667360658958
"etap[88]" -0.105497466302624 6.44839713859387 0.030398035629891 0.0489791090450527 -13.4082281186631 -3.34905677630114 -0.0613164745570583 3.21189897428218 12.8077503091287
"etap[89]" -0.00889412372083442 6.53090322597896 0.0307869730557521 0.0561481657910469 -13.2110040139407 -3.28110850131703 -0.00339412067734928 3.2475826445269 13.3378427113251
"etap[90]" 0.0127000240166605 6.72491337395755 0.0317015456641166 0.0697724928710429 -13.1734905580051 -3.2987707432757 0.0207299360303588 3.26858045681023 13.80254070827
"etap[91]" -0.0548640837777908 6.79280479867075 0.032021588909444 0.0721074874970708 -13.6499228779743 -3.27117464786786 -0.0266314448216681 3.27184534576642 13.285331922056
"etap[92]" 0.0187513734260078 6.7869773594985 0.0319941180977397 0.0703663826728617 -13.2550009442474 -3.22691469814761 0.0141205607914155 3.29013325248809 13.6401854356075
"etap[93]" -0.122758568614738 6.70753450311623 0.0316196208813082 0.0752433298042442 -14.0123193247768 -3.36274184760529 -0.0661784739373189 3.25188008766487 13.2196554348242
"etap[94]" -0.0154862391143376 6.73837316773979 0.0317649957404952 0.0604260191818197 -13.496217632877 -3.26096527830696 -0.00746076817571601 3.23842829866409 13.697655219327
"etap[95]" -0.0452572601383781 6.75260361841582 0.031832078728311 0.07127287474297 -13.5907812200456 -3.29690568998059 -0.00893022748019318 3.3211611147322 13.3163250556248
"etap[96]" 0.162354789882525 6.63775650031358 0.0312906842215788 0.0697903968020302 -12.75476475741 -3.17635227110332 0.036299984877972 3.31544068489227 13.7740705670931
"etap[97]" 0.0697733331640871 6.57635495291964 0.0310012345513281 0.069198406104684 -13.0332964339791 -3.22421199484086 0.0121033413281166 3.25821605757377 13.4489766763774
"etap[98]" -0.00805891768611216 6.6867779720941 0.0315217736557105 0.0588197747027643 -13.5144997178938 -3.24419737748974 0.0189450159924319 3.27698795681892 13.4357085888241
"etap[99]" -0.0501211429444113 6.78419480161182 0.0319810009940683 0.0689462577753662 -13.7924655813967 -3.31689716125605 -0.0198343028489878 3.26244032453918 13.5082991115953
"etap[100]" 0.154700146713583 6.51771098174158 0.0307247842200234 0.0557003428401587 -12.6398451260466 -3.21604935358186 0.0828250254587279 3.359350235397 13.5253120440494
"etap[101]" -0.0556799734125674 6.84303222337362 0.0322583632601703 0.0724939690903158 -13.685576754563 -3.28978376111378 -0.00619779187256215 3.25079383067523 13.3056336584496
"etap[102]" -0.104054118862708 6.91666151587195 0.0326054550736339 0.0736927469612693 -13.8223082253542 -3.33763794168598 -0.0516135622790009 3.19939293963208 13.4553770745784
"etap[103]" 0.0817566860074033 6.43235225007497 0.0303223993000571 0.0554873713609664 -13.0858255607911 -3.21979975563577 0.0516260175064546 3.32402964782095 13.22015156325
"etap[104]" 0.0444894392885268 6.58578005547852 0.0310456649108799 0.0629264312059098 -13.2308546462674 -3.26199623936837 0.021033361563372 3.28388478877862 13.4904690741373
"etap[105]" 0.0969052917191934 6.75535542332541 0.0318450508610581 0.0657003473992416 -13.3089713597478 -3.204873172846 0.0449359697519638 3.3268910827081 14.0043233523913
"etap[106]" 0.0255036517422923 6.78405921152254 0.0319803618162577 0.0711778988340654 -13.2100836523104 -3.23689615345546 0.00105436654582014 3.26677865933035 13.5330052293751
"etap[107]" 0.0415560196529661 6.82784688275586 0.0321867788780007 0.0753374090538457 -13.8720223882185 -3.24489053618282 0.0396767930393158 3.32636495129486 13.7474433147293
"etap[108]" -0.00305242747896482 6.46070345663175 0.0304560481694645 0.0565512636526962 -13.0631821942179 -3.22544735004999 0.000991262401684128 3.20711977334083 13.1478696192857
"etap[109]" 0.0219374681137136 7.01634869372474 0.0330753849366809 0.110186582554697 -14.272744013783 -3.29396369663424 0.0274094272325549 3.32275175041775 13.8088088465521
"etap[110]" 0.0517271035638948 6.76400380873253 0.0318858197408427 0.0702240585249135 -13.5590442977202 -3.28478834836669 0.0230077237250511 3.33914967796187 13.6579876695207
"etap[111]" 0.0485545995104422 6.706123614812 0.0316129698900587 0.0547892000853526 -13.5543856560882 -3.19417520839568 0.000186535766875246 3.30603267509641 13.5624829148534
"etap[112]" 0.053073713172366 6.65468289323937 0.0313704760030378 0.0637652188622251 -13.2099172421757 -3.22982165139213 -0.00739434646108759 3.30372833123451 13.637866472009
"etap[113]" 0.07174242793236 6.79889268844831 0.0320502874970762 0.0665485502166741 -13.1088469712678 -3.2418234646344 0.0426083788350341 3.26438036330622 13.9867026993901
"etap[114]" 0.082745006120323 6.72220129322162 0.0316887607929199 0.0644524692381853 -13.1498897620008 -3.21584591863981 0.014483155497065 3.34043850913391 13.8517704116708
"etap[115]" -0.0862647904937104 6.88058901234871 0.0324354076612628 0.076071424165373 -14.0580611778708 -3.33328232375113 -0.0374117939269564 3.26645384616008 13.5879248101603
"etap[116]" 0.0288001502947331 6.82237259267941 0.0321609728270991 0.05916215229439 -13.4506469368859 -3.3143461615313 -0.0196002913483805 3.30628519152927 13.6898322371404
"etap[117]" -0.00293527756192309 6.79122892123007 0.0320141601519465 0.0630399532852185 -13.5937545444958 -3.32238267295853 -0.0215305616070386 3.31138319477979 13.7924839493226
"etap[118]" 0.0206669245787945 6.73919647113199 0.0317688768299059 0.0669891983753902 -13.6635537660651 -3.24707388188848 0.0502148284456405 3.27714414564089 13.8566895171673
"etap[119]" 0.0223154834361967 6.79058066074086 0.032011104222694 0.0710738285478843 -13.6988063982912 -3.17978505263667 -0.0101811262879531 3.29323361894648 13.7663920042679
"etap[120]" -0.0510482693185791 6.60256683655424 0.0311247985557661 0.0563566379033884 -13.3745533414455 -3.28974396522851 -0.04877617217315 3.23928226506985 13.4069980224244
"etap[121]" -0.0482006176531259 6.83809444329167 0.0322350863416373 0.0811874624366448 -13.771827644792 -3.32859202725188 -0.00682590608307524 3.27995368044116 13.508686232447
"etap[122]" -0.0796816133568881 6.76355353186207 0.0318836971153193 0.0716441279505749 -13.3978760383406 -3.36327530284651 -0.0702815519820023 3.2008292547237 13.1094114588483
"etap[123]" -0.0824888387303297 6.80580604561984 0.0320828773753213 0.0656075885023632 -14.0478743638976 -3.26662711892317 -0.0153428115377152 3.28637812981372 13.1195838992712
"etap[124]" 0.070175065197613 6.74481588225404 0.0317953669879771 0.0676737028483906 -13.4934889313965 -3.27831050264692 0.0425059012345169 3.3414151389206 13.6768303994548
"etap[125]" 0.0417460879412338 6.62086081521679 0.0312110371982139 0.0550302880226178 -13.1842904035102 -3.26740828237769 0.0112311447338237 3.27311576236782 13.5767976562101
"etap[126]" -0.0808867656307207 6.74838737861796 0.0318122031832965 0.0677789552411461 -13.4801370562522 -3.39766077461237 -0.0906592331619742 3.22259008923236 13.4056483345266
"etap[127]" -0.100134514449745 6.87605495293572 0.0324140339002146 0.0722065753695298 -13.9340029550085 -3.30648638464235 -0.0438884099046524 3.27267846401324 13.3817163804087
"etap[128]" -0.0783417109728249 6.80373406469404 0.0320731099635671 0.081569234199501 -13.6432209008381 -3.31032445231422 0.0000558613046113004 3.25268351884528 13.1670298930804
"etap[129]" -0.146162967903764 6.7136780970013 0.0316485820606214 0.0718584977405987 -13.9207121228098 -3.36954180078401 -0.0588690059183572 3.15386756892125 12.9757263363025
"etap[130]" -0.135442901004512 6.84002411978139 0.0322441829238464 0.078893725418509 -14.1458313265873 -3.27199811108178 0.00691037533407713 3.20193150399987 12.8893004011757
"etap[131]" 0.00733633336313832 6.64975892663133 0.0313472642018453 0.0589735441021839 -13.2576895326391 -3.26206460007631 -0.0219240160316865 3.27565076392009 13.2290796078216
"etap[132]" 0.0659918468305299 6.80750407842612 0.0320908819787346 0.0891642668432781 -13.1681447544325 -3.21813528900252 0.0212411849530328 3.21719492691054 13.9674599081772
"etap[133]" -0.00355082192389404 6.88115652063669 0.0324380829209882 0.0730432710057471 -13.6336668903487 -3.32361865912794 -0.0482769932381711 3.24935734231557 13.9499723916508
"etap[134]" -0.10569708830852 6.87010652932023 0.0323859927623754 0.0693132515195857 -14.2224942258692 -3.34304778929894 -0.0525984889593657 3.25906769681243 13.3374860722569
"etap[135]" 0.0792144069697758 6.62595916122575 0.0312350710317857 0.0547956631467727 -13.1489161312558 -3.28387802148908 0.00287236450351535 3.31196252446627 13.6894700223203
"etap[136]" -0.0634442777361967 6.70593049827947 0.031612059529994 0.0715925235970643 -13.7302396896204 -3.29875741146682 -0.009000349936909 3.2789754408695 13.3097174434024
"etap[137]" -0.0495491517793649 6.67875967262913 0.031483975029542 0.0574145757531329 -13.6832066907913 -3.31553786677466 -0.0384994508623445 3.23355531193923 13.6042675682355
"etap[138]" -0.0426090835607052 7.00422061327561 0.0330182126171586 0.0714321366459313 -14.1645381541402 -3.29999129645144 -0.00332743039587535 3.2791783688492 13.7741620455805
"etap[139]" 0.00473606206011835 6.85954238230909 0.0323361928957819 0.0812997789165851 -13.6524249013213 -3.27541729330847 0.0219581337192115 3.35209336071152 13.8354441303699
"etap[140]" 0.0365553864154501 6.62044911804682 0.0312090964391427 0.065046357682056 -13.3154451951235 -3.24652547072444 0.00412472887888344 3.23624103872789 13.6391101686188
"etap[141]" 0.063607836778497 6.81048145653609 0.032104917473746 0.0711705286427718 -13.4094347631052 -3.19936685748021 0.0650081452991218 3.31697950834302 13.3964564322937
"etap[142]" 0.0391870316187253 6.78215162821338 0.0319713693823004 0.061797652934958 -13.3102907352634 -3.25902882969117 0.0110383718568117 3.24205349612309 13.84959050861
"etap[143]" 0.0163172965469265 6.74130706873379 0.0317788262824165 0.0763124246837284 -13.2460420906898 -3.24245190236067 0.0592942066532517 3.29833753217073 13.5471881389317
"etap[144]" -0.0404660681224402 6.71942504373614 0.0316756734273369 0.0627855819200088 -13.4033292830877 -3.2940294879805 -0.0487538893204393 3.240198549025 13.3648214876533
"etap[145]" -0.0379201041867857 6.70567787106062 0.0316108686338636 0.0635639764880058 -13.5574103471276 -3.33047640188435 -0.0131330934020475 3.25857711809948 13.7780693981291
"etap[146]" 0.0202809451756939 6.67176496788259 0.0314510016751509 0.0628692867782614 -13.5179160008698 -3.17863522881706 0.022575661625022 3.22628745886916 13.6135659246666
"etap[147]" -0.0223013540530664 6.69839762812805 0.0315765492395549 0.0667988033249995 -13.2727853467671 -3.2503099511421 0.0368268864794659 3.285606307597 13.2513579178652
"etap[148]" -0.0314031126414164 6.70764585943984 0.0316201458200519 0.0730225919168029 -14.0899579455689 -3.20784747487037 0.0498258805510431 3.24419683971128 13.1266469353088
"etap[149]" 0.0372388552688772 6.62660467320409 0.0312381140044338 0.0599290288496355 -13.3910430446637 -3.29061201320312 0.0243143446608861 3.34226316939449 13.3276909107561
"etap[150]" -0.0132440729195719 6.70612477834853 0.0316129753750225 0.0601756618405132 -13.4858506936136 -3.27665076847748 -0.0231856030868597 3.22715101772692 13.4304577194787
"etap[151]" -0.0555813460840882 6.77999007472854 0.0319611797214536 0.0672705243577839 -13.7262134574669 -3.32543280018429 -0.0219043119796268 3.25211652762204 13.6742779857195
"etap[152]" 0.10907042827324 6.62783544300661 0.0312439159089235 0.0630179326600958 -12.7359320886283 -3.26067881529793 -0.00788990283969707 3.33144451688929 13.7875007324755
"etap[153]" 0.10981853591495 6.59576770932967 0.0310927471626552 0.0561775212453879 -12.8839773054486 -3.19458663492943 -0.00740111344170725 3.33200749720858 14.1462772119701
"etap[154]" 0.070264737191002 6.78263686891207 0.0319736568288908 0.0672443921002859 -13.19205995821 -3.26740546097593 0.0212677591836 3.31420742781629 13.8250263674622
"etap[155]" 0.0100604984563527 6.85057743071763 0.032293931708693 0.0754608879160991 -13.5153449303742 -3.25126628112942 0.00530401838662637 3.27857940568024 13.5250643661379
"etap[156]" 0.0987994317459801 6.7429981664304 0.0317867981934093 0.0637340355560719 -13.1482514066092 -3.20778893465566 0.0484088909495892 3.32979372013151 13.9683583537493
"etap[157]" -0.113580126842711 6.64484673768817 0.0313241079210974 0.063260165746902 -13.5560305456862 -3.29411671357851 -0.046032695448326 3.21116289381052 13.069083858551
"etap[158]" -0.0606040800735349 6.8516465770754 0.0322989717129574 0.0708997076169346 -13.6854961753545 -3.24142280120494 -0.00792016461351481 3.2681155343972 13.4478203337508
"etap[159]" -0.0211696880091288 6.56814730414287 0.0309625433239438 0.0662911725117254 -13.3662071918129 -3.28118274049226 -0.00118571755931603 3.22592145065083 13.1549464937261
"etap[160]" 0.0482009323735442 6.66199607415866 0.031404950668505 0.0616204784357416 -13.3355433137323 -3.25460104008891 0.0728151804041597 3.35110904243705 13.5553571482776
"etap[161]" 0.0452768805574392 6.65229005294678 0.0313591960457232 0.0632731030723694 -13.1315399362224 -3.29154676258838 0.0164632772301539 3.28941528182836 13.5692611712412
"etap[162]" 0.0551662211768705 6.7057608407796 0.0316112597568697 0.0644719717189602 -13.2101415725509 -3.29151973752403 0.0141490572053442 3.27593881910399 13.7487168601366
"etap[163]" 0.0959823950202053 6.80073538680179 0.0320589740604191 0.0701077844889199 -13.3219714707709 -3.25715420356293 0.0620518952207861 3.35675416757613 14.1835438734588
"etap[164]" 0.055219307172889 6.6240223940016 0.0312259410235339 0.0726923188979106 -13.2756353908775 -3.19328385558767 0.0330570528870254 3.31983647283337 13.5393729009049
"etap[165]" 0.0140174765484387 6.63194112542886 0.0312632702814713 0.0669169509694923 -13.3973208065119 -3.26309238274911 0.0395650296113608 3.25365507744933 13.5517547957266
"etap[166]" -0.0884238553252062 6.98043111042743 0.0329060678252585 0.073987761515574 -13.9389375982666 -3.31893397482105 -0.0329545519593225 3.2653620234943 13.7339940235972
"etap[167]" -0.04553535889057 6.73652722154181 0.0317562938666665 0.0664599802479877 -13.6032540854087 -3.30515812299064 -0.0209045630441944 3.2339276021619 13.350479151191
"etap[168]" 0.0163230122471672 6.77754846016628 0.0319496698400268 0.0629091390353999 -13.438222693887 -3.28727513714459 0.0171725070107181 3.29822531232975 13.4169968567731
"etap[169]" 0.000311270288666271 6.79002142215961 0.0320084679467399 0.0653363113777842 -13.3805261957476 -3.26163358344218 -0.0518026457014981 3.22741135402709 13.7880684104603
"etap[170]" 0.0464649568041975 6.76076878276717 0.0318705696821933 0.0668134125804871 -13.3610764416716 -3.25206634107194 -0.000285748874098124 3.3024645124663 13.820348939363
"etap[171]" -0.00845396831239003 6.92497530131656 0.0326446466340686 0.0782822196086683 -13.6285933618789 -3.32187714468811 -0.0586602107580205 3.25122435453095 13.7516963463287
"etap[172]" 0.181078174318496 6.84863290860193 0.0322847651435318 0.0755007712413493 -13.092875302977 -3.17253341285552 0.0512749353539518 3.35620892039121 14.0130401387694
"etap[173]" 0.0199392057731863 6.76861575385091 0.0319075606586271 0.0572779398504744 -13.4368156415075 -3.27940010766282 0.00647739946532187 3.25881298362582 13.5150249786791
"etap[174]" -0.0387082753669845 6.87807510669378 0.0324235569963571 0.0753472341329527 -13.8253009604447 -3.31329366032507 0.0080384486528552 3.28303310609493 13.5287044851969
"etap[175]" 0.0874442620732158 6.83659426521927 0.0322280144343841 0.0642880919500683 -13.3791481118465 -3.22516637206642 0.0370971176414638 3.35555843368399 13.7364247531674
"etap[176]" -0.010544073724664 6.71431320577025 0.0316515759920702 0.0586600831763759 -13.5817863749402 -3.24749705940486 -0.0303229590582027 3.23882562866318 13.3621306019556
"etap[177]" -0.0268872566964092 6.78059508235067 0.0319640317547354 0.0726221296000326 -13.6664460907736 -3.31017234335448 -0.0139247614406087 3.28806920236969 13.4940849410442
"etap[178]" 0.0420660858265867 6.96655140511871 0.0328406382669608 0.072001242659159 -13.4497255272213 -3.30716507478231 -0.0127517556163798 3.31665819976738 13.8640522953708
"etap[179]" -0.0777650735431295 6.73574123990161 0.0317525887136821 0.0661958389156947 -13.9817719766756 -3.30430952242419 -0.019493067591419 3.25674974167824 13.1951145364673
"etap[180]" 0.0522597532455658 6.72631002920609 0.0317081295600981 0.0787998923572142 -13.4270344321481 -3.24880815057666 0.00716969888630603 3.266903632915 13.4094689399597
"etap[181]" 0.041243272433834 6.68899018033945 0.0315322021053884 0.0628413175934904 -13.1020870984062 -3.23033929670722 -0.00972256013548067 3.2593546957594 13.488351999966
"etap[182]" -0.0243703149637641 6.73828658728042 0.0317645875962956 0.0696177388105686 -13.2942627559965 -3.33360853251221 -0.0275015047685027 3.26419569315851 13.5004128845713
"etap[183]" 0.0549519197145641 6.73759837444428 0.0317613433298734 0.0667470266169583 -13.024265944893 -3.25227363635388 0.0211017333436306 3.24957303263772 13.6407170895689
"etap[184]" -0.0466700923186242 6.59323103615587 0.0310807891706362 0.0570804884374522 -13.5986151641956 -3.29037970348358 -0.0321249429907831 3.29766868865829 13.2723551444422
"etap[185]" 0.0306880700455798 6.83529352324633 0.0322218826779198 0.094160473050623 -13.4955428048703 -3.29100372989211 -0.00826754683907022 3.29992061010387 13.816264457953
"etap[186]" 0.0208505935356133 6.82969373897217 0.0321954850416969 0.061458954335272 -13.5990975260858 -3.26978758060677 0.00180427638779917 3.29739326367722 13.6526912210438
"etap[187]" -0.064074648912743 6.62315407229095 0.0312218477157349 0.0622553456228356 -13.5369065392476 -3.28536873808317 -0.00355927760359648 3.20241120507716 13.1310473761844
"etap[188]" -0.0730840695629659 6.85499266440569 0.032314745319902 0.0648618713448191 -13.9080618055381 -3.28162029350181 -0.0308925915608707 3.20488028922476 13.2587752933263
"etap[189]" -0.00647635458428323 6.72434483448167 0.0316988655433248 0.0658046331558595 -13.5932812934004 -3.29077761032024 -0.0164183239887391 3.28634394113682 13.4811418554101
"etap[190]" -0.00980730403452254 6.65559143534486 0.0313747589115964 0.065095173093169 -13.3389343798892 -3.33639233334909 -0.00500019288829704 3.2430379952018 13.4474183002595
"etap[191]" 0.0541760364880474 6.73113666612182 0.031730882544721 0.0737050224702549 -13.1203888212765 -3.26018635476568 -0.00634118257532717 3.27696870287455 13.6466855373146
"etap[192]" -0.1501554407592 7.00582532335489 0.0330257772930178 0.093369447230574 -14.0191237572507 -3.33008360550432 -0.0812809190294597 3.15468359169505 13.0139370214834
"etap[193]" 0.0262968098076017 6.73100723061436 0.0317302723798873 0.065795265825429 -13.5331637297305 -3.26272351395733 -0.0170679801049503 3.27189125928065 13.7848264435671
"etap[194]" -0.0611711919673968 6.64428417944152 0.0313214559960906 0.0578192943606921 -13.6442662445798 -3.32475733053163 -0.0735523989015905 3.23047023175867 13.5632140676125
"etap[195]" -0.0314237724922294 6.78967343094184 0.0320068275004074 0.0647919240044331 -13.6889288200708 -3.26819622527996 0.00497018784803578 3.27324163632854 13.1870787583907
"etap[196]" 0.0252981511971014 6.65498000451732 0.0313718765990338 0.0635426018192615 -13.349773705003 -3.21872047395859 0.0617858208094251 3.30043042039323 13.1036141107679
"etap[197]" -0.0721816859732561 6.9000479911851 0.0325271381671973 0.075378589223734 -14.3152038329841 -3.28552176201806 0.0274017996025761 3.3210458794341 13.1789939325166
"etap[198]" 0.0334176368932467 6.84159678946679 0.0322515965598405 0.085796513491089 -13.6083948988711 -3.24170897728592 -0.0173080530347122 3.25514577983838 13.8746297482132
"etap[199]" 0.0508483363751261 6.81892527191241 0.0321447220011573 0.0722667740540858 -13.446651461268 -3.25588359997725 0.033934503843788 3.31033123372058 13.6246777656472
"etap[200]" 0.0293176124402796 6.69390789858125 0.0315553844514999 0.0677027536676199 -13.4235518339302 -3.24414872268424 0.0310960726996831 3.2606608940496 13.5847170040799
"etap[201]" 0.0011996534743657 6.61775991310911 0.031196419405493 0.0641828828534181 -13.4070372021712 -3.21354019047135 0.0176388932329639 3.28477879573383 13.232452243477
"etap[202]" -0.0519437999093103 6.66430761174071 0.0314158473611666 0.0619854568918536 -13.6844802122031 -3.34393779012115 -0.0467154722721163 3.28583903575285 13.4380080193718
"etap[203]" 0.060564824524224 6.67993384253047 0.0314895101195387 0.0630983845117415 -13.2059636717134 -3.24568927244243 0.0192279929685435 3.28037864308133 13.6298521789323
"etap[204]" -0.0501135825317747 6.56876542780739 0.0309654571868424 0.0630652972931347 -13.5105586182118 -3.2653806289861 -0.0154803004089678 3.22030333563122 13.2186627071004
"etap[205]" -0.160736981614134 6.72599037268395 0.0317066226848017 0.0681191955449692 -13.972686820291 -3.39417202561664 -0.0616380040820892 3.22147162781785 13.2030702882808
"etap[206]" 0.06342829359127 6.79905758344556 0.0320510648195478 0.072355559143493 -13.1169726617717 -3.25417985944081 0.0437927635106505 3.31261817479691 13.6916246305287
"etap[207]" 0.0000410049579661507 6.74679839843655 0.0318047126588868 0.0685218457685139 -13.6339443959418 -3.26785198418951 0.0239450208547823 3.27173248085314 13.5139694993328
"etap[208]" -0.131137499063828 6.88840158712727 0.0324722364919591 0.0748863014835492 -13.7783086400598 -3.35180056891277 -0.0712354989686196 3.20162855542679 13.0735199512343
"etap[209]" 0.04289893010618 6.50864969124107 0.0306820688869619 0.0612583074498318 -13.2671222281571 -3.28478587859137 0.00330834502482402 3.32687798868993 13.3767292130924
"etap[210]" 0.0890391163565356 6.61756169081451 0.031195484976635 0.0575280434412832 -12.9663285939465 -3.17746184198356 0.0681240307223571 3.29707245848196 13.4576746171318
"etap[211]" -0.0726979361208142 6.79621350935567 0.0320376577257135 0.0659006102524354 -13.8618903714879 -3.36463326192232 -0.0153125591746375 3.25721586624684 13.4201287218451
"etap[212]" -0.0852652872996867 6.53492687341122 0.0308059407116485 0.0679570441031556 -13.6299879333762 -3.26608927784812 -0.0106539004563519 3.24679983433193 12.8694404780757
"etap[213]" 0.0630355952808182 6.75357431641733 0.0318366546425733 0.0625848662324313 -13.1149752470561 -3.25984257504801 0.0153509609686723 3.34477556723437 13.8454774209302
"etap[214]" -0.107307702849824 6.95400355295555 0.0327814871246014 0.0635979342323009 -14.1918231768952 -3.36637015028126 -0.0496454481182746 3.245563154701 13.367754017132
"etap[215]" -0.0476176445631836 6.75507231605134 0.0318437162805695 0.0659325130387256 -13.8213084509294 -3.30370816083912 -0.0149957861018619 3.29773806560959 13.2005877443762
"etap[216]" 0.00518455403292934 6.76403438580932 0.0318859638825651 0.0736092840169871 -13.4567283708054 -3.29642812220419 -0.013839856406584 3.26301619872565 13.8437805267864
"etap[217]" 0.0253095899075406 6.71804957356894 0.0316691893987866 0.056543089872761 -13.2640955398328 -3.36837648931688 0.00694032986717729 3.31216922238563 13.8299363935528
"etap[218]" 0.0916226770444549 6.67756701663267 0.0314783527952572 0.0615714116547853 -13.2825749731489 -3.20780592717344 0.0157192626945783 3.29633392471965 13.8575240719641
"etap[219]" 0.0914391797060241 6.69676768123219 0.0315688655962013 0.0653631244555306 -13.1387070675732 -3.17027142452552 0.0891710090260014 3.404550879261 13.5626774866356
"etap[220]" -0.0478780073413275 6.72844540291313 0.0317181958082888 0.0766029422838723 -13.5919344037628 -3.32715130790943 -0.0280365002552935 3.3073255316763 13.6411341504224
"etap[221]" 0.0914407470923271 6.65758986323837 0.0313841795910312 0.0698393372920382 -13.0605188948445 -3.2560649251462 0.0581051067401232 3.26495886812447 13.9334110528032
"etap[222]" 0.0773439192968832 6.66608877564968 0.0314242438483561 0.0610852812403319 -13.234562486076 -3.2401436943207 0.026103011380681 3.31519043653599 13.810849218919
"etap[223]" 0.0170285956953715 6.75445934255516 0.0318408266957972 0.0621356833895381 -13.3799597897607 -3.26013310528376 -0.017244368983607 3.25679543104911 13.5916982549975
"etap[224]" 0.0745312096011519 6.729391942877 0.0317226578404696 0.0650839033514165 -13.1921526356713 -3.26311591691083 0.0345794770064022 3.28757664316578 13.7083079359366
"etap[225]" 0.0295194352143622 6.85784033748997 0.0323281693795587 0.0761899080134712 -13.1233674744898 -3.25786366842394 0.0055044523716876 3.30106018685248 13.7377332017389
"etap[226]" -0.0651864699384058 6.70707463021236 0.0316174530196495 0.0644536284009238 -13.582448206266 -3.30471040755938 -0.0426014350201311 3.24786488936572 13.2600684053206
"etap[227]" 0.0365500498071156 6.85876081585654 0.0323325085561916 0.0769160978109877 -13.6220731978186 -3.20561459253048 0.049589040096571 3.29923906407064 13.8865693849307
"etap[228]" 0.0817234828322966 6.75906603814501 0.0318625428670669 0.0611123841599531 -13.2284145791987 -3.2466294857868 0.0541679786798658 3.32870529357527 14.1828965269335
"etap[229]" -0.044961673060817 6.82050274052387 0.0321521582595057 0.0771816128812562 -13.9756818841202 -3.27830208919186 -0.00342419998598257 3.30101667582714 13.5247764606222
"etap[230]" -0.0771088508531863 6.54835960607936 0.0308692632207119 0.0580095302545477 -13.6043323326451 -3.30384433000552 -0.024356388696615 3.24452527231028 13.2667462797551
"etap[231]" -0.0781137762094285 6.88438226237206 0.0324532892133578 0.074351856691267 -13.9097603026625 -3.26082333690429 0.00350367901220231 3.22844067904469 13.2386139257027
"etap[232]" 0.114622145364862 6.78775558060444 0.0319977866672149 0.066154580363151 -13.4681974233561 -3.20290445601582 0.0837449448539499 3.36446682154059 13.8376700842358
"etap[233]" -0.0257107990531921 6.74338645669572 0.0317886286112738 0.0653687190948886 -13.4370247483171 -3.33760014763647 -0.0082071716000464 3.3059532205726 13.4730583559512
"etap[234]" 0.0942183580366541 6.75747697902025 0.0318550519705147 0.0666562375760733 -13.4511080485359 -3.18054100760605 0.0608694409329265 3.3719391620673 13.5556007114546
"etap[235]" -0.0624612475821005 6.59089858438319 0.0310697938875344 0.0607587802963446 -13.6047689845246 -3.31351797819512 -0.0682339151094732 3.22041122073517 13.4374586450599
"etap[236]" -0.118193414939262 6.79652344586515 0.0320391187804307 0.0716729778911004 -14.107064561544 -3.28357389847697 -0.0314109646276749 3.24743560225689 13.2906013077094
"etap[237]" 0.0238737782508457 6.71195941942907 0.0316404801368481 0.0643933558175159 -13.1424808133027 -3.26317372693897 -0.00532863086258412 3.2910451388844 13.5002908607647
"etap[238]" 0.0389838799424221 6.59505405423361 0.0310893829602695 0.0541968714689562 -13.3945958614234 -3.24213528986079 -0.00979814955790798 3.27727702200188 13.5541594346372
"etap[239]" -0.121525441490893 6.68377525281654 0.0315076187012894 0.0638032704171128 -13.7405248021232 -3.33468125698184 -0.0493911284426594 3.19413491802849 13.0042943885385
"etap[240]" 0.042233651557088 6.73477192074843 0.0317480192993731 0.0742337546880585 -13.1807189580795 -3.28507930418297 0.0116810993154315 3.27270838977323 13.8565683995863
"etap[241]" 0.0232648123314648 6.65996035957214 0.0313953542179137 0.0602946200986519 -13.4832698384393 -3.25039583428223 0.02930110652735 3.29968923248482 13.5313061996219
"etap[242]" -0.0823584744585133 6.70975960171235 0.0316301100966823 0.0577745608604803 -13.7248692638642 -3.30901520987502 -0.0410883702680499 3.23455617922943 13.1061036073719
"etap[243]" 0.103304404945828 6.62665870023074 0.0312383686902799 0.061146564058638 -13.0106863406734 -3.20840613855382 0.0811983018606792 3.33053163311886 13.5041156121475
"etap[244]" -0.131330679615655 6.69042031360659 0.031538943818263 0.0641147811937631 -13.8817093830378 -3.36179126680435 -0.042716270828983 3.25912410849618 12.9838923019589
"etap[245]" 0.0189937497808958 6.71027259536839 0.0316325283719683 0.0621732248175131 -13.5124327964177 -3.24897542247294 0.0129409322876007 3.28005804637354 13.44111941263
"etap[246]" 0.0414262596721604 6.62399004409083 0.031225788524592 0.0586819663795277 -13.1231315402706 -3.20499130860937 0.0197398181490021 3.26388729242156 13.2446033662905
"etap[247]" 0.0724312570488179 6.97815377196435 0.0328953323487899 0.0786133845773663 -13.9163663820064 -3.21212455313021 0.0659034882145436 3.33485398964462 13.7315934187301
"etap[248]" 0.0271700898913094 6.82619078657484 0.0321789719657347 0.0852253487381042 -13.5812181784 -3.22721384545 0.0446869697142832 3.28832298862247 13.4920816258757
"etap[249]" 0.020726140499397 6.71843482385598 0.0316710054860561 0.0738727463705328 -13.5654204281029 -3.21921997421635 0.0867952508771616 3.35838663060735 13.5336093256276
"etap[250]" -0.198234058129969 6.76469914610168 0.0318890975926356 0.0672623539248513 -14.2402919318672 -3.39609980039869 -0.0677624428885385 3.23097931002519 13.1321571460842
"etap[251]" 0.0255548841746724 6.75827624696785 0.0318588197557529 0.0694504726194252 -13.4660697102502 -3.26556486852517 -0.00711332659662662 3.2291678228442 13.6478117749943
"etap[252]" 0.0103854097555479 6.87480286773687 0.0324081315139831 0.0686173958291308 -13.5718876427682 -3.28598987849153 0.0184633415565931 3.25111279552848 13.8534342729272
"etap[253]" -0.139617514296623 6.67791201650196 0.0314799791402378 0.0616876232712082 -14.0121365687201 -3.35736677862165 -0.0669163074906278 3.20315593858121 13.3356493063344
"etap[254]" -0.0121247900580263 6.79788159031701 0.0320455211347757 0.0603435249086776 -13.4037952470116 -3.31851958743375 -0.012259334423376 3.30478693342838 13.5651680270187
"etap[255]" -0.0501220655421661 6.64300988652763 0.0313154489216864 0.055954514682848 -13.496086608855 -3.30395035610982 0.0240411512263898 3.23502568703564 13.3255456842219
"etap[256]" 0.00648665262227081 6.62246133480579 0.0312185821199126 0.0616177888472088 -13.3693049899217 -3.27641556249914 -0.0258879390325745 3.25480050391132 13.6011179498352
"etap[257]" -0.0719716766058184 6.75841135585304 0.0318594566651457 0.0809928409727336 -13.6476340422963 -3.28476339990663 -0.021653896805086 3.24474776797203 13.4539805485939
"etap[258]" -0.00231130655505151 6.75748816828307 0.0318551047172055 0.0668324128387463 -13.4741900208667 -3.27126664072262 -0.00285318123186946 3.29369173565134 13.3081468261643
"etap[259]" 0.0239442942391583 6.73476389322515 0.0317479814572654 0.0760385365904309 -13.6602673450292 -3.28939490249538 -0.0171611224582744 3.25668738658175 13.5891182429419
"etap[260]" -0.0353780368332762 6.60909257390626 0.0311555611766585 0.0609533703556412 -13.3823361293682 -3.25450207798457 -0.00792653525043099 3.29092209038804 13.1542117107085
"etap[261]" 0.0599556023220289 6.71698147294641 0.0316641543241654 0.0562077622517521 -13.0964210763816 -3.25818726550496 -0.0225002197908854 3.23684256287941 14.0066125887704
"etap[262]" 0.0694795687675661 6.58747117673585 0.031053636932939 0.0596062885953748 -13.1215293923557 -3.2383175448517 0.0699197416739236 3.31196631279156 13.4112412701707
"etap[263]" 0.00449451206562506 6.81236823716891 0.0321138118429466 0.0628853648244853 -13.5080934909064 -3.26808205822049 -0.0128154892090293 3.25007849899452 13.5548788374287
"etap[264]" 0.043488758154116 6.77272212616568 0.0319269182833595 0.0648687438167622 -13.3119871278375 -3.31408403896607 -0.00130989430849911 3.33066957609249 13.5195162452029
"etap[265]" -0.0121565324480867 6.72673237388148 0.0317101205119912 0.0769515559925319 -13.3887412999576 -3.27367068143427 -0.0414694360331639 3.20090281417856 13.7946921536141
"etap[266]" -0.048485133653529 6.51372348365638 0.0307059869737833 0.0576305522574792 -13.2704556077549 -3.28735682013637 -0.0302345937746395 3.19780323276297 13.094438837487
"etap[267]" 0.0477807999702534 6.5939589483056 0.0310842205814174 0.0586099541183581 -13.2676940376733 -3.21231826180463 0.0419457835318849 3.29809319769875 13.4325036281091
"etap[268]" -0.094169234297237 6.71843588205669 0.0316710104744621 0.0591913086469817 -13.6529297541504 -3.29953344386505 -0.04602483820979 3.19227671496036 13.2543216781098
"etap[269]" -0.0680525152354192 6.94851754870425 0.03275562585255 0.0869099980327195 -14.0430985214173 -3.31906481922945 -0.0186675936157833 3.26283636740867 13.7198672158743
"etap[270]" 0.0284475785184706 6.65452622462546 0.0313697374601092 0.0604015638987887 -13.2628303647201 -3.24728014088199 0.0289275444796736 3.29453904548539 13.5847416100918
"etap[271]" -0.0515478162359642 6.83485498927705 0.0322198154089634 0.061397353002787 -14.014187975679 -3.29796967475305 -0.0257147503373444 3.24262498807431 13.4810844556373
"etap[272]" -0.0808355501134003 6.57745170410363 0.0310064046859913 0.0621083102871602 -13.6874898525198 -3.30547858334149 -0.00220918730589228 3.29414094752222 12.671557278985
"etap[273]" -0.0538157920414835 6.68377574536023 0.0315076210231626 0.0690764781931664 -13.8339446598713 -3.24191538738077 -0.0221106057219399 3.19897507524128 13.3022015824563
"etap[274]" -0.145906637509217 6.99189407800049 0.0329601047726147 0.0778269486083728 -14.143807939823 -3.34668528773973 -0.0507943608659022 3.24250891222467 13.2818542411371
"etap[275]" -0.0165972036875673 6.65931104975495 0.0313922933420815 0.0741053845131919 -13.4687335589653 -3.24964997388466 0.00936427745777253 3.27531876198501 13.2652303862101
"etap[276]" -0.0890423946096465 6.55900487217403 0.0309194454863324 0.0541586681432873 -13.8258922794177 -3.25273378396527 -0.00303287777770354 3.20854326603311 12.9266365830395
"etap[277]" 0.134052523768808 6.77426241576937 0.0319341792781846 0.0701657581475106 -13.2065062297857 -3.20273322384319 0.0481471361283244 3.31258406837529 13.9432068679309
"etap[278]" -0.0567565639007641 6.72139016277771 0.0316849370873378 0.0725431603688485 -13.6525461836026 -3.29499957447729 -0.0392674676161545 3.22906513968744 13.3811971057191
"etap[279]" -0.00253116518194648 6.70598130179247 0.031612299020051 0.0695472943894965 -13.1630755258224 -3.32520770030645 -0.0437067210028332 3.21477965253185 13.3834500551433
"etap[280]" -0.0292273864907589 6.74720591042162 0.0318066336888072 0.0691426153191326 -13.7223899901393 -3.31723968721596 -0.0154349504900679 3.23542807987525 13.3593213057789
"etap[281]" -0.0315234795751606 6.89986894461805 0.032526294133586 0.0719445857339955 -13.6418861026778 -3.29762458071188 -0.0521806357681468 3.21363018621287 13.7320578404123
"etap[282]" 0.0440409087311489 6.68465717082256 0.0315117761026394 0.0641626421493644 -13.2767159287244 -3.23339693952857 0.00655955039969534 3.21464628901666 13.3751724722734
"etap[283]" -0.0277062713055106 6.67870708902075 0.0314837271480349 0.061757360572014 -13.6137613739553 -3.25870972690287 0.00406609737193385 3.2986342239293 13.217562059606
"etap[284]" -0.0702742553043095 6.6597050663374 0.0313941507540639 0.0631280200117588 -14.0584032726631 -3.30101955464632 -0.0218306957737373 3.26333540044857 13.2285114659237
"etap[285]" 0.0905896051484668 6.70696113751028 0.0316169180099211 0.0666623987462099 -13.128996766349 -3.20335305889128 0.00833784447130859 3.29017970871262 13.7430953112912
"etap[286]" 0.0408104905995367 6.68011780261379 0.0314903773156879 0.0636507301575529 -13.0745686121983 -3.25130335178404 -0.0475265101184988 3.30072075622636 13.6394557245401
"etap[287]" -0.0349185051244906 6.68831109744782 0.0315290008779373 0.0504126499743908 -13.5984073419085 -3.35318358317786 -0.0364089035321514 3.24020638897729 13.5833110352459
"etap[288]" -0.0342771321730264 6.71588108688889 0.0316589670545441 0.0633529153990771 -13.5041852019167 -3.27216004875398 -0.0298578462274646 3.21125339314906 13.4024054196825
"etap[289]" 0.0217109176978787 6.98488221614981 0.032927050538859 0.083935238836382 -13.8272908910216 -3.2415867693785 0.0431387676997879 3.32406374560246 13.435127316145
"etap[290]" -0.0247851119506427 6.74607286072487 0.0318012924413139 0.0634248458995011 -13.5827719328309 -3.28983252844791 -0.0237295499223271 3.29485908844925 13.4558308104905
"etap[291]" -0.0795722008431503 6.69282270393279 0.0315502687948677 0.0629320654221249 -13.8350907673616 -3.30103693030813 -0.0382281168743462 3.25962163522879 13.3698220745992
"etap[292]" -0.031517808232848 6.67334170523271 0.0314584344863003 0.06540128623129 -13.6436512240229 -3.31853896282864 -0.0228514626538073 3.24159842421009 13.4534782567395
"etap[293]" -0.0462672856040615 6.89738518922224 0.0325145855983647 0.0665861854963946 -14.21294377037 -3.29460984038255 -0.00813958673251734 3.27028614290086 13.4099156995866
"etap[294]" 0.0130331836220537 6.78390397109109 0.0319796300058457 0.0571523489845427 -13.5326188219654 -3.28631008402659 0.0321110213346735 3.31323440740597 13.8361393877027
"etap[295]" -0.0451705129206626 6.70253317186134 0.0315960443796729 0.0661838901969194 -13.6405338437274 -3.32374563367551 -0.00641165275098808 3.27055300958661 13.2307961405492
"etap[296]" -0.0222865164703874 6.76182991414026 0.0318755719034575 0.0590258959472213 -13.5798331963649 -3.29014873786701 -0.00125551328391799 3.28361996707169 13.3401582426478
"etap[297]" -0.0691265945050956 6.6297061123009 0.0312527343285458 0.0675762809029228 -13.7552275337876 -3.29808397808626 -0.010829095391978 3.24011059873208 13.1176809115103
"etap[298]" 0.0516507319491954 6.62904357160106 0.0312496110817347 0.0583057770910229 -13.3556255731208 -3.23419533020543 0.0578535706101771 3.36020118609789 13.4135318357715
"etap[299]" -0.0319860847784942 6.68306925334246 0.0315042905878518 0.0662702617727944 -13.4779666644263 -3.34530615283451 -0.0181073985400163 3.28227297073387 13.4177479794618
"etap[300]" 0.00954120475354644 6.85155471638259 0.0322985386774987 0.0752189992011866 -13.3219723495174 -3.24039066340198 0.00585410319340622 3.30141811076276 13.2902533552585
"mean.p0" 0.456379714440994 0.224181057390596 0.00105679963929641 0.00575685639879883 0.0255835418412537 0.308026571022431 0.449571202940682 0.608846288969557 0.894336542041188
"mumup0" 0.89686372332385 0.0315593363429745 0.000148772138252429 0.000460307729016034 0.830519832422576 0.875932621673324 0.898475455333864 0.919477341551379 0.953361516403043
"mupsi" 13.6515093049382 1.44234410382046 0.00679927531077252 0.00872659022173676 10.9262282055399 12.6554680844857 13.6262452641031 14.6174020071065 16.5581001575351
"ppo[1]" 0.578984750561533 0.0910896148876467 0.000429400562551507 0.00173899319330159 0.362103599979346 0.531509342293914 0.588465792897574 0.640549697669575 0.731642298275706
"ppo[2]" 0.625489905892895 0.0835771861899915 0.000393986634049558 0.00143651546160192 0.459349045438392 0.573555730129501 0.623286034242015 0.674941825234127 0.802877768443945
"ppo[3]" 0.626353746298732 0.0829506534525684 0.00039103313040111 0.00138243759016172 0.459784320616032 0.57510803169797 0.62411752169228 0.675825001873199 0.803102551500035
"ppo[4]" 0.578007280106417 0.0914117455710863 0.000430919101156097 0.00177500346218123 0.359244851866789 0.531490791162904 0.587835993721863 0.639761967894174 0.72897113637061
"ppo[5]" 0.626121578879641 0.0851293510335021 0.000401303609291996 0.0014264738697201 0.455215492529065 0.574322348322139 0.624626823538311 0.67656112475792 0.806083063613801
"ppo[6]" 0.62589767513462 0.0837524543601694 0.000394812856127284 0.00140684235778648 0.460185840997257 0.574026747867079 0.624192574914246 0.675505524792095 0.803903889729408
"ppo[7]" 0.603007239075018 0.0843780019674918 0.000397761715827902 0.00147506256152184 0.414162612390607 0.55567779801995 0.606494999898173 0.657114032609212 0.762464850345096
"ppo[8]" 0.670453949686766 0.0947571130716368 0.000446689314790766 0.00250390543156025 0.514820467359633 0.603077655504743 0.657137790561078 0.725897831238391 0.88850379086096
"ppo[9]" 0.603034326913544 0.0856664317363503 0.000403835432005518 0.00135820305269142 0.410876225584595 0.556012256630675 0.606803176458987 0.656875809091325 0.767180544255101
"ppo[10]" 0.62568246976253 0.0841087542771771 0.000396492470043633 0.00144090080856898 0.456546104870732 0.574039256468539 0.624239993631058 0.675747050471757 0.802629106895894
"ppo[11]" 0.578544222621687 0.0918602933121787 0.000433033575485512 0.00170477389776641 0.357933007867706 0.530856457567996 0.588521008159986 0.640524177971741 0.731536698581473
"ppo[12]" 0.602504570719314 0.0858735882570012 0.00040481197720898 0.00138855789227588 0.414207891935964 0.554560917505334 0.605345327110952 0.656780255477439 0.765938512235946
"ppo[13]" 0.602720587337744 0.0846228874529235 0.000398916117076988 0.00145166253112115 0.416332387726721 0.555062966410104 0.605627391276237 0.656472424133413 0.763903132457817
"ppo[14]" 0.60237916867307 0.0857866983431207 0.000404402374226836 0.00140511485920243 0.410582042858051 0.554824134274843 0.606264408329465 0.656853793183454 0.76357478551257
"ppo[15]" 0.626139376146648 0.0842578659375916 0.000397195389151854 0.0014392391676025 0.458359256430047 0.574153823038856 0.62463756180617 0.675661883752369 0.806092310677179
"ppo[16]" 0.554521260462091 0.102362756835375 0.00048254266332829 0.0024082762451202 0.301550792740506 0.501468349566286 0.572461542937191 0.625598414198136 0.708331641285191
"psi0" 0.999996872185466 0.00000642788946629316 0.0000000303013615355565 0.0000000404377099137658 0.999982019921893 0.999996809941352 0.999998791639979 0.999999551520317 0.999999935596651
"sdeps" 0.327701335995201 0.254917513779976 0.00120169268424691 0.00920745480488227 0.0093187255595457 0.126135047660676 0.279178906303897 0.471984083099333 0.946718403903259
