"Mean" "SD" "Naive SE" "Time-series SE" "2.5%" "25%" "50%" "75%" "97.5%"
"N" 8.20622222222222 1.34109454727069 0.00632198032391603 0.0190939586981027 7 7 8 9 12
"betapsi[1]" 0.280433861556822 2.19296114954126 0.0103377179981285 0.0187590198209282 -3.90710165298809 -0.71783108044086 0.0266827030382547 1.09354465501117 5.62252978631482
"betapsi[2]" 0.248813833360254 2.1790978373391 0.0102723657176761 0.0177336931525268 -3.96458948271618 -0.749339449671296 0.0200249027312404 1.0725872503038 5.5835977103072
"betapsi[3]" 0.277759745414815 2.15434136115261 0.0101556625697444 0.0171028708516838 -3.86535892616313 -0.721118567862369 0.0308288401078608 1.09245960795554 5.63130315371796
"betapsi[4]" 0.279492187762071 2.16773676241873 0.010218809096891 0.0177031525927835 -3.85013971237286 -0.716187831685551 0.0342726473316923 1.07742633445593 5.59468763995306
"betapsi[5]" -0.956667547771799 2.9178335338159 0.0137547991875649 0.056466241027294 -8.00657098109851 -2.16098066351012 -0.213099559387906 0.429859591224608 4.2056927792052
"betapsi[6]" 0.271137546471602 2.18731957890851 0.0103111233791221 0.0185674162720896 -3.93638031377295 -0.719773487578569 0.0290806857688402 1.09049061222952 5.5398355021549
"betapsi[7]" 0.283745147187909 2.17701234836342 0.0102625346283642 0.0183148980950992 -3.86749352942668 -0.723348929621867 0.0286397647696566 1.08721794138651 5.60356859314563
"betapsi[8]" 0.287955200583902 2.17546772623322 0.0102552532098133 0.018730892318808 -3.89064115192471 -0.712651351630544 0.0333046175636546 1.12230401931796 5.57924966735516
"betapsi[9]" 0.270527483247191 2.19870269600632 0.0103647839077281 0.0199000715916616 -3.97916541578527 -0.726860267961474 0.0242488273649729 1.08918820785196 5.68214330337886
"betapsi[10]" -0.965932966773844 2.92748578134568 0.0138003003187782 0.0559422444441004 -8.02538905435153 -2.21048416442698 -0.215096443527307 0.420497570068089 4.25127207470824
"betapsi[11]" 0.275311022484925 2.17834821465776 0.0102688319624674 0.0198445038738907 -3.94318689387073 -0.70595170531515 0.0326302755153215 1.09261954518929 5.56890673701307
"betapsi[12]" 0.287129582479022 2.17544885975831 0.0102551642723976 0.0174483657981828 -3.93922135774916 -0.714106345207831 0.0359813656384006 1.12021602793982 5.61351316139755
"betapsi[13]" 0.298885722571735 2.21151706886349 0.0104251914406878 0.0190992791794804 -3.93009795107839 -0.710541343159191 0.0339293517783155 1.1041263962404 5.6613782994
"betapsi[14]" 0.292028932909068 2.18786213971977 0.0103136810353144 0.0190542610227781 -3.85451202775837 -0.721132774666564 0.0274681908857417 1.10677022966768 5.68941967523335
"betapsi[15]" 0.256646049550833 2.14427772405217 0.010108222129497 0.0168936990238816 -3.92127892197451 -0.716797746389338 0.0288835433214877 1.07695005561849 5.38501095770888
"betapsi[16]" 0.26577087245663 2.15671331502754 0.010166844067542 0.0170343661735544 -3.87221047230457 -0.737670029273375 0.0244888894509079 1.07244204509444 5.55332159439485
"etap[1]" -0.184320784203061 4.63382456082806 0.0218440584652686 0.171666730504373 -10.0392756020766 -2.5357424758217 -0.0736885643412778 2.32810225010513 8.80480679552301
"etap[2]" 0.202103661926212 5.51626550267312 0.0260039249584372 0.312454195789277 -10.4779148561544 -3.23295796011642 0.133596639909482 3.48999024003286 11.6061648045233
"etap[3]" -0.133298629957371 4.53075264824455 0.0213581728096842 0.159816305643524 -9.77265006418689 -2.48680606020897 -0.0466320664994612 2.34426054957662 8.81834285519632
"etap[4]" 0.0929625056844865 3.9660436312029 0.0186961089740353 0.105185734305685 -7.84489392154866 -2.02324394270239 0.0497086459137827 2.16759301848414 8.36458430056611
"etap[5]" -0.124404451460999 4.54792445354272 0.0214391214761612 0.163619639061965 -9.72070963338821 -2.45919362300496 -0.0480773186306886 2.3242718055404 8.83659139586618
"etap[6]" -0.0377649024011032 3.50112481144235 0.0165044606396757 0.0442467560173506 -7.51126302927353 -1.79487983964125 0.00759327953106675 1.76930625861938 7.05412137748911
"etap[7]" 0.373383399508333 8.59583838571922 0.0405211707501713 0.606500841638238 -15.716842296678 -5.72269866079215 0.592615479186492 6.17193046049476 17.6522612307529
"etap[8]" -0.206384082048213 6.7448608584953 0.0317955790080116 0.252181080130868 -13.9974982505751 -4.27679846473898 -0.142565651916453 4.02632932392756 12.7198837065351
"etap[9]" -0.0929278447147045 6.24580917248223 0.0294430267990622 0.1112657599125 -12.8568401507893 -3.67557196791269 -0.0395882645820195 3.56681116318934 12.2412677628662
"etap[10]" -0.08800708536972 6.03643474969695 0.0284560263046722 0.0638518702762967 -12.4045843918273 -3.40320711588219 -0.0775554232790562 3.28974537063409 11.9917236781462
"etap[11]" 0.0318327204159644 6.05604236619216 0.02854845749525 0.0486790028614841 -12.1352926776788 -3.27420712743498 0.0243252833266741 3.31937140688744 12.2712676152291
"etap[12]" -0.0241796122564995 5.90082890031086 0.0278167742002091 0.0452518914222098 -12.138392120537 -3.21358930543523 0.0123895196381402 3.20035431301893 11.7516564787724
"etap[13]" 0.0207452463770953 5.87806240258145 0.0277094519006869 0.0506726848187514 -11.7468781610998 -3.23491387391659 -0.0160480127223506 3.21696888135493 11.9560508120115
"etap[14]" 0.0434783280672893 5.84274081226421 0.0275429443271161 0.0408226058439323 -11.8600173989548 -3.18623644826984 0.0360824518743637 3.23971978800345 12.039027480178
"etap[15]" -0.0271420304573329 5.85001191544519 0.0275772206362227 0.0409280767216115 -11.9570372817593 -3.27362731663944 -0.0187316001972099 3.20123894655863 11.9022276139004
"etap[16]" -0.0464353158235931 5.81675731089417 0.027420456926998 0.040166946787966 -11.9866472162931 -3.24562930320697 -0.0557417637251966 3.16892619285862 11.8994130815711
"etap[17]" -0.0615213992369491 5.91294241670776 0.0278738778641309 0.0360534583749968 -12.1064717277155 -3.28427682305439 -0.0232930497516017 3.19941637436445 11.904053639799
"etap[18]" -0.0453435339391366 5.87283571783889 0.027684813072523 0.0409367572141808 -11.8880054913129 -3.3176295273599 -0.0459323126488278 3.1637133731028 12.0092346355814
"etap[19]" 0.0586823884193048 5.85815483589368 0.0276156067313413 0.0437475827449369 -11.8347429113212 -3.18090523826405 0.0273463698652904 3.2712459328478 12.1258477131209
"etap[20]" -0.0538599453225484 5.88031544946445 0.0277200728655489 0.0425736838711098 -11.9190310726627 -3.26794149017087 -0.00216795075885135 3.17853097068525 11.7865381482308
"etap[21]" -0.00932324896942897 5.88467409397243 0.0277406197128047 0.0413892277990056 -11.9179829160815 -3.21923162914928 -0.0172083455732896 3.21190662565424 11.9589927183471
"etap[22]" -0.0266780807977242 5.87821181075351 0.0277101562175644 0.043925266298865 -12.0149376059791 -3.22837431908059 -0.0134514112386033 3.15101165995259 11.9730662475144
"etap[23]" 0.0693506560326133 5.85028415914314 0.0275785040053224 0.0453546656325277 -11.7378286602249 -3.15801583278098 0.0565531875073497 3.28696199689617 11.9197098017062
"etap[24]" 0.0245640054730099 5.89050293854378 0.0277680971496239 0.0410615201684398 -11.9395515702042 -3.21771947821954 0.017393205102523 3.21388242591368 12.1576033216278
"etap[25]" -0.0553021452498289 5.85173787639862 0.0275853568941842 0.0415680849035975 -12.1177492669848 -3.25450024114824 -0.0390730593558519 3.16738666506384 11.8445440580163
"etap[26]" -0.0379620052477911 5.97129551149334 0.0281489569909715 0.047884942624086 -12.3167698042011 -3.228547736398 0.00895535493003687 3.164407536447 11.9780532528704
"etap[27]" 0.0278414470930569 5.84935188500543 0.027574109222891 0.0417789134760961 -11.6902152739699 -3.27475711604761 -0.0629931582558075 3.24022860020525 11.9782138058576
"etap[28]" -0.00868292598743416 5.80618322394174 0.0273706102030718 0.0370091984874067 -11.8533890874785 -3.18571629235545 -0.000461088503119013 3.20827434127798 11.9058707779715
"etap[29]" 0.0500297154337844 5.95100481293085 0.0280533057206479 0.044890245582682 -11.8051491297139 -3.20550463926747 0.0364303450568471 3.28284623327361 12.1984039429893
"etap[30]" 0.0434443227985885 5.82555826084064 0.0274619450029182 0.0392730148074112 -11.7013969514451 -3.18278507851572 -0.00884945670294472 3.23558909726538 12.2362266297965
"etap[31]" 0.0209980233855826 5.90573046289653 0.0278398803878274 0.0422020469197824 -12.0074219460616 -3.20093583080901 0.0418973938893565 3.25228881035962 12.0337371319375
"etap[32]" -0.0192874287359832 5.94679139594904 0.0280334434825159 0.0426467030244105 -12.0221100877992 -3.27650827920829 -0.0103376609522172 3.23300280796982 12.0992983407081
"etap[33]" 0.0235730576088046 5.83757577596809 0.0275185961125157 0.0385449529591428 -11.7782377238787 -3.23720917043864 -0.0137378756296821 3.25555275510057 12.1025592736934
"etap[34]" 0.0694379999918964 5.8230732226813 0.0274502304206917 0.0416122180056573 -11.7365541843087 -3.15168508963046 0.0137660844521578 3.26623550171049 11.9081135626226
"etap[35]" 0.0486619966442129 5.82129255790832 0.0274418362864517 0.0403244831599737 -11.7730837754005 -3.20581718863779 0.0342918221681738 3.32086280775021 11.8090623117266
"etap[36]" 0.0224335330075759 5.83712701811458 0.0275164806477069 0.0393429825694278 -11.6958721537651 -3.20763156071981 -0.0158440790187876 3.20023721901256 12.2465219897923
"etap[37]" 0.0366089903727962 5.91250403321435 0.0278718113045245 0.0408718619657281 -11.8370104024707 -3.20642109313035 0.0247521822511469 3.22821576332798 12.0103459298176
"etap[38]" 0.0239873446851418 5.95677559388776 0.0280805094429637 0.0416497210878368 -12.0345048196543 -3.17026373004513 0.0291122891892536 3.27378955045172 11.9140533797832
"etap[39]" -0.0372770290416961 5.95470105235743 0.028070729960404 0.0456324054559079 -12.4181293354097 -3.24280285201497 -0.00855468018980417 3.2227053618577 12.0160615631402
"etap[40]" 0.00470994133334088 5.82935778284537 0.0274798561214169 0.0408966561759654 -12.0550223857864 -3.194628407243 -0.0138193708689376 3.22505370160128 11.903164952976
"etap[41]" -0.00588989913572581 5.89410944922941 0.0277850984040388 0.0404011268925395 -11.943469135987 -3.21207657327326 -0.00231589203792191 3.25091796224401 12.0007528692544
"etap[42]" 0.0844905576348898 5.82751093071242 0.0274711499769699 0.043400339428265 -11.7223057206066 -3.16433421779452 0.0389774572651539 3.26205830433858 12.136381530214
"etap[43]" 0.0177632231318667 5.90025950437526 0.0278140900420275 0.0416945537046345 -11.9260335825712 -3.22260876265531 0.0267757708355629 3.27180714928823 11.9131695467282
"etap[44]" -0.0853210847582413 5.83354267361354 0.0274995838856883 0.0401095518158211 -12.1995212192895 -3.23757769712228 -0.0360062100196803 3.13119762719781 11.6294317400357
"etap[45]" 0.0606370053748104 5.90366876244205 0.0278301614386798 0.0441584265425096 -11.8496130503023 -3.14951245873156 0.0407590589675334 3.28735329520505 11.920119137177
"etap[46]" 0.0115051167471051 5.83742186877572 0.0275178705870531 0.0437635043070531 -11.9096711551067 -3.24101707298048 0.0127149135220841 3.21894090039112 12.0452522181279
"etap[47]" 0.0471854777745893 5.93702220050269 0.0279873910535369 0.0450528565158256 -11.9638422737714 -3.22496853585674 0.012413317595323 3.25543424917648 12.081659731669
"etap[48]" -0.0231730295088233 5.8839887032687 0.0277373887500423 0.0402417794804278 -11.9038331025701 -3.2922611223867 -0.0201418702560423 3.25218851500839 11.7301170589446
"etap[49]" 0.107358394677992 5.94244614549733 0.0280129597754468 0.0417383920216604 -11.9161716518803 -3.14538011848856 0.024124332749934 3.27054695003467 12.3567243754056
"etap[50]" 0.0750191237450335 5.93393923304258 0.0279728578055554 0.0432010845468279 -11.804483678535 -3.20970920233671 0.0552715884667845 3.32469058231308 12.1312294500557
"etap[51]" 0.0197343791064026 5.80474579087934 0.0273638340786324 0.0401270435338713 -11.7829414891512 -3.1860371784916 0.014395349414189 3.20212288980325 11.756717215687
"etap[52]" -0.0152242484260835 5.86844556524495 0.0276641176947255 0.0454403110041975 -12.022471694254 -3.25581642919007 -0.0335013121438045 3.20980593572638 11.8211296700128
"etap[53]" 0.0109336093774316 5.87588549906175 0.0276991898790818 0.0397344471381522 -11.9383704711838 -3.25895360651359 -0.00509060028373003 3.26239059750997 12.0787228360572
"etap[54]" 0.0188937307192907 5.94126382957329 0.0280073862847308 0.0443589557281408 -12.0080939903214 -3.24902901697398 0.00250493610583822 3.25629044093847 12.0725490398831
"etap[55]" -0.0298975143055897 5.92225509329453 0.0279177782425675 0.0430294823114128 -12.1375041171808 -3.25686351699698 -0.0344436004021511 3.20090152261202 11.9766775665307
"etap[56]" -0.0438658860183198 5.81240125747221 0.0273999222942388 0.0378442209190353 -11.9386485730077 -3.26719135918353 -0.00245963648720136 3.21322352313005 11.8365558691471
"etap[57]" 0.00270280262563115 5.82242067693391 0.0274471542905382 0.0399801951109826 -11.8426827482053 -3.17042136790435 0.0258284501795347 3.23354532539118 11.7340478184614
"etap[58]" -0.0787113694406203 5.8976258576782 0.0278016749124359 0.0398111936900785 -12.234147233747 -3.27767808528555 -0.0655965819168549 3.19038379817323 11.8022227388149
"etap[59]" 0.0224023220411284 5.86021252597874 0.0276253067754261 0.0395850623656327 -11.7716310396109 -3.18197051345093 0.0314917083613634 3.23833660322868 11.6643118080834
"etap[60]" -0.0820512141435489 5.88468667322982 0.0277406790119927 0.0417662384228901 -12.0836361930102 -3.3057435110456 -0.0567357408034565 3.15992897156816 11.8454627893228
"etap[61]" -0.0678493195069619 5.91896176207104 0.0279022533302954 0.0431117084131114 -11.9835288195271 -3.26454660777646 -0.0307780248292756 3.13309547088185 11.7975337508765
"etap[62]" -0.0204708333961876 5.92871581164695 0.0279482343609564 0.0425931217913361 -12.3215030162537 -3.22827007098661 -0.00576294394073307 3.24815173855239 12.1608489815165
"etap[63]" 0.00212228903500681 5.8470217073922 0.0275631246602798 0.0408879420766374 -12.1117375349361 -3.21347400951235 0.0112020712537261 3.22099838069018 11.8888942997837
"etap[64]" 0.0417547834556311 5.901257680488 0.0278187954893484 0.0414165139124767 -11.9228327375205 -3.19237771358042 0.0216278108235407 3.24392952033013 11.9705613011625
"etap[65]" 0.0352217371665747 5.91546721174858 0.027885779862094 0.0403052648599185 -11.8740905779833 -3.25972409942218 0.027224073854543 3.28941642473571 12.0444633506382
"etap[66]" 0.0120099727212558 5.857500154948 0.0276125205357665 0.0397852595556063 -11.8550648036628 -3.2504911325577 0.00105495332348679 3.22469529921161 12.005054983392
"etap[67]" 0.0130847986365 5.95829108974334 0.0280876535589393 0.0462406868863315 -11.9612662982307 -3.23054372793164 0.0126971256658717 3.19737077916966 12.0404606565023
"etap[68]" -0.0382363396380577 5.82892254884636 0.0274778044086696 0.0404643931696969 -11.982197804546 -3.23718129901069 -0.0418087753440089 3.13865105711963 11.8317354147665
"etap[69]" 0.0383031753947849 5.90153068016279 0.0278200824221571 0.0413940263117564 -11.9111135174137 -3.21073125769159 0.0036194282703106 3.21619691327201 12.217694982976
"etap[70]" 0.046321202634573 5.873549234635 0.0276881766229564 0.0427676314276288 -11.9217134111292 -3.18039511519342 0.0225305848392468 3.28352647974181 11.9878618512944
"etap[71]" 0.0363368113155973 5.86849714780053 0.0276643608572244 0.0400023060592474 -11.730576428973 -3.17535897710205 0.0172599321945844 3.24402185364527 11.9533589222246
"etap[72]" -0.00530353921040835 5.85638768181798 0.027607276287139 0.0401857024537629 -12.0268441665841 -3.22349328988397 0.0242099652730173 3.19561603273712 12.1649391351782
"etap[73]" -0.0127541201743509 5.84580265115924 0.0275573779740866 0.0393372806448977 -11.8908434356907 -3.24773535831166 -0.013382544514586 3.21360684602102 11.8622114564818
"etap[74]" 0.0256931081793033 5.83989320253967 0.0275295205661402 0.0384837270939304 -11.6844909411629 -3.16679062832673 0.00871189847144489 3.18777352113358 12.0402651639851
"etap[75]" 0.00407013395885578 5.95286340871835 0.0280620672252134 0.0419647445001348 -12.1998718869483 -3.2215483385561 0.0189284964666683 3.2861790249384 11.9057757156887
"etap[76]" -0.0157048738504649 5.86949170752601 0.0276690492567323 0.0380137920298439 -12.1960528524968 -3.18319108842253 -0.0132868794667292 3.22705920782843 11.8718414355041
"etap[77]" -0.00689228981644781 5.96553372586293 0.0281217956730315 0.0442728459724704 -12.0937209357968 -3.22783404439104 -0.00311125419060415 3.24044963924447 12.0961613784182
"etap[78]" 0.0284340608849328 5.82934166921858 0.0274797801610518 0.0389590023689879 -11.8242452812614 -3.16438538194244 0.0511950021743089 3.24968685006844 11.819075849171
"etap[79]" -0.0302964862952062 5.88401132109697 0.0277374953715072 0.0397809520113088 -11.9843440213051 -3.27983032984696 -0.0191579799674577 3.20729200655637 11.8703329307809
"etap[80]" 0.00521548750649017 5.95459105212866 0.0280702114143528 0.0413309095496294 -12.0471486547128 -3.26486536461231 -0.0210791837598225 3.30210988472695 12.137767100723
"etap[81]" 0.0254387408277976 5.89059105367885 0.0277685125283542 0.0453630626776639 -11.9509943247409 -3.20251068198658 0.00336814717067432 3.23851119331683 11.7738753191496
"etap[82]" 0.0353512190071212 5.96916983430418 0.0281389364526045 0.044824404675452 -11.8038776933938 -3.20583882504196 -0.0362580689052705 3.22731508272151 12.1331088971205
"etap[83]" -0.0289410767058411 5.84810796042243 0.0275682453061715 0.0408517712348454 -12.0000453722815 -3.17874396739447 0.0279310825221741 3.17682644418729 11.7469081265601
"etap[84]" -0.0239564760849605 5.90812275039824 0.0278511577392608 0.0417908459500502 -12.1492963704695 -3.25218842966735 -0.0195492991792378 3.18717788103705 12.018199832108
"etap[85]" 0.0303354177207747 5.88752199792906 0.0277540448608041 0.041920173481533 -11.8331141771066 -3.2307254929151 -0.0206610643061653 3.27264609874324 12.1220188252447
"etap[86]" -0.0633728546798052 5.9569300104646 0.0280812373696878 0.0473941701369182 -12.2100733120394 -3.23744050936904 -0.00762214987219899 3.16038126639636 12.009126541929
"etap[87]" 0.0544131506012039 5.94828953460217 0.0280405057758545 0.0414156485979653 -12.0360936053885 -3.20433008607394 0.00701268537183617 3.27545430476354 12.298372425137
"etap[88]" -0.00416020934370888 5.87324013739944 0.0276867195246143 0.0396415403086991 -12.0005994802333 -3.18112786503276 -0.00838732180508297 3.24474240765923 11.6066263023686
"etap[89]" -0.0364260006018137 5.89747813847629 0.02780097855744 0.0428603273482637 -11.9592449927077 -3.28534552985412 -0.0488539490550401 3.19870269647029 11.9652959208271
"etap[90]" -0.019833593730369 5.830760477991 0.0274864684897464 0.0381453520550005 -12.0157519558417 -3.23705052776104 -0.0108193256444788 3.2317926465032 11.8789398129579
"etap[91]" -0.00704026893022429 5.88139362576146 0.0277251554373551 0.0391795425852468 -12.1919856847565 -3.22752477091985 0.0176114239805805 3.23728918523356 11.9073593406164
"etap[92]" 0.0383657369974371 5.99564959113119 0.0282637632233814 0.0433763433931547 -12.0401495648637 -3.19026248019957 0.0136361742920508 3.22787132505626 12.4862479418829
"etap[93]" 0.0026212976833238 5.90995142471842 0.0278597781926766 0.0428882952815849 -11.9043504668469 -3.23555292510783 0.017354230283734 3.22115615728515 12.0249238105038
"etap[94]" -0.00600636899715821 5.85464008227104 0.0275990380238695 0.0400242752140247 -11.8706890832226 -3.23622966208635 -0.0146314285093916 3.22812551653274 11.8488225198897
"etap[95]" 0.0291680321505045 5.94232440998779 0.0280123859087515 0.0418181518570289 -11.7663259117345 -3.22133830649784 -0.00454100551597159 3.22248607153574 12.1610372052258
"etap[96]" 0.00405481834496747 5.87564150401155 0.0276980396753846 0.0415609655823405 -12.0328042149273 -3.20555635132651 -0.0150507416893694 3.21570284333934 12.0428831444936
"etap[97]" 0.0150187636922014 5.89682956664774 0.0277979211605196 0.041283670178999 -11.7688295685914 -3.29203704982008 -0.00278785145695911 3.26884807009606 12.0022572819694
"etap[98]" -0.0282796997722429 5.86690048424796 0.0276568341130558 0.0402328829681799 -11.8362752946072 -3.30483267380706 -0.0415459414399883 3.17401503215621 11.8684644790188
"etap[99]" -0.0014563208823827 5.86429199841463 0.0276445375929133 0.0392483959035908 -12.051106775816 -3.25074984540688 0.00524925786660256 3.23646964296792 12.045701270649
"etap[100]" 0.0341559975537339 5.81786315891353 0.0274256699445543 0.0390550450110282 -11.6575806166166 -3.24948222939266 -0.0133933106519715 3.22462324422088 12.2020202449486
"etap[101]" 0.0627991417309237 5.90038154681624 0.0278146653556116 0.0428296051065879 -11.8993802830721 -3.16718345032047 0.0462438462835852 3.28866634364017 12.0039858929734
"etap[102]" 0.0358491170741789 5.91508947567833 0.0278839991971822 0.0424896882160629 -11.8361968792382 -3.16661170457653 -0.0123807947838363 3.16534656856715 12.2118805508692
"etap[103]" 0.0903761881075736 5.93669131124041 0.0279858312265957 0.0429124237677828 -12.1408339156282 -3.106164631704 0.0785282744176982 3.27557210920591 12.123598910356
"etap[104]" 0.0340776375931255 5.90581457476675 0.0278402768949861 0.0429010334876141 -11.9177626373946 -3.16740182727707 0.0355804704182488 3.28016290417198 11.978889692551
"etap[105]" -0.025926762483441 5.88599748146989 0.0277468582212953 0.0433269484529004 -11.7886316615015 -3.24209898705237 -0.0669144575402323 3.17372033295596 11.9846564840218
"etap[106]" 0.0404194627428267 5.86068636462239 0.0276275404722135 0.0398052618572741 -11.9064212860592 -3.19810983479887 0.00987718151916037 3.29370998892953 11.9368572386315
"etap[107]" -0.0833093790292415 5.99886167729868 0.0282789051427867 0.0428461986279425 -12.2917878988175 -3.26890801824328 -0.0204788202878799 3.15366164116739 11.7801272349819
"etap[108]" -0.0665756085093383 5.84884338129028 0.0275717121133894 0.0410749046328609 -11.9412209556892 -3.23270364950516 -0.0414421656669287 3.16053125603249 11.8005703037258
"etap[109]" -0.0356579480727383 5.84956692506076 0.0275751229314334 0.0389776308298473 -11.9402189042486 -3.27624556047657 -0.0287456828844419 3.1894703959736 11.9557946219277
"etap[110]" 0.00211953166847487 5.87874021760196 0.0277126471513362 0.0401620112092468 -11.8774862778936 -3.23684096129307 -0.0153351857784949 3.23578528404491 11.8044976138095
"etap[111]" -0.0407660091363007 5.91664494313771 0.0278913317411051 0.039799862607625 -12.0546916897492 -3.32488588051048 -0.0469693021794559 3.22777934206274 11.9835608067822
"etap[112]" -0.0460578127843297 6.02950797937469 0.0284233731962283 0.0421859060116083 -12.3566379351966 -3.29950591113612 -0.0103367405536717 3.21099290621217 12.1675559090159
"etap[113]" -0.038161121747688 5.90138015445196 0.0278193728371513 0.0424038399164328 -12.2836880779297 -3.22369129599077 0.00930169047366341 3.19553306798791 11.9692214315496
"etap[114]" 0.0260061031952467 5.82968697449754 0.0274814079457473 0.0416692300533058 -11.6942107235198 -3.20265688603528 0.0235815099855611 3.2819227342841 11.8346703133897
"etap[115]" 0.0111439525971453 5.93315505445252 0.0279691611522308 0.0439280797233829 -12.0008607794404 -3.21771455592397 0.0256329568702873 3.2582216004333 12.0564276705133
"etap[116]" -0.00340158431944959 5.9293006531419 0.0279509913302031 0.0459000555230735 -12.0259060407685 -3.26824017025871 0.0197194963350481 3.21465065853564 11.8331612305172
"etap[117]" 0.0232639499403003 5.85543338984268 0.0276027777116259 0.0412618704635254 -12.0578894087128 -3.16318795234982 0.0468592354147312 3.26402330125538 11.8651880057854
"etap[118]" -0.0103143174749097 5.877681822132 0.0277076578272429 0.0411062781963042 -11.9424677506163 -3.26763635248144 -0.00155325373690403 3.26732435054116 11.7381432059877
"etap[119]" -0.00390451378472155 5.87621550765392 0.0277007455545043 0.0436156312370676 -12.0326228632354 -3.22721996101228 0.0145317033869656 3.26090250973161 11.8731759044443
"etap[120]" 0.0297001930812276 5.91939072959529 0.0279042755025974 0.0411780309722421 -12.1041705580141 -3.19467163534542 -0.00127828438402989 3.25816744903726 12.231853894539
"etap[121]" -0.151954068319776 5.82681158141814 0.0274678532127805 0.0408194833480482 -12.2198264259065 -3.26325654429888 -0.0668518849814467 3.07949326064591 11.2941578507367
"etap[122]" -0.0258579026618418 5.8553202284536 0.027602244263722 0.0411624937030786 -12.1427609549923 -3.19999360121661 0.00594782468767507 3.1961716077292 11.8896384652579
"etap[123]" 0.0597099477328584 5.87178216577068 0.0276798465804445 0.0409529376203598 -11.6923672369968 -3.16355802404667 0.00212625613414585 3.23882928264793 12.1513626924134
"etap[124]" 0.019177305924578 5.85019848597435 0.0275781001381316 0.0405620857341953 -12.0546869193511 -3.19963887361071 0.0797807055518609 3.29071483019039 11.841664527024
"etap[125]" 0.037744203874901 5.88660904507313 0.0277497411597685 0.042766330171773 -11.8285846975438 -3.21836921146204 -0.00509162674643896 3.23330579765252 12.288778789873
"etap[126]" 0.0449139091044442 5.85034607457043 0.0275787958774457 0.0469734610575253 -11.9780566465954 -3.15369121377101 0.0355336905579589 3.26276108981174 11.7242377293137
"etap[127]" 0.0892652705081875 5.86469995633322 0.0276464607249845 0.0396084549995756 -11.6544576439138 -3.15862232528147 0.0601466543149664 3.30842565834006 12.11154683047
"etap[128]" -0.00243448303169567 5.88169203441911 0.0277265621492577 0.0454744466190136 -12.0667859553059 -3.21129830055793 -0.0202411831234433 3.2154799053769 12.0310231135112
"etap[129]" -0.0546604073406996 5.94265584082135 0.0280139482886841 0.0410146687550226 -12.4019676024856 -3.28136198018609 -0.0219342644941431 3.22397873328104 12.0568522997998
"etap[130]" -0.0141671521994334 5.80118954303364 0.0273470697655172 0.0407890393712968 -12.0041682502466 -3.18833312384537 0.0113623568133189 3.21037189725007 11.7314171271267
"etap[131]" -0.0274227321100249 5.91326532647355 0.0278754000753649 0.0397206948030361 -12.1371641361453 -3.23620344096393 -0.0159726306191319 3.19742107236532 11.831466944734
"etap[132]" 0.0625125737678451 5.88648138448832 0.0277491393620004 0.0407385824951734 -11.7498893590701 -3.1638203713304 0.0535200759081391 3.25764667820328 11.983864963519
"etap[133]" 0.0364744458650563 5.94413349623266 0.0280209140230948 0.0399698649774832 -11.9406830254232 -3.19864800262954 0.00611849309513638 3.24198295946795 12.1693306642216
"etap[134]" -0.0138137287753976 5.93750113435898 0.027989648769387 0.0423849758241088 -12.2181967985075 -3.22301512593585 -0.0113068325982079 3.21800883350118 12.1377936443386
"etap[135]" -0.0640588842129785 5.90001311068461 0.0278129285310308 0.0417588616377177 -12.0892313314299 -3.28934390570869 -0.0383346498938421 3.18147938049733 11.9356824209928
"etap[136]" -0.0224015555378332 5.9426615163586 0.0280139750434233 0.0429768850458516 -12.0364836369444 -3.26007818361855 -0.0398298677581494 3.23369620111741 11.9920102531964
"etap[137]" 0.0194342816916458 5.95030577431484 0.0280500104210099 0.0442653879004534 -12.0269952217933 -3.22768284504057 -0.00532091108455664 3.24905833162858 12.1567985250813
"etap[138]" -0.025184727182864 5.88789246552358 0.0277557912617927 0.0428102451073452 -11.8709394981012 -3.19308568033199 -0.0107261462643908 3.15741824915357 12.0224410572566
"etap[139]" 0.0761262962334831 5.86346880032877 0.0276406569999215 0.0414674958590452 -11.7362320345388 -3.11140471370957 0.0717577401654555 3.27130910378763 12.0103370909641
"etap[140]" 0.0307895311738312 5.88355086133113 0.0277353247433546 0.0424281775963241 -11.95608934347 -3.22409310686037 0.040817917173089 3.2819469172061 11.9984180281943
"etap[141]" 0.0220399872598773 5.88965783273639 0.0277641132826424 0.0411267035479766 -11.7368986158228 -3.23915025026201 -0.0279521168130966 3.18511865949116 12.403573676873
"etap[142]" -0.00698099481475778 5.90273316584081 0.0278257509940052 0.0434836645667194 -11.9125025302823 -3.21053026577335 -0.0157923832690283 3.16658471997583 11.9232450897093
"etap[143]" -0.0331895054919964 5.8478918709168 0.0275672266504731 0.0385041968981666 -12.1273494694247 -3.2168164835193 0.00310455492562826 3.21429485511554 11.8078718575023
"etap[144]" -0.0322360463532733 5.83276607471368 0.0274959229633659 0.0379520995058831 -11.9643494002037 -3.24061299238282 -0.0182064625845077 3.20993131825164 11.7582205357233
"etap[145]" -0.0169311376362392 5.8769213530382 0.0277040729415556 0.045396044125789 -11.8355518870982 -3.22946629958805 -0.0479547499265545 3.19578233040739 11.9205385272892
"etap[146]" -0.114000948509208 5.9445780638367 0.0280230097348782 0.0462612791995576 -12.276467755463 -3.3507302515828 -0.0972654009681068 3.11054673907513 11.6933952695393
"etap[147]" -0.0815336984768669 5.9233388411702 0.0279228870790474 0.043236788232587 -12.1427182180467 -3.27810413166819 -0.0650993008198234 3.16904336425194 11.9106389393227
"etap[148]" -0.0298736315468549 5.8846740414951 0.0277406194654242 0.0405693069664485 -12.0000578061337 -3.22292243650662 -0.00701099734429356 3.16650791250885 11.8184295016616
"etap[149]" -0.0452202969816385 5.83739448047631 0.0275177414773715 0.0404695572990068 -11.9264687862641 -3.24063631529758 -0.0188366089610904 3.13238887128818 11.8514866155573
"etap[150]" -0.0217731792664615 5.86315405555104 0.0276391732788103 0.0432732734358312 -11.7419855788475 -3.214876161106 -0.0156908249151015 3.13301256587293 12.0001064618097
"etap[151]" 0.00327258435914928 5.79732690771685 0.0273288611280122 0.0383360589352727 -11.7922065076088 -3.20678353295756 0.0294570483713879 3.22638443383734 11.7726689408478
"etap[152]" 0.038815544668269 5.85660264705624 0.0276082896429903 0.0413154583221501 -11.917340715886 -3.19026646812076 0.0454424485483611 3.24030025135889 12.0710319955916
"etap[153]" -0.0464711269710832 5.90724167271955 0.0278470042992517 0.0429232891365739 -11.978817486253 -3.28424468121952 -0.0588563732825059 3.20992755274353 11.942235077622
"etap[154]" 0.0251087368883446 5.92811884061766 0.0279454202125365 0.0440052785759127 -11.8178389817575 -3.20961783360091 -0.0037348385577533 3.25137340084846 12.0326846976363
"etap[155]" 0.0564438846386489 5.88997019904609 0.0277655857915478 0.0423760222337593 -11.9987821781769 -3.19561468156394 0.0478519928948598 3.26350674260029 12.2374025160073
"etap[156]" 0.0182029071592808 5.81481233796036 0.0274112882366598 0.0418002508757928 -11.9309074086681 -3.19083201870995 0.0354692583710707 3.20260945542605 11.9913056775811
"etap[157]" -0.0660128658519697 5.74197021674622 0.0270679071842163 0.0388461355430518 -11.7261539029556 -3.26755289276852 -0.084461181391012 3.14948891561118 11.679313191171
"etap[158]" 0.0423983242877872 5.88711836502039 0.0277521421170252 0.0414034415539417 -11.8711634544438 -3.20130280794127 0.0409011739199023 3.2859962681809 12.0764041582008
"etap[159]" 0.00280170915743442 5.81200791211944 0.0273980680464635 0.0395172797077305 -12.0809626998184 -3.19095119855511 0.0266597055779294 3.22077710544185 11.7776165039491
"etap[160]" -0.0300730036747303 5.8171584981261 0.0274223481417461 0.0407347902328271 -11.9834375718788 -3.23086890672915 0.000372787043721148 3.19927260446643 11.7002192900067
"etap[161]" -0.0255034860681224 6.0041404861166 0.0283037896861983 0.0445298299679106 -12.0253183019467 -3.26325787925259 -0.0125012835536364 3.25084928423796 11.9537089242943
"etap[162]" 0.0489999194629157 5.86251312876299 0.0276361519209565 0.0394049762988434 -11.7074716866678 -3.1879358710908 0.0178097713772967 3.25278280644379 12.0062844291527
"etap[163]" 0.0380571674666754 5.8035679432117 0.027358281651479 0.0409051315430224 -11.7067691938613 -3.17608751462689 0.010833519532496 3.22694811426246 12.0044036013428
"etap[164]" -0.00302161843172291 5.82084095857758 0.0274397074267907 0.0409424231668533 -11.8379494133236 -3.16956369791878 0.0242428621854914 3.20063403359823 11.7472628561558
"etap[165]" -0.0696518024334433 5.87313993408856 0.0276862471616769 0.0399839914223913 -12.338215440015 -3.27260333470426 -0.105830764223917 3.15538387402512 11.9072984742881
"etap[166]" -0.0116545271308906 5.88486863776015 0.0277415368010149 0.0427590017433202 -12.0639696782644 -3.18724605563866 0.036294599452345 3.24071343051833 11.7354996995521
"etap[167]" 0.030481966591879 5.87925478527365 0.0277150728466031 0.0462438470151373 -11.848636943256 -3.1892400484801 0.00800302612738986 3.23357559811988 11.8739036904499
"etap[168]" -0.0388137324554319 5.88161293143448 0.0277261892542121 0.0391976227177063 -11.9716261983152 -3.23440909060476 -0.0595913672206149 3.20586785910907 11.835084934331
"etap[169]" -0.0343552921682004 5.84359610994436 0.0275469762390466 0.0390318826648815 -12.115125810709 -3.19470615691795 -0.0177381247618194 3.1905051417728 11.631186343663
"etap[170]" 0.0266479853765986 5.91763172833146 0.027895983491119 0.0422719035314185 -11.8999096334654 -3.20194497389576 0.0161596758569124 3.25086398459207 12.1153656129169
"etap[171]" -0.0461581123469786 5.9063358727499 0.0278427343172455 0.0424399057096436 -12.1498401308002 -3.23212613891656 -0.0335822100730229 3.18931823617606 12.0067141930301
"etap[172]" -0.0130322597367535 5.7898274367777 0.0272935082829696 0.0411766095660249 -11.8673691215103 -3.2008593949985 -0.0108950100806852 3.19451999193433 11.7008070207606
"etap[173]" 0.0168842635018393 6.00432173189845 0.0283046440870077 0.0431014734446135 -12.2689906518378 -3.27203219755503 0.0160878241045376 3.28741017996798 12.2945947590416
"etap[174]" -0.0114240921163898 5.90600991507618 0.0278411977380357 0.0405735469455978 -12.1822250990477 -3.22451663357298 0.0331716032653285 3.25864448268747 11.9254718943534
"etap[175]" 0.0150887614934942 5.90324452807424 0.0278281615786912 0.0419441461402625 -11.7164953521363 -3.24085811084286 -0.0107202318578877 3.22915272666277 12.0605384179195
"etap[176]" -0.0104277734439275 5.91164459489372 0.0278677598734277 0.0449328874902574 -11.9658171356002 -3.24579076343949 -0.0499565105161927 3.22960089540007 11.9751191279857
"etap[177]" -0.0413869898611823 5.8368428210865 0.0275151409300685 0.040193423504753 -11.9440280436415 -3.27440140814222 -0.0245292470286376 3.19791129973084 11.8068140170563
"etap[178]" 0.0508119959451535 5.82124808834834 0.0274416266549356 0.0400647998520528 -11.633414293101 -3.17695908953267 0.0515751710884766 3.26576230017332 11.7908572283724
"etap[179]" 0.00159540472101885 5.93642632220798 0.0279845820563172 0.0484970081604363 -11.9931386131804 -3.19731442905021 -0.00329042107156241 3.18567910534811 11.9598690551975
"etap[180]" 0.0039378154691891 5.87868546738612 0.0277123890563435 0.0447653470344713 -12.0168454291447 -3.23345929675659 -0.0113036185676306 3.22349382034108 11.9300584598395
"etap[181]" 0.00440176989034718 5.94767815739176 0.0280376237160455 0.0426913898645881 -12.1256070303222 -3.22007251314502 0.00539206891812714 3.24329008782535 12.0858362731884
"etap[182]" 0.00212563417755953 5.8806006715067 0.0277214174151504 0.0410071562582838 -11.9028585592549 -3.28023843251453 -0.0287224035596904 3.2393617418982 12.1133770383527
"etap[183]" -0.0285856076033606 5.81275747177965 0.0274016015045877 0.0376348036386254 -11.7883838463232 -3.21962166515907 -0.0313422909986341 3.15869599556238 11.7618233102402
"etap[184]" 0.102472760855194 5.92137507103324 0.0279136297778438 0.0431309433492283 -11.7212909111504 -3.17305977974648 0.0758571720098867 3.32041854080568 12.1547661876306
"etap[185]" -0.0115636179078129 5.95665616443368 0.028079946447118 0.0442363970655004 -12.1939942347301 -3.23070741940721 -0.0175944846227095 3.22119627544655 12.2413439987327
"etap[186]" 0.00200067456086381 5.93558406079768 0.0279806115979522 0.0463471960290108 -11.8343089343358 -3.25603471027112 -0.0084849204526774 3.25454896830918 12.0242370674972
"etap[187]" -0.0122129401085275 5.79620048145375 0.0273235511036845 0.0386689553541095 -12.0193143854278 -3.17596969755874 0.0307206451632226 3.21710868648238 11.605950853531
"etap[188]" 0.00468113386365677 5.9060607344503 0.0278414373028627 0.0413044467199236 -11.9512539944248 -3.1880458340842 -0.0160307771744332 3.2274438647765 12.1186233976938
"etap[189]" -0.0121813180696194 5.86586972564611 0.0276519750704082 0.0407940989238328 -11.8105552487185 -3.25736736796694 -0.0202922683215475 3.21764305569099 11.9933520046245
"etap[190]" -0.042147519602241 5.8556905712065 0.0276039900762016 0.0426665861973067 -12.1791469199542 -3.24189022281007 0.0261745304342475 3.22144472699422 11.6232184646992
"etap[191]" -0.0319811750234228 5.9259166148124 0.0279350388205325 0.0411088168092545 -12.2813701808495 -3.25176177146854 0.0181511927405241 3.23116316872466 11.8450701427837
"etap[192]" 0.0491748286424239 5.82654583005556 0.0274666004488432 0.0405415616855168 -11.778452061116 -3.1849944095091 0.0162299115820795 3.28369383523527 11.7918349237586
"etap[193]" -0.051983393050674 5.94682131595571 0.0280335845267799 0.0444935826755971 -12.5231265555913 -3.20880274757063 0.00340120739815103 3.15950173144693 11.8063096179714
"etap[194]" 0.0873676029537462 5.80109168748527 0.0273466084700383 0.0430526586874411 -11.6226722079143 -3.17049736603182 0.0528070935287233 3.31081623298004 12.034265709553
"etap[195]" -0.0090835805270589 5.93767639796222 0.027990474969936 0.0420630765150067 -12.0469421985689 -3.28781004835369 -0.0201605142101083 3.20069692900841 12.1652489318056
"etap[196]" 0.00950682169240806 5.9158445860029 0.0278875588213892 0.0424856311025035 -11.7601641195993 -3.27905437440907 -0.0271858836887171 3.21192696029121 12.3054662534795
"etap[197]" 0.0218501284872188 5.82335094800295 0.0274515396304133 0.0411005070510363 -11.7320259180782 -3.20098133580844 0.0144537460408582 3.2174955051527 11.8247934019661
"etap[198]" -0.0853227263302337 5.8103804092604 0.02739039592441 0.0409517736425948 -11.8953701307354 -3.2860803410813 -0.0482126502956443 3.09393074601944 11.6468742274465
"etap[199]" 0.0417603156192136 5.87812014007997 0.0277097240778651 0.0400279000144717 -12.0522868311688 -3.19937795547668 0.0125792549171763 3.29507752014009 11.8628518155256
"etap[200]" -0.0286538425210656 5.74370895795406 0.0270761036888749 0.0382066812991599 -11.843143300652 -3.21733123765889 0.00659237622831503 3.12963869919189 11.66307824537
"etap[201]" 0.0142155227967365 5.82021647390336 0.0274367635778048 0.0378955006385649 -12.0229321047107 -3.13313088231405 0.0347515459078521 3.19568367757072 11.8366823709991
"etap[202]" -0.00407471824962825 5.93614536052418 0.0279832575902381 0.0447856427233067 -12.0458410655667 -3.25083438981238 -0.0133668368998779 3.29013293805816 12.0403627545739
"etap[203]" -0.0604688129375924 5.90631242302798 0.0278426237741962 0.0407813998311468 -12.3088259021194 -3.25350006824358 -0.0194839701035213 3.15740909072514 11.8776991092472
"etap[204]" -0.0606184604922325 5.9506235692864 0.0280515085208728 0.0451419680763397 -12.4217660443437 -3.25356445255995 -0.0362191669927308 3.17507915974899 11.8356772971271
"etap[205]" 0.0734222568861515 5.87098014241371 0.027676065806082 0.0394973744543158 -11.7271867474688 -3.17289784316939 0.0478140244761224 3.25559751158773 12.1815746237834
"etap[206]" -0.0390518280828643 5.88454267530499 0.0277400001992652 0.0454156966357333 -12.1091280146162 -3.19828498900565 -0.00683790272852005 3.16583070289273 12.0037518072559
"etap[207]" -0.019705862236233 5.91831797159153 0.0278992184728706 0.0436875579370492 -11.7429485474878 -3.27985626690725 -0.0558564586260823 3.25092391789526 12.0626815013857
"etap[208]" 0.0879502267351469 5.78861322404936 0.0272877844292762 0.0356562614768517 -11.6214537857143 -3.16924459552841 0.0367531954691066 3.26391200790788 12.0557055844043
"etap[209]" -0.00869364021390218 5.86659491859774 0.0276553936627667 0.040490297162374 -11.8746583807491 -3.22043092303882 -0.0473894063008752 3.1848709516178 12.1263546554835
"etap[210]" 0.040067204642519 5.87947626360893 0.0277161169054881 0.0416741439028402 -11.9710029095976 -3.20863782957382 0.0186754065964524 3.25537875892256 12.22015025566
"etap[211]" -0.0108141764146202 5.89112976115093 0.0277710520197314 0.0402278616407737 -11.9026729067092 -3.25701962944686 0.00947694350954259 3.25819598002247 11.7591729654168
"etap[212]" -0.0818282438172397 5.84236009205378 0.0275411495948326 0.0420889580884903 -12.0570680037117 -3.26378842613886 -0.0217901888941432 3.16776199460637 11.6004742396394
"etap[213]" 0.0894666102254735 5.84732773318616 0.0275645672797073 0.0418172073073535 -11.7674406082482 -3.12337761907455 0.0612733113520954 3.26323494737871 12.1328116556142
"etap[214]" 0.082811075197155 5.91655953669932 0.0278909291312935 0.0433435379430578 -11.8422198720777 -3.19493613179436 0.0522973243371401 3.24972142829157 12.2799158248465
"etap[215]" 0.0197516983607004 5.91219179068768 0.027870339379138 0.0404261453078206 -11.9660809841546 -3.19478213423165 0.0399975447363274 3.26293600827899 11.9657322164343
"etap[216]" -0.0374771997960172 5.8607168271201 0.0276276840738049 0.0408401017924628 -11.9946660875101 -3.23052462765082 -0.0339311153021906 3.17530235760262 11.7885976899565
"etap[217]" -0.0525714318054732 5.83814216598623 0.0275212661006666 0.039900566689689 -12.033593197436 -3.19480213379329 -0.00224192451111899 3.18720644695726 11.5621204691585
"etap[218]" 0.0717811586173564 5.8782602616165 0.0277103846171229 0.0422883512313108 -11.7847625921621 -3.15592184365933 0.0457170269614262 3.26968930698561 12.1831471715091
"etap[219]" 0.0224482803897426 5.82552534780076 0.0274617898493602 0.0392050437486222 -11.6244889395309 -3.18473482750181 0.0102425611793931 3.22888109546 11.8669292799915
"etap[220]" -0.0667547522734128 5.85268440321521 0.0275898188643881 0.0419379086014915 -11.956067377835 -3.25863609845979 -0.0867378192797456 3.15756612566778 11.8086730591898
"etap[221]" 0.0503195659884059 5.87923401309998 0.0277149749256373 0.0446641643346325 -11.8911413920861 -3.1624966588218 0.0296949970588103 3.2531203201138 12.0406639109796
"etap[222]" 0.0350926832373113 5.90280282143361 0.0278260793536186 0.0395612913557185 -11.8367727474481 -3.23523153233138 0.0180274874524217 3.21728776065104 12.199366488567
"etap[223]" -0.000929920602994809 5.81211330505052 0.0273985648735052 0.0375497833983048 -11.9127773210096 -3.12765438515294 0.021507581559778 3.18303189521024 11.7303384681647
"etap[224]" -0.0809278687860055 5.88021438655103 0.0277195964504062 0.0387995420296753 -12.2380779001574 -3.27423991967946 -0.006268411434375 3.16238425072479 11.5478387014116
"etap[225]" 0.0209245149047978 5.86404440060288 0.0276433704056354 0.0405950705125007 -11.6801231040109 -3.21608067820557 -0.0361481754317477 3.17863975858539 12.2405299850652
"etap[226]" -0.0122017840930761 5.8936565828614 0.0277829635715069 0.0410622460320145 -12.0866996687296 -3.23981487018494 -0.0165513519291676 3.21788686603582 12.0815285242976
"etap[227]" -0.0999605248899536 5.86736794548222 0.0276590377464471 0.0401695794237924 -12.1535471574113 -3.33125864799559 -0.0275941913247298 3.15744214528632 11.4919563211079
"etap[228]" 0.0709188102300163 5.84389782488779 0.0275483985369298 0.0403785402800822 -11.6401130918797 -3.17857715513767 0.0334138718872427 3.25763675083856 12.1613189633374
"etap[229]" -0.0067881715641233 5.83639769066869 0.0275130425651556 0.0370036973305877 -11.8546568869445 -3.19830859609774 -0.00464272057433422 3.22401353429309 11.8015437421519
"etap[230]" -0.0331630671032263 5.85187976651532 0.0275860257706089 0.0371080727332369 -11.952570171205 -3.2452980720013 -0.0373621802358662 3.16871145193523 11.7935235819416
"etap[231]" -0.000175992869808486 5.9566977645932 0.0280801425521507 0.0426849187445594 -12.2611497836733 -3.15374985856996 -0.0286733441787313 3.2416260298355 11.9887366378598
"etap[232]" 0.0316664849523911 5.84963444231446 0.0275754412108196 0.0394381082921869 -11.8635031435759 -3.20665436866455 0.00924494749100118 3.26585655672269 11.9910729215023
"etap[233]" 0.0156263117165612 5.88586512376213 0.0277462342810773 0.0387173675288147 -12.0239823155495 -3.22636953598154 -0.0034596681480679 3.23033943450467 12.1981345684809
"etap[234]" -0.0513337975758292 5.90274688106969 0.0278258156482141 0.0433352054870439 -11.9617159676266 -3.28126952207619 -0.0618758134745214 3.18658952733894 11.8100384511661
"etap[235]" 0.0426545544949178 5.88990744913817 0.0277652899856451 0.0415606498639366 -12.0205836786572 -3.18742388626696 0.0518452355976293 3.28743045289817 12.0132142130756
"etap[236]" -0.0506637363874152 5.88989727996481 0.0277652420477021 0.0429662744827096 -12.2313534743485 -3.24128363911994 0.00400822255205471 3.20733774781678 11.8777347588067
"etap[237]" -0.0452909411859651 5.84713951171009 0.02756367999516 0.0400149451724596 -12.0348095339493 -3.26749680408653 -0.0246921840630644 3.19147719399684 11.8417537182739
"etap[238]" 0.0174963380000314 5.86774807452781 0.0276608296919528 0.0426793290006038 -11.8361763552804 -3.24167418904467 0.0662969310717526 3.27440471373673 11.8128223746128
"etap[239]" 0.0327513147720087 5.89106395515419 0.0277707418072878 0.0387549626138963 -11.8437872513568 -3.24831361394507 0.0391935351337583 3.27450593509318 11.9431914636552
"etap[240]" -0.0127762666579068 5.92926962428943 0.0279508450587898 0.0408521313844001 -12.3065361146947 -3.25351005506465 0.00114667170190994 3.22433640806781 12.1294806263688
"etap[241]" 0.00125547174767807 5.8912479713928 0.0277716092681556 0.041578415792112 -12.0001445262545 -3.22128603842283 -0.043125038646667 3.19463600888059 12.2503493360963
"etap[242]" -0.0259027280984341 5.94047512713347 0.0280036683057739 0.0430121471244103 -12.117932712315 -3.25686745366428 0.0103735066168594 3.2145725494944 12.0371569881032
"etap[243]" -0.103563469353246 5.91268020174915 0.0278726417709618 0.0412072450372574 -12.5490249394285 -3.29312090893945 -0.0614260747334622 3.16040929213884 11.7988773792351
"etap[244]" -0.112951274491239 5.96500393365974 0.0281192982086349 0.0431815956222288 -12.3069498660812 -3.26631357696734 -0.0983258359532218 3.09297653741021 11.8281319300884
"etap[245]" -0.0793409436423029 5.94918101306976 0.0280447082456526 0.04323407590787 -12.3546858899555 -3.27921084993522 -0.0531274964037991 3.15761539544088 11.9140985773073
"etap[246]" -0.0275868957668038 5.82692386773465 0.0274683825355528 0.0380280673660334 -11.8051694465421 -3.18842892951208 -0.0455972588442428 3.1402059059334 11.9273408576592
"etap[247]" 0.0411512973463996 5.88710595708462 0.0277520836254551 0.0441344088045266 -11.8218777669892 -3.19833737453214 0.0309707529347423 3.22856311264531 11.9721784015273
"etap[248]" -0.00149880094190333 5.88957824404475 0.027763738097952 0.0404645478846171 -12.1140968823518 -3.23468012303984 -0.0110520151974288 3.21233045324484 12.0593583773428
"etap[249]" 0.0445527951715045 5.79873259037554 0.0273354875796132 0.0423162750415068 -11.8958933578121 -3.1483001285258 0.0228541820040252 3.18479193156171 11.9973132468539
"etap[250]" -0.0953466453477125 5.84213703584787 0.0275400980977941 0.0434859380963562 -12.0890847530762 -3.28437981955925 -0.0312779004432067 3.15177729767539 11.4432012117407
"etap[251]" 0.0908234222910441 5.84618740683585 0.0275591917297402 0.0392263355307165 -11.6366912937952 -3.13201596062217 0.0342330014831955 3.29628769520594 11.9414826574498
"etap[252]" 0.0350427993952524 5.84745244918359 0.0275651551965574 0.0402421131440585 -11.8864581499326 -3.17414731146386 0.032948611449731 3.2561260376571 11.9060279727698
"etap[253]" -0.0247993882584954 5.87527207347737 0.0276962981631453 0.0394011212846324 -12.0271582443658 -3.21431630960505 -0.00245952863917222 3.23120065425726 11.7755351660145
"etap[254]" -0.0736509089192698 5.91633867990384 0.0278898880023752 0.0425663713198843 -12.2769889600196 -3.29486983145638 -0.0535362768321856 3.18155334779279 12.0305484368117
"etap[255]" -0.0509948784247484 5.86483999635258 0.0276471208799666 0.0419737856451264 -12.0839104005405 -3.27763228621526 -0.0226040878036529 3.185189871064 11.8744925787522
"etap[256]" -0.0317024618776326 5.81034555474835 0.0273902316186645 0.0407107642584757 -11.9276342796625 -3.25217712623655 -0.00624669780004994 3.19476057939148 11.696967769274
"etap[257]" -0.0528746499761815 5.9174358798602 0.0278950602525715 0.0455691621793975 -12.2340126347118 -3.28664460575108 -0.0472635599913466 3.21433510848867 12.0424460536114
"mean.p0" -0.75160363857356 0.416350976643871 0.00196269732625682 0.00448284498304254 -1.63534743034072 -1.00244952083325 -0.732564711020606 -0.478234047192521 0.0224834995311941
"mumup0" 0.423181584376776 0.172853362263747 0.000814838564050604 0.00305400243721783 0.105045036914955 0.299638219808004 0.418310244803703 0.538846856451737 0.779596975509461
"mupsi" 4.89614892506649 1.29358563022562 0.00609802114118674 0.0135940722983422 2.62879420781117 3.97739491845926 4.80904811953672 5.73219538392634 7.64287003787214
"ppo[1]" 0.2256058590504 0.120874170176176 0.00056980630267914 0.00120844978651808 0.0387673178634038 0.132540198091571 0.211333300084901 0.303004335388558 0.494192691895901
"ppo[2]" 0.574915409312896 0.155837350374731 0.000734624314747442 0.00170968539010332 0.279380899549892 0.461343131409631 0.575384886014278 0.689306024698098 0.867250068800542
"ppo[3]" 0.486917428821906 0.150438105077064 0.000709172028325644 0.00123046972683141 0.212770699424768 0.377243780540122 0.481714723145529 0.592180590759964 0.788836033689283
"ppo[4]" 0.308055677892492 0.132847808169185 0.000626250573481335 0.00089135444008356 0.0851497639301024 0.209433110008712 0.29735112832054 0.394634207836523 0.595010491479018
"ppo[5]" 0.207859578645637 0.178994285018697 0.000843787151535722 0.00262186772996021 0.0108580999677015 0.0765093201518308 0.15815942792716 0.285205255283211 0.710715768656996
"ppo[6]" 0.308746161965165 0.133578073540227 0.000629693077454199 0.00095645470557253 0.0838001687168251 0.20932016083607 0.297917771100814 0.395931430550892 0.59749513901088
"ppo[7]" 0.396274438523885 0.143714512692294 0.000677476709864273 0.000942275933347602 0.141457343106203 0.291522763375156 0.387876585866656 0.492612667796995 0.695199540431086
"ppo[8]" 0.665753521812483 0.156675853684301 0.000738577057255738 0.00226622084026275 0.348048099605617 0.554739604283148 0.676253851385665 0.786541951990778 0.931570369597124
"ppo[9]" 0.225565728895332 0.121376272169138 0.000572173234172945 0.0012684229866588 0.0375202347580666 0.132245431852539 0.210782135326844 0.303776710110473 0.494176780666995
"ppo[10]" 0.207918898557188 0.1761202194985 0.000830238676743019 0.00264154381924051 0.0103514021751324 0.0776083787243494 0.159167220531872 0.287424215451541 0.691833618246251
"ppo[11]" 0.577137242229629 0.155825008791755 0.000734566135967354 0.00164583080253485 0.279080887880171 0.462624421271955 0.579232679709617 0.693134976651349 0.865983330565157
"ppo[12]" 0.396458257306899 0.144212535155447 0.000679824410270132 0.000972232118972772 0.143043560750028 0.290804212992023 0.387520591924374 0.493274033267517 0.697782622030039
"ppo[13]" 0.225377828680018 0.120998372302269 0.000570391797116458 0.00123033192825918 0.0370080382996405 0.132554995200104 0.210991857092927 0.303995362281861 0.491481178922018
"ppo[14]" 0.225870772290791 0.121324149846275 0.000571927527186627 0.00127910977305046 0.0389210398395126 0.132583499371222 0.210812595657566 0.304285370759083 0.49637506936523
"ppo[15]" 0.396251765714402 0.144412543786637 0.000680767259999534 0.000933277623317823 0.139573396179911 0.290781617694486 0.388263268745114 0.49252450514523 0.696023997370546
"ppo[16]" 0.225098945300334 0.121162458721858 0.000571165307916406 0.00119865086663349 0.0371162624075638 0.131985176627084 0.210386129676934 0.304150458296841 0.492900475028173
"psi0" 0.985314834011216 0.0191112138070365 0.00009009112586441 0.000189444748343545 0.932691891996003 0.981610142180184 0.99191035686753 0.996770506945003 0.999520779327538
"sdeps" 1.1830454643407 0.485883017858365 0.00229047451194023 0.00937099593483343 0.358691532683985 0.849213209754634 1.1292698723223 1.45500883311439 2.29352008127584
