"Mean" "SD" "Naive SE" "Time-series SE" "2.5%" "25%" "50%" "75%" "97.5%"
"N" 7.54924444444444 0.872182893843709 0.00411150959114529 0.00953282468906809 7 7 7 8 10
"betapsi[1]" -2.93861303587719 3.4944561175722 0.0164730241152941 0.0711219180839422 -9.86642697222812 -5.26328456788704 -2.92059275335093 -0.385681968039844 3.96465205545945
"betapsi[2]" 0.870344285466228 2.86362052340557 0.0134992366056336 0.0232361315725321 -4.1033041955238 -0.892339160109679 0.416288386894948 2.40191663463161 7.56910437870751
"betapsi[3]" 0.849107377602443 2.86707247012676 0.0135155092385327 0.0229149955904198 -4.09868343022467 -0.891366640496916 0.403380973071759 2.36810060253669 7.58474488884432
"betapsi[4]" -2.99235566676518 3.49916986832203 0.0164952449494276 0.0729202469838404 -9.90679615901297 -5.33070077780707 -2.99195227312279 -0.410582192633048 3.85729293114027
"betapsi[5]" -2.96649932343657 3.49684141100756 0.0164842684963825 0.0722696379607751 -9.94711925898013 -5.29259804968886 -2.94368036246356 -0.398672161364371 3.93176925418249
"betapsi[6]" 0.837183950132529 2.84012362665741 0.0133884711721172 0.0214929770386519 -4.13377208679107 -0.905058667103459 0.397575090287402 2.37485990935621 7.44473022620618
"betapsi[7]" 0.85347197424504 2.86016552287199 0.013482949576925 0.0225863824393792 -4.13377714719086 -0.898249466028512 0.396287437851063 2.37903421391914 7.50281270728313
"betapsi[8]" 0.868519096062021 2.84877150021707 0.0134292376390298 0.0221212318494045 -4.06582617621414 -0.864878098722269 0.417170022803629 2.36717774009809 7.55211497700136
"betapsi[9]" -2.93245994407286 3.53642628365434 0.0166708733755888 0.0786567218758328 -9.96392925996584 -5.24138247407382 -2.93974224801443 -0.367432258034161 4.12972987102469
"betapsi[10]" 0.851173712484884 2.85818389685767 0.0134736081023084 0.0231410403426065 -4.14094711605985 -0.894909235874029 0.391334648898788 2.39922785875835 7.50094872905639
"betapsi[11]" 0.894641491927155 2.89836845245599 0.0136630399140586 0.0240933012910539 -4.10241251138558 -0.865503178773467 0.413922704171089 2.4006483825745 7.71506776814361
"betapsi[12]" 0.835386571415613 2.86809956963318 0.0135203510320389 0.0216306657228646 -4.11536823858083 -0.933785284100352 0.386906014378762 2.34849731284686 7.53351771792244
"betapsi[13]" 0.893842285490749 2.87209597041545 0.0135391902459955 0.0246115542211209 -4.09570290573819 -0.851574034273525 0.440073090254384 2.42631347880968 7.65229739290085
"betapsi[14]" 0.825034444887836 2.85254831948523 0.013447041735802 0.0218396573941531 -4.10389010703102 -0.911394322525104 0.380659769050925 2.319681231103 7.5564015703168
"betapsi[15]" 0.831079309600147 2.83717417720643 0.0133745673340669 0.0237205357065709 -4.17033639034073 -0.888699025619615 0.403355010638853 2.36644434062291 7.46166958082843
"betapsi[16]" 0.861383388774307 2.88147344293418 0.0135833960753847 0.0217242832715091 -4.09028087259935 -0.902907338954524 0.39621205922801 2.37928525493495 7.66395187736133
"etap[1]" 0.0115670136032159 5.84275109950754 0.0275429928216462 0.0598168700902674 -12.0865833385675 -3.08361796421884 0.0329375707462575 3.11459198485344 11.7942618964136
"etap[2]" 0.0297157077564028 5.23301794574505 0.0246686831700481 0.0428967052655909 -10.6614693281914 -2.70722209353596 0.0473623338558374 2.79897587272677 10.7375319355976
"etap[3]" 0.0274211642473068 5.33599415734088 0.0251541176868502 0.0399958290370077 -10.5781147796541 -2.70553664606609 0.0437919689692017 2.80326177499547 10.6530030772281
"etap[4]" 0.0785664935308046 5.75463693194189 0.0271276186522844 0.0631704868566697 -11.4616571335415 -3.00183613956857 0.0564073745969543 3.14052826893143 11.779752319293
"etap[5]" -0.0038065218088873 5.78950247305047 0.0272919763892685 0.0664735805485062 -11.5600898863474 -3.02759046513302 0.0183471853399699 3.0888860129497 11.4664891750317
"etap[6]" -0.0501712796943249 5.87433525842014 0.0276918819746141 0.0623371477038306 -12.0173096072929 -3.11579143691521 -0.00409583966798174 3.06491545983697 11.850360912371
"etap[7]" 0.0403906178548469 5.87095071305539 0.0276759270747564 0.068031135148627 -11.4462004741322 -2.98397680097065 0.0461395321578826 3.08686031925255 11.6932881138741
"etap[8]" -0.0150265891135388 6.63178111535015 0.0312625159867265 0.0620124832287629 -13.1639062989057 -3.64244516400058 -0.0420268234425761 3.60099114599693 13.2611870084025
"etap[9]" -0.0733132863624545 6.27376859759803 0.0295748287930452 0.0494793288588066 -13.1028819791013 -3.44129434800733 -0.0391927727842848 3.36102967289604 12.4127954914646
"etap[10]" -0.0198801344786431 6.15630492150716 0.0290210997136655 0.048488502107727 -12.4465506349105 -3.31667427775089 0.00116433639190289 3.31396907363039 12.5476372237705
"etap[11]" -0.0882044893201403 6.19712404706553 0.029213522916895 0.049484125769651 -12.8061076591051 -3.35319989039267 -0.029202373082608 3.25047338111345 12.1836554344211
"etap[12]" 0.0149310060820002 6.13170620043987 0.0289051402304975 0.0458888789197067 -12.3484808771152 -3.33225056037954 -0.0119427561174239 3.30492412811986 12.4331635230953
"etap[13]" 0.0210302593732314 6.17740426756468 0.029120562984838 0.0449734677431561 -12.247643475382 -3.34439365482186 -0.0350809360630612 3.31913088543369 12.7570598208637
"etap[14]" 0.0549452264134981 6.25633600488054 0.0294926507628839 0.0464727086682968 -12.3659407610355 -3.21078931840547 0.00961049501151182 3.33918242910035 12.4725270024891
"etap[15]" -0.0499575424316234 6.37424655070877 0.0300484864064075 0.0671615974322359 -12.6823468978834 -3.31496653767148 -0.0056603782528223 3.30084081650588 12.3325750121237
"etap[16]" -0.0990703168408467 6.29602297017717 0.0296797369114569 0.0531847820673452 -12.7761033465827 -3.42183525703383 -0.0428584927308767 3.28150378857377 12.1722784873471
"etap[17]" 0.00988367708934454 6.25435620975887 0.0294833179191779 0.0597764151838745 -12.6461047618045 -3.27101388634491 0.0153059056027433 3.35324440920941 12.5142576414871
"etap[18]" 0.0346701365429027 6.23741882124233 0.029403474304007 0.0408936058511853 -12.4527403754662 -3.26677151958192 0.0321649303946396 3.35872225454094 12.4376124670285
"etap[19]" 0.0267057016060637 6.08912859531273 0.0287044274750836 0.0432394263281654 -12.2260410033242 -3.30144965675259 0.0134655363392494 3.32747762519538 12.5024540892261
"etap[20]" -0.0791372510251671 6.21513567562554 0.029298430548195 0.0461920982999341 -12.5577659717253 -3.41233839336571 -0.0632567018713701 3.2388040713325 12.5497100567428
"etap[21]" 0.0172787068092184 6.33244346197605 0.0298514247562912 0.0481819587911918 -12.8409083636614 -3.30262653829097 0.0327785340086572 3.40031119207432 12.8294828798162
"etap[22]" -0.0119127109581935 6.50758098134482 0.0306770309401968 0.0601186307660279 -12.6929714769152 -3.34873466987354 -0.0440948646683034 3.29702111653513 12.349014787975
"etap[23]" 0.0365427336135382 6.25939210519826 0.0295070573579415 0.0611126774874536 -12.2672448342366 -3.30414591129931 -0.012090706499565 3.27506215470295 12.7194756719099
"etap[24]" 0.0271574508095659 6.19022636079812 0.0291810069120005 0.0502418176181071 -12.2974251579561 -3.35327890779099 -0.0199601214740023 3.33528574230663 12.4421716817279
"etap[25]" -0.0622186895715849 6.19117141258313 0.0291854619288389 0.0542682032938205 -12.5415441637727 -3.38465788281843 -0.0312207652081756 3.30043885350673 12.3247956952088
"etap[26]" 0.0739068080534046 6.20831712790745 0.0292662876059997 0.0403458280105073 -12.1718747765124 -3.21842610428503 0.0397559328585677 3.33829612554459 12.6440975465853
"etap[27]" -0.0448432252311159 6.26574354958284 0.029536998353906 0.0479752414996449 -12.5965600140387 -3.35149594959228 -0.0773521140746965 3.24715620417052 12.3220788042344
"etap[28]" -0.0750380138748876 6.03529391782982 0.0284506483716759 0.0411767403506413 -12.4191451777535 -3.38332810995498 -0.118433101284516 3.20677166173173 12.0689183033401
"etap[29]" 0.00342414572819266 6.22375730896894 0.0293390733175418 0.0415114297442388 -12.389003902895 -3.30411840588027 0.00347495643822404 3.30759979807655 12.4621090832849
"etap[30]" 0.00493602238187778 6.10105960291412 0.0287606707842925 0.0427577599664316 -12.1937292662552 -3.33593560759037 -0.012506306483222 3.30706054790465 12.4911178591027
"etap[31]" -0.0611121665597268 6.27600681719414 0.0295853798614065 0.0573578627590624 -12.4410319835199 -3.35429224762292 -0.0111871224824799 3.24968527491807 12.2784724398438
"etap[32]" 0.055829540389626 6.27580376689806 0.0295844226731313 0.0714882217726775 -12.7355134080246 -3.24200704345682 0.0336059137176064 3.32609078485937 12.5430729041124
"etap[33]" 0.0361782674060039 6.14612303887048 0.0289731018586146 0.0432436553471126 -12.4797044794351 -3.3278760373061 0.0643209703681477 3.37141360180798 12.5916768704765
"etap[34]" 0.0421182083092698 6.05731365048756 0.0285544503868906 0.0420730376706306 -12.1103253472392 -3.28659167480279 0.000370484423284752 3.31465934234023 12.4702267034006
"etap[35]" 0.0047733747261763 6.20215287545342 0.0292372290412584 0.043467711743668 -12.3383991145056 -3.33802363817359 0.0245904599491553 3.30146331674951 12.5702698227211
"etap[36]" 0.0327316790116323 6.25405527496464 0.0294818992989533 0.0472988006785036 -12.5170428930511 -3.23987857580887 0.0353970586879462 3.34538827669119 12.427315794314
"etap[37]" -0.0163670063634325 6.03035724196252 0.0284273766584607 0.0419068177680582 -12.1262087716186 -3.36544588363336 -0.0151346336483945 3.29377045094112 12.4235212302709
"etap[38]" -0.030274384910527 6.24674267468207 0.0294474273706339 0.0435675770585028 -12.386052300975 -3.30738215676637 -0.00789589935157332 3.25775647763445 12.4166455839493
"etap[39]" -0.0238628060725132 6.13583523991522 0.0289246047092496 0.0463391641032749 -12.2417080959923 -3.37650399844215 -0.00403024705840986 3.29531483567586 12.2424695140359
"etap[40]" 0.000524416977353875 6.12846748111053 0.0288898727611633 0.047105221306561 -12.2328722634605 -3.31186960438966 0.0220840309844001 3.27428377920006 12.1170725463822
"etap[41]" 0.101084887581537 6.1843291992017 0.0291532074256366 0.053053037794117 -12.1603895109777 -3.25387491957408 0.053952932121547 3.36609026190694 12.6467693907575
"etap[42]" -0.0382695376510116 6.14737795589972 0.0289790175942226 0.0453215235106845 -12.4814517697204 -3.31961562563551 -0.0219451334522258 3.29165607101923 12.1008684079345
"etap[43]" 0.0471124842289611 6.23350949721612 0.0293850455738151 0.0464945732798027 -12.3606740044971 -3.32526234566281 0.0319948970323449 3.34591052636614 12.6989797475727
"etap[44]" -0.0872948357808802 6.13785398303296 0.0289341211555698 0.0420370335919361 -12.6597250149985 -3.35969229924766 -0.0180845000671087 3.2612647461828 12.1600412725891
"etap[45]" 0.093734573709731 6.21220314073367 0.029284606446141 0.0423834090833907 -12.2174420776564 -3.26096045310378 0.064008283720777 3.43631578126098 12.6919016434166
"etap[46]" 0.0433654948927879 6.14360297121705 0.0289612221457693 0.0473240242529465 -12.3188586950154 -3.32004021361215 0.0308987868964284 3.34849340777507 12.4363072443586
"etap[47]" 0.10633385598113 6.33177759272929 0.0298482858185594 0.0551461769929962 -12.3362633265859 -3.26408140879135 0.0566652045233789 3.40888928146689 12.9784211998513
"etap[48]" -0.0355583115317405 6.25547641640413 0.0294885986239459 0.0615637525366279 -12.6378949978807 -3.31484872433067 -0.0158531371423409 3.32851398703815 12.3716286253784
"etap[49]" -0.0163253525255566 6.19018881499293 0.0291808299193774 0.0417785181201886 -12.5915634613429 -3.32364801503179 -0.00757605385765019 3.31261523411602 12.3130231659947
"etap[50]" 0.0593240809485171 6.2446967413859 0.0294377827485834 0.0460739871288408 -12.3977235230286 -3.29642667521587 -0.0117054313725515 3.33360150411405 12.8709073792505
"etap[51]" 0.0488678317797224 6.1567329433044 0.0290231174277677 0.0451198782051993 -12.1248507799762 -3.2894682192692 0.0114676879396563 3.31085402228855 12.7184674726719
"etap[52]" 0.0376348517541068 6.25168342129991 0.0294707182735512 0.0509485214376493 -12.5520172743532 -3.24592324137734 0.0255191985542604 3.30933964588282 12.5595068089798
"etap[53]" -0.0641519739125843 6.1459818057322 0.0289724360792158 0.0473895750112895 -12.5202338175458 -3.2771927162672 0.00117491809770463 3.29567477425668 12.049694713262
"etap[54]" 0.0351581128001011 6.26024182715212 0.0295110629856462 0.0497289866798535 -12.3788187212651 -3.28938777437771 -0.0239586207655972 3.34088321201291 12.91001651919
"etap[55]" 0.00534018652894471 6.2266466760265 0.0293526939244734 0.0479194325290422 -12.7028195068697 -3.28416693842791 0.0135054499061799 3.30933930800709 12.4157331944867
"etap[56]" -0.0338389616659074 6.18802936703619 0.0291706501840853 0.0442404295168878 -12.5114077279765 -3.29589897847727 -0.035345184316906 3.2797024130063 12.3613354769446
"etap[57]" -0.0142254637449304 6.23636335574322 0.0293984987919288 0.0459624198581755 -12.4861244572296 -3.3300518716911 -0.0134279979145722 3.27757634003172 12.8028787367274
"etap[58]" -0.0251991175994278 6.15394030430012 0.0290099528012522 0.0492966865850279 -12.4293141472638 -3.31410259975369 -0.00212833164154384 3.30699964021003 12.3234996902339
"etap[59]" -0.0848272972460696 6.2333292709896 0.0293841959792356 0.0481570280940686 -12.5749538431152 -3.37332857004229 -0.0322644692296679 3.26616210334577 12.1403947507646
"etap[60]" -0.0605797722968561 6.23932944866411 0.0294124810880488 0.0510977492788961 -12.7695254724187 -3.28144978698165 0.00781265388840148 3.32604509408539 12.2789636238981
"etap[61]" 0.0781796391791771 6.27504478485066 0.0295808447974479 0.0649330043706801 -12.3489181992141 -3.30631379324497 0.0216871671866457 3.35459962019911 12.7771712306868
"etap[62]" -0.0578159098179891 6.17301670723404 0.0290998798270869 0.0465452618104462 -12.5771322042184 -3.34201764397599 -0.0464030428321733 3.29058687117777 12.2192925702764
"etap[63]" -0.0115309376709291 6.29355255390207 0.0296680912574538 0.0473331394232531 -12.6357295306225 -3.34602793325298 -0.00856854343550095 3.30481510529017 12.8320452528764
"etap[64]" -0.108784588590341 6.33394730606718 0.0298585139453224 0.0564961344864953 -12.9081704349472 -3.45363592990853 -0.057094171829605 3.31719097100999 12.5316896417719
"etap[65]" 0.0508312252708291 6.2255817285459 0.0293476737139058 0.0473431815766277 -12.3399857506404 -3.26391117273502 0.0608756254123579 3.34339064734091 12.6062793702302
"etap[66]" -0.02301095763848 6.15042720593196 0.0289933918967248 0.0491983506314411 -12.4526339361225 -3.31337172331058 -0.022932762477982 3.28786415685655 12.5363067368504
"etap[67]" 0.0231660727077816 6.29302821814372 0.0296656195149848 0.0459361961218733 -12.6406245397492 -3.33493156424819 0.028464522889934 3.3216024101214 12.6934567049821
"etap[68]" 0.00695176375856237 6.17107092201392 0.0290907073075944 0.0444391981809813 -12.3061491957478 -3.31000011916623 -0.0498266872208935 3.29964882587855 12.5406650403747
"etap[69]" -0.0020008013194897 6.2310566102326 0.0293734825536849 0.044959851437816 -12.4319965937292 -3.34463844815117 0.00487029030324543 3.32334715035983 12.5503734503263
"etap[70]" -0.0029470850348738 6.16893622165023 0.0290806442335746 0.0409589211972805 -12.5804896755322 -3.30299662175102 0.0162959854342083 3.33461630265947 12.5197678997415
"etap[71]" -0.00897423269128477 6.09908957008757 0.0287513839604871 0.0434698120115454 -12.4913407412781 -3.35579799040751 -0.0403697986257041 3.29278380751732 12.1927836473308
"etap[72]" -0.0256255630802638 6.23630197180213 0.0293982094252555 0.0550173428802215 -12.5300126980903 -3.29893364046538 -0.0128844366860842 3.27085306210686 12.4258097011025
"etap[73]" -0.0212539814399875 6.26000271854783 0.029509935816876 0.0461914276067887 -12.5885784261438 -3.28834184496841 -0.00346303143008402 3.30022390506962 12.6305221484871
"etap[74]" -0.0353290899155169 6.19693508196182 0.0292126321268534 0.0461633954741892 -12.5229999320361 -3.33594349627561 -0.00663905141719182 3.2889041681106 12.232120856829
"etap[75]" 0.0354543586534845 6.32878168867296 0.0298341629913993 0.0581813428019334 -12.4092072792872 -3.3408383627733 0.0181806649062809 3.29824001348156 12.5484140713137
"etap[76]" -0.108718140787739 6.25117819368678 0.0294683366077427 0.0437302122572037 -12.7579431304882 -3.34972433679086 -0.0782429889808407 3.26380217845867 12.1755091076532
"etap[77]" 0.0192841348302268 6.1103709324944 0.0288045648128797 0.0419766787441041 -12.455652963762 -3.23025581246253 0.0494417214642943 3.30784520277568 12.2976840957076
"etap[78]" 0.0502761599752087 6.24366435519043 0.0294329160333859 0.0493030084043 -12.3581779193414 -3.27273766492719 -0.0174288413806614 3.35423318073186 12.6772647082706
"etap[79]" 0.065773246787004 6.36496850318608 0.0300047492709444 0.0724840977208304 -12.4926145423549 -3.294772524166 0.0195610641600094 3.33974480407173 12.2902131322052
"etap[80]" 0.0130110202867976 6.11688729604198 0.0288352832452342 0.0417740111323391 -12.5790982891574 -3.28935130620264 -0.0133173110917679 3.32444774897559 12.3468376822974
"etap[81]" -0.00199078477781286 6.26193600108252 0.0295190493981441 0.0484208399883582 -12.2220854536407 -3.34315287295916 -0.0533729968987804 3.34057172689496 12.6872881058688
"etap[82]" 0.0631537058203432 6.2577323391558 0.0294992331457828 0.0502649343718038 -12.3811165225678 -3.23692662450622 0.049582641347438 3.39078936929917 12.4116149243906
"etap[83]" 0.00560732093348158 6.32035482295359 0.0297944383654372 0.0440196368130402 -12.4691179988423 -3.33484443640145 0.00450522997128648 3.36826023910359 12.6756054415973
"etap[84]" -0.00592750629859794 6.13640255703196 0.0289272790677851 0.0434975848763435 -12.2799943707246 -3.27949468874509 -0.0575060036740239 3.27331585642439 12.5294188846085
"etap[85]" 0.0156642873363423 6.17338912099237 0.0291016354023798 0.042356454983123 -12.2308697788358 -3.29546807795422 -0.0337268551263689 3.26662298335121 12.6888240056584
"etap[86]" -0.057770431072914 6.13811716436619 0.0289353618042725 0.0471121722667948 -12.3618235137703 -3.33110047075626 -0.036711346498102 3.21983215246878 12.254215020349
"etap[87]" 0.00425731502972223 6.11909435832407 0.0288456874366086 0.0430339999198662 -12.2950998805206 -3.34128318927334 0.0396713873927176 3.32375048491027 12.3953450866955
"etap[88]" -0.0568920811521309 6.34497279957621 0.0299104886201636 0.0560161724915613 -12.8226358406379 -3.29543694365496 -0.0453909470352966 3.3106075592953 12.4436660415086
"etap[89]" -0.083562408942593 6.19465311633927 0.0292018748377459 0.0541094119344677 -12.7527932997953 -3.31784666711824 0.00468687649297517 3.27478008890996 12.0740648547863
"etap[90]" -0.0188356118510491 6.23971445677237 0.0294142960336765 0.0455842039029872 -12.4891324740691 -3.36087251049946 -0.0281048126193581 3.31478117487052 12.5760964723336
"etap[91]" -0.0492308565357436 6.3435293683902 0.0299036842202982 0.0552476400437175 -12.5001626944946 -3.38231687738449 -0.00500562600027417 3.31336620804189 12.5704519633841
"etap[92]" -0.0490229309013397 6.24686056667456 0.0294479831188161 0.0394910332729164 -12.7058607704075 -3.33639300269789 -0.00967194514098153 3.28099600845917 12.4732567694247
"etap[93]" 0.0331112262471969 6.22089774173095 0.0293255931883069 0.0528979092560735 -12.324636404238 -3.33633655788285 -0.00982101030698048 3.37162232196279 12.6467468743832
"etap[94]" 0.0465175313900708 6.07372390154659 0.0286318090522561 0.0447945934540915 -12.1266958152715 -3.22890855309839 0.00451228165992489 3.29326329500892 12.3840306934983
"etap[95]" -0.0193820851463098 6.17209926893747 0.0290955549814814 0.0433453699813902 -12.5084123425488 -3.34196904975669 0.0373674100645287 3.26508748287704 12.1780699687112
"etap[96]" 0.0161187945973776 6.19575745655709 0.0292070807474576 0.0482860552131748 -12.3677997915389 -3.26737291845826 0.00114539548163394 3.29268359055007 12.2617890320243
"etap[97]" -0.0313189821359366 6.22706901971052 0.0293546848716932 0.0478054733769235 -12.485946451191 -3.3744310318737 -0.039381921570837 3.30789381152222 12.4582481877116
"etap[98]" -0.041718463278446 6.21149342353243 0.0292812608071695 0.0479449061643532 -12.6316473489569 -3.31821245691298 -0.0244685904716354 3.27588023021503 12.2876255513704
"etap[99]" 0.0225720842262595 6.12370255841459 0.0288674107001625 0.0431343036401433 -12.3744094464917 -3.27528329310023 0.051700916892949 3.35713595086305 12.3161134502167
"etap[100]" 0.041107553670727 6.18728411009797 0.029167137009187 0.0493589333887086 -12.3933806754188 -3.32391358217153 0.00895394819091711 3.33049744928528 12.6014900874674
"etap[101]" 0.0244246909426147 6.31874072937186 0.0297868294553232 0.0433939495800651 -12.6872164755226 -3.30633745940058 0.00289967563711188 3.31642820003207 12.9393265072455
"etap[102]" -0.01404603911915 6.20636206327576 0.0292570713429415 0.0474364397786768 -12.3232057729806 -3.29781142670978 -0.00973573213116787 3.30490668801703 12.5103289606494
"etap[103]" 0.054906792492122 6.22744297650821 0.0293564477209433 0.0451690070189445 -12.4286736944243 -3.29369329501173 0.0767653413680983 3.37348445689062 12.6089376629986
"etap[104]" -0.0232118054558608 6.17869046182757 0.0291266261627394 0.0475738350634143 -12.5907678782451 -3.31648064773986 0.018796273121455 3.32924253241755 12.4659878530802
"etap[105]" -0.0207305273684722 6.21046711251204 0.029276422730622 0.0422234232118847 -12.4249093032861 -3.34485751200782 -0.029803523481579 3.30360619038575 12.4034015535916
"etap[106]" 0.0310920359575449 6.25538069099553 0.0294881473700422 0.0467046475395859 -12.6209891683993 -3.27213251467503 0.041019148045062 3.32349016619886 12.8004979358496
"etap[107]" 0.0147276384575439 6.27631440248186 0.0295868298323581 0.0517972898371683 -12.4456675445854 -3.3099494882544 0.0464881534413071 3.33231773374718 12.4234675015511
"etap[108]" 0.0289785969347228 6.25517426209258 0.0294871742548615 0.0629869139047213 -12.4429954333054 -3.29521409617294 -0.0156147386573472 3.30636569611956 12.5656804291061
"etap[109]" 0.0377328240491708 6.20379945289523 0.0292449910817574 0.0468167221767313 -12.3113468544636 -3.3311301288373 0.0208334083693598 3.30457394340713 12.6810212708078
"etap[110]" 0.0405082499332543 6.05823689827718 0.028558802618709 0.0420591232236361 -12.2036833468871 -3.2798396168818 0.0156234031891091 3.33692721700998 12.4176522048972
"etap[111]" -0.00774833148755594 6.18393963628839 0.0291513710084519 0.0427404948357576 -12.5548728949884 -3.32728034580567 0.0246025790775911 3.34369538253675 12.3485798483094
"etap[112]" -0.0700672609043503 6.15578579106638 0.0290186525092989 0.0527477066885858 -12.4720067708793 -3.34030947685869 -0.0310630099478055 3.29882752095381 12.1231919796026
"etap[113]" -0.0184089599435153 6.14203581139669 0.0289538344835281 0.0444924949525807 -12.4434003178911 -3.31249130840728 -0.0204518790602511 3.36007228044531 12.3856100079913
"etap[114]" -0.0261246181077503 6.26445297998194 0.0295309145504634 0.0501667615555771 -12.3991433899989 -3.33575877665515 -0.0312335916345164 3.26529118852494 12.5391303643966
"etap[115]" 0.037001681231168 6.20202332277495 0.0292366183240753 0.0434075747861682 -12.4735421690879 -3.27157927200275 0.0468994431333761 3.3226412788324 12.5217405935608
"etap[116]" -0.0527090143343149 6.24997286539812 0.0294626546356995 0.0511943849760253 -12.801055911822 -3.25942779655976 -0.0173578932749616 3.28832614671518 12.2432512029343
"etap[117]" -0.0256493820736618 6.16515543671687 0.0290628214424774 0.0488459215227553 -12.3298422983843 -3.35745829206548 -0.0110736589536401 3.30159083492088 12.4558353858017
"etap[118]" 0.0546017194029304 6.14275669518504 0.0289572327622961 0.041972656741943 -12.4156072852106 -3.27311235717188 0.0438348749149901 3.36655213090662 12.4127937115242
"etap[119]" -0.0634681740880838 6.15071699116596 0.0289947579574185 0.0479948212672347 -12.5341356422091 -3.3188936617626 -0.032449379685758 3.26281835789475 12.0599869713044
"etap[120]" 0.000136692706663095 6.40258917533263 0.0301820948201952 0.0477400390449308 -12.5032584572601 -3.30083365023371 -0.00649194602189496 3.30077294580742 12.7640368959495
"etap[121]" 0.0265654464854139 6.20169666293571 0.0292350784348255 0.0474130766960656 -12.4020179372812 -3.29900726699493 0.0209996716156884 3.3413339720482 12.5367795786348
"etap[122]" -0.0698024570272147 6.12303089720385 0.0288642444588506 0.0475116616013896 -12.3473347993019 -3.32589785337353 -0.0614800184246001 3.19618976501046 12.453714382716
"etap[123]" 0.0537955058234971 6.07763321172957 0.0286502377171904 0.0409406728870028 -12.1749841819471 -3.28028293543713 0.0192130513686441 3.36861472560664 12.3396442076212
"etap[124]" 0.029886284270421 6.22672005334151 0.0293530398284536 0.0466556337452843 -12.4523239997579 -3.29205897259097 0.0104160947003484 3.34523830052067 12.5917756200812
"etap[125]" 0.0129644412409698 6.10280212898375 0.0287688851309607 0.0466924918185488 -12.2727133591801 -3.32127045632768 -0.0127131929692067 3.26557860743418 12.3211633888357
"etap[126]" 0.103665444128437 6.1828203022264 0.029146094417081 0.0435544014433909 -12.4514225612913 -3.22152100059611 0.0617128348870343 3.35955175082255 12.7774421443138
"etap[127]" -0.0219173227472179 6.21735867724179 0.0293089098783113 0.0525316663259361 -12.5349635074663 -3.3555346484893 -0.018361347211892 3.29180214700322 12.31746340892
"etap[128]" 0.0186534466396855 6.2197138877567 0.0293200124471527 0.0525970245346776 -12.4830827813572 -3.31502385295644 0.0105578997075805 3.30844684592603 12.6423351507407
"etap[129]" 0.0322229112991814 6.3493853977168 0.0299312898072826 0.0521153607005358 -12.4809509816602 -3.32950090534773 0.0110165225796379 3.3355203976821 12.5684931862393
"etap[130]" 0.0472650396376192 6.2425942883429 0.0294278716898912 0.0454071376887311 -12.4771497522705 -3.2663694429697 0.0449995598335612 3.33337126976572 12.6458492885332
"etap[131]" -0.0365126483582428 6.12310296815002 0.0288645842045491 0.0461316578017316 -12.3304921605061 -3.33750376128383 -0.00867266505180426 3.2571824242399 12.2503324573011
"etap[132]" -0.0409518132955949 6.35444608411206 0.0299551461117329 0.0493164180918585 -12.7452398430125 -3.37114299739533 -0.035070631661151 3.37288477241735 12.4402868013982
"etap[133]" 0.0794036288013993 6.16181924067789 0.0290470944635272 0.044357132807245 -12.3058293554964 -3.19570103667088 0.0395725462968725 3.3887759843837 12.5451877624851
"etap[134]" 0.00610941759435807 6.31116796335436 0.0297511310939678 0.0408595247045778 -12.5400716988741 -3.31857571644645 -0.012039006802849 3.30158304557836 12.9678235916337
"etap[135]" 0.029333182472901 6.39852434626397 0.0301629330322032 0.0656017838954516 -12.6388304870909 -3.31565291759036 0.0422587474863858 3.36339658955418 12.5953946574792
"etap[136]" 0.0627100661423043 6.19508677898789 0.0292039191430764 0.0529716891786319 -12.0740329945334 -3.2492861826068 0.0210462887733376 3.35232257802809 12.2495102953309
"etap[137]" -0.00856560846909746 6.15702793123918 0.029024508014228 0.0454391077247643 -12.4653270987922 -3.30517983986855 0.00182411907917765 3.31859354462386 12.2042127318496
"etap[138]" 0.042018716984707 6.27673154117909 0.0295887962430348 0.0481554823682246 -12.2766125298949 -3.28603603294053 0.030633939130648 3.36984973316003 12.8125209666908
"etap[139]" 0.0089087344290955 6.25500982884788 0.0294863991091123 0.0493432844524261 -12.5362369431304 -3.32329718347371 -0.0146150929098849 3.31170914823871 12.5309182730344
"etap[140]" -0.0545155114498707 6.24698845804906 0.0294485860045372 0.052879947749761 -12.8749642478562 -3.2732583991859 -0.00105089289621463 3.25882956698125 12.1675183680748
"etap[141]" 0.0239329270665134 6.33176937455159 0.0298482470776982 0.0536431077342055 -12.4231572793428 -3.34411671404477 -0.0113324554514565 3.30195966704292 12.586009116462
"etap[142]" 0.0929904073830677 6.21448660285617 0.029295370789817 0.0498373148858691 -12.1380569709141 -3.25306728456575 0.0509444483460119 3.37628544128468 12.5898827825312
"etap[143]" 0.0259427318847689 6.1681969892875 0.0290771594587976 0.0494289635090548 -12.2525705936028 -3.3136067930089 0.00260435590292371 3.35031162284603 12.3054600005876
"etap[144]" -0.0126020277622504 6.28310357682538 0.0296188343071379 0.0459340286037936 -12.7866374218757 -3.31355912540379 -0.0075407851626156 3.36751791834099 12.5754947919836
"etap[145]" 0.0696931534360504 6.15309533883407 0.029005969595846 0.049516294315877 -12.0225954360273 -3.27666257155831 -0.0169073129156446 3.28913132225947 12.7880609756629
"etap[146]" -0.0672086214876028 6.20501941536845 0.0292507420400081 0.0431736549506841 -12.6422238065441 -3.38240905695703 -0.0481386968466004 3.24092985002057 12.3454057041271
"etap[147]" 0.0347770398010493 6.20251567921125 0.0292389393145744 0.0471273168598853 -12.0757294822057 -3.35051310831253 0.0259526772062857 3.34012240039907 12.2984227797165
"etap[148]" -0.0257795797098258 6.19067326065432 0.029183113618126 0.0457216960231033 -12.5778254910366 -3.28784344303185 -0.0136304409019229 3.25332109691957 12.4213424658814
"etap[149]" -0.0234517688985527 6.2023704377427 0.0292382546397256 0.0431540114380845 -12.4345333721306 -3.28836074132043 -0.00602496129194061 3.30080147222127 12.3659623641631
"etap[150]" -0.0307210568962468 6.29320748358518 0.0296664645803801 0.0493915090783328 -12.7303527249595 -3.3576023549673 -0.0393938315332144 3.34463364495429 12.6264694984373
"etap[151]" -0.0133767554304378 6.20411864966543 0.0292464957897623 0.0503697302863516 -12.3913201169383 -3.30922730087876 -0.024738252514418 3.25982186951701 12.3265300491144
"etap[152]" -0.00820743773050607 6.19766393499262 0.0292160679729906 0.0501802490728298 -12.6195415682085 -3.25321158455683 0.00772613214825702 3.310441379241 12.4427358936092
"etap[153]" -0.0315477304842032 6.25701461164211 0.0294958497458363 0.0481184285054632 -12.6532671705585 -3.30463492847429 0.0127876842653178 3.32922403256254 12.3279506894591
"etap[154]" -0.0129660894621435 6.16002392855649 0.0290386312810246 0.0422798216944998 -12.3707588674651 -3.33473141988448 -0.0210543155343468 3.29824653540609 12.5062040669732
"etap[155]" -0.0585066740986106 6.2832224249624 0.0296193945626287 0.0502619863174594 -12.6273259042724 -3.32046802308507 -0.0603046580002784 3.27311938985333 12.4146433245656
"etap[156]" 0.00425181975095758 6.13300157099118 0.0289112466658374 0.0460837052190081 -12.3364278094825 -3.29443228211012 0.000360986127088451 3.31243955868465 12.2322911741721
"etap[157]" 0.037885585785896 6.21237688206332 0.0292854254706234 0.0462344905820636 -12.5170431974393 -3.27366259559189 0.0545816188442765 3.3830313389286 12.451098430618
"etap[158]" -0.011855995610703 6.06215333083107 0.0285772648588218 0.0427782000301149 -12.2418693885137 -3.32350005713744 -0.0191592516419773 3.29880143605379 12.07807313584
"etap[159]" -0.0414877493552658 6.51710843081295 0.0307219437677057 0.0678126841861448 -12.7110387223507 -3.32567780838335 -0.0295564694720527 3.32999664460965 12.7676471756115
"etap[160]" -0.0456149476620555 6.24609081617597 0.0294443544801669 0.0512557616598708 -12.7730962509618 -3.3413828203627 -0.00997776824832019 3.3403402749069 12.5014442260045
"etap[161]" -0.0307271011396619 6.20851909251788 0.0292672396763036 0.0502086233947232 -12.5550041112889 -3.29577125181209 -0.0378037888860128 3.24341720714461 12.3328149991599
"etap[162]" -0.0833118188980768 6.24384936427911 0.0294337881745938 0.0516571336016507 -12.6149934680795 -3.40148885320331 -0.0441552763280833 3.22299249563253 12.3440157418407
"etap[163]" 0.0565974864344872 6.07133354245702 0.0286205407914447 0.040153337753686 -12.1270109432555 -3.2892835536722 0.00985350872932193 3.30906741110872 12.4284534483326
"etap[164]" 0.0498483189484413 6.26712094581558 0.0295434914620163 0.0507680151366271 -12.3782422772267 -3.30028323074122 0.00277760465958431 3.34755289751231 12.7327141249426
"etap[165]" 0.0190251743301513 6.15534799399944 0.0290165887141334 0.0434166152359456 -12.2297496627019 -3.3285631913585 0.00094140478819372 3.31523265995538 12.5072594003544
"etap[166]" -0.00841603567422941 6.21955405484116 0.0293192589875631 0.04417031932447 -12.4100705479417 -3.31296671372047 -0.000654071190530979 3.30535629109745 12.3482435354895
"etap[167]" -0.0171363295263293 6.16176766277141 0.0290468513229443 0.0451181745937877 -12.5285960739118 -3.34488676812859 -0.0381114553695984 3.26930094679079 12.4993154532376
"etap[168]" 0.0161370063320876 6.1318335882031 0.0289057407421724 0.0474989405168981 -12.5655308816549 -3.26847914988244 0.0445158031504914 3.35407648185704 12.1374328552617
"etap[169]" -0.0404200674277468 6.18984116073135 0.0291791910614717 0.0461461004008982 -12.4037647389 -3.34371238501779 -0.0486137838287634 3.2630622672371 12.4566329588804
"etap[170]" 0.0255442773325599 6.21994225986621 0.0293210890036012 0.0518592014952878 -12.2614404306046 -3.32067189269247 0.0235902784757752 3.32089727789874 12.480152618486
"etap[171]" 0.0517389802542496 6.11071450433174 0.0288061844260531 0.0471762748789041 -12.0040323163261 -3.28065502401062 -0.00085637838531687 3.30664542141066 12.5114377891369
"etap[172]" -0.0513795213953842 6.33613895533744 0.0298688454790623 0.0495675713816607 -12.5376929161836 -3.3517300874731 -0.00777620064918502 3.29738532194629 12.2356384693076
"etap[173]" -0.00541680130033367 6.07165767102617 0.0286220687481728 0.0427073516285195 -12.4073149557508 -3.2997094908444 -0.0347538580879794 3.30178178991763 12.2709132647914
"etap[174]" -0.0863692149086852 6.30656078606944 0.0297294126519658 0.0668636430346382 -12.74059306558 -3.36889045598781 -0.0632442848731469 3.27175286209267 12.5567175471242
"etap[175]" 0.108112115837833 6.21330321163554 0.0292897922301043 0.0521958881785293 -12.114200814914 -3.2661778899256 0.0628924571666751 3.35139531609765 12.6068481219301
"etap[176]" 0.023437784062252 6.29217265853607 0.0296615863683163 0.0450207876630828 -12.3822864448488 -3.33538468967141 -0.0169862468023378 3.3500498666211 12.7253567151766
"etap[177]" -0.0167044124102256 6.18289087466095 0.0291464270987279 0.0491364162746839 -12.4658778553328 -3.33370860247073 -0.0188836748474052 3.28548850949606 12.3325039617553
"etap[178]" 0.0500795725214724 6.21902559780441 0.0293167678172015 0.0437673828932539 -12.4834162411696 -3.32235460090527 0.0276668261124124 3.36073881256049 12.6701410537288
"etap[179]" -0.0349475691537903 6.116669575066 0.0288342568987107 0.0499522282945481 -12.2599529580428 -3.32621423392945 -0.0285864543105341 3.24457638515115 12.2254266772027
"etap[180]" 0.0469679345837578 6.19949040051374 0.0292246780140278 0.0458284262193864 -12.1596777272999 -3.28038853498081 0.0143199809728226 3.32587203560341 12.4800839137339
"etap[181]" 0.0367350765954211 6.29789526119218 0.0296885629759441 0.0496399491833166 -12.5422326012878 -3.3094230506706 0.037133232248367 3.36749762797206 12.7377696936735
"etap[182]" -0.0921157742061528 6.26962483152315 0.0295552948924372 0.0454420639066796 -12.7303740612138 -3.40143685882589 -0.116386410164597 3.2215031708268 12.3095982663327
"etap[183]" -0.0177573989887521 6.21401576629288 0.0292931512449721 0.0465219859380737 -12.4626821336253 -3.26071791064143 0.0120042233241831 3.26334403362633 12.2436070685452
"etap[184]" -0.0389756816537598 6.11205679356365 0.0288125120381744 0.0422222577988779 -12.3612543123681 -3.34482400521108 -0.0241758063566136 3.25195215519876 12.4613501743506
"etap[185]" -0.0519918925997117 6.35680594561468 0.0299662706055407 0.0459456556110967 -12.855657027477 -3.40727354470454 -0.075013339269799 3.3220097154899 12.8147749635819
"etap[186]" 0.00423539839412281 6.17068931629741 0.0290889084009952 0.0423320460684719 -12.3783910220164 -3.34153883343007 0.0093504812965996 3.3129391721736 12.463412570526
"etap[187]" -0.00688278605200284 6.39522040835273 0.0301473581195254 0.070160277771207 -12.6416925207966 -3.29086771154949 0.0344896200673767 3.36404146270403 12.6153052692889
"etap[188]" -0.0130527188855162 6.2065714725671 0.0292580585078078 0.0476758742224753 -12.1336423569192 -3.31988009150948 0.00641541942021087 3.30925293046565 12.3360139640895
"etap[189]" -0.0711340986908697 6.22743009087681 0.0293563869774943 0.0435837012134685 -12.5965076364608 -3.32643070572755 -0.00390306974921615 3.21377766614858 12.2026829452645
"etap[190]" -0.0281752065090717 6.12903950746697 0.0288925693192677 0.0444312378747325 -12.3999850132265 -3.35220904392759 -0.0440451817750597 3.28818008588757 12.4541241175204
"etap[191]" -0.0690423837908055 6.22527787746306 0.0293462413461648 0.0477331414382486 -12.8033678604265 -3.33474588910851 0.00532926083775187 3.33501949744767 12.3428979932154
"etap[192]" -0.0260915463486233 6.24616420832237 0.029444700454063 0.0472194901797999 -12.3276326373259 -3.27750032060896 -0.0280239331067452 3.27060332209405 12.6487259694056
"etap[193]" 0.138305192878448 6.19641373651091 0.0292101744808289 0.0452900174382126 -12.1457391488814 -3.21789365054455 0.0496598166602661 3.42108766939948 12.7294253621732
"etap[194]" -0.028621836341837 6.3227342703045 0.0298056551878192 0.0612465705033758 -12.4044566263521 -3.23027102625284 0.0177143667512259 3.29969184596388 12.3830423990748
"etap[195]" -0.022703620466194 6.1438134367652 0.028962214289878 0.046330940342512 -12.5179363467303 -3.29853180122257 -0.00811832089071574 3.24954219231314 12.3167001077666
"etap[196]" -0.0667113288724476 6.17826121172537 0.0291246026583522 0.0426069414583152 -12.8618645395441 -3.32045957830857 0.000507965576483514 3.32551599096008 12.0905310640405
"etap[197]" 0.0520706761816887 6.17997615671349 0.0291326869865552 0.0416297729113762 -12.136068174771 -3.35917776788745 -0.0106079334583747 3.34402233644448 12.6351839971438
"etap[198]" -0.0645182379476141 6.26675969060921 0.0295417884886419 0.0498042713871961 -12.7802895836723 -3.35860077848682 -0.0297559558403592 3.31899739442981 12.4618285930779
"etap[199]" -0.0437239221621896 6.09089337430429 0.0287127467230318 0.0416208560996584 -12.4456089102769 -3.32674909273863 -0.0403403792155894 3.29729175865863 12.2016279525556
"etap[200]" -0.0730262472258132 6.27570811741905 0.0295839717771631 0.0552038028111309 -12.5775551530155 -3.39026687746766 -0.0387075319221469 3.27404377367258 12.4809389291664
"etap[201]" -0.0941393156389232 6.12890850982893 0.0288919517904798 0.043663177304606 -12.6115480897139 -3.36108510347285 -0.0790141172202961 3.21939905398185 12.186334476367
"etap[202]" 0.0328035714452623 6.19064388373984 0.0291829751340231 0.0459447348199015 -12.3542912706835 -3.27664329355022 0.0263857300582377 3.33002450818404 12.5689758541326
"etap[203]" 0.00706354402869686 6.2724446207841 0.0295685875064901 0.0474926341172344 -12.4005283839908 -3.32454186032022 -0.00973542708580031 3.3309634140376 12.7737098880213
"etap[204]" -0.0107912548324716 6.20600625857862 0.029255394063514 0.0395704103188824 -12.5349901672137 -3.27695630700062 -0.0266019138485977 3.28150925118789 12.4649867100997
"etap[205]" -0.0502662033424234 6.29270285664143 0.0296640857461541 0.0518169665187349 -12.4872288838863 -3.30793813450195 -0.0190205962932268 3.33691940281886 12.3828231266347
"etap[206]" 0.0313592544847275 6.27380966864881 0.0295750224038354 0.0472660641612797 -12.5392496201786 -3.32322815382251 -0.0282491693014528 3.36026704403514 12.5577307160673
"etap[207]" -0.049997914186891 6.07958366142928 0.0286594322252506 0.0420950880996923 -12.454113323151 -3.3305243262172 -0.0184106787850411 3.31761112796384 11.9543942886769
"etap[208]" 0.0261294197331288 6.15722948219285 0.0290254581345353 0.0449582067036218 -12.4714827522233 -3.32505897504614 -0.00118055270882819 3.32797220003043 12.5420244612685
"etap[209]" 0.0149200868164755 6.27899334630466 0.0295994584946482 0.0524497708905477 -12.519849239028 -3.31012249065718 0.0119195735842813 3.30927173441804 12.4924315263029
"etap[210]" 0.0349978442982722 6.16738362131368 0.0290733252053983 0.0424225544278708 -12.2107974743145 -3.30369158870922 -0.003136010939819 3.3172110202945 12.6759424092049
"etap[211]" 0.000146433012126177 6.19717129110593 0.0292137456274373 0.0423459315392496 -12.6067443652604 -3.31312546616078 -0.0148611449373403 3.31957374293777 12.52958917367
"etap[212]" -0.0465661556928523 6.23785138765387 0.0294055134416264 0.0433013169526913 -12.5291774124152 -3.35373675529485 -0.0285125737586812 3.29993424018851 12.384077021019
"etap[213]" -0.0045189336446984 6.27447733522394 0.0295781698142543 0.04398414078608 -12.4171452358039 -3.29269120785784 0.0248988845952099 3.33420601399702 12.4730987099435
"etap[214]" 0.0930075783727581 6.20424118467312 0.0292470734253282 0.0584609697909767 -12.1217985028462 -3.23474386673565 -0.0166777227371126 3.31076151949601 12.8416091872756
"etap[215]" -0.0557839155766738 6.25892187060384 0.0295048406508051 0.0433359110102837 -12.9421151461308 -3.36821252282094 -0.0407107441286731 3.29410539149731 12.4582748926516
"etap[216]" -0.0435410634994502 6.17315981361721 0.0291005544370467 0.0487779402369429 -12.469216690934 -3.32174123169699 -0.0191562170994625 3.32917466303988 12.1902323473795
"etap[217]" 0.000870570754388638 6.22865244127387 0.029362149192526 0.0442841381351341 -12.5459051024829 -3.36118403242073 -0.0238579328014266 3.33077311391963 12.734350241606
"etap[218]" -0.0256480356935372 6.14088851769362 0.0289484260891451 0.0429777741403506 -12.5536203733961 -3.31848106788885 0.0147021245878115 3.32895462931435 12.1781967510532
"etap[219]" -0.0219973576649978 6.19728740853426 0.0292142930102439 0.042663960031129 -12.5041261506866 -3.31873806043938 -0.016622740236423 3.29145347665108 12.4898931905302
"etap[220]" 0.00921533032300007 6.22460347324659 0.0293430621742 0.0413884344968762 -12.5141011445779 -3.26811474472408 0.0484151834010387 3.33166278514991 12.5538639536715
"etap[221]" 0.0340256751240905 6.30125798536063 0.0297044150096959 0.0562133071936708 -12.4448249486547 -3.27382496695239 -0.0113539746512084 3.29256045858789 12.4670322012762
"etap[222]" -0.0364553387125724 6.16845228316096 0.0290783629256584 0.042689139862485 -12.4692177073064 -3.33533999806025 -0.0362697403005446 3.28769614766406 12.4129896705418
"etap[223]" 0.0664464417381174 6.20556790433741 0.0292533276418038 0.052490341269793 -12.4356345587166 -3.26073360164841 0.0713164148102699 3.34604919510519 12.4586571293596
"etap[224]" -0.0153677969978482 6.22996964255838 0.0293683585389291 0.0417205215678475 -12.6730138043883 -3.35100697914279 -0.0136053119184627 3.28193361509544 12.5243858689592
"etap[225]" 0.0747951626327927 6.20656239731178 0.029258015726644 0.0472050960741473 -12.1974492517416 -3.34581996255825 0.0345958512758798 3.3982926377178 12.5601957822584
"etap[226]" 0.0769723434909904 6.15325295677643 0.0290067126139519 0.063891705093011 -12.2202280886583 -3.26164312415256 0.0244993586490162 3.37596200095992 12.5357141246585
"etap[227]" -0.00287524532799195 6.16295153411868 0.0290524321459957 0.0563698349481204 -12.4236658516583 -3.25146475717514 -0.00974262971499597 3.31579412719331 12.1464318073182
"etap[228]" 0.0298305126844415 6.1328964022902 0.0289107508958265 0.0473367253219832 -12.5547198952161 -3.23277762385064 0.0291930396081137 3.33525962842838 12.3797084110984
"etap[229]" 0.00415905586708516 6.20262499562693 0.0292394546370999 0.0466690417818231 -12.3816091904951 -3.29923946146756 0.0148834053343991 3.36017916965626 12.3615579365314
"etap[230]" -0.0886008987174052 6.2776550200158 0.0295931495640196 0.0432428655340931 -12.6423697239305 -3.37955595791655 -0.0106559837883738 3.27906861436128 12.1924553271235
"etap[231]" -0.0390536570419512 6.35185032619239 0.0299429095915508 0.0809825216889532 -12.7393000575225 -3.34147045204206 -0.0450047389696674 3.32345554362705 12.4438101016804
"etap[232]" 0.0188419238043035 6.15638558349256 0.0290214799579113 0.0432260072886033 -12.2919624758889 -3.28879180443004 -0.00191518218538132 3.29781424593976 12.534073376571
"etap[233]" 0.0387449824048312 6.18205582250392 0.0291424906251087 0.0440237938669708 -12.2145020414212 -3.26175625397641 0.0413386623195581 3.35526580159107 12.2476167626977
"etap[234]" 0.0634733470074209 6.25518657762097 0.0294872323108191 0.0428875775152531 -12.3000873825925 -3.25308453100186 0.0282565734608101 3.37526601501153 12.6164631762994
"etap[235]" -0.0505123178076808 6.14165177962927 0.0289520241404152 0.0445083598157456 -12.4387070423293 -3.33728826855357 -0.00743017445212021 3.29957552676662 12.0681138359228
"etap[236]" -0.0453048046953253 6.1807296266928 0.0291362388781005 0.0463180198569764 -12.5721699885808 -3.32956442187081 -0.0469788509659717 3.24700308798875 12.3228769645944
"etap[237]" 0.00660930167968314 6.10342212461774 0.0287718078184081 0.0461830584531339 -12.2908864827906 -3.28490875705723 0.0212227364359356 3.2860821863321 12.4617642896786
"etap[238]" 0.0175709144401478 6.21256412296755 0.0292863081327107 0.0497849979468797 -12.4912701147454 -3.31297012075409 0.0364680579865493 3.34108336351834 12.1873216343857
"etap[239]" 0.0425924231421828 6.1837091840056 0.0291502846459726 0.0516211452276022 -12.1994819570359 -3.27665154611124 -0.016818992677996 3.3101452370453 12.4108501044492
"etap[240]" 0.0515062528380549 6.19615494886701 0.0292089545441763 0.0456616842633121 -12.2648656395361 -3.28477335415051 0.0394578545530287 3.32585056748681 12.6556703420952
"etap[241]" -0.0600071297910566 6.15853176184107 0.0290315971396704 0.0470387198534591 -12.5496908950702 -3.35243270277013 -0.0281877787872825 3.29031873199515 12.2765928800594
"etap[242]" 0.080162164353305 6.23158681770815 0.0293759819756942 0.0450130620648557 -12.3073977776508 -3.2687085963161 0.0360831473305377 3.3467350018597 12.6681774533379
"etap[243]" 0.0463856258909037 6.23313467230975 0.0293832786322614 0.0447675335659567 -12.4836974048624 -3.2917995311337 0.0282168635040465 3.38136297588666 12.679909389047
"etap[244]" 0.0871153588789692 6.14252678248429 0.0289561489434309 0.0487715232291613 -12.1417242115159 -3.27634062129121 0.0396715276050167 3.35760411202479 12.6474493901838
"etap[245]" 0.00646439506748494 6.32670697862779 0.0298243827144531 0.04935139848664 -12.3753352912137 -3.3117700054031 0.000226096663880865 3.33694475177568 12.5605169593526
"etap[246]" 0.0352709761348951 6.26876250858296 0.0295512298631133 0.0517253474123013 -12.3039017644474 -3.23479553368218 0.00672421196413357 3.29002344607356 12.4446867980569
"etap[247]" 0.0346441311697171 6.2356788726775 0.029395272107813 0.0491151859514033 -12.343071303792 -3.30202290555393 -0.0164754700802107 3.32939485409912 12.5572208070902
"etap[248]" 0.0465970398166508 6.21982024526405 0.0293205138212506 0.0464490283262202 -12.589707390196 -3.24143154150204 0.0545876076739687 3.34154317358995 12.4518224975034
"etap[249]" 0.0109767363977269 6.33522856762827 0.0298645538702446 0.0471797543733744 -12.6591675152284 -3.35428655348172 -0.00410773660653601 3.34749665612547 12.4826484316462
"etap[250]" -0.00930420375707354 6.27803497229531 0.0295949406762421 0.0562475515553725 -12.586102567399 -3.33299705444067 -0.0104421184513297 3.32772651194774 12.5433670762021
"etap[251]" 0.0262116701320385 6.23214656460278 0.0293786206478605 0.0444297036963548 -12.488796574996 -3.24737349287482 0.00123708271069664 3.33247190855901 12.6241358408125
"etap[252]" 0.0641684641500141 6.23151426953672 0.0293756399803343 0.0489275551045148 -12.339747124364 -3.28254923191215 0.0400839545704917 3.32516607971348 12.6863840342557
"etap[253]" 0.0906552544048435 6.12457582398416 0.0288715273135359 0.0436230853217665 -12.2179396107415 -3.21165780206613 0.0773051889739842 3.36764555022241 12.5140490702134
"etap[254]" 0.0332851529634371 6.25799879175 0.0295004892153577 0.0462232422395068 -12.3919035932474 -3.32633621065507 0.0015069739814052 3.30964469389562 12.6146507670345
"etap[255]" -0.0190482110626402 6.26213562600285 0.0295199904390432 0.056701415842506 -12.5220508867759 -3.31353803444859 0.0383588584112124 3.352302315829 12.5083734788513
"etap[256]" 0.0641633310721435 6.27948391193353 0.0296017710432002 0.0479375346252038 -12.4726685483932 -3.25342644032701 0.0940205507915808 3.39079373855789 12.5369373115539
"etap[257]" -0.0246054071847186 6.23041334224305 0.0293704501593013 0.0451224430833501 -12.5774683241918 -3.32534479440434 0.0128604958376711 3.29561975093999 12.4618385302042
"mean.p0" -0.42148691325924 0.34737807923751 0.00163755596976268 0.0119781826161653 -1.20352616988891 -0.622978499285601 -0.391188150245208 -0.19170385651308 0.190317526352284
"mumup0" 0.404211655139288 0.108340143723428 0.00051072033534374 0.00117322530979854 0.194904396564307 0.331472498685281 0.402963362205695 0.474935703637263 0.62372195418056
"mupsi" 3.86319006411317 1.18525393658783 0.00558734063992868 0.0181109892280844 1.77522654353343 3.02091941405052 3.78665690962867 4.60861142940641 6.42193562635447
"ppo[1]" 0.366031784626516 0.155361027615755 0.000732378907728073 0.00455192620390911 0.0471291258994592 0.269611392682633 0.386820853675341 0.464561581238072 0.663969264158326
"ppo[2]" 0.416912281768968 0.108295732752844 0.000510510980020679 0.00169322471693507 0.197556125953268 0.35003877143845 0.415760823602696 0.482355805834025 0.645317318939832
"ppo[3]" 0.417300921334011 0.107306425388466 0.000505847340380484 0.00167581539729207 0.200872806500999 0.350745687677466 0.415839859029377 0.482839130458247 0.638939621631489
"ppo[4]" 0.36891606679228 0.15699807086338 0.000740096003604682 0.00478402070712724 0.046396438559746 0.274327551512328 0.388516471701586 0.465203582954189 0.684670180292043
"ppo[5]" 0.367086817593276 0.157672932761235 0.000743277333100267 0.00457018459757409 0.0487629041811893 0.26936363833476 0.38700640103447 0.464429406185803 0.672793670374502
"ppo[6]" 0.41491756866924 0.105821998857568 0.000498849686606011 0.00170159684470086 0.198769684102481 0.34870724679039 0.414920474262907 0.480958440370369 0.632298238789857
"ppo[7]" 0.496840182632232 0.12388359793407 0.000583992881179791 0.00330722511344647 0.295747620261111 0.409019152351502 0.478826466337684 0.570491769407781 0.784476578319289
"ppo[8]" 0.415422172747436 0.107410989811887 0.000506340261799632 0.0017995516470892 0.198893936988013 0.349767595747393 0.414913306745082 0.481385289001674 0.636937530142292
"ppo[9]" 0.36618950944204 0.153671505423069 0.000724414423731981 0.00467826340554208 0.0493749428135737 0.270541004680375 0.385625193593436 0.462752418631655 0.660511674473881
"ppo[10]" 0.497664408158599 0.123409042741409 0.000581755806547938 0.00298146341489806 0.298316896548295 0.410240748369897 0.478587861970991 0.570226562812813 0.784904879746503
"ppo[11]" 0.416038805559621 0.107605106738534 0.000507255337767464 0.00175898383362867 0.197195924221125 0.349553505867168 0.415862730348661 0.482092042681879 0.637157858418995
"ppo[12]" 0.375857633736482 0.110570629844261 0.000521234947752964 0.00273611419412171 0.139067783429771 0.306424852595788 0.385630586970994 0.449834421040259 0.583830909929994
"ppo[13]" 0.376884654804797 0.110282889042344 0.000519878524604566 0.00271020397769091 0.140911350840009 0.30832113908864 0.38770875583484 0.449675151389852 0.582542756950029
"ppo[14]" 0.416354898440424 0.107362442289023 0.000506111406582116 0.00183203100823899 0.19769319688772 0.350797880702961 0.41604159296566 0.482246886346238 0.638823314258589
"ppo[15]" 0.416654854714051 0.10599421478807 0.000499661520287919 0.00170130651542856 0.203786618225436 0.350817858700455 0.415753630296911 0.48203528890429 0.638964173650004
"ppo[16]" 0.377547867858565 0.109458388608103 0.000515991792283615 0.00280240228726058 0.144673810826789 0.30827270311904 0.387102735190847 0.45060527344335 0.583040802462644
"psi0" 0.964707778425921 0.038745528985583 0.000182648175242438 0.00067441433109079 0.855106439340217 0.953510298618545 0.977831324570364 0.99013268743644 0.998377131164253
"sdeps" 0.520064188414312 0.435266015638081 0.00205186367518491 0.0229971731228484 0.00931803126505264 0.194034142942365 0.422374741920031 0.734530472067294 1.62626935389131
