"Mean" "SD" "Naive SE" "Time-series SE" "2.5%" "25%" "50%" "75%" "97.5%"
"N" 10.3435777777778 0.807459609843659 0.00380640110436463 0.0165787904536571 10 10 10 10 13
"betapsi[1]" -0.859067516797441 2.87711458724628 0.0135628482326172 0.047916535203187 -7.97527830424787 -1.89899755252907 -0.22536743938297 0.515756602691184 4.29011962923996
"betapsi[2]" 0.180601098604401 2.11574949454396 0.00997373876589364 0.016607057117393 -4.0779480632144 -0.797156690658721 0.0359938447064973 1.02525893484263 5.2336255103702
"betapsi[3]" 0.185903946107375 2.16479228921982 0.0102049287171179 0.0178151847991798 -4.14332429588206 -0.826724838070327 0.0237924112394802 1.04286887303141 5.30480218504422
"betapsi[4]" 0.1868218121369 2.16604452268694 0.0102108318022927 0.0192928360614859 -4.05980864319376 -0.835809237323588 0.0304074952361443 1.01681105116005 5.40249205428809
"betapsi[5]" 0.212192510830963 2.18685647553606 0.0103089402888884 0.0183178512987521 -4.09762280053603 -0.796933337024635 0.0410893170818583 1.05729957125486 5.44215980350331
"betapsi[6]" 0.183706077871825 2.15691862477421 0.0101678119069694 0.0178290651760352 -4.05857003174222 -0.799129152970952 0.0266115449214502 1.01931042758235 5.28887139842315
"betapsi[7]" 0.170274849591811 2.14903694095961 0.0101306572931529 0.0172657676343911 -4.1550632944186 -0.832965023104288 0.0349848229200092 1.03169012042027 5.24182953661598
"betapsi[8]" 0.193133697174045 2.17872393541814 0.0102706031271174 0.0182211723147219 -4.14689985202485 -0.820970559512754 0.026781547645727 1.05237040746174 5.38841219358079
"betapsi[9]" 0.169532442060251 2.13009960899702 0.010041385854164 0.0178290974510142 -4.05266244234636 -0.841221656080122 0.0202134213430697 1.01099627650798 5.29103487473119
"betapsi[10]" 0.166910839503379 2.15024304249942 0.0101363429103369 0.0179754422633627 -4.13571485083279 -0.838546898819337 0.0279340952307403 1.01713731662379 5.29364900685412
"betapsi[11]" 0.189138983429169 2.12896607768027 0.0100360423362923 0.0171060410261841 -4.07927371726606 -0.806596871753769 0.0329444699445959 1.04895377597592 5.28620365288323
"betapsi[12]" 0.143066856947685 2.11391974351434 0.00996511323682076 0.015950463601054 -4.13506635951683 -0.839420944739031 0.0203742489894869 1.00429952889062 5.16970633254085
"betapsi[13]" 0.203638329924296 2.12941719374078 0.0100381689177956 0.0171974705113632 -4.00139715519236 -0.793742936222169 0.0408247902569065 1.04685298278064 5.29403812351539
"betapsi[14]" 0.177754486412413 2.14928108623866 0.0101318082050356 0.018019214679973 -4.10383839336106 -0.824811651652798 0.0295293588705628 1.03695427674044 5.26767476762234
"betapsi[15]" 0.197802340610631 2.16698731527881 0.0102152761691925 0.0180928312603268 -4.14577293489329 -0.808669229000948 0.0334022183911331 1.06939419164547 5.26894809708596
"betapsi[16]" 0.167942900832325 2.15019700706068 0.0101361258971975 0.0173118280392409 -4.11633670219681 -0.832320817139146 0.0276400768116159 1.02419903355328 5.18411123939826
"etap[1]" -0.163900608772562 6.50337267733906 0.0306571928048651 0.15608498276162 -13.4083536433808 -3.80246612653916 -0.114905499277244 3.53690658852401 12.7042019379016
"etap[2]" -0.156044604392167 6.4958211845114 0.0306215947262883 0.160961815151683 -13.4340614199116 -3.81339661741101 -0.149056392177504 3.63816320819131 12.8433879566175
"etap[3]" -0.141553283101454 6.47789594683901 0.0305370943455381 0.15932237929507 -13.2910945099662 -3.8141070912047 -0.152426032552655 3.54504680193623 12.9157514567145
"etap[4]" -0.0467966440741939 4.55265998997064 0.0214614450089661 0.0466660589424058 -9.41377264190704 -2.32472945478638 -0.0112682787160048 2.24320794569972 9.17824542543877
"etap[5]" -0.0525584446765508 4.53750754446319 0.0213900156958336 0.0456233060592099 -9.48827001872481 -2.33601444421222 -0.0300507474695997 2.28851658006498 9.23513204780877
"etap[6]" 0.122325869923502 6.37367648722546 0.0300457991013758 0.16444789171268 -12.7124107893684 -3.69396901072105 0.141362583136681 3.91825078043833 12.9700517598156
"etap[7]" -0.0638380769355502 5.11510194913104 0.0241128218312739 0.10730669442173 -10.5025082420158 -2.54658051803976 0.00287043732783719 2.5813079913234 10.0539840826779
"etap[8]" 0.0727578810428232 5.02723335572015 0.0236986053095795 0.0916562775854774 -10.4048367510528 -2.50516444406113 0.0583079705886579 2.65042971002861 10.3892417513223
"etap[9]" -0.214756686693393 6.5546318835502 0.030898831020266 0.151482418760594 -13.9297918570577 -3.90105270374874 -0.191081565776414 3.53302684924578 12.8919992454853
"etap[10]" -0.0430514500998344 4.60167608226367 0.0216925090839506 0.0500659874113256 -9.58485059707516 -2.31563710308619 -0.0397524095333533 2.24797777910001 9.35778755780328
"etap[11]" 0.0483238279970411 6.98209029081982 0.0329138892766363 0.107084526942404 -13.7465209233001 -3.9727967033995 -0.00887277867772179 3.99955991575564 14.1544996170197
"etap[12]" 0.0576225520802994 6.33850620996953 0.0298800048244166 0.0665194052631458 -12.584962669646 -3.48687321300028 0.0174455519351687 3.52813790121199 13.0699240456372
"etap[13]" -0.0643995289716694 6.29288722205597 0.029664954853053 0.0655518369397707 -12.5684890481005 -3.44887365183891 -0.0352260572850879 3.33673123415687 12.6893595488848
"etap[14]" -0.00360659811129045 6.12693438735636 0.0288826456878982 0.0504385266546095 -12.4334480689604 -3.3362685120968 -0.049357511478857 3.33974397832679 12.3211957031593
"etap[15]" 0.00559832823272818 6.11379035272172 0.0288206841144162 0.0477641110157224 -12.6010320516278 -3.28792299352879 0.0170982982201771 3.34698826940716 12.3997914306965
"etap[16]" 0.0128229759504518 6.05094273230868 0.0285244175905795 0.0442169121347324 -12.3005912464447 -3.28774145041301 -0.0275262125439733 3.29075009817882 12.6042946194845
"etap[17]" -0.128125784048451 6.08683306832864 0.0286936062571047 0.0486375353531854 -12.644485116442 -3.36644779859699 -0.0838419040318097 3.21416390288187 12.1867226187454
"etap[18]" -0.027122141697723 6.15780278925061 0.0290281607299236 0.0427382277446246 -12.7810943286558 -3.33556199200795 -0.0237831246944616 3.28143809407149 12.6694820146223
"etap[19]" -0.041344796372209 6.15288516483706 0.0290049788261226 0.044104437955562 -12.677014606513 -3.32647294094329 -0.0327812275646158 3.25351718929793 12.4797817488471
"etap[20]" -0.0325889233962656 6.06198800374529 0.0285764854994653 0.0447990803965056 -12.4517649983165 -3.36364990201496 -0.0181866865673241 3.3297005902936 12.3449869021725
"etap[21]" 0.0381162459765504 6.17336364654818 0.0291015153146982 0.0434960955593781 -12.2826833563106 -3.35391510101315 -0.0150165264148472 3.39322505166866 12.7326004225057
"etap[22]" 0.0781504716005753 6.1451178443599 0.028968363326249 0.0462058776768857 -12.4042818438773 -3.30744354686816 0.0230933352791513 3.30954050548484 12.6312064419722
"etap[23]" 0.0733177046703361 6.12789757711531 0.0288871862079657 0.0533704009923324 -12.2328170678854 -3.23477390675804 0.0556001096158268 3.3720640134442 12.5679081993532
"etap[24]" 0.0279297471936966 6.15312393052334 0.0290061043783619 0.0538817735539406 -12.4560145614656 -3.27671989184189 -0.0037193559135748 3.3083096216481 12.5975760952933
"etap[25]" 0.0602460563053509 6.17214169668501 0.0290957549878014 0.0470982245728728 -12.3334300762856 -3.29285996127532 -0.0150509971978022 3.33688111335261 12.7919373660259
"etap[26]" -0.00490089812069857 6.12628934476955 0.0288796049279829 0.0439964599259625 -12.6553883357246 -3.35234146125728 -0.0298086446667879 3.32630562992357 12.6495062107383
"etap[27]" -0.0331735642010872 6.13919203566854 0.0289404287961845 0.0467964426594739 -12.6345318040791 -3.35544782396937 -0.0253197750391794 3.26114602225102 12.4187490718512
"etap[28]" -0.0207656529838763 6.06304123689811 0.0285814504881622 0.0464397389149547 -12.4222341401495 -3.25849109294692 -0.00421511359549711 3.19617985971808 12.3529029839913
"etap[29]" -0.00540423096308025 6.15183528801389 0.0290000296593155 0.0482126486516377 -12.8814667657393 -3.30788392728387 0.00918388409446778 3.33470542212025 12.6305595374034
"etap[30]" 0.0260027945229561 6.08930099860399 0.0287052401919927 0.0469927227864739 -12.3910797992546 -3.2283198668659 0.0172861685061885 3.33407177376644 12.3511186691688
"etap[31]" 0.0204101587758541 6.06826145982209 0.0286060588550212 0.0437081023613029 -12.3339636060947 -3.24496138548439 0.0522280643085468 3.37481867090795 12.233781110008
"etap[32]" -0.0658050870557161 6.20380321598498 0.0292450088211326 0.046756894658031 -12.673786153285 -3.4153795388314 -0.0491203497390185 3.28531080752211 12.4379213702043
"etap[33]" 0.0739715883633485 6.07243170100751 0.0286257175604972 0.0417402522526952 -12.2576716967925 -3.21477870114049 0.0456180359800605 3.33402732541182 12.7831591443787
"etap[34]" 0.0558557938668319 6.06956695553821 0.0286122130208457 0.0489386304334913 -12.3797105276392 -3.25715154637674 0.0652489589965342 3.31316502531984 12.545177266517
"etap[35]" 0.112641882274144 6.06860806697578 0.0286076927768131 0.0470661179594914 -11.9463212420672 -3.30338418728797 0.0332661635976714 3.36087933317546 12.624764777001
"etap[36]" -0.0290441612451681 6.15694814663711 0.029024131906007 0.0461442123086493 -12.7145766734679 -3.32154869873434 0.00399515458167671 3.2866757256489 12.5566231444561
"etap[37]" 0.00500090532264322 6.15621825871317 0.0290206911813368 0.0461768116842666 -12.6363410665436 -3.32412771153958 0.0443519613851341 3.309527280921 12.3509461147149
"etap[38]" 0.0322757842859101 6.16304125260999 0.0290528550830197 0.0537483601407665 -12.3379074456474 -3.31846324185617 0.0172504009711386 3.33507394559737 12.4045200863488
"etap[39]" 0.000858935986091616 6.18731770368366 0.0291672953708686 0.0483021189528704 -12.4960499654012 -3.32717182129317 -0.0105412880069483 3.34568258716673 12.3066350731399
"etap[40]" -0.0659418390765728 6.08284000512751 0.0286747827766565 0.0459956056575239 -12.5172875134714 -3.35079975129801 -0.0232971937903807 3.23075317927241 12.251704816381
"etap[41]" -0.0370564707435683 6.04057780790199 0.0284755568683498 0.0432812834443712 -12.4009797930315 -3.32964393084922 0.00936759210500547 3.27337905050537 12.0974558663462
"etap[42]" -0.00577148650405393 6.0400425416924 0.0284730335992395 0.0413424280160917 -12.3914984596108 -3.28384441642729 -0.0267117431226492 3.30065649656376 12.2167116830427
"etap[43]" -0.10282496131619 6.1074248987828 0.0287906770767792 0.0481359284863476 -12.7203735538342 -3.35753601320851 -0.0576982531469985 3.24865379842868 12.1541035001885
"etap[44]" 0.00884365919890544 6.02976106415282 0.0284245662493138 0.0415748407253893 -12.3305199936515 -3.24584690238312 0.0194358410094128 3.3332083450014 12.2799639013237
"etap[45]" 0.0203148320114216 6.0267056389226 0.0284101628366492 0.0428532463672344 -12.2197890264217 -3.27990139963183 -0.0160280784706292 3.26196912707637 12.4127004730679
"etap[46]" -0.026549842161453 6.16273938204969 0.0290514320515515 0.0501412791347136 -12.6737615136138 -3.33482039507511 0.00534894270361179 3.31662490406211 12.3560377061954
"etap[47]" 0.0579756554450564 6.13806356757338 0.0289351091465682 0.0427552132783558 -12.4790592792952 -3.27272885938107 0.0383348258435034 3.38143065968738 12.440342607189
"etap[48]" -0.0056581188794385 6.15944667337213 0.029035910073989 0.0521874223100951 -12.4530673963232 -3.27249909043939 -0.0161935269688171 3.30550743108634 12.2820982548515
"etap[49]" -0.0295589402360576 6.20454420048407 0.0292485018555597 0.0471778372000103 -12.8807675645022 -3.29215843561003 -0.0230758603795928 3.32115929677785 12.5029454331142
"etap[50]" 0.0680235153563581 6.07398317217732 0.0286330312657304 0.0420693756491211 -12.2167797255769 -3.27293639832305 0.0585677467087486 3.39022078273233 12.404874298783
"etap[51]" 0.0187648175125892 6.11804483286263 0.0288407399261366 0.0450481355268157 -12.5875811367838 -3.32345076311829 0.040262195278463 3.32577781940141 12.5328525569841
"etap[52]" -0.0219246275298484 6.05449138709577 0.0285411461096731 0.0456971813547994 -12.3479546442018 -3.29101053703002 -0.0257921505994016 3.31119243956309 12.1370781784851
"etap[53]" -0.0718237372037449 6.12781523994469 0.0288867980668211 0.0489651856169515 -12.4288492648211 -3.31971955031927 -0.0578252569859181 3.24553707014177 12.3923448285261
"etap[54]" -0.00456922128095601 6.13516368461767 0.0289214389672173 0.0487736427200645 -12.4905429376517 -3.38691623170733 -0.0315634430043942 3.32633500921463 12.6907390973887
"etap[55]" -0.000231091684532879 6.0517327374271 0.0285281417104222 0.0458829300070405 -12.448805274583 -3.30529855519472 0.0150469431029578 3.3204863271654 12.2738643115956
"etap[56]" -0.083330015492466 6.17256186393697 0.029097735675222 0.044539364677198 -12.6296449087549 -3.37441569830604 -0.0707860800907507 3.28289732688394 12.3027220227745
"etap[57]" -0.0829990163527601 6.17350468734604 0.0291021801873955 0.0477083513698877 -12.8432992493896 -3.33564958697332 -0.0252181434508199 3.27034067046827 12.2383000353273
"etap[58]" -0.0925947866181466 6.20539712390413 0.0292525225751207 0.0459782554666907 -12.5709006947576 -3.39054093473593 -0.0919941160509765 3.23033250521891 12.2333757821179
"etap[59]" -0.0156524115237926 6.15243771588693 0.0290028695315435 0.049383884773368 -12.4733498126807 -3.34783094271168 -0.0308601887163455 3.29945878205211 12.47104026426
"etap[60]" 0.0350713550525526 6.10165409553626 0.0287634732493891 0.0423750234011038 -12.2877151192144 -3.28796008694255 0.0314319819700968 3.3281686168204 12.4698097124012
"etap[61]" 0.0288352494949182 6.16237695008073 0.0290497235308651 0.0576030063046537 -12.3021281601716 -3.3314685399612 -0.0304658570222102 3.28972970796091 12.611585641608
"etap[62]" -0.0169609916270986 6.12641592330446 0.0288802016249188 0.0452758863308964 -12.4627172960685 -3.36468160619399 -0.0487588751776139 3.30567411242167 12.455588651715
"etap[63]" -0.0438423315358715 6.21245400600902 0.0292857890363901 0.0491058204828523 -12.5799128224363 -3.39126488760937 -0.0914474079864693 3.2904907732722 12.5807307572749
"etap[64]" -0.0848810285896847 6.08960143695312 0.0287066564719526 0.0411249972027193 -12.6354974947284 -3.38311715511544 -0.0670292433863599 3.26068904935566 12.3273874843369
"etap[65]" 0.0144979582006355 6.09959811281834 0.0287537812539101 0.0416931544169826 -12.5343987273295 -3.28416162851418 0.0123535336410857 3.29352365290885 12.4140575874406
"etap[66]" -0.00923707426453752 6.11287305638207 0.028816359938002 0.048747199721172 -12.34106517413 -3.3438067005128 -0.0294912131723246 3.26357537836358 12.4496640066457
"etap[67]" 0.0245375048093523 6.03857842870953 0.0284661317044488 0.0419592318263605 -12.1859165386902 -3.26512352930829 -0.00585142227251736 3.28339584321756 12.3720893311932
"etap[68]" 0.0229100920320245 6.08897941979866 0.0287037242549664 0.0471026825840225 -12.4618143255796 -3.30196655784009 -0.0220756475905547 3.32856541465825 12.7168929241312
"etap[69]" -0.000154522666666553 6.1455207970169 0.0289702628632907 0.0498086009623808 -12.5725527787869 -3.29589370290473 0.0151592377806866 3.31229828534711 12.4023230531697
"etap[70]" 0.0325052302795921 6.19290929645435 0.0291936543919739 0.0471233473104891 -12.4860467233589 -3.29478461446211 0.00694376675163107 3.27359134626061 12.6088631633879
"etap[71]" 0.0477236912826292 6.11054001235696 0.0288053618629956 0.0460030677790557 -12.3283016656189 -3.28685865820929 0.0605908559489108 3.35023590050429 12.6993061199016
"etap[72]" -0.0182288846944618 6.07615216626068 0.028643256001895 0.0408365278789425 -12.3223721461709 -3.33331959047708 -0.0619808894739774 3.2641534760848 12.46532871399
"etap[73]" -0.104923109171195 6.10960717249061 0.0288009644136938 0.0476759782185455 -12.7823997029943 -3.38360588185761 -0.0688730098793345 3.18776106519743 12.3332669660997
"etap[74]" 0.0447657501650471 6.18293260223118 0.0291466238043804 0.0484756109246067 -12.3221881731455 -3.31425591492266 0.0000086861108193276 3.35327515220001 12.7103715042845
"etap[75]" -0.0785865742423596 6.13872082211472 0.0289382074741892 0.0463549026950745 -12.5108484729274 -3.33350971771137 -0.0585259439617785 3.23292655256844 12.2056137636971
"etap[76]" 0.0515183377174545 6.05286144459267 0.0285334624870272 0.0442004985642954 -12.3173800248218 -3.26986036185529 0.0508709246281728 3.40310587228935 12.3869940129571
"etap[77]" -0.0819933843776854 6.13364157785512 0.0289142636871274 0.0403476041085365 -12.6483078580523 -3.37292787786632 -0.0683318451769233 3.24129055800763 12.3466062951772
"etap[78]" 0.00721527879348287 6.22844017810538 0.0293611485743538 0.0475032714730092 -12.4694337039957 -3.34532067768971 0.0117184577308908 3.31195018747846 12.724103942791
"etap[79]" -0.0336007504075526 6.09340391419217 0.0287245815215596 0.0435852390004215 -12.5389109500905 -3.31222972261781 -0.00694652629984465 3.30111032569232 12.2670798483487
"etap[80]" 0.019683800695066 6.13020315156298 0.0288980547901422 0.0462353017551842 -12.2898095722801 -3.29124777866283 -0.0158679449795702 3.289459587722 12.762757847242
"etap[81]" 0.0100479883988126 6.12188799312548 0.0288588567573569 0.0431007461524013 -12.2756759521024 -3.34138656237327 0.000286381277990382 3.33284796513266 12.6405560152119
"etap[82]" -0.0227173144933463 6.15961708599969 0.0290367134068193 0.0465759857776617 -12.6018962066965 -3.34851055580109 -0.0073268869099391 3.33646766553252 12.4483902427054
"etap[83]" -0.032007085257809 6.20164826279513 0.0292348502743747 0.0509638320431301 -12.77641008492 -3.33609424778822 0.0342627273672208 3.35687730265419 12.2772898331837
"etap[84]" -0.0102735850002094 6.19509038109794 0.029203936123586 0.0496998058776911 -12.6059522145279 -3.36067636861405 -0.036460038900989 3.34670298550766 12.5013768711523
"etap[85]" -0.0373720824609138 6.19243121545668 0.0291914006965378 0.0505851882239151 -12.5434228476568 -3.36285946137891 -0.0140377138953933 3.29248170428866 12.5005537522514
"etap[86]" 0.0437625741242842 6.15878358819296 0.0290327842604777 0.0456650165331543 -12.1234307059473 -3.30029262363488 -0.00430835458656122 3.3035159044128 12.7324027738617
"etap[87]" 0.00183771745366904 6.03598430857377 0.0284539029048541 0.0421526974237137 -12.2158260633733 -3.27078067214002 -0.00324863834627083 3.3042825161425 12.2391662262706
"etap[88]" 0.0326027333234927 6.21150514577202 0.0292813160663369 0.0481252695518535 -12.5408643230507 -3.31619846826032 0.0035023525506577 3.28082163309197 12.934248643082
"etap[89]" -0.0827463519126565 6.18748934794097 0.0291681045096573 0.0473236329117994 -12.7352810811096 -3.41041785616187 -0.0166489851093474 3.32562103484052 12.303134534678
"etap[90]" -0.0116594754462611 6.14773476585187 0.0289806996124677 0.0478299416213845 -12.6231565201718 -3.3249323610479 0.00564788881072662 3.37236672435335 12.430339803515
"etap[91]" -0.0525617171780957 6.07245095920967 0.0286258083445327 0.0433362163845212 -12.5445301991798 -3.34475831891844 -0.0168363707255417 3.2771935959035 12.1648630275949
"etap[92]" -0.0281023174148015 6.04496048035204 0.0284962169844108 0.0409089500665323 -12.4494531569501 -3.32454374679647 -0.00186686431080167 3.29810692779625 12.1349940740984
"etap[93]" -0.0364539261109867 6.09012182033763 0.0287091095827527 0.0475211529168245 -12.7113816952022 -3.2953232165012 0.00344264596897881 3.28681615309677 12.3837142160042
"etap[94]" -0.0358635816451168 6.19182655941315 0.0291885503206134 0.0491259022914221 -12.6838840052841 -3.36705555351246 -0.030227403670129 3.26657160519703 12.4876520041774
"etap[95]" 0.037515540324253 6.18932645999296 0.0291767647389223 0.0514293310199343 -12.6121304418901 -3.26521875693531 0.0235243659744372 3.37059639816344 12.6167303210849
"etap[96]" 0.00600337695212958 6.07917186827389 0.0286574910136997 0.046626725909365 -12.2830901817498 -3.2680510342446 0.0152951359285797 3.29606369062495 12.3288593019608
"etap[97]" 0.0217098489167664 6.15349523799739 0.0290078547385805 0.0466999198758471 -12.2440774351378 -3.36995457111988 -0.0251739099773013 3.34922307133524 12.7510715682585
"etap[98]" -0.0409292336341801 6.12521093754992 0.0288745212675971 0.0533885994743086 -12.394244462023 -3.31276514923022 -0.0089777411803274 3.28233375347047 12.2772541230545
"etap[99]" 0.0604202036952972 6.12475420536258 0.028872368211418 0.0466593367773971 -12.4220359292271 -3.28180950756086 0.039937367754632 3.35589470567017 12.6244994721126
"etap[100]" -0.0175922061714568 6.14029144765278 0.0289456114739803 0.0459332136008899 -12.503247981608 -3.30376300138432 -0.0155553009552804 3.31734581100368 12.53414726695
"etap[101]" -0.0232152903254989 6.03224370019949 0.0284362695078726 0.0434481743315217 -12.3389719985782 -3.33177340110562 -0.0314992330941242 3.2888585581445 12.3260422683143
"etap[102]" -0.0260526137537446 6.13198669723822 0.0289064625050856 0.0468663922673834 -12.4595860803041 -3.32601407917784 0.0246574762747653 3.28617506666366 12.3500076059646
"etap[103]" 0.0174588701522129 6.21431299448133 0.0292945523920895 0.0441723220223921 -12.4179633943039 -3.35071351652356 -0.0129249930537829 3.33272514172289 12.7060340509022
"etap[104]" 0.022182131073513 6.11733137390704 0.0288373766483659 0.0449787869775298 -12.4358106594603 -3.31811124377847 0.0281020073246935 3.36718909560548 12.6894723729856
"etap[105]" -0.0612331796856255 6.10099827714724 0.0287603816918551 0.0443779320002694 -12.3661441968851 -3.40100636086139 -0.0645193496752955 3.27389433642737 12.435845235156
"etap[106]" -0.0549028681179736 6.1453140785242 0.0289692883829708 0.0433190767811516 -12.5501262031583 -3.33627192499145 -0.0998757782743533 3.23137981063715 12.6941521061828
"etap[107]" 0.0361200994491579 6.11126695172581 0.0288087886880437 0.0444869727802539 -12.4918111825223 -3.25193683066632 0.00969281182923272 3.30391321963178 12.6019632839052
"etap[108]" -0.0108098082650151 6.10858334572893 0.0287961380480542 0.0466783289765146 -12.4967819288078 -3.24668508399887 0.0247759477190129 3.30605413909826 12.3846519432306
"etap[109]" -0.0787999056359864 6.26128854631727 0.0295159972671107 0.0551408306595113 -12.785394019097 -3.39327577276211 -0.0254184880072863 3.32840219389246 12.4346331393281
"etap[110]" -0.00828031567384888 6.15351840553259 0.0290079639513888 0.0493368415287682 -12.510426190366 -3.32244742356473 0.00990414562493096 3.29236021663131 12.4621981049186
"etap[111]" 0.0615471592271067 6.17580594807027 0.0291130284344847 0.0442641052878553 -12.2513626787908 -3.35180140167431 0.00544453516448943 3.36729151451054 12.7846108204105
"etap[112]" 0.029749990719922 6.11181734755482 0.0288113832788639 0.0461656851896903 -12.3836446302449 -3.2732726004036 0.028526866332507 3.29455729448974 12.5571018358254
"etap[113]" 0.105162560741671 6.23107087831304 0.0293735498140611 0.0539482969128776 -12.2858067584434 -3.28484314788368 0.0440368049756408 3.36267265970459 12.8448596260805
"etap[114]" 0.0410435495867227 6.13571043597564 0.0289240163778363 0.0457021711809716 -12.4245899222129 -3.26304276079753 0.0555451397207202 3.36854154052639 12.51706539374
"etap[115]" -0.0101471546907383 6.05105835711484 0.0285249626511429 0.0459088541793701 -12.3652695482558 -3.34537576351715 -0.0266930626203478 3.31314013797071 12.5210922984653
"etap[116]" 0.010290222754069 6.11765904185959 0.0288389212899074 0.0492458776452621 -12.3587238833928 -3.29882427245223 0.0019223846748349 3.34646613385765 12.4092452405111
"etap[117]" -0.0021900416166001 6.03489237582389 0.0284487554845071 0.0432743028460179 -12.2501952661618 -3.31994237590292 -0.0356042765179498 3.28764846250758 12.4228043468958
"etap[118]" -0.0697275374922296 6.10613343278392 0.028784589047676 0.0402929652033051 -12.5159870764438 -3.39796544714697 -0.0732404335163471 3.25696349503916 12.3621781647396
"etap[119]" -0.0160267801152532 6.19273243053193 0.0291928206380199 0.0458904289560773 -12.5900316782465 -3.35757257713331 -0.0106947023370978 3.29400944705243 12.6394950428343
"etap[120]" -0.0414673547013038 6.03189058972014 0.0284346049291096 0.0438559786013502 -12.3290113678962 -3.34516716001909 -0.0564191136348121 3.2710760022918 12.390804594317
"etap[121]" 0.0736130365227544 6.19050430418836 0.0291823171497073 0.0484971179031232 -12.5537405514083 -3.31449862928028 0.0380506228751427 3.41309980571252 12.9233905387682
"etap[122]" 0.0686079871006351 6.17644534328199 0.0291160425724185 0.0476425879224155 -12.6187964261258 -3.28731618926262 0.0325623052242293 3.32567855162057 13.0436523336351
"etap[123]" 0.0311717928589143 6.16628751996768 0.0290681581341009 0.0452876085193891 -12.6817027012864 -3.27773626767606 0.0369350048240895 3.35192733718263 12.5489662739582
"etap[124]" 0.00586031676132308 6.11221875593514 0.0288132755361156 0.0471055287269654 -12.3927807607522 -3.32044920750965 0.0222939909790977 3.34978553176951 12.412411539476
"etap[125]" 0.0708125917815245 6.15890674096294 0.0290333648082029 0.0479992893221579 -12.3906735688347 -3.22211101398907 0.014705466054477 3.3196774356202 12.8144100838187
"etap[126]" -0.025941157541905 6.17856342952219 0.029126027326709 0.0493332666406033 -12.5335989185598 -3.28470077072046 0.0726500186393981 3.28103908579448 12.2273402665239
"etap[127]" 0.0745930002959424 6.19442312630236 0.0292007906543145 0.0498207410025675 -12.3680179034298 -3.31639883182161 -0.00414254163537733 3.34590735007641 12.8509842851518
"etap[128]" 0.0177218386394318 6.23914513788107 0.0294116122386852 0.0450490319360366 -12.452324546472 -3.33701170346322 -0.000469734871472788 3.37025708990041 12.6554589292013
"etap[129]" -0.0739558066809607 6.14082552965425 0.0289481291606799 0.0460797314611761 -12.7301731526112 -3.37549910189473 -0.0673842496893725 3.29030769352487 12.1871415521498
"etap[130]" 0.00917516042852209 6.21758888076436 0.0293099950681237 0.0569359665992125 -12.3394674670612 -3.3026308734767 0.0133176913289383 3.35958057129854 12.42639847243
"etap[131]" 0.0147332030573756 6.14231446024291 0.0289551480467863 0.0451408691980529 -12.6409969757457 -3.30591922217186 0.0249056615585805 3.38011174550726 12.5222866663531
"etap[132]" -0.018346328938361 6.19570623049083 0.0292068392654654 0.0479461949966285 -12.6421569397826 -3.35384035695498 -0.00282407802036396 3.38844092242577 12.6492447385681
"etap[133]" -0.0723536197619991 6.17739778835672 0.0291205324415588 0.0492775650930345 -12.5858555156247 -3.37073916841203 -0.0313608898077792 3.23913602012625 12.3623396406451
"etap[134]" -0.0201948872693306 6.07932400884432 0.0286582082112267 0.0460551546993561 -12.5651576784661 -3.31022375856761 0.0174895570174244 3.31325518506537 12.1929158204039
"etap[135]" -0.0126497440129379 6.17679733281827 0.0291177018670052 0.0480154067727021 -12.4375577303426 -3.31789883165437 -0.0328011362960405 3.29004320607916 12.4906482769286
"etap[136]" 0.00969994377754119 6.15185218657527 0.0290001093198977 0.0449476582199307 -12.5295245476593 -3.26942320216299 0.0153903709070133 3.31023497430338 12.6107818965021
"etap[137]" 0.0655787528000058 6.11509494083221 0.0288268340017467 0.0467410275841871 -12.2742350831099 -3.29006145249636 0.0309496502619611 3.33347917478654 12.7516546556967
"etap[138]" -0.000719684381295591 6.14266231028865 0.0289567878276275 0.0487521677258693 -12.4654249316418 -3.34112665715653 -0.000340404080666593 3.35170183369207 12.5360537902566
"etap[139]" -0.0458301472965102 6.16276059506477 0.0290515320506636 0.0591409427097873 -12.5479063516277 -3.29978945088268 -0.0112198539762987 3.30823265551801 12.3449155824343
"etap[140]" 0.0876131710255968 6.12568388190406 0.0288767507486633 0.0481268225137637 -12.4164981842677 -3.2397165445231 0.0521154186393286 3.36861273497412 12.6440231655116
"etap[141]" -0.0401829915676739 6.2034984952362 0.0292435723537471 0.0488257739986352 -12.792609552382 -3.32366534540236 -0.0238036878407974 3.29333024934454 12.5890701265391
"etap[142]" -0.00112992838899024 6.09795544797142 0.0287460376575603 0.0461182157082108 -12.5834237530426 -3.30164413173266 0.00789689565202071 3.29204968317143 12.4782170556216
"etap[143]" 0.0737393376049201 6.16624605042424 0.0290679626447983 0.0470867927032599 -12.4210317333177 -3.26296735760585 0.0417513909847352 3.39356470678835 12.7660948146387
"etap[144]" 0.0466652714707479 6.15467851092109 0.0290134327406362 0.0480125308643845 -12.5142699906182 -3.2997935814068 0.0205296571358838 3.35829033315344 12.5654165341371
"etap[145]" 0.0281842971297888 6.09947627943853 0.0287532069258499 0.0543209635723753 -12.3060131591605 -3.29287885224466 -0.00054299530169529 3.32012764814179 12.5178393440135
"etap[146]" 0.120258346115626 6.02832154354174 0.0284177802840755 0.0434330646560835 -12.0952021921517 -3.180349288379 0.0729906355054321 3.39526233260893 12.32595070559
"etap[147]" 0.0284319861109204 6.08721339363467 0.028695399127791 0.0441193977677606 -12.0366094300985 -3.3401880230492 -0.0581969933891849 3.30313601945007 12.5679150915622
"etap[148]" -0.0266994136358065 6.02638647581517 0.028408658287332 0.0434050231854601 -12.2328106757298 -3.30811082077263 -0.0284091113777834 3.26266484187912 12.1788327465302
"etap[149]" 0.052356108101825 6.07246002355195 0.028625851074252 0.0468899170403776 -12.3353190112615 -3.23198142982391 0.0717745820395881 3.32533523468842 12.4063826510634
"etap[150]" 0.0428355720123247 6.1482503268323 0.0289831299902369 0.0430326147786654 -12.5358451897469 -3.2738668573093 0.0457344024637862 3.37741960598059 12.6165166187236
"etap[151]" 0.0413521544975809 6.0811897917502 0.0286670035961931 0.0444335022576181 -12.4335643981346 -3.30183967981519 0.0158931381712874 3.36472347093427 12.4007261289415
"etap[152]" 0.0616472234992874 6.19418405363943 0.0291996636549734 0.0469056667277371 -12.3416976332763 -3.30612760654643 -0.00156760259140353 3.3505775587689 12.7398893040267
"etap[153]" -0.00877325213130036 6.15618909682514 0.0290205537108783 0.0504784394186526 -12.8671114844661 -3.26022096225861 0.0430581752868077 3.3335994298331 12.2165492165924
"etap[154]" -0.00478190709927354 6.13129015776449 0.0289031789865174 0.0425796717756267 -12.5123494473432 -3.31907966209839 -0.00177410246283957 3.30992909930792 12.4690180414179
"etap[155]" -0.0214787558778166 6.05341904570008 0.0285360910438555 0.0416666576946287 -12.4288807280534 -3.31615423825065 -0.0421127527323628 3.28008832028133 12.5637434578525
"etap[156]" 0.0868739488462448 6.13450763736282 0.0289183463307994 0.0447304198420648 -12.3255166019244 -3.27452198057663 0.0488375111387698 3.39223744045231 12.7177737397331
"etap[157]" -0.0444088075252217 6.11229027655833 0.0288136126875666 0.0452787963737795 -12.4887050117645 -3.32337547308287 -0.0389514979002006 3.31176357939958 12.336455904161
"etap[158]" 0.0057196427274164 6.1600077366821 0.0290385549517967 0.0480662316441545 -12.6147847093318 -3.30598139528233 0.0156381551391067 3.36053294080928 12.5624747738301
"etap[159]" -0.0863044755917675 6.09135978678521 0.0287149454125524 0.0442943144289964 -12.656106825254 -3.376121432695 -0.070757195140709 3.26775080414061 12.2237015180561
"etap[160]" 0.0448523093146863 6.16706831608132 0.0290718388422787 0.0468531693368821 -12.1569915026683 -3.30149689098364 -0.00191001355870722 3.36584460926124 12.6520146879623
"etap[161]" -0.0644027074136052 6.22839659201435 0.0293609431075502 0.0502436693146335 -12.6474608489872 -3.39695062001356 -0.0548517662790974 3.2415868005618 12.5869709947061
"etap[162]" -0.0168103938522426 6.13001611215893 0.0288971730779358 0.0481691829510952 -12.5244426088915 -3.34680628076119 -0.0240174093972843 3.29635544620441 12.2346664971863
"etap[163]" -0.0533846881469762 6.15413965765573 0.0290108925619828 0.0458573088863639 -12.3908326266165 -3.34524426574697 -0.0444046077632576 3.2245174995713 12.4829237619785
"etap[164]" 0.0670226962610237 6.14964730857557 0.0289897154253292 0.0452728932807415 -12.3646171745489 -3.23158552524943 0.0461105749994006 3.350905138976 12.6983790069884
"etap[165]" -0.002531042480285 6.16857642462262 0.0290789481341208 0.0451349107839641 -12.5639668611102 -3.34637281678654 -0.0464564802394191 3.30896196491956 12.5960144562523
"etap[166]" -0.0242567464364312 6.08959906147741 0.0287066452738528 0.0514268773790431 -12.5752810395723 -3.3376078984253 -0.0198235858287319 3.29300482084998 12.4544176987871
"etap[167]" 0.0609963755553436 6.13443368637205 0.0289179977224858 0.0423830246521017 -12.156212961621 -3.26076749517346 0.0153497090092075 3.33219401386319 12.6980551231502
"etap[168]" 0.0595055988279923 6.14463422209622 0.0289660835090344 0.0489713452246128 -12.3040024447409 -3.28612072463366 0.0407584601273545 3.37749291753534 12.7040763082075
"etap[169]" 0.0649240178661885 6.182479373703 0.029144487264609 0.0448078850058397 -12.4379588891821 -3.24766180536131 0.0429475581190346 3.37776587551291 12.6465025214769
"etap[170]" 0.103388614026363 6.2114578751726 0.0292810932305942 0.047719955787895 -12.4830364033268 -3.22691274121747 0.0537582316974145 3.39012481514153 12.7651506202049
"etap[171]" 0.0313565726488868 6.20802769645937 0.0292649232130688 0.0459878293608158 -12.4908777472548 -3.30983657351383 0.00579801894009267 3.35506611609837 12.5408498322905
"etap[172]" 0.049764419515004 6.26688471306015 0.0295423778501276 0.0524291889344047 -12.6529358558843 -3.27613337956527 0.0295243572270549 3.39209890206554 12.7061378912629
"etap[173]" 0.100549165283599 6.08873052123087 0.0287025509358657 0.0517518648513143 -12.1542482948927 -3.23741428279732 0.0583624486573099 3.32348813354499 12.767055719886
"etap[174]" 0.0316979411655167 6.17206039902304 0.0290953717469476 0.0450774850741365 -12.4845153366553 -3.28914011327189 -0.0154466370259982 3.3380556269817 12.609640932634
"etap[175]" 0.0334294229004669 6.21087444039774 0.0292783428926896 0.0483768724001767 -12.3796262607185 -3.3778057364363 -0.0200042179502575 3.33253844269207 12.8639613718884
"etap[176]" 0.0411072674061708 6.16454086259222 0.0290599243122702 0.0443838259300472 -12.4812696214662 -3.26164485683586 0.0378196353603822 3.395237190749 12.3415945604683
"etap[177]" 0.0678137884245461 6.16977777692039 0.0290846113631631 0.043669741004535 -12.4102041526715 -3.27678743810227 0.0692631342494021 3.35847625642971 12.877677249183
"etap[178]" -0.0614163113283987 6.07412554787233 0.0286337024311932 0.0392188878397863 -12.7193183973661 -3.36278140095543 -0.0142037201364558 3.26893548653505 12.3789196037219
"etap[179]" 0.0731450572051398 6.15788343778911 0.0290285409107801 0.0472207601402469 -12.2950197506494 -3.2883840135338 0.02521677052477 3.39561322406201 12.7242802167763
"etap[180]" -0.0224696688599281 6.17631439044212 0.0291154252548112 0.0447197443990342 -12.5229083489696 -3.34764039633263 -0.031005416606432 3.26971473813156 12.536453195848
"etap[181]" 0.078902849091271 6.11570361824852 0.0288297033346042 0.0455843051212246 -12.3958753401233 -3.229125018365 0.0529270540514768 3.35072194238419 12.7146479352832
"etap[182]" 0.0384978412695321 6.19360371432736 0.0291969279092204 0.0490807523120465 -12.3144729536105 -3.25743810403022 -0.00617801614529517 3.27403138056416 12.6622524687307
"etap[183]" 0.0163343956681821 6.23523905025682 0.0293931987650384 0.0599726916972145 -12.4344701173245 -3.31160073962115 0.0227932909514465 3.35855009606894 12.606975684352
"etap[184]" 0.000870416176705523 6.0967514386022 0.028740361902963 0.0485493191573144 -12.2125249152214 -3.33592625407625 -0.0119010537170655 3.29871973995789 12.334488387977
"etap[185]" 0.021650050196129 6.16534848272341 0.0290637314700794 0.0461384704297804 -12.5726187303363 -3.2921311360346 0.027248340152784 3.34520370414694 12.5177987683093
"etap[186]" -0.00461327882364362 6.16563271397455 0.0290650713490468 0.0518700354268179 -12.6072320577551 -3.31877046044676 -0.0198339036074101 3.35002509546462 12.7032837784885
"etap[187]" -0.00973318385859235 6.10669109226956 0.0287872178797019 0.0432289759632493 -12.4982336049427 -3.32591820116517 0.0156924807436915 3.30794060262928 12.107168186129
"etap[188]" 0.00196173974979244 6.11663304500722 0.0288340846943622 0.0455107497183108 -12.3403637123837 -3.32227954050082 -0.00608392617807638 3.30001632797958 12.3799660769736
"etap[189]" 0.0500390644713858 6.03760050500453 0.0284615217278935 0.043877325794876 -12.2507239555109 -3.21821176380057 0.0212570189124198 3.32933830988879 12.3598848319438
"etap[190]" -0.0294523270273955 6.19518594072966 0.02920438659601 0.0444882550342329 -12.6261246460767 -3.38179348213225 -0.0246873858848218 3.33786875669565 12.6011286153303
"etap[191]" -0.0103777458025148 6.19426844937247 0.0292000615002744 0.0527837768531793 -12.6286780959818 -3.25734896721154 0.0328132360836443 3.30543500283373 12.3696977167047
"etap[192]" 0.0395730275476066 6.20264188960048 0.0292395342760549 0.0460421857267976 -12.4231783744868 -3.28852688418158 0.0354703909593467 3.39095283891105 12.4624844490798
"etap[193]" -0.0186983553183591 6.08138714785588 0.0286679339417974 0.0419915092161454 -12.5942842017456 -3.36511525211528 -0.0138024787942448 3.35878860639335 12.2967144059203
"etap[194]" 0.0134105004380894 6.29003893724563 0.0296515279096921 0.0507815767306666 -12.5505225342444 -3.36595137822954 -0.0129811344015668 3.33790176895859 12.5323794871409
"etap[195]" -0.0626713032194868 6.07182568336192 0.028622860765919 0.0481299324418275 -12.3970122461263 -3.31648257096627 -0.0247252679624055 3.20486562039243 12.1978287233847
"etap[196]" -0.00788353517029181 6.08608820449265 0.0286900949353081 0.045824112623748 -12.5702107212776 -3.32814379763635 0.0137994528834547 3.29679229458325 12.4031037329431
"etap[197]" -0.10965997632469 6.20289653365611 0.0292407346796451 0.0453944651751997 -12.9524095300092 -3.40053251365721 -0.0251699124573422 3.28634191080623 12.2656932266142
"etap[198]" -0.00833435326103196 6.07037477067264 0.028616021097909 0.0418749487058257 -12.3342422135472 -3.32462916013183 0.0388894651171932 3.34238252626548 12.4417945036733
"etap[199]" 0.00356034111530816 6.07380837721113 0.0286322072743577 0.0475688615905246 -12.3588339576073 -3.33588339158072 -0.0266581603260652 3.33598168426787 12.4982899577024
"etap[200]" 0.0414261225172079 6.12848385165711 0.02888994993266 0.046154033686865 -12.552431549699 -3.27832905987725 0.030802916800201 3.30584983862641 12.7414801848052
"etap[201]" 0.0152318464235617 6.11685710596696 0.0288351409278557 0.0421654327549744 -12.3875958583527 -3.30709352027888 0.00804162253371567 3.30082986305359 12.5686683814816
"etap[202]" -0.0139945710545475 6.09293031393257 0.0287223489485253 0.046428046669927 -12.2268720161443 -3.32699722429251 -0.025835580902101 3.30694398062324 12.3460135928734
"etap[203]" 0.0176024784656309 5.99148532526102 0.0282441326858117 0.0434558006351025 -12.342745016569 -3.26267798705655 0.0273270029303944 3.30503063957046 12.1632709634135
"etap[204]" 0.0120536190429441 6.08879798493136 0.0287028689627997 0.0440346778688563 -12.2660222364291 -3.3367707464791 -0.0130954034299908 3.3264477341028 12.6572787798659
"etap[205]" 0.0412236159314512 6.13378268601096 0.0289149288773533 0.0485972753996553 -12.4553041195196 -3.30312124178599 -0.000158481698141115 3.31119090373363 12.7594885883182
"etap[206]" -0.000253982259292652 6.11767007222361 0.0288389732875421 0.0466478449105855 -12.2432708453837 -3.31437066910942 -0.0270143491128454 3.26789071812982 12.406139842485
"etap[207]" 0.0559575457873262 6.14968227578395 0.0289898802623303 0.0436903685868165 -12.5650196421153 -3.24957716493818 0.031827141899325 3.34586756803392 12.7257511243604
"etap[208]" 0.0129979774003524 6.12584281756384 0.0288774999785486 0.052065287708049 -12.3535197327019 -3.30236529080016 -0.0300111237800987 3.33554992766338 12.4551038095635
"etap[209]" 0.049665771222702 6.13068440372482 0.0289003234345895 0.0445691563158052 -12.3096713834015 -3.26639116211158 0.0501471775820791 3.34167619159721 12.6229797939564
"etap[210]" 0.0293284844615107 6.1472961781078 0.0289786320900145 0.0488707271958193 -12.6537048688345 -3.29967007280252 0.0289655000878963 3.32965818553801 12.551149557147
"etap[211]" 0.00255012442118999 6.2309815200115 0.029373128574988 0.0478371241479032 -12.5487790372921 -3.34769778020571 -0.0399928405886306 3.32056513156976 12.7213685186584
"etap[212]" -0.0484591698220603 6.05864880377375 0.0285607443598412 0.0460433747887925 -12.4502843507922 -3.31830254796475 -0.0261744862413472 3.22845743696296 12.251145309852
"etap[213]" 0.0346771343643942 6.13653689887703 0.0289279123613161 0.0465499831305985 -12.5422930899894 -3.27403872756416 0.0395866401871077 3.34184389815252 12.5630042603784
"etap[214]" 0.0133058157267105 6.25149302366157 0.0294698207304766 0.046095488243729 -12.8944673154293 -3.32516340202146 0.00634587413097637 3.34822032274176 12.6347031478471
"etap[215]" -0.0512648722538006 6.11529759508916 0.0288277893230755 0.0454805204469911 -12.4711506899886 -3.31775514217623 -0.0249122701563056 3.2919047779893 12.1973252884469
"etap[216]" -0.0298039536644277 6.12304002754338 0.0288642874996839 0.0437500043273343 -12.4392222682534 -3.33580572766308 -0.00555911479442619 3.29321254268708 12.3388813666018
"etap[217]" 0.0172491141729247 6.18617628404799 0.0291619146671049 0.0499741973793663 -12.4435454570264 -3.29007395038777 0.00532162292695708 3.2961426584125 12.7333006809269
"etap[218]" 0.0333031267516938 6.14745411667183 0.0289793766195454 0.0441630942183772 -12.4472507453546 -3.28799875101064 0.011995764673569 3.32263176757361 12.5887700238546
"etap[219]" 0.00643528939483289 6.23230169662846 0.0293793519472427 0.0512746902753866 -12.6167420273978 -3.31529474373855 -0.0167109235433324 3.31353078961621 12.5809550283611
"etap[220]" -0.0123455459034404 6.11981589116848 0.0288490887750562 0.0437232632703754 -12.4836581472777 -3.28332392702909 0.00706125171828475 3.29790719754628 12.5147826827206
"etap[221]" -0.0278403321270888 6.25068344037937 0.0294660043182847 0.0590786665325988 -12.3469912186931 -3.33652225286345 -0.0420285668230194 3.30995296924915 12.5656569310706
"etap[222]" 0.130413608506089 6.10006689906766 0.0287559911334823 0.0461735206300337 -12.1889248266732 -3.24942199005796 0.0765316477679649 3.40246766606969 12.9658319935807
"etap[223]" -0.0420737463634796 6.01930136587825 0.0283752587587864 0.0437906032591516 -12.5890246593869 -3.30000147068168 -0.0319223732712889 3.29105280882154 12.3099286673749
"etap[224]" -0.0824614816366734 6.19311668279354 0.0291946320205523 0.0479020036783849 -12.7531959673263 -3.39110890442401 -0.0688497200024594 3.22616269543453 12.5513244595208
"etap[225]" -0.0335131890473733 6.10766888299164 0.0287918272293697 0.0479823689944499 -12.47983027952 -3.32304990702645 0.00405893164336825 3.27248317537908 12.3598612300286
"etap[226]" -0.0491389004370203 6.22209705233572 0.0293312467927161 0.0571286823396658 -12.9356650996627 -3.354179317194 -0.0201060205332876 3.32419154861355 12.391567070394
"etap[227]" -0.0174217641848828 6.1014707587953 0.0287626089917039 0.0449634021374896 -12.5372712502791 -3.32532427524145 -0.0000374709331290652 3.25283152153511 12.403520719429
"etap[228]" 0.000124512212364257 6.24505304268149 0.0294394623689984 0.0463431909099819 -12.6153948659109 -3.33789701891995 0.0320386181669773 3.34562258533254 12.6319284526705
"etap[229]" -0.0367701726720139 6.13910793744615 0.0289400323533622 0.0454522415547621 -12.5472046061234 -3.34421811041718 -0.0474693266131866 3.29516864508669 12.5423041438723
"etap[230]" 0.0115901856267245 6.15035152013238 0.028993035110444 0.0463355444323704 -12.6998546389851 -3.22912593648165 0.0234726803640752 3.32410236013059 12.439489587173
"etap[231]" 0.0283736490934736 6.01329815810112 0.0283469593659325 0.0462918208539994 -12.2386326739769 -3.27941134716658 0.0161021310323502 3.28809161731256 12.4087146792109
"etap[232]" -0.0330647425025321 6.18351415521355 0.0291493652714301 0.0505865032036265 -12.8729780199413 -3.32630195102532 0.000639890012128755 3.30210820739565 12.408668172302
"etap[233]" 0.0094669040936651 6.12631252916927 0.0288797142202913 0.0459546576905744 -12.4457766955549 -3.2704641180495 0.0249448456906825 3.33513594448366 12.3306197111292
"etap[234]" -0.0159451616223542 6.18041189393268 0.0291347410715053 0.0473413980130565 -12.3887228933257 -3.34246704361198 0.0125407615067973 3.3140029539993 12.6105025547425
"etap[235]" -0.0335459704536476 6.11605696008147 0.0288313690039786 0.0425497641693913 -12.5418816269093 -3.33823473614591 -0.0219051239893873 3.29199748611443 12.2992803301505
"etap[236]" 0.0263277296812986 6.1277856073429 0.0288866583773966 0.0455851873943174 -12.5478223221062 -3.26534485069146 0.0267059958289741 3.3166696760812 12.4244833337059
"etap[237]" 0.0760645113670285 6.16022953459919 0.0290396005172049 0.0474264481922589 -12.4882737660302 -3.24657183064382 0.085750927066727 3.41001996315788 12.7307975094537
"etap[238]" -0.0542574890844531 6.07157261742489 0.0286216678016513 0.0457662785567247 -12.5860296082063 -3.31223708804697 -0.0150622486521478 3.30278721725138 12.1120589688174
"etap[239]" -0.0448657854691918 6.17494066586047 0.0291089494550301 0.0460846953179173 -12.6549192222159 -3.37071665446924 -0.0621809236582873 3.25452583087689 12.5771478906665
"etap[240]" 0.0219845655673234 6.06970894723147 0.0286128823761069 0.046246632317071 -12.2471191912051 -3.30012830126083 0.0191874961732425 3.31568455995134 12.4307166091409
"etap[241]" -0.0702917861471931 6.09627112541812 0.0287380976848993 0.0499569687007582 -12.4779960857541 -3.30194090510329 -0.0157194017891585 3.27393869529082 11.9756777755572
"etap[242]" 0.0384723770531761 6.11126921780434 0.0288087993704404 0.0441251990861123 -12.4687943938479 -3.22647006775238 0.0380351384935522 3.35494702512435 12.4690545785906
"etap[243]" -0.029671817284487 6.14293700072851 0.0289580827307792 0.0553467306987421 -12.7569124853865 -3.29617221693372 0.00182783915594955 3.3386607611554 12.3306599658362
"etap[244]" -0.0899961045301705 6.14605635125497 0.0289727874901802 0.0475085228551661 -12.9138016899284 -3.37986557203121 -0.019712165582253 3.27415484344384 12.235087724238
"etap[245]" 0.0449746497092495 6.04849103997916 0.0285128602021022 0.0430892033338833 -12.2660019536764 -3.28000739514561 0.0203565833084255 3.36607725538093 12.2023683508873
"etap[246]" -0.00748618337755854 6.21205936027533 0.0292839286585603 0.0476618905970179 -12.5059866152819 -3.32898598917512 0.0311610165711104 3.32481643803655 12.4011251289411
"etap[247]" -0.0080281404950245 6.1602307648829 0.0290396063168179 0.0535363376693377 -12.3222269606216 -3.2712815784172 0.00827222548054244 3.29000218026187 12.4122684485805
"etap[248]" 0.00899076902657326 6.12600941985745 0.0288782853492925 0.0467553174751537 -12.5751370692309 -3.28384494216179 0.0183751819359899 3.33817636129589 12.5460471712339
"etap[249]" -0.108694564213699 6.23634451553059 0.0293984099783148 0.0602214707763512 -12.9540254783515 -3.35433705789985 -0.0614306273136225 3.28466639703484 12.5214961972283
"etap[250]" -0.0290728282814527 6.21278498906751 0.0292873493054908 0.0433223038291327 -12.8407521522302 -3.34357278909597 -0.0315818965882687 3.30205903777777 12.4560077114876
"etap[251]" -0.0138538394847983 6.21352109387604 0.029290819336836 0.051368554465712 -12.5419661713443 -3.35785910419332 -0.0185560138807123 3.32523275917817 12.7149622933281
"etap[252]" 0.039144529389297 6.11949994236519 0.0288475993781141 0.0478406101525771 -12.3876519218714 -3.23666612138022 0.0248467037135467 3.33857271645795 12.6363461573325
"etap[253]" 0.0138845741605571 6.17417083220164 0.0291053204243598 0.0478896730280572 -12.7068757451633 -3.26395774691715 0.0307426001413319 3.28788636377709 12.4844033650775
"etap[254]" 0.0142877623777685 6.11138699719545 0.0288093545878146 0.0449322430121489 -12.3074447575951 -3.33653958865613 0.0184545100952231 3.36350763871343 12.5292032889318
"etap[255]" 0.0062251324070123 6.2079599153347 0.0292646036897829 0.0485172901420093 -12.8442194478389 -3.33502287451648 -0.0136370434660167 3.34396955355736 12.8519640467704
"etap[256]" 0.0366017098886481 6.16360521160143 0.0290555136112008 0.0441166175197038 -12.4589202474328 -3.30106091194355 0.029918673172594 3.360007589247 12.5764350293932
"etap[257]" 0.0319503426845359 6.03714222354876 0.0284593613683931 0.042735176179676 -12.2320580431661 -3.25021203039898 0.0582065738818115 3.31123447833338 12.5570463747201
"etap[258]" -0.0295503937226777 6.17909362479943 0.029128526691215 0.0496974498418187 -12.7960704731397 -3.37701662023949 -0.00668305470936323 3.35006400321877 12.3020929703762
"etap[259]" 0.0477135125232898 6.18822615792807 0.0291715778652461 0.04534383372566 -12.6575918077895 -3.31988195798431 0.0287984389752784 3.37319871637024 12.7263740933207
"etap[260]" -0.0312050408205213 6.10545487752393 0.0287813903075043 0.0466074961836938 -12.4616291774254 -3.35109282039845 -0.040609074401832 3.30986842129672 12.295107444129
"mean.p0" -0.963764659476608 0.238295960424666 0.00112333793030428 0.00790942633226972 -1.42804437706026 -1.12289177503132 -0.967061400724089 -0.800461085896091 -0.504747350416919
"mumup0" 0.782209643204217 0.114250511135692 0.000538582074520514 0.00211870085910529 0.47313352486761 0.736760904298053 0.80205113652451 0.856226002960667 0.938550180222151
"mupsi" 5.64109505210053 1.28701752293978 0.00606705878651087 0.0120836115806326 3.36301498212679 4.73411528414224 5.55444438768736 6.4652686419733 8.36942353124113
"ppo[1]" 0.256564126855479 0.0765735944850432 0.000360971386134686 0.00191568771368443 0.0978960366371768 0.212477676826956 0.258027104394219 0.303591371360514 0.406894616068293
"ppo[2]" 0.265665510481617 0.0695594407750199 0.000327906348450404 0.00173568537657257 0.123856530256336 0.222716242578579 0.265192107296384 0.309100681784673 0.408253239506619
"ppo[3]" 0.300174746705529 0.0764670331765849 0.000360469051309199 0.00160253325107088 0.178018731425241 0.248934260701345 0.290147372551326 0.339551325176049 0.483720081494856
"ppo[4]" 0.28236359346554 0.0708594234625379 0.000334034525608865 0.00151777473842015 0.151196532585498 0.236696857865618 0.276687521460185 0.323313768192241 0.436761422899993
"ppo[5]" 0.282711093024363 0.0705695070513576 0.000332667846540046 0.00153699015583707 0.15471489076395 0.236557160596778 0.27653806494819 0.323218817986984 0.439284380301644
"ppo[6]" 0.28295861127804 0.07072004426007 0.000333377485747388 0.00148691377077051 0.152606226579061 0.237168816495199 0.277047804759447 0.32358031863313 0.438307205158822
"ppo[7]" 0.298998540572168 0.0749870740454738 0.000353492457059282 0.00158328985983792 0.176808979381506 0.248631969106908 0.289555773332953 0.338349252654877 0.477226097510005
"ppo[8]" 0.299959274574144 0.0759409214049197 0.000357988936633156 0.00167440699125359 0.176381637884454 0.249284509739925 0.290623346078966 0.339784759216484 0.478881209618747
"ppo[9]" 0.299763098113366 0.0761968891255776 0.000359195580040103 0.00157816721500016 0.176209214414067 0.249024665688149 0.289709996584295 0.339180671476383 0.483450207903407
"ppo[10]" 0.299267361965631 0.0769322033237937 0.000362661884412512 0.0016240902802973 0.174516624548758 0.247805951433406 0.289122150139667 0.339547566566092 0.484082584081399
"ppo[11]" 0.265468300302699 0.0691089015633576 0.000325782486238692 0.00164299751200644 0.123913387731266 0.222367968773657 0.264774373174475 0.308552474718882 0.407374405164388
"ppo[12]" 0.282956448179303 0.070321210661558 0.000331497366133569 0.00153905813914056 0.155342939977781 0.236971870101507 0.277162688674408 0.323365491736834 0.437506445368227
"ppo[13]" 0.282273549539301 0.071432276970479 0.000336734982942809 0.00143717541655741 0.152080477496011 0.236200954337811 0.276327224927807 0.322756951771307 0.440145015705556
"ppo[14]" 0.282194548601263 0.0710863804879752 0.000335104411287029 0.00151212259017641 0.151589857871804 0.236235499808748 0.276511083524606 0.322666630934416 0.440346066549468
"ppo[15]" 0.265879875793679 0.0689125470751089 0.000324856862304311 0.00164256625686231 0.125653205143241 0.223019277898155 0.265372157132333 0.308646653445711 0.407727983681364
"ppo[16]" 0.265768946348398 0.069478368419003 0.000327524169699028 0.00170792424287559 0.124837947751413 0.222532497735099 0.265061794705739 0.308907761598108 0.409833064145688
"psi0" 0.992907599644773 0.00950931665256632 0.000044827348596532 0.0000785980000897552 0.966528452319322 0.991286372474371 0.996144702594467 0.998445846111108 0.999768204570153
"sdeps" 0.281095854643515 0.223707958698125 0.00105456943067229 0.00946159348809993 0.00855051388004186 0.108789480040051 0.232662793989793 0.400241421284668 0.829149205991347
