"Mean" "SD" "Naive SE" "Time-series SE" "2.5%" "25%" "50%" "75%" "97.5%"
"N" 22.35 0.709271975208614 0.00334354015583725 0.0122463012912517 22 22 22 23 24
"betapsi[1]" 0.06230686054459 2.43803683817619 0.0114930158737133 0.0177192676712104 -5.04417828231516 -1.03517353073701 0.000536879199773878 1.09155879848553 5.62182014520756
"betapsi[2]" 0.0350263751706342 2.44473345765323 0.0115245840406682 0.018121729538933 -5.25597165543873 -1.02885029451114 0.00297213906563443 1.05622061349727 5.58359243932133
"betapsi[3]" 0.0333989521077378 2.45848856861115 0.0115894262555637 0.0176073478807694 -5.24965093408773 -1.06054155268135 0.00277108907414351 1.09413482025702 5.59070756208988
"betapsi[4]" 0.0891687810145462 2.46221523546361 0.011606993931581 0.0174377813191136 -5.08887664851991 -1.00598652488947 0.00358009844099629 1.10672647428075 5.74619061249801
"betapsi[5]" 0.071137545991625 2.49877212632943 0.0117793247677831 0.0196196570124324 -5.26446227212953 -1.03819922186569 0.00824769843553843 1.10300056458425 5.73454193836649
"betapsi[6]" 0.0706022982484128 2.45663303941529 0.0115806792070498 0.0175093882617547 -5.16403878458743 -1.0202478452241 0.00276900304128132 1.09584916519213 5.66537115875415
"betapsi[7]" 0.0562307826421497 2.46839941995581 0.0116361464568513 0.0182847047465616 -5.2291724408131 -1.02909179711284 0.00306813481072152 1.08524589905854 5.65782557495017
"betapsi[8]" 0.0973770707579564 2.46731172949471 0.0116310190348454 0.0194900416376637 -5.06922746478804 -1.01548109151969 0.01367370398078 1.14334272571929 5.6896056552797
"betapsi[9]" 0.0561278007926991 2.44954829209394 0.0115472813878903 0.0176092138554374 -5.18313644913079 -1.05957520457511 0.00441362592363801 1.09626851453721 5.61749553437482
"betapsi[10]" 0.0654700398408705 2.44762534545051 0.0115382165304808 0.0181097117648549 -5.08689437744216 -1.03521719520442 0.00879351297115584 1.07322675196092 5.67021133914478
"betapsi[11]" 0.056825390944613 2.43854525442991 0.0114954125709177 0.0174902466411459 -5.18125224840143 -1.04631472030898 0.000921840552632301 1.08659963838742 5.53797818735502
"betapsi[12]" 0.0562085438593802 2.48846309586156 0.0117307275321079 0.018455191575887 -5.23292450637971 -1.04977382337517 0.00510279007524176 1.09188429407184 5.69858791836404
"betapsi[13]" 0.103524951584111 2.47519827791797 0.0116681965806471 0.0187964720992899 -5.1283673900724 -1.00286531353596 0.0109519110850029 1.11077061793134 5.81391965095115
"betapsi[14]" 0.0896873332911097 2.50270894285607 0.0117978830988649 0.0188902022318505 -5.17944292510091 -1.02561959535563 0.00414445090267988 1.13075130637735 5.78199148815029
"betapsi[15]" 0.0831635721542051 2.48436661012804 0.0117114165131665 0.0189018589869411 -5.21786940900574 -1.02367671476496 0.00776685216453338 1.11815641403002 5.75128178225095
"betapsi[16]" 0.0644443002799669 2.46561846287526 0.0116230368994523 0.0180204778416082 -5.11362365887345 -1.0239873983369 0.00208889936953295 1.07114620222851 5.69777950848017
"etap[1]" 0.092423511586329 5.75078691747481 0.0271094695100355 0.308388043598167 -11.4477848401847 -3.33051958010607 0.17023046290964 3.63201556005264 11.2884441488539
"etap[2]" -0.0676636615273975 4.02463535611751 0.0189723130140922 0.125860276059516 -7.99291059592664 -2.42946623497113 -0.11323131506612 2.22545457765269 8.07852014863105
"etap[3]" 0.0422105596711285 3.82175225667716 0.0180159129114094 0.0399670863056914 -7.64790048535607 -2.0682772949605 0.0495866939415602 2.13526186474675 7.80946581377839
"etap[4]" -0.0919700269370128 4.02007021135386 0.0189507927152957 0.118634238238721 -8.09903062527949 -2.41387848506279 -0.114254008008124 2.21148357631718 8.13407300014201
"etap[5]" 0.0942083097399335 5.70425412380828 0.0268901118170411 0.307530908081112 -11.2590842128365 -3.36353900881049 0.127776142154252 3.639708921377 11.2090457216546
"etap[6]" 0.0347170162691815 3.81458462564286 0.0179821243746801 0.0424133930451853 -7.78207257390449 -2.05118286197543 0.0258102278434217 2.11231575545835 7.86912505516666
"etap[7]" 0.125945567024459 5.72673799780454 0.0269961018155084 0.310539779828587 -11.5412533628818 -3.3227267503674 0.216890092354724 3.64534132884355 11.320979252805
"etap[8]" -0.0786933791619782 3.98757575555764 0.0187976123816658 0.114041395638269 -8.05875578617893 -2.41264364287783 -0.0820639471091436 2.22266427778851 8.03743510311268
"etap[9]" -0.135959549791444 5.38699885242573 0.0253945561252959 0.308368217878876 -10.3991645384147 -3.71911530220656 -0.269171698129072 3.42996246197951 10.5123219597783
"etap[10]" -0.102660696375069 3.9631061865402 0.0186822617270996 0.108455482698854 -8.05876057810968 -2.44397611604591 -0.0961357409006318 2.21775883216249 7.91087983024947
"etap[11]" -0.0597874241722692 4.01351664715796 0.0189198989174033 0.116527042288389 -8.02452712316785 -2.40683058069154 -0.0804110560017204 2.21224319401261 8.20526871450365
"etap[12]" 0.0897259973336639 5.73821393700794 0.0270501999117165 0.306359640551486 -11.4272330581315 -3.39509312801588 0.142371212763176 3.60476780687127 11.3460204000913
"etap[13]" 0.0484541959607304 3.7657593670433 0.0177519598983538 0.0388767019806655 -7.63498512983579 -2.00340673400799 0.0295645949489027 2.11249517862577 7.70461358550078
"etap[14]" -0.0990856075900816 5.41778199198156 0.0255396692368035 0.319714235354535 -10.3527693751368 -3.73769081952539 -0.248055317595834 3.45399760865683 10.6474380664877
"etap[15]" 0.0624816820122263 3.78695109967833 0.0178518586840293 0.0367201802292567 -7.65089199848058 -2.03856636099448 0.0356057739709787 2.13807955108833 7.91446379831142
"etap[16]" 0.0915879865032568 5.64434021009054 0.0266076749191928 0.292925804566434 -11.1588223046352 -3.35750800252448 0.163868783325805 3.59661088345246 11.2391746615018
"etap[17]" 0.133531358931543 5.72524330381634 0.0269890557604761 0.300921844367258 -11.2575000083495 -3.33112472514146 0.192827006383991 3.6473723606511 11.3757395498985
"etap[18]" 0.159441389933876 5.62083324216478 0.0264968620096899 0.306516701880352 -11.151375698775 -3.24661714280288 0.162278684393636 3.62021531146578 11.3836922243196
"etap[19]" 0.133656558133154 5.72860030609784 0.0270048808209941 0.30694186920288 -11.2160660839001 -3.3193553144738 0.173955203605572 3.65871544508713 11.3929363239641
"etap[20]" -0.222747961228756 7.2965536787976 0.0343962839037962 0.521710256456048 -13.4410081029567 -5.54591950224857 -0.862701034843385 5.08990659305265 13.6259168912346
"etap[21]" -0.0454143787040769 5.42675207690347 0.0255819546226442 0.318830104215949 -10.2873798651561 -3.6987865163619 -0.186208631373587 3.46193112691642 10.7735763029187
"etap[22]" 0.0115307433368536 3.77235058110133 0.0177830311793984 0.0354596495249476 -7.67537684813738 -2.05764350767103 -0.00221159303727214 2.09807348121967 7.67610781405361
"etap[23]" 0.152491130872611 6.49881589091823 0.0306357119076745 0.140417901137263 -12.5963210276125 -3.91192231963096 0.125638062967563 4.12236504709993 12.9899097202103
"etap[24]" -0.0255520181186658 5.46360001785807 0.0257556574821226 0.0496574375485849 -11.206901955138 -3.19555343856823 0.0205399342499713 3.17887850450865 10.8943384462356
"etap[25]" 0.0443015152558747 5.32192805758956 0.0250878094567236 0.0379858535236544 -10.5268794879164 -3.04920790387898 0.0397684474178312 3.13872409873444 10.6231584148991
"etap[26]" -0.00105987394617093 5.24111710452351 0.0247068629706758 0.0336233588869619 -10.6693593924099 -3.03685407968607 -0.0163573402000438 3.06181374092932 10.5224366364403
"etap[27]" -0.0312709178147898 5.22900116581218 0.0246497478878544 0.032373506694972 -10.5114245650384 -3.06692373806814 -0.0204648640240801 3.00031866757838 10.4612019358082
"etap[28]" 0.0420811245293486 5.20481258943429 0.024535721845294 0.0345141521828196 -10.3411741778072 -2.99734518617748 -0.0139896297904117 3.04185263230316 10.6048390995431
"etap[29]" -0.0202630046724297 5.21876499205681 0.0246014941020155 0.0320005185642337 -10.5262573930976 -3.06978074906762 -0.0000870430291682859 3.0148037353571 10.4472266342596
"etap[30]" 0.00292777295803757 5.22764864049962 0.0246433720223861 0.034103918979134 -10.4404772684627 -3.02040323122145 -0.00686854252484497 3.01515042310685 10.5496515169062
"etap[31]" -0.0192875192670342 5.17977450427694 0.0244176911799428 0.0350247778440551 -10.2498776733556 -3.03304071530528 -0.0557180067551498 2.9912715463791 10.420293994833
"etap[32]" -0.0465264108060976 5.23583128684194 0.0246819453871642 0.0334634400030418 -10.6681226939836 -3.06552640904206 -0.0302600394406702 3.00565627561533 10.3927808000885
"etap[33]" -0.0857924793100278 5.18594687762825 0.0244467880269609 0.0339783967603406 -10.5581582804684 -3.07904444580672 -0.0386394387561915 2.9448402491039 10.2308694656762
"etap[34]" 0.0175096270197127 5.20201334659841 0.0245225260880178 0.0325154686530531 -10.4322448653246 -3.03241053235074 -0.00790242551809149 3.05912951417966 10.4509207542093
"etap[35]" 0.11175637501367 5.20463527609129 0.0245348859821791 0.0334690502033663 -10.2852327514118 -2.90702982539737 0.0557364439480393 3.11706465769227 10.797302681578
"etap[36]" 0.0679488369877535 5.16941758922248 0.0243688682141615 0.0353230888606913 -10.3859281578495 -2.89692543719502 0.0577621377936572 3.05459822196791 10.5432939075372
"etap[37]" -0.0424267972142778 5.19986425009444 0.0245123951499419 0.0363385413485117 -10.6633209292284 -2.98615212585144 -0.0244743169563366 2.94909971167931 10.3302125263465
"etap[38]" -0.0286372722843113 5.24386911088056 0.0247198360530554 0.0344604716136296 -10.7297911384127 -3.05077068807618 -0.0136115129367096 3.05715778352188 10.4750462274927
"etap[39]" -0.0260605239962541 5.21827426726085 0.0245991808031427 0.0353237145424192 -10.589018978723 -3.00000971632625 0.0320931541116191 3.00195245819396 10.2771355947609
"etap[40]" 0.0113783450231156 5.20664573080661 0.0245443633565956 0.0342091285371102 -10.5039896193722 -3.00199625760186 0.0420756937962082 3.01192809921557 10.5338276776096
"etap[41]" 0.0211670345425732 5.30024493463141 0.0249855942348501 0.0355841548882116 -10.4937911859664 -3.04087453979931 -0.0408492871963729 3.03338425894801 10.8727774171766
"etap[42]" 0.0126055520131955 5.21694180088182 0.0245928994963939 0.0354842217538676 -10.5768803217993 -2.95884536097308 0.028345540034113 3.04102378989824 10.3546098872207
"etap[43]" -0.0145446153327352 5.1622351615319 0.0243350099253256 0.0326670362360802 -10.6198137834789 -3.01562005334848 0.0260062505720458 3.00862866940699 10.2756592862644
"etap[44]" 0.0180975507219481 5.18284236778181 0.0244321532271964 0.0340396252805748 -10.3573322561263 -3.02009993334644 0.0183638215717898 3.05585932219535 10.4473582386415
"etap[45]" 0.0400872582255377 5.25738976339655 0.0247835730202563 0.0354291802756325 -10.4344050110052 -3.01055286682751 0.0347897234538878 3.06425995607617 10.7858228655711
"etap[46]" -0.0452640377403002 5.22927090272387 0.0246510194398503 0.0409095815956257 -10.6594872060865 -3.04772789546304 -0.0287552150869016 3.01294816428098 10.5163689908418
"etap[47]" -0.0167620683022611 5.21819781568347 0.0245988204069507 0.0329482137492207 -10.5477260017389 -2.99768697670326 -0.0191587847646669 2.9978265364833 10.484639219783
"etap[48]" 0.0608314409314272 5.2508435723384 0.0247527139796685 0.0360576630059155 -10.5137177787588 -2.98727637547785 0.0775060177702917 3.1264867030578 10.4660668512383
"etap[49]" 0.0170196879459346 5.25713051698561 0.0247823509209551 0.0320939407114705 -10.5007800211633 -3.03350303139222 0.022796808024571 3.06345026420234 10.538175238536
"etap[50]" 0.027853917131083 5.2538462191521 0.0247668685924917 0.0363520072345163 -10.4424637406081 -2.97429277110408 0.0341431256948785 2.98595229204907 10.5638855338234
"etap[51]" 0.0244607655427446 5.26161814890855 0.0248035058207163 0.033166147171337 -10.3992361559902 -3.07006741461359 -0.017957271718686 3.0444329269824 10.8076038179996
"etap[52]" 0.00725938324478774 5.17439369438708 0.0243923257988668 0.0357759711164589 -10.3239887363073 -2.98233702745355 -0.00298409116341564 2.99714095658359 10.3251893369025
"etap[53]" 0.00955213450948648 5.16546042871037 0.0243502139806125 0.0329040993321415 -10.4816841317219 -2.97472744109021 0.0320035938716856 3.04484167161844 10.3864205011093
"etap[54]" -0.00997171810264097 5.22782321196903 0.0246441949601849 0.0386786593600102 -10.5160432373246 -3.05634880584988 -0.0200174846573752 3.03363893878106 10.5129686344767
"etap[55]" 0.0203902348141475 5.24447971898392 0.024722714487259 0.0350187805404217 -10.3070804030328 -3.00979602310245 0.000899374160563339 3.02903637074733 10.5454949242503
"etap[56]" -0.014290249106454 5.17595091822628 0.0243996666224436 0.0355130927403004 -10.2350155112204 -3.04747775061718 -0.00957921909301601 3.0288922056997 10.3406745567599
"etap[57]" 0.0519235697377771 5.239344185386 0.0246985053497116 0.0344791035474275 -10.492516497182 -2.96883843767243 0.0214156276916916 3.07812690949912 10.6042179448671
"etap[58]" 0.00459796069063214 5.20383343566432 0.0245311060701569 0.0338470339282445 -10.4339993653642 -3.052325311057 -0.0113534614815655 3.06400998927347 10.4712578199058
"etap[59]" 0.0251177977616194 5.22560487076748 0.0246337375994742 0.0353070001593671 -10.3284408726307 -3.02271954983379 -0.0103447246979851 3.04655981219225 10.5102350521687
"etap[60]" 0.00610111562891849 5.18732843548046 0.0244533007531336 0.035215000842115 -10.388871522885 -3.01036928208121 -0.0311514613378036 3.03737329000063 10.4932867417783
"etap[61]" -0.000978496958113441 5.20517525330733 0.0245374314591868 0.0341214328829596 -10.388844680789 -3.01875157188792 -0.0113947393265711 3.04042961060375 10.4132593184362
"etap[62]" 0.00319074622359114 5.17193429089691 0.0243807320596296 0.0347348813777019 -10.6096481555365 -2.98559563019595 0.000185734094307671 3.01643971955413 10.4861797862532
"etap[63]" 0.01029505843245 5.22532744318786 0.024632429793322 0.0334597654708829 -10.5687797970675 -3.03174630588796 -0.00414600459939576 3.02006569452803 10.5406324969085
"etap[64]" 0.0454933960445147 5.18402465018724 0.0244377265599041 0.0346930670315053 -10.4196277313699 -3.02616681147699 0.0495531924364741 3.0743432397607 10.6145034813178
"etap[65]" -0.0125694344399389 5.22085552068964 0.0246113489484991 0.0418605988209529 -10.4764763797185 -3.02142915749501 -0.0295155033101769 3.00332434378842 10.3413334557219
"etap[66]" -0.0610182784947014 5.20756707626325 0.0245487066207303 0.0333402887751159 -10.7190076057165 -3.09825837467485 -0.0305294259427386 2.98089494435059 10.3619902022182
"etap[67]" 0.0228601351015572 5.23999936062411 0.0247015938754032 0.0352920094350352 -10.6570515739341 -3.02922199601987 0.0404625005819003 3.04401241799316 10.6142618612785
"etap[68]" -0.0274081314508892 5.1946239306414 0.0244876920471364 0.0372804582523134 -10.3325121525449 -3.03641880276375 -0.0377084719772797 2.95762357010112 10.4501326298469
"etap[69]" -0.0205382371711451 5.15893769355628 0.0243194655122169 0.0335080625807365 -10.5577226260973 -3.03836107763533 0.0224770077676354 3.01376066996062 10.3506669064053
"etap[70]" 0.0155706152885618 5.1638248097607 0.0243425035989408 0.0338839234297852 -10.3450475031439 -2.99426546998892 0.0350906773098928 2.99766846554218 10.4399405750213
"etap[71]" -0.0497576937853431 5.17633180305766 0.0244014621307578 0.0330775936144099 -10.5418362752426 -3.01175579422819 -0.0273750307932056 2.9448861765281 10.3800546135778
"etap[72]" 0.00378857519749636 5.20484146895009 0.0245358579846371 0.0360886260354246 -10.5023460929801 -3.0160264045244 -0.00687411600922578 3.00146897824656 10.4884419774116
"etap[73]" 0.000662137584399626 5.1571102218864 0.0243108507281489 0.0337154051366327 -10.4819748366844 -2.99359995479182 0.0360400371639005 3.02758847783346 10.329878035812
"etap[74]" -0.0282122834973392 5.17235869759768 0.0243827327320036 0.0364797791893659 -10.4328180432915 -3.07821770327851 -0.0225877480703529 2.99738817400017 10.4521542470295
"etap[75]" -0.00364348428843567 5.19797946344555 0.0245035101804717 0.034569541304705 -10.3905160231654 -3.05418342178837 -0.0480915581626583 3.01336438031296 10.6227207532222
"etap[76]" -0.0699385960088826 5.18632327191122 0.0244485623666268 0.0340888244472306 -10.5184665766975 -3.07692289080523 -0.057128036258726 2.97211244608698 10.3283678044535
"etap[77]" -0.000197664092421502 5.19144706156897 0.0244727161427093 0.0334589034029903 -10.4309822527956 -2.99775320250224 0.0395001421157776 3.02899393824509 10.3697028801786
"etap[78]" -0.0529961580297933 5.2061864075791 0.0245421980861361 0.0354369368927576 -10.4973496690297 -3.0907058492394 -0.0178870544557147 3.00075601769429 10.3106465297395
"etap[79]" 0.00593426158590986 5.22114597881498 0.024612718181233 0.034091255521347 -10.4511088278066 -3.03120877532568 -0.000380252114378443 3.04618712929213 10.5135029775437
"etap[80]" -0.0189672079293009 5.19452421909221 0.0244872220023857 0.0343768227895939 -10.5502076400307 -3.07242488033745 0.0219219411268603 3.0691852739987 10.2572101405535
"etap[81]" -0.0608001668953723 5.21730769210317 0.0245946243241526 0.0341705705087049 -10.7388987270617 -3.08979504560982 -0.0645882604590917 2.97892757824114 10.4103034748156
"etap[82]" 0.0357429398991306 5.2436348025082 0.0247187315127955 0.0361023403099866 -10.3886772398282 -3.01033122938881 0.0049389022732649 3.04292123589254 10.6898098512105
"etap[83]" -0.0475843276482703 5.2146106234629 0.0245819102206535 0.0337349435473879 -10.4669313528863 -3.07980113925196 -0.0128328978058987 3.02817860615502 10.2655324944803
"etap[84]" 0.00832093934996654 5.18845794268917 0.0244586253011781 0.0341260530214727 -10.4300866982115 -3.05868871094847 0.00124059472890305 3.0321832168486 10.4695373536028
"etap[85]" -0.0413613401674793 5.2076755321367 0.0245492178866208 0.0345142968689618 -10.5186327991313 -3.05008496633242 -0.0392121148443422 2.98411163514999 10.4083566738371
"etap[86]" 0.0122523150254667 5.22050940823738 0.0246097173587522 0.0326413437460474 -10.4367533666785 -3.03640194294837 0.00307104807021556 3.02810795164138 10.578896452762
"etap[87]" 0.0623597536134795 5.23032644937321 0.0246559953344744 0.034239888893856 -10.5791880275658 -2.9730715578408 0.033287422729069 3.09374170514284 10.6181585646571
"etap[88]" -0.0418948797656272 5.22973484041897 0.0246532064631187 0.0340657957305156 -10.6662688371997 -3.06240378610822 -0.0271946921401724 2.99259540071927 10.5040686122417
"etap[89]" 0.0744344048146123 5.21585576769614 0.0245877798868594 0.0357031741929271 -10.3953899384704 -2.98020433095925 0.0486102612526665 3.10460628466763 10.5991902646371
"etap[90]" -0.0674685064463942 5.23272073520088 0.0246672821061067 0.0342750610500415 -10.7386712029098 -3.09397526753259 -0.027554405582667 3.01481084728597 10.3598339925841
"etap[91]" 0.00401272613302731 5.23020143000659 0.0246554059875282 0.0355411965069098 -10.3629430114923 -3.05960822869323 -0.0436952483103863 3.00668409974088 10.6066530179705
"etap[92]" -0.00809321121782476 5.20739914363303 0.0245479149787196 0.0343666749273614 -10.496215355483 -3.05667851300912 -0.0088285792922069 3.01870000281932 10.4918224472148
"etap[93]" 0.00752278553389782 5.2461900654348 0.0247307771377497 0.0325845293969007 -10.5693244788001 -2.99720695451735 0.0296632188458058 3.03222715192919 10.4515494939403
"etap[94]" -0.00188692836483232 5.0958586488137 0.0240221080436286 0.0326315089493982 -10.1085095277508 -2.98868474692964 0.00203620376946874 3.04483671742953 10.1313406092852
"etap[95]" -0.0107900554045566 5.15491899870855 0.0243005212030279 0.033179385698553 -10.4588537044513 -3.05009472583123 0.00634296364532082 3.00825061002502 10.3785141581578
"etap[96]" 0.0497027618199522 5.19288037546383 0.0244794728492068 0.0363171464991576 -10.4219009989766 -2.94444061176991 0.0488703571077886 3.0598307659738 10.5712277998091
"etap[97]" 0.0142897087775863 5.25729570369328 0.0247831296185628 0.0332353981075291 -10.4238527537018 -3.04414173003804 0.0430996263978817 3.04289954931087 10.5501528696386
"etap[98]" -0.032204361157481 5.21518080229245 0.0245845980694326 0.0349659817623964 -10.5917548875839 -3.01903475012542 -0.0230975291605622 3.00580852067124 10.2939902859405
"etap[99]" -0.0442831452181786 5.19872294831995 0.024507015001781 0.0339148128551709 -10.5690476193364 -3.04375536386804 -0.0154167199505484 2.95810190264878 10.3389698382105
"etap[100]" 0.00650389506226637 5.2533524272043 0.0247645408349265 0.0342773909748255 -10.4506503711475 -3.01225219215775 -0.000574343569799651 2.99989173705324 10.5954883637783
"etap[101]" 0.0469191728913673 5.2232532545397 0.0246226519742648 0.0341122006934002 -10.4328267591353 -2.99720509300484 0.0452803985895121 3.07613259732324 10.4840073932541
"etap[102]" 0.0127673368710067 5.21497836375834 0.024583643765031 0.0349736961051322 -10.3400440702875 -3.03485048626148 0.00586219266401299 3.00896404908425 10.6269934233468
"etap[103]" -0.0403895356205564 5.25583922225055 0.0247762636991973 0.0366285749035548 -10.7376688553361 -3.0805829676878 -0.00703736650611702 3.01751043912324 10.4238225660412
"etap[104]" -0.00465194848519314 5.26347842902406 0.0248122752652802 0.0387711929536362 -10.6151757713779 -3.00864646957805 0.0110799913757232 3.05499705743409 10.4384581246897
"etap[105]" -0.00437930497615024 5.26577779731336 0.0248231145913456 0.0363662497425793 -10.5610668403536 -3.05543472624596 -0.0145846667922004 3.02186677850358 10.7194104954954
"etap[106]" -0.0104449093833363 5.20301489200251 0.0245272474183304 0.0319939416133128 -10.5650343781623 -3.0463838869321 0.0512391476392176 3.00942795494204 10.4940910130059
"etap[107]" 0.0140487944694132 5.16845094218874 0.0243643113963444 0.0344080077641941 -10.5317457101534 -2.95327683103013 0.0377349402748832 3.07132124764904 10.330725633886
"etap[108]" 0.00355445151058025 5.11935003937004 0.0241328475207078 0.0322569621743085 -10.2107399011936 -3.05488294746416 -0.0117747987183941 3.01113927683675 10.3660028596421
"etap[109]" -0.0125310488182745 5.21933551635979 0.024604183579372 0.032804433519684 -10.5513038518381 -3.08391933852502 0.00891212437734955 3.04211527905832 10.5278915157429
"etap[110]" 0.0609280294527345 5.24710343125403 0.0247350827855128 0.0378662176281848 -10.4488839027429 -2.92230451957201 0.0860198308835584 3.08485629755965 10.5959576161661
"etap[111]" -0.0410536095064906 5.19814061789222 0.0245042698698188 0.0318919651858758 -10.5376696285779 -3.04201875601248 -0.0204191755826121 2.97689793608926 10.4012398060768
"etap[112]" 0.014032241845045 5.29293330062837 0.0249511268616161 0.0380997206197283 -10.5619869555719 -3.01614423519066 -0.000071948065659419 3.00909711992725 10.6673984904564
"etap[113]" 0.0250071401644552 5.19384038968034 0.0244839983996237 0.0327755497603096 -10.5244175484936 -3.00645885038752 0.00761843269721709 3.04089242199626 10.5592555193398
"etap[114]" 0.0123390617814177 5.26671400966975 0.0248275279387178 0.0349872707486171 -10.591010542164 -2.9928717387957 0.0126687459454792 3.10550271598908 10.443069509234
"etap[115]" -0.00576775604573036 5.22105320742478 0.0246122808527056 0.0357344550620739 -10.565162622859 -3.06038060395776 -0.015525302212421 3.01860898335781 10.4731890858978
"etap[116]" -0.0633482906000566 5.1737501987674 0.0243892923314245 0.0323978051641316 -10.4440113598119 -3.08390225117653 -0.0843096755491491 2.91711832343737 10.3428892537263
"etap[117]" -0.0288724738539418 5.24579662034828 0.024728922419825 0.0343623011054193 -10.5521416117688 -3.10231625121201 -0.0124634030095799 3.03529597859239 10.4645700050989
"etap[118]" 0.0208244647182909 5.15359137399346 0.0242942627201018 0.0356002454973756 -10.3326873728555 -3.01193770845334 0.0079609946260861 3.02489558546448 10.3128824678656
"etap[119]" -0.00470233877253816 5.15176407083291 0.0242856487303944 0.0321206989367282 -10.3657033477088 -3.01028786247766 0.0138127061931463 2.98206985056716 10.3932062769901
"etap[120]" -0.00241870232245443 5.16781356587097 0.024361306775568 0.0327014172517865 -10.4667779702465 -3.01855468010037 0.000765165653637778 3.03304911886752 10.3704727677077
"etap[121]" -0.010485334534004 5.20446993534674 0.0245341065584346 0.0356160704198218 -10.4691044272106 -3.03427696265267 -0.0245626140442793 2.99066833123659 10.4705459762865
"etap[122]" 0.00481777764678704 5.17566219944158 0.0243983055890402 0.0331227983012165 -10.4249544249518 -2.98743089315043 0.00658055111194042 3.01572794342481 10.4990307095312
"etap[123]" -0.0127677535420863 5.20785560614453 0.0245500667636345 0.0350526877977362 -10.5874938959887 -3.00789361574691 0.017286924737245 3.0001990566794 10.4852460925379
"etap[124]" 0.0350026564121803 5.20949158108208 0.0245577788234491 0.0378892224698609 -10.3153316503645 -2.95845643200864 0.00229005790500126 3.01470482962642 10.5513567471363
"etap[125]" -0.022938428781534 5.24064882826524 0.0247046554952246 0.0343828498483019 -10.6452665790802 -3.002307198137 -0.0118777725670091 3.04202115953762 10.3383540590616
"etap[126]" -0.0189932420753076 5.2385959359261 0.0246949780679309 0.0343331697309767 -10.4731932923072 -3.02809469037075 -0.0245052248347206 3.00472869467122 10.5330784032132
"etap[127]" 0.0584549076936562 5.19672509479445 0.0244975970299431 0.0332702629870662 -10.3080679908615 -2.98468550876166 0.0508544340684177 3.09044592534412 10.6346840635003
"etap[128]" -0.0290262500144194 5.20881382141712 0.0245545838337484 0.033904178089434 -10.6012314639292 -3.0519692766411 -0.0062431711758596 2.98151772044173 10.4637596444725
"etap[129]" 0.072719539515387 5.24969408360365 0.0247472952378069 0.0373068952246538 -10.2142731730752 -2.98784885619586 -0.00523470080745919 3.04539260888593 10.6794303458438
"etap[130]" -0.0296885762930297 5.20760091532624 0.024548866139603 0.0327376819384447 -10.6606437242334 -3.03762423558002 -0.0278827028106467 3.01334859645076 10.4793118503541
"etap[131]" -0.00732965692468461 5.14699523983919 0.0242631682455011 0.0320969141074013 -10.471978206747 -3.04516476241348 0.00456726804171448 3.03584301659561 10.3354153746326
"etap[132]" -0.012078285080229 5.14579934970171 0.0242575307653294 0.0336692966706942 -10.5200023643004 -2.99862552442202 0.0128604058814592 3.00633635880608 10.2824972001668
"etap[133]" -0.00955614058593019 5.1260809633017 0.0241645774004127 0.032907245172022 -10.2835835427746 -2.96706868356392 -0.0195635198373731 2.99289396941657 10.2484955779964
"etap[134]" 0.0138166202625406 5.20810130519205 0.0245512250000521 0.0351743507729552 -10.468076328318 -3.03131862149951 -0.00294268018981638 3.01592807874368 10.5062104590899
"etap[135]" -0.0401929163181421 5.27522866588226 0.0248676664130334 0.0328059049632494 -10.7347025696095 -3.07994419569261 -0.0163476340990009 3.02940916919976 10.4765013694778
"etap[136]" 0.0329487545148333 5.24388750556817 0.0247199227664444 0.0345650844835858 -10.4174454214743 -3.01595878905664 0.0491430588324149 3.0748583326913 10.5799303016801
"etap[137]" -0.0193641220821756 5.22403876862628 0.0246263549231804 0.0336324136614895 -10.4439897682513 -3.03086019681412 -0.0258493144018369 2.97101992366063 10.4987640394528
"etap[138]" 0.0311832990186559 5.20282982022734 0.0245263749816156 0.0352977353549076 -10.4022168287945 -2.95918305785883 0.00419781444213743 3.03505287280611 10.5435191242534
"etap[139]" 0.0293609275093937 5.20911449957196 0.0245560012441633 0.0331464213119058 -10.4540509739925 -3.00497058303446 0.0363363706678518 3.03676683406654 10.477908615006
"etap[140]" -0.0281125051823511 5.15184447665896 0.0242860277670934 0.0329363598118779 -10.4032915866549 -3.08863743884062 -0.0231551710539329 3.00716914958489 10.3748437718743
"etap[141]" 0.0174419309224244 5.27057005943471 0.0248457055316338 0.0340155995893502 -10.6641573422195 -3.02307294216341 0.0138683155723508 3.03622366729326 10.6640209803466
"etap[142]" 0.0126326927004594 5.11257029525867 0.0241008875004688 0.0329203822807255 -10.1998071772497 -3.00218265611158 0.0326726446464 3.02599249719175 10.2618655720349
"etap[143]" 0.0535442480781411 5.24551367124285 0.0247275885849504 0.0336695230647773 -10.518363454028 -2.96768658868649 0.0104724273748882 3.08608431138988 10.6113737098031
"etap[144]" 0.045502526433445 5.15830564837117 0.0243164860226408 0.0342134089449189 -10.1133166609123 -2.96740409393366 -0.00262599582165316 2.99826251156574 10.4939601447229
"etap[145]" -0.010905858862477 5.26386671985139 0.024814105685794 0.0394933718650076 -10.6983061908749 -3.02377610885381 0.0588983656644357 3.02306519245561 10.5341687414335
"etap[146]" -0.0666451029240026 5.22843056210827 0.0246470580361984 0.0352032003453633 -10.6261648575356 -3.04893407904536 -0.0570078685777068 2.97997079088877 10.3844068309819
"etap[147]" -0.0232866793014261 5.23617329706909 0.0246835576388365 0.0347870879173336 -10.8121351899369 -3.02115500042239 0.0132130452747091 3.04921845720708 10.27136997822
"etap[148]" 0.0118948280871115 5.21380611392079 0.0245781177263018 0.0313208911182481 -10.4519746753386 -3.04425655337466 -0.00742289253929554 3.03482278058145 10.5837214528947
"etap[149]" -0.0532522514622464 5.13066074111964 0.0241861666800886 0.0323773807905093 -10.4151796873639 -3.03663687543669 -0.0359723182792015 2.9803224119351 10.1595138577877
"etap[150]" -0.00728397060620752 5.20859475416585 0.0245535511408223 0.032439958375481 -10.4504954462318 -3.02770524644718 0.0123673645290103 3.04759413125581 10.3149363205536
"etap[151]" 0.00152999662475811 5.22744239340983 0.0246423997642808 0.0345168851938101 -10.7446661161254 -2.98866286672345 0.00906331585019307 3.02808884004179 10.5694282439421
"etap[152]" 0.0495025332017448 5.25734020137681 0.0247833393826546 0.0355502789318401 -10.3471965588637 -2.96390825837796 0.0239238929827851 3.06392642968688 10.5251549587562
"etap[153]" -0.0196101300131655 5.24546958941262 0.0247273807812099 0.0340305591617361 -10.5334987975177 -3.06953399356677 -0.0219376525728199 3.00315744775056 10.6895159030933
"etap[154]" -0.0170244548575431 5.16140609114401 0.0243311016500365 0.0334890510731692 -10.3448130401997 -3.03473019249073 -0.04415172271593 2.9587692910996 10.3831924651974
"etap[155]" -0.0145868770443725 5.20801433733784 0.0245508150296557 0.0382990252130982 -10.4287555812503 -2.99939144411894 0.0107923239295148 3.02889030664685 10.3432616756327
"etap[156]" 0.0517792038666745 5.19445893009517 0.0244869142271021 0.0344337272805359 -10.3391290887432 -3.00240313941702 0.0216770866015231 3.07995661165165 10.5507614390237
"etap[157]" 0.0337239377011883 5.1939746473646 0.0244846312964168 0.0340887486146503 -10.199810639483 -2.99486660256491 0.00964444951244361 3.00187377979842 10.4565355837051
"etap[158]" -0.0555136226239129 5.20686956618171 0.024545418526673 0.0345926001802687 -10.5717403511444 -3.08455232170436 -0.0780594509620182 2.97859726959547 10.4525064807937
"etap[159]" 0.00129718850684486 5.24411772172915 0.0247210080158349 0.0324862430736635 -10.637475577889 -3.0301791629512 0.0176444495264002 3.0651114672613 10.5091252943454
"etap[160]" 0.0265023213101703 5.13371239454596 0.0242005523122992 0.0331605124094196 -10.3163917527986 -2.9660810975399 0.00880920930362101 3.02818050729782 10.3076706515948
"etap[161]" 0.0057343209055197 5.20991104851384 0.0245597562118857 0.0354831896678172 -10.4065614826886 -3.03982425499174 -0.0173839394088625 2.98264006889132 10.6355828918797
"etap[162]" -0.0212341268267883 5.22873971000644 0.0246485153733663 0.0322550462012465 -10.450382046186 -3.06806752412605 -0.014208166792782 3.02568824489425 10.5011030764386
"etap[163]" -0.0395680352936526 5.18405683313213 0.0244378782717613 0.0360461853904296 -10.3853876305686 -3.01034116652099 -0.0575659526748306 2.97897851716474 10.338442377981
"etap[164]" 0.00533488567858493 5.20128105609803 0.0245190740374936 0.0346595088539795 -10.4355945254675 -2.99723813357804 -0.0113407817856902 3.00213847091844 10.4332304865448
"etap[165]" 0.0493085146337178 5.20170889006305 0.0245210908661462 0.0338060416133777 -10.360850063799 -2.97978099828467 0.0083422191342672 3.04391030493207 10.5789744865235
"etap[166]" -0.00531098976560045 5.19352632965484 0.0244825179064654 0.032433142865821 -10.3818176466759 -3.02404623687157 -0.0210900605829827 3.01521577930857 10.5515924638359
"etap[167]" -0.0156725714475449 5.22875886733552 0.0246486056818816 0.0338947559870837 -10.6329927616294 -3.0312822850043 -0.0201540197594328 3.06820755874255 10.38836457906
"etap[168]" -0.00852823560864692 5.18758425523937 0.0244545066990421 0.0329949708335135 -10.4861841665556 -3.02362765549209 -0.0447732160106923 3.04511535032479 10.4677477240363
"etap[169]" 0.017628343524546 5.26706649314572 0.0248291895617586 0.0354711646226463 -10.4834705758623 -3.02813544586046 -0.0064480070730154 3.00958708712931 10.6198101145657
"etap[170]" -0.0259710383975473 5.24531105729937 0.0247266334536611 0.0337050746559339 -10.6267229488582 -3.06196325150879 -0.0284532258231291 2.98777217611516 10.4689428351232
"etap[171]" -0.0208938936688298 5.25599483481477 0.0247769972638599 0.0338322077748847 -10.5120830757765 -2.99878487093968 -0.0219026103400786 2.97663216859368 10.4990213752543
"etap[172]" -0.0172984273561005 5.30585653331102 0.0250120475647145 0.0345614973969643 -10.8455504503081 -3.06713270571347 -0.0214001570484719 3.05904663888516 10.4385362149335
"etap[173]" -0.0449839098670705 5.21466769913765 0.0245821792779645 0.0374700313178254 -10.4963333046557 -3.09318015998116 -0.038276286026108 3.02556929606949 10.3656940390543
"etap[174]" -0.0269119030512538 5.1979831178958 0.0245035274077154 0.0336324128148189 -10.5565069720424 -3.03969548467536 -0.0171895360782761 3.00300425526158 10.4504745806364
"etap[175]" -0.0685507560606513 5.21937639146508 0.0246043762664662 0.0342784119646632 -10.8207323251929 -3.04288613082967 -0.0443257919460021 2.96769178189051 10.3250277241155
"etap[176]" -0.0133670674355873 5.18444141515277 0.0244396912087927 0.0321189029984505 -10.4629860080296 -3.05777259549215 0.00907308546737247 3.00939446028524 10.3540497441283
"etap[177]" -0.00146625600434434 5.19956345381286 0.0245109771826721 0.0320994581222692 -10.4719031046232 -3.03222435430368 0.0100090930416794 3.01321602503891 10.3667071090507
"etap[178]" 0.0477351118803239 5.23296980586951 0.0246684562364985 0.0339420563964199 -10.4473092611418 -2.9885116933503 0.0425176591963416 3.06778025964952 10.6678437620219
"etap[179]" 0.0128888538134416 5.20463809906151 0.0245348992897884 0.0336968885015861 -10.5159085975993 -2.95941280984186 -0.00462894651483813 3.04127122306398 10.5905174041446
"etap[180]" 0.0319625553435019 5.19268615081559 0.0244785572654345 0.0340082063540682 -10.4556132734776 -3.02040660551221 0.0257661388802357 3.04439587933411 10.6499453631351
"etap[181]" 0.0249216290929747 5.1998089804794 0.0245121346064779 0.036269924840416 -10.4970390561381 -2.94803071971363 0.0403029036827727 3.03544481858352 10.6048392995117
"etap[182]" 0.0234823307701931 5.16026943886019 0.024325743419785 0.0343294383691504 -10.3108728279112 -2.9840602830939 0.0196161253822198 3.04341177276139 10.3592891979642
"etap[183]" 0.0157564454230681 5.20803254757304 0.0245509008735277 0.0344669862874935 -10.3746762642852 -3.01891359317325 0.0000790909702796188 3.02103014844464 10.5549811414084
"etap[184]" 0.0320434040317465 5.25224427650663 0.0247593169624405 0.034314956285362 -10.6228425261009 -3.04857392980288 0.020565184469443 3.11995526863368 10.5188654485723
"etap[185]" 0.0484266806763979 5.22378295736741 0.0246251490173414 0.033990739968887 -10.3413729790453 -2.99146574236622 0.0264455444898901 3.01442834171242 10.8700473096014
"etap[186]" 0.020107514701171 5.15798933285925 0.0243149948970177 0.0337552965724966 -10.4138301874017 -2.97609315507423 -0.00249190813817967 2.98293586969544 10.4268685692936
"etap[187]" 0.0453947985891083 5.19359728121854 0.0244828523753443 0.032818157610221 -10.2608747795544 -3.00429547083537 0.033280237039392 3.05078334081158 10.5368655716852
"etap[188]" 0.00523398661911541 5.30208437483809 0.0249942654391417 0.0353033111385816 -10.584961538564 -3.0336877158459 0.034371421462809 3.02110921581271 10.6282717859081
"etap[189]" -0.000596721409612018 5.25768385447758 0.0247849593789075 0.035767333738923 -10.6914479949012 -3.03302444271234 0.019443607601163 3.02799581391463 10.5645161361388
"etap[190]" -0.0220294511446418 5.15737577006104 0.024312102534249 0.0347950041804025 -10.5816149640067 -2.98986153008069 0.0118101076733831 2.9686979527426 10.2224335186236
"etap[191]" -0.0358310977380463 5.14612713224067 0.0242590759470364 0.0314215009721467 -10.3861219499988 -3.03918822403263 -0.0475558922576567 2.98932814450163 10.2899349748503
"etap[192]" 0.00394736772314871 5.1478002482812 0.0242669630916895 0.0328381064149451 -10.3583115017583 -3.03189445036639 0.0261223845049783 3.0592735265506 10.2351870296155
"etap[193]" -0.0552003473899741 5.26174521280623 0.0248041048056743 0.0397911513527739 -10.6267116910168 -3.05291786298475 -0.0409228858533949 3.00929352837579 10.2999938691267
"etap[194]" -0.0220899374828375 5.20783587105183 0.0245499737315153 0.033623602608375 -10.6646166075117 -3.01135525649305 0.00137602947852135 2.96872013364254 10.6662220211887
"etap[195]" 0.00692993164344528 5.16683193936516 0.0243566793438423 0.0335079491558809 -10.3919776068027 -3.02906756642885 0.00113989557379487 3.04140110310578 10.4304414022096
"etap[196]" 0.00871105319837189 5.22950459771067 0.024652121088583 0.0330560022137776 -10.4682310247752 -3.04622700421922 -0.000486371378890478 3.02213907123822 10.5928057295341
"etap[197]" -0.0389029192034843 5.21933293962542 0.0246041714325297 0.0351398413027868 -10.5401882501531 -3.12506960501706 -0.0582302500047729 3.04388206174436 10.4179448214393
"etap[198]" -0.0395722080548887 5.20304117175354 0.0245273713022648 0.033441918576588 -10.546242053061 -3.07730103149107 -0.0555491449638114 3.00566775901823 10.5868943262012
"etap[199]" -0.0501434989951696 5.18226362935822 0.024429425028104 0.0341145655061697 -10.4794085834649 -3.06556446639647 -0.0307824014966876 2.97674302574869 10.3108308703004
"etap[200]" 0.0719052413960637 5.20568527291487 0.0245398357146737 0.0322268470194466 -10.2932526135959 -2.9589937324692 0.0297768533014667 3.07184513777905 10.6565618861793
"etap[201]" -0.0138593940452653 5.32928884705001 0.025122508551006 0.0369424323658419 -10.5726770181048 -3.05462836695182 0.0111449272118073 3.06280780599973 10.5432856119402
"etap[202]" 0.0152087154432423 5.2201465912665 0.0246080070231492 0.0348379475688131 -10.4044525063172 -3.03174017700511 0.0290440572410633 3.05573229271674 10.4845403844257
"etap[203]" -0.0160589186404122 5.22454405855461 0.0246287368827457 0.0359074797047716 -10.5044275136157 -3.0078788399432 0.00697668366878441 2.98973700045907 10.3994855969246
"etap[204]" 0.019411127117271 5.19986335506281 0.0245123909307223 0.0362451704088723 -10.4837406905449 -2.9977918196453 0.00905249642808992 3.02038083641507 10.5251348765083
"etap[205]" -0.0003438910330839 5.18755097019907 0.0244543497918575 0.0334288154483734 -10.3532931998698 -2.97383324620253 -0.0180293235560615 2.95954490597854 10.473676026634
"etap[206]" -0.0457073554181858 5.09277728980997 0.0240075823779832 0.0331962076159677 -10.2804251042167 -3.0237973114093 -0.024279699230404 2.94655011125602 10.0861397872984
"etap[207]" -0.000284475167895565 5.19292723227698 0.0244796937343423 0.0325884340684881 -10.6312639846415 -2.98529428156911 0.0198827053041161 3.04779334455058 10.5462953688587
"etap[208]" 0.0483912563706778 5.17436270358523 0.0243921797068258 0.0332280510591737 -10.3406033751769 -2.96753954044389 0.015439113773469 3.05942865689377 10.5148775280489
"etap[209]" 0.0421288679641412 5.17819629024665 0.0244102514076562 0.0351173890319402 -10.2274989942599 -2.9715296828697 -0.013294365008671 3.04075458621298 10.6446525604929
"etap[210]" -0.0204056704159489 5.22044284856535 0.0246094035934492 0.0342119487447725 -10.7371865822291 -3.00132290714649 0.0357710452377784 2.9975805052735 10.4472502709118
"etap[211]" 0.033989667928023 5.23416939007428 0.0246741111306705 0.0353855025634788 -10.3705254907913 -3.01913015457252 0.0262764671215691 3.02884720483438 10.5927509561075
"etap[212]" 0.0501088792008274 5.24265128561538 0.0247140951697001 0.0379363695983439 -10.5331576165105 -2.95444812033118 0.0565234697752534 3.05876894955148 10.5533554624941
"etap[213]" -0.0237979236659692 5.23597619807831 0.0246826285052835 0.0374991878710145 -10.5443921298677 -3.03765351687367 -0.0262980417404596 3.03098767702035 10.5339069514699
"etap[214]" 0.0276076121615984 5.21514865921064 0.0245844465454918 0.0327783379962402 -10.5473362356441 -3.02134618769511 0.0447445654287151 3.11841028213768 10.4828313523673
"etap[215]" 0.0308089149969082 5.21953904923602 0.0246051430425518 0.032441784715217 -10.4447700408675 -2.99370182170915 0.0352459207871869 3.07282521269209 10.5599184818467
"etap[216]" 0.0250842464897717 5.20894579293443 0.0245552059534472 0.0341803254237145 -10.337617235793 -3.00923031344321 -0.00199087506070362 3.01181298981918 10.5133018479753
"etap[217]" -0.00918095039249474 5.21513266197613 0.0245843711338052 0.0364880360534725 -10.4698414931621 -3.05308172926255 0.00503383607091892 3.01652902961498 10.3964614087914
"etap[218]" 0.0174020890568128 5.18391476302873 0.0244372085468711 0.0335633521746429 -10.5459045413653 -2.9591245805114 0.0359775980619714 3.05037760801175 10.4725343524092
"etap[219]" 0.0226223082754197 5.2333050665723 0.024670036670608 0.0381593219210359 -10.513910220422 -2.98975755568715 0.0377294342360722 3.01791674778019 10.4141711785462
"etap[220]" 0.0342308484359099 5.14912141236256 0.0242731911188961 0.0325384593441003 -10.354103771368 -2.97172631798609 0.0446507102954617 3.04135991310897 10.4324143769076
"etap[221]" 0.0460488001420209 5.22163297740828 0.024615013914618 0.0338437437274248 -10.4765665309783 -2.99915067886728 0.0194612406777032 3.08391565744247 10.6208680814003
"etap[222]" -0.0363532119710445 5.19131551033781 0.0244720960042584 0.0366335536888283 -10.3664381366926 -3.06702340494157 -0.00767744237489167 2.99067847176329 10.4093293851478
"etap[223]" 0.0544544958172843 5.17502688624459 0.0243953106939084 0.0333441093194588 -10.32819950529 -3.00713321245648 0.0549238240209664 3.08928244520959 10.4525644336822
"etap[224]" -0.0223516453489976 5.15257640943921 0.0242894781313086 0.031083247102805 -10.4299748004342 -3.02164464341098 -0.0267876662931057 3.00592251396284 10.2686511677881
"etap[225]" 0.0107166767640595 5.14639767692037 0.0242603513068873 0.0313154826342331 -10.3815713578909 -3.01626978080323 -0.0295399006284282 3.05010120304305 10.3304405132285
"etap[226]" 0.0250957687309448 5.26352480206313 0.0248124938698828 0.0363306610206 -10.5983135066129 -3.01763656884365 0.0115676099885679 3.06703871735567 10.6559135764364
"etap[227]" 0.00352587358183889 5.21876409516686 0.0246014898740358 0.0347016424971151 -10.4284327490234 -3.02400769920093 -0.0162796038636335 3.05077021485285 10.4186150722528
"etap[228]" 0.0558110245382509 5.26353947343973 0.0248125630314153 0.0332211987254279 -10.4711258867624 -2.9828654380469 0.0396548174492701 3.0459208850348 10.6189937473132
"etap[229]" -0.0111359214795396 5.1990313855475 0.0245084689888155 0.0329607427771298 -10.5568894415593 -3.02501435646738 0.00760548088185854 3.0301092154391 10.2926776694301
"etap[230]" -0.00125957191064588 5.23271560940645 0.02466725794288 0.0343986949540393 -10.5522239378892 -3.00290102052098 0.0110138267264386 3.00917209447393 10.507214185446
"etap[231]" 0.0437038830293161 5.28165272412655 0.0248979497140152 0.039083703496645 -10.4534017538332 -2.98553847187107 0.0412029808635572 3.08987056460253 10.5831754632158
"etap[232]" 0.0662830544637281 5.18583042812154 0.0244462390787219 0.0338216887373822 -10.2936792639968 -2.96079387099753 0.0588412294381397 3.08641917668422 10.5279143363124
"etap[233]" 0.00655466719005701 5.24320369375517 0.0247166992466442 0.0358884685691588 -10.5779150064413 -2.99892767767496 -0.0255372439281401 3.01742779191765 10.6037991024561
"etap[234]" -0.0465839559412075 5.18974781042638 0.0244647057960035 0.0340450616478209 -10.5033325041099 -3.03852806704997 -0.0508220004520539 2.95258533349119 10.4201571112102
"etap[235]" -0.00541824556585606 5.17634230990193 0.0244015116604966 0.0328998553565643 -10.410885666808 -3.01619045045867 -0.00297213415765572 3.02871269910643 10.5174953929983
"etap[236]" 0.122626128525453 5.28011168502355 0.0248906851860165 0.0341686512590083 -10.3170796693767 -2.95325268285242 0.0916583211653901 3.12904971220038 10.9842988508093
"etap[237]" 0.0364665128991558 5.19283163862693 0.0244792431015544 0.0379666849797659 -10.3900123140341 -2.95683941253302 -0.00626308770631619 3.00754786583218 10.5713398292397
"etap[238]" -0.0131437355020928 5.21254446970024 0.0245721702784098 0.0351755724505239 -10.5785833868871 -2.99584944059848 -0.00816094287580782 3.02891327076943 10.4428058864926
"etap[239]" 0.0435566874020317 5.21604798312089 0.0245886859990613 0.0338382530273984 -10.3344762142936 -3.0219332440637 0.0200828971885266 3.10410543300673 10.5680724450351
"etap[240]" -0.0405553961523683 5.25082978317224 0.0247526489769159 0.0385990392324565 -10.6923742201133 -3.05653156007687 -0.0422217247283979 3.01634344159068 10.4206706282217
"etap[241]" -0.0169645483359925 5.2393922946453 0.0246987321389349 0.0357328729010667 -10.5292523343891 -3.04873149425044 -0.015589430076436 3.00172802615313 10.4906508660979
"etap[242]" 0.051824389448543 5.13958233700181 0.0242282234864039 0.0346791344449418 -10.2400828816705 -2.98276051523067 0.0210586141185557 3.06097495567872 10.4012965411395
"etap[243]" -0.0215018854288283 5.18111163948783 0.024423994495776 0.0337799959109917 -10.4195880468796 -3.06003687423874 -0.00922925438197308 3.01371285270469 10.3974966792496
"etap[244]" 0.0248441369098489 5.25050013701954 0.0247510950100494 0.0347290207744975 -10.3697354385808 -3.01044805427072 0.00651622984101984 3.06395526366098 10.6963017749375
"etap[245]" -0.0286096539004642 5.28140844619095 0.0248967981767835 0.0371347879907464 -10.6714237008538 -3.03925465251582 0.00163873969841125 3.00126868947006 10.5013217575576
"etap[246]" 0.0129847436609123 5.1994905956457 0.0245106337259783 0.0339453988214855 -10.6498976889998 -3.00614355002201 0.0228602975610844 3.01840078418068 10.5505834083325
"etap[247]" 0.0144862206516763 5.17134747498351 0.0243779657828851 0.0316734340974402 -10.2263246401756 -3.01667795383909 0.000765999135887962 3.04952066345957 10.4107022527951
"etap[248]" 0.0154657447937882 5.22031649923808 0.0246088079770084 0.0338479800938928 -10.5160634724933 -2.98462591145906 0.0126052743154807 3.04773013246553 10.4008104834097
"etap[249]" 0.0133354652866825 5.24920324606302 0.0247449814074507 0.0320192872768994 -10.4403523400208 -2.98273999853309 0.0465437370485401 3.02966874104611 10.4407923120693
"etap[250]" 0.0225465241146836 5.18774757810129 0.0244552766103968 0.0353947431428078 -10.4694838893231 -2.95221093223335 0.0391291603354046 3.0330695063275 10.3761473380014
"etap[251]" -0.0253161263123916 5.21929628111248 0.0246039986226424 0.0374465091055078 -10.5670162956066 -3.04045978514086 -0.00121414439101612 3.02477273595357 10.4448269027392
"etap[252]" 0.0465304483387368 5.16957669519171 0.0243696182468934 0.0345376480107804 -10.2962930432785 -3.00241939560461 0.0387692373565117 3.05073841805561 10.5266077178947
"etap[253]" -0.00582889433405275 5.19658721179631 0.0244969470432564 0.0338092666175911 -10.4266529723593 -3.0321461143196 -0.0252643149041883 3.01265795211083 10.5908461288603
"etap[254]" -0.0113930204266735 5.1580815905483 0.0243154298039347 0.0325141749829164 -10.350286067168 -3.03508213990397 -0.012675208332956 3.03500968099782 10.3921579647773
"etap[255]" 0.0421668703770447 5.24495949234965 0.0247249761605946 0.0352006412700949 -10.6041602701063 -2.98835332319015 0.00592688498781783 3.05983602513884 10.7677591588044
"etap[256]" -0.0520963535130387 5.20532621044033 0.0245381430779362 0.0330569188424685 -10.670918120062 -3.06809780538737 0.00426947440496111 2.99723968337138 10.3494556562466
"etap[257]" -0.0401754057010552 5.18177148752132 0.0244271050492362 0.0333489290320893 -10.411376542998 -3.03140573948985 -0.0365454198490797 2.96684268814655 10.3406608181773
"etap[258]" -0.0160215478163832 5.23324454430724 0.0246697513659144 0.0348506444734893 -10.6294127986357 -3.00581120633143 -0.00153237135126825 3.02360738907359 10.4712951837235
"etap[259]" -0.00505693086883934 5.3235390631122 0.0250954038095875 0.0346355713966851 -10.8183780935462 -3.06715805939943 -0.0101230559767484 3.11030888341612 10.5717637376791
"etap[260]" -0.00896678635872005 5.20103229774804 0.0245179013793859 0.036168217867092 -10.4314500882462 -3.01185536553666 -0.021696258196038 3.02358393740218 10.5439734475053
"etap[261]" -0.0215551700720614 5.25451225579889 0.0247700083193548 0.0366309504942152 -10.6362188850473 -3.05392397735341 -0.00791210078068857 3.03583217053201 10.1635610474717
"etap[262]" 0.00610372667258084 5.18686981010671 0.0244511387723882 0.0332820984785278 -10.4211907636234 -2.99088746622319 0.0154947148175966 3.0270865649699 10.4065852934148
"etap[263]" -0.0107924749588468 5.2655345120778 0.0248219677337467 0.0333826195913803 -10.6443922320661 -3.04033062388388 -0.0102540908002347 2.97009286095035 10.5732635351938
"etap[264]" -0.0305689569553934 5.20144937871986 0.0245198675179425 0.0331510604995706 -10.7122816577439 -3.05295938531254 -0.0194639959108827 2.9909031910044 10.4212437333737
"etap[265]" 0.0259955597109154 5.18492105163649 0.0244419522368603 0.0347802709361973 -10.3964511023194 -2.98432715514262 0.0188201510152243 3.04487617488722 10.384189101814
"etap[266]" -0.00590984528958457 5.20594582390251 0.0245410639638083 0.0328789997788462 -10.5366320634956 -3.02291851937717 0.0158982810863302 3.00841869460523 10.4646501609141
"etap[267]" -0.0138979726849922 5.1819696360648 0.024428039130428 0.0331589571659504 -10.5619870029337 -3.04616693668684 -0.018964610850291 3.02063531279343 10.2931278590359
"etap[268]" -0.0300119352484992 5.24124504151554 0.0247074660714401 0.0334048523040729 -10.6546763140606 -3.0552035172895 -0.0412318366389307 2.97243132160374 10.6254409435952
"etap[269]" -0.0424107848212229 5.13101363983551 0.0241878302605891 0.0332596160836967 -10.4271827315856 -3.02066082677897 -0.00954934964824677 2.95949675266988 10.2042771478468
"etap[270]" 0.0211619881087191 5.19107026612695 0.0244709399119615 0.0328495703395339 -10.4481684030435 -2.94290456380747 0.0602817840205258 3.01875840968718 10.3174926720846
"etap[271]" 0.0371186497729004 5.20012758648696 0.0245136365296011 0.0326272919046523 -10.3860397832413 -3.03922034229045 0.0141302447283376 3.08168824506971 10.6643399847197
"etap[272]" 0.0297574743998107 5.20818525689986 0.0245516207521979 0.034738042666656 -10.3856424060796 -2.96942766580065 -0.00269356664173457 2.9998349831656 10.6661818344865
"mean.p0" -0.235565618896733 0.255935273475144 0.00120649044946072 0.00387442780862148 -0.768513254897242 -0.391508547952068 -0.230352826448785 -0.0730377446029814 0.260305413889804
"mumup0" 0.76875806328247 0.0699518962728453 0.000329756401409246 0.000979766140889175 0.618268299610987 0.72720012214915 0.772999133617544 0.816200619502971 0.892140262395706
"mupsi" 8.6550750789611 1.36526778255306 0.00643593404785861 0.00913628600159871 6.10996888492588 7.70973816090884 8.61106455134946 9.55513834377894 11.462667850821
"ppo[1]" 0.352213641864306 0.118537068432224 0.000558789099402664 0.00278063370655939 0.108753774494115 0.269431043689885 0.36372730291258 0.440914907308755 0.555835771218718
"ppo[2]" 0.395467771020812 0.111160533766052 0.000524015781508611 0.00158761628248823 0.165050792844796 0.323485735463769 0.405714849789554 0.469442070150809 0.607849383341042
"ppo[3]" 0.439647268499407 0.108353641166876 0.000510783962902346 0.00101448913518258 0.220574618958872 0.372009519929292 0.44084758562059 0.503982103100744 0.665983800219877
"ppo[4]" 0.352060423789858 0.118112266939776 0.000556786565962875 0.00262402897906583 0.109617622442312 0.269131727828727 0.363580382493456 0.440573540572728 0.555357331141882
"ppo[5]" 0.485363877495685 0.112282532344047 0.000529304933528489 0.00126734480526335 0.277643244829631 0.412883007597485 0.476045431932308 0.550877241085515 0.733131851542064
"ppo[6]" 0.395237703897888 0.110339662496464 0.000520146157233899 0.00170166777087568 0.165200352234476 0.322516262387194 0.404943375695627 0.469719926533881 0.600221676063931
"ppo[7]" 0.439678403491123 0.108003575619348 0.000509133738085565 0.00102981656011015 0.219907229541378 0.372910654997774 0.440943110582107 0.504112607150882 0.661815019498811
"ppo[8]" 0.352830142278229 0.118096048980878 0.000556710113771451 0.00258020624295233 0.109931279443877 0.270628523807349 0.365145043489134 0.441397074622629 0.552507442692828
"ppo[9]" 0.529209554730423 0.121194919360585 0.000571318328834841 0.00201847127140621 0.321730769284566 0.443469350645074 0.511827820967027 0.60740991722332 0.793540905022001
"ppo[10]" 0.439148508574437 0.108173758160748 0.000509935986279323 0.00104501100147534 0.220424181247746 0.371340329633399 0.44014252971501 0.503435106455716 0.665568740205552
"ppo[11]" 0.530703471875613 0.122087130302361 0.000575524251549368 0.00195189533791887 0.326580892963241 0.443821989677061 0.512210374957181 0.607974540965954 0.800538977593055
"ppo[12]" 0.53061439441327 0.121788928128721 0.000574118513021733 0.00215335282968271 0.324390665949808 0.444554591046254 0.512592854827196 0.607162509973512 0.800776039750727
"ppo[13]" 0.395143116591311 0.110814800560752 0.000522385979548952 0.00170207472429695 0.16641708847076 0.323075571720988 0.404583584475673 0.47018766466137 0.601876490081462
"ppo[14]" 0.530200580995577 0.121791153431086 0.000574129003197679 0.00210924678516374 0.323084413522 0.444326167431423 0.5119397523791 0.608630129010515 0.79833735295365
"ppo[15]" 0.485851014722921 0.111237169739711 0.000524377046952993 0.00124613379480419 0.279625261319487 0.414841050824735 0.477022866313131 0.551408104211913 0.727917301282381
"ppo[16]" 0.484795699007381 0.112171364976984 0.000528780885534513 0.00128452667284154 0.276476962174122 0.413103432868346 0.476220423678794 0.550429414354164 0.732987047734945
"psi0" 0.999593286625609 0.000698447873619421 0.00000329251485161078 0.00000457492448542266 0.997784300320203 0.999551762126392 0.999817953173358 0.999929168672269 0.999989484690857
"sdeps" 0.549865916448497 0.345662577357544 0.00162946901634626 0.0124519115954883 0.0261801795230626 0.283917428573485 0.516931394086795 0.768902442260454 1.31856893682182
