"Mean" "SD" "Naive SE" "Time-series SE" "2.5%" "25%" "50%" "75%" "97.5%"
"N" 7.08444444444444 1.28070077436435 0.00603728134815928 0.0177805692436753 6 6 7 8 10
"betapsi[1]" 0.199775039208217 1.85342756941112 0.00873714135179137 0.0152547136751725 -3.44889712459394 -0.607787238806168 0.0256239892515996 0.861594735354897 4.69869845337941
"betapsi[2]" 0.153359929279348 1.85644273012015 0.00875135495568284 0.0160123902524371 -3.55828262172392 -0.65935974263243 0.0127756712310039 0.810316685692449 4.59350490651143
"betapsi[3]" 0.209707704457585 1.89553688532678 0.00893564657069194 0.0185060366424888 -3.44991829228115 -0.609207102419142 0.0217815547016534 0.857073610264685 4.81155565109285
"betapsi[4]" 0.179094194826453 1.84773929529201 0.00871032657043886 0.0154910387043518 -3.49844359518541 -0.626512572982157 0.0218924812223813 0.848759190469814 4.64018148012738
"betapsi[5]" 0.187295068983774 1.87107098346698 0.00882031320327257 0.0161536835902671 -3.51410259037067 -0.638484479428063 0.0196966652964008 0.844821990744505 4.824607270244
"betapsi[6]" 0.22326338099851 1.86789931987188 0.00880536183770099 0.015114181596086 -3.38468106397818 -0.608917104259964 0.0244548023133212 0.877088261330136 4.87634914476536
"betapsi[7]" 0.193869822853577 1.91076163820521 0.00900741674404015 0.0163185643720626 -3.52371157290404 -0.639641367740368 0.0175538028772228 0.849289595889632 4.81290550423056
"betapsi[8]" 0.179244446069641 1.88204761096053 0.00887205752150756 0.0162912823495691 -3.5703377533309 -0.625355784405895 0.0214331524770503 0.845585041964142 4.72279935206248
"betapsi[9]" 0.201339717093082 1.86026315305272 0.00876936460210032 0.0153498898057411 -3.3884508443641 -0.60766838315767 0.0249253206897725 0.83262007992031 4.7726218190672
"betapsi[10]" 0.197786704811652 1.87191673410515 0.0088243001100155 0.01471760864175 -3.50611296197792 -0.614156194087701 0.0252699405181098 0.86774943215332 4.69503808304293
"betapsi[11]" 0.185819282003088 1.85631496503355 0.00875075266528861 0.0144470924963788 -3.46699032609504 -0.635000877551907 0.0215836507605111 0.865100380479512 4.69011608060548
"betapsi[12]" 0.219362991181803 1.87250218377795 0.00882705994624003 0.0160540835502833 -3.43626510555546 -0.604727562701606 0.0289944225147637 0.885385524042765 4.73642186916391
"betapsi[13]" -0.764398664949774 2.47033388402507 0.0116452656079269 0.0444777402809027 -7.13093117708354 -1.59584693211099 -0.190074644357043 0.367343431886959 3.56820990426396
"betapsi[14]" 0.192447977145156 1.85839428279231 0.00876055466320504 0.0155787029636711 -3.46745672824562 -0.615537163732362 0.016882346421237 0.843834608062168 4.76843158294573
"betapsi[15]" 0.20794307805866 1.86107142174181 0.0087731748172408 0.0163643395883718 -3.48360048917784 -0.609213023334628 0.0279103352502184 0.859442151934277 4.73207105451296
"betapsi[16]" 0.172408035143305 1.84786259402072 0.00871090780622009 0.0145745733387195 -3.46282459608839 -0.621869172070063 0.0197414812541992 0.829181682537574 4.59983351771729
"etap[1]" -0.452135614016762 6.23245338306359 0.0293800670039554 0.238814955834273 -13.235124687246 -4.12110772810548 -0.539047992591949 3.33319839455526 11.9598890122641
"etap[2]" -0.271967889742311 4.71660509143682 0.0222342896288932 0.109502202012048 -9.81416331461951 -2.67517384490172 -0.214063301731839 2.17379204325653 8.97429932956168
"etap[3]" -0.488480748686162 6.26092272313591 0.0295142727600956 0.254804067951259 -13.2065203691204 -4.16830777672539 -0.496751242681535 3.40456088715961 11.588358849272
"etap[4]" 0.18346910121689 5.22603499825097 0.0246357652398766 0.130323773868231 -9.7639094015961 -2.44879320580906 0.0990647623529461 2.66112331069343 10.6755028959571
"etap[5]" 0.112998690991206 5.03208178812054 0.0237214610391024 0.118257247925565 -9.83871545157332 -2.47272133735252 0.0600717993583401 2.59106326024413 10.1597796128257
"etap[6]" 0.152157466510401 4.94176603995204 0.0232957085192499 0.123539560551731 -9.81919354001304 -2.41960998018806 0.137317987649741 2.71456961457857 10.1118772985875
"etap[7]" 0.233020086676433 7.01235997635613 0.0330565819426837 0.19778126881962 -13.332150319711 -3.84123246676008 0.263141683062394 4.18018164603458 13.7300520133401
"etap[8]" 0.187093387390101 6.41166583143235 0.030224882587386 0.0935701624916461 -12.5017241284333 -3.40267761342956 0.121598862356189 3.64800397536305 12.9120985259014
"etap[9]" 0.0788066834587033 6.2846139557419 0.0296259543016314 0.0669546302218102 -12.0194167737693 -3.32708178393515 0.0257631294802498 3.35453909961204 12.6543651200031
"etap[10]" 0.0417882614721612 6.05916009902139 0.0285631546287532 0.0518709443490104 -12.3108748648146 -3.2725515999589 0.0649526301204696 3.30499064701032 12.2447011796149
"etap[11]" 0.0935993367576208 6.16012919717388 0.0290391275220459 0.0608309733346877 -11.9047696008486 -3.24270456790389 0.000306391061429967 3.27628229137616 12.548044685425
"etap[12]" -0.0398171713868473 6.28261084188919 0.0296165115323732 0.058142094797216 -12.4632489091951 -3.313520148152 -0.0501425433697476 3.2222936272088 12.3395221243425
"etap[13]" 0.0330333945994988 6.13096799474234 0.0289016602954666 0.0456044812003765 -12.3543426692116 -3.21254021202476 0.0260226486798238 3.26195874850399 12.3199345214294
"etap[14]" -0.0712955430113279 6.16124696013593 0.0290443967071808 0.0524012711772866 -12.8622512981261 -3.27835340165231 -0.00774456398108424 3.27086596955949 12.2602102501782
"etap[15]" 0.00746324033590589 6.07129842230126 0.0286203752334427 0.0445466874131547 -12.0837470133189 -3.22370912682646 0.0201263422642988 3.20840503857485 12.2289273515859
"etap[16]" 0.045634982394589 6.08066317407455 0.0286645210966629 0.0520911904827864 -12.2068637542341 -3.2319615530833 0.0224820246749014 3.31692510859059 12.308298403315
"etap[17]" -0.00904350171845062 6.27299059359669 0.029571161247011 0.05017100715413 -12.593679534735 -3.34885224603527 0.00301062966412165 3.3285821531955 12.4232325481937
"etap[18]" -0.0182949649282671 6.15956513182368 0.0290364684924849 0.0437104928498305 -12.7023513424188 -3.23450485165856 0.0227988310104584 3.26432654188187 12.2967837515998
"etap[19]" 0.0567479730585108 6.04313287645406 0.0284876015770136 0.0476898577234034 -12.1739935566236 -3.22760452325753 0.0623480086033774 3.32117758301199 12.3551664688737
"etap[20]" 0.0592093003231897 6.11171780880466 0.0288109140486958 0.055943981898064 -12.3566996991595 -3.17993720320477 0.0365398682499563 3.28019571295488 12.3115484917766
"etap[21]" -0.0246481139554372 6.09053637405191 0.0287110638077029 0.0570513773031379 -12.3718224979128 -3.23394115779954 0.00195339427964519 3.25643066956625 12.1086325852181
"etap[22]" 0.0973595651353577 6.02980357631348 0.0284247666535611 0.0576124611077309 -11.9988312437359 -3.20846040499208 0.0544231621783922 3.29537328850093 12.4592594815361
"etap[23]" -0.0975393013970816 6.12689226869725 0.028882447138635 0.0543426300398461 -12.7283978195913 -3.28575545839667 0.00310706701148312 3.19245041212243 11.9978254532796
"etap[24]" 0.0458035890946481 6.06664190585657 0.0285984242044111 0.0484652309156159 -12.0462385011143 -3.26628959911742 0.0256168649501559 3.29218846360023 12.6091095345914
"etap[25]" 0.0145208395447477 6.0023642304228 0.0282954163365569 0.0507856224942865 -11.9811263839111 -3.28131966137426 -0.0142123166513655 3.23891056547977 12.1275523714764
"etap[26]" 0.0611982175829736 6.13302796887887 0.0289113711066734 0.0503140381669753 -12.1428326166637 -3.22203005649337 0.0164630003070593 3.30457869619705 12.479501756993
"etap[27]" -0.0246676443324139 6.18119023899512 0.029138410225317 0.0557061908526866 -12.2128310772386 -3.27416275553638 -0.0436864174880583 3.22629561592734 12.2954115994797
"etap[28]" -0.0178502454799306 6.1456835096758 0.0289710298981206 0.0491762898378379 -12.2374633093356 -3.27653522485948 -0.0252541186679947 3.28494000523658 12.3418073497979
"etap[29]" 0.0296669107546309 6.11538503856512 0.0288282015355744 0.0615794772901979 -12.1036971088224 -3.27351478345568 -0.0470851751480569 3.2363717671782 12.444556795459
"etap[30]" 0.0175298856191678 6.09485027372918 0.0287313997258039 0.0478447893789152 -12.2548673267364 -3.30171121327601 -0.021717235954353 3.25604499068983 12.1913603413797
"etap[31]" -0.0479274246254786 6.03148473471361 0.0284326917102609 0.0445151245649249 -12.2991239814665 -3.25397284886734 -0.0299473776439847 3.21352165181798 12.0499419514376
"etap[32]" -0.00889628847508639 6.12956234273847 0.0288950339883738 0.0476161488164133 -12.380360675028 -3.31388599086017 -0.0201491201942742 3.22940220073743 12.4121896116596
"etap[33]" 0.111984861120413 6.12777846909144 0.0288866247273565 0.0465113559669943 -12.0317834842593 -3.17863112469331 0.0710399827911697 3.33146563793417 12.4042963948711
"etap[34]" -0.131279917277897 6.23996457077681 0.0294154750824006 0.0655992405399486 -12.733381762586 -3.31149180586403 -0.0561308264188164 3.19589756371499 11.9118765302363
"etap[35]" 0.00801356919388671 6.05116198273533 0.0285254511470026 0.0484240388074351 -12.1411025285717 -3.31160653547017 -0.0123870924120911 3.26407551706096 12.4279329948853
"etap[36]" 0.0195351924480308 6.12430288539386 0.0288702406686822 0.0523016523884248 -12.0215152316402 -3.29195446499244 -0.0364665673935014 3.24055760056795 12.3449991857638
"etap[37]" -0.0266689667558444 6.16228700174696 0.0290492995103533 0.0470492128149902 -12.5025892402055 -3.29652853793445 -0.0285272727746084 3.25696978161554 12.3086523096653
"etap[38]" 0.0202672844451498 6.07003122963039 0.0286144016299051 0.0508366443623962 -11.9308352190839 -3.22455370009579 0.0190932719566975 3.26265695152811 12.1286208233882
"etap[39]" 0.00642796865329329 6.01666018256463 0.0283628081012436 0.0525570135845444 -12.1953137616922 -3.26282967394667 -0.02346344579724 3.26756698012968 12.3173538901041
"etap[40]" -0.0323169936145012 6.03961071087616 0.0284709979292496 0.0490672521775223 -12.331966671314 -3.24200922111028 -0.00582633093825221 3.18907339753331 12.2308057966538
"etap[41]" -0.0439616512896563 6.12674199489263 0.0288817387411265 0.0553198772484777 -12.0378914007785 -3.30969511001951 -0.0335712035696087 3.20714778614028 12.046447600714
"etap[42]" 0.0683273687031334 6.07497306560909 0.0286376976681188 0.0557692413354729 -12.1675212468283 -3.22454427037565 0.0130736045742327 3.29523971706641 12.4341861106788
"etap[43]" 0.0382242896307162 6.10876995591989 0.0287970177369307 0.0555908702506932 -12.143986515027 -3.23477087743135 0.0232942913856067 3.28257541992498 12.4585883205283
"etap[44]" -0.00923625659659513 6.04886166394146 0.0285146073402156 0.0481645459384723 -12.2320280419881 -3.24667052752137 -0.0114536782180507 3.23336347820059 12.3282065378775
"etap[45]" 0.0375008569540141 6.24223069415082 0.0294261576904323 0.0495366666380864 -12.1250335963697 -3.19223106953411 0.00451539748186527 3.28042887341451 12.2842833056641
"etap[46]" 0.109397432871979 6.25301888150432 0.0294770136933282 0.0739774872838763 -12.0600589411164 -3.25195105100988 0.0534363545656474 3.32256949846732 12.7418372539603
"etap[47]" -0.00565853635533942 6.15575172802975 0.0290184919346043 0.0506257721036251 -12.2392248105275 -3.12145166806077 0.017929655287827 3.25754785727409 12.0451768390243
"etap[48]" -0.00875017882947157 6.12841485257817 0.0288896246678825 0.0478329264444956 -12.2324404391503 -3.27050169062862 -0.0214444746083752 3.23561422308236 12.4174545973309
"etap[49]" -0.00700717671909898 6.08318030365508 0.0286763869592997 0.0453556767510404 -12.2063800809675 -3.23633774830106 -0.0018360463888809 3.25565098243972 12.2399834687166
"etap[50]" -0.0546104078086082 6.18308127638204 0.0291473246610488 0.0596645443437362 -12.4742828232084 -3.29447004532978 -0.0492212560821849 3.21339682053819 12.230683788391
"etap[51]" -0.0109312731600126 6.09768472711286 0.0287447614671943 0.0441549722825967 -12.1967706060231 -3.25250408542116 -0.00441131996961269 3.23930546831659 12.287227232393
"etap[52]" 0.069971767240551 6.07274334239897 0.0286271866521051 0.0537024193370109 -11.9843247738414 -3.21908147932981 0.00252081229180049 3.3195902143216 12.1364814675057
"etap[53]" -0.00411628169411465 6.06053973779424 0.028569658308299 0.0498543242966762 -12.3163120110773 -3.22882699305851 0.00779779413119475 3.27369554161914 12.1136310638038
"etap[54]" -0.0121690761052551 6.08942376313164 0.0287058189095259 0.0520097381001773 -12.0732008195384 -3.27502689018313 -0.0163028872853435 3.26824743490725 12.208565283481
"etap[55]" 0.0117332433708297 6.22162210311695 0.0293290078606274 0.0495010629609703 -12.2063382952504 -3.28589245969552 -0.0149407575556367 3.31252276380829 12.3886425232187
"etap[56]" -0.0140314112792728 6.23387502697225 0.0293867686976104 0.0749941103800869 -12.2742542756231 -3.30293069037425 -0.0150214259864923 3.26694297330201 12.3696484056579
"etap[57]" -0.0432425375656114 6.07036927971227 0.0286159952132736 0.0483316849595801 -12.5017713948666 -3.27200267568418 -0.0306452008039679 3.22789153985756 12.231502223268
"etap[58]" 0.0846708363026616 6.46790355874761 0.0304899897763402 0.0803236353601334 -12.2858581666572 -3.24239489087442 0.0481449572228747 3.342990880815 12.4817355477511
"etap[59]" 0.0597686514295104 6.00725036279303 0.028318449785442 0.0500507729870476 -11.9870169306956 -3.19739960264276 0.0854083650567352 3.31812071172553 12.303270591429
"etap[60]" 0.110684690421541 6.25852526451842 0.0295029710317887 0.06180306814642 -12.1491437358817 -3.28093443097599 0.0220788951227119 3.349501895273 12.7954317912386
"etap[61]" 0.0400961526919821 6.15696433310883 0.0290242082097664 0.0502887536810736 -12.034450048193 -3.26135554650235 0.00599161936532412 3.29013143289339 12.5350598574883
"etap[62]" -0.0459304186919726 6.0633317904005 0.0285828201705077 0.0474371741004205 -12.4315739133735 -3.25832525689906 0.0143138376535943 3.24785183059827 12.0149445389435
"etap[63]" -0.0253970118204133 6.07794662610371 0.0286517151667189 0.0441789393669734 -12.3012379253036 -3.30756654439706 -0.00832058671422106 3.24959344986861 12.272437539284
"etap[64]" -0.021297969406595 6.29863506451808 0.0296920504422674 0.060714656472066 -12.5637886290205 -3.25719913683232 -0.0231852070910824 3.24202196274133 12.3159397896853
"etap[65]" 0.0240623566531656 6.07656439449522 0.0286451992644286 0.0487053190325788 -12.1726672375666 -3.2310571662683 0.0146705675525411 3.22656224002519 12.4982747037418
"etap[66]" 0.0890579716503076 6.16501326089846 0.0290621512192419 0.0589827526615878 -12.1862898309302 -3.23158079141929 0.0322795688226101 3.3124290946496 12.5334224144689
"etap[67]" 0.0425720419397944 6.06716796436177 0.0286009040679866 0.0487817394326199 -12.1593625733831 -3.19616586611737 0.0524139687051159 3.27390816038569 12.2735151894284
"etap[68]" -0.0196823275860646 6.10567962761705 0.0287824497896038 0.0584249124155628 -12.2240673308328 -3.19205801148093 0.0728576489094501 3.26823044850975 12.0000385455119
"etap[69]" 0.00753370313767278 5.97571982730706 0.0281698134157315 0.0467936264422631 -11.9117091465365 -3.22217452315286 -0.0113815138690893 3.23244099741438 12.0540130610267
"etap[70]" 0.0937570135677191 6.14898232670848 0.0289865806707453 0.0565034844075441 -11.9595781005 -3.20925374352874 0.0644122324759694 3.34923836631868 12.6097424924196
"etap[71]" -0.122463354357839 6.20500870768284 0.0292506915634941 0.0639002682160336 -12.4024510985845 -3.32371065931199 -0.0707426951339782 3.14720028819414 12.0356065037641
"etap[72]" -0.0709867854597298 6.13765284707091 0.0289331729915517 0.0464438122488047 -12.3561463526756 -3.35293763900817 -0.0471486660363035 3.25285423393196 12.0226456707668
"etap[73]" -0.0633531859020406 6.17545703447722 0.0291113836400334 0.056558048312773 -12.6172907323529 -3.28440972720477 -0.0342456794357197 3.22071904996255 12.1693125778429
"etap[74]" 0.085139910421684 6.07149016175964 0.0286212791019176 0.045837100381211 -12.2323943803026 -3.2526118110898 0.0759049707170103 3.34780534851867 12.5594447379355
"etap[75]" 0.0584964216867076 6.15811384547812 0.0290296270630423 0.0520171465362761 -12.1319013910971 -3.24505356036689 0.0171221069160119 3.2845162777679 12.6141202202897
"etap[76]" -0.0698127109083498 6.0674212367847 0.0286020980056382 0.0491799518469142 -12.5097003216226 -3.27267066018736 -0.0373900878901087 3.16281211828769 12.0958034938722
"etap[77]" -0.137273114287129 6.19682273002697 0.0292121024947534 0.0555065864177151 -12.9556953595262 -3.3976588305273 -0.0204107393632919 3.23080854791924 12.0894662305661
"etap[78]" 0.0209835158494429 6.18059132858432 0.029135586934565 0.0569852984401455 -12.3368727139497 -3.25567034988255 -0.00843426918576412 3.24280467690243 12.3836690121687
"etap[79]" 0.0574901809556327 6.13895719993883 0.0289393217699382 0.0536829152867718 -12.2046445160442 -3.25307038060707 0.06072393784905 3.37557699205099 12.2910273910353
"etap[80]" 0.0350654595187824 6.05364842026093 0.0285371723259049 0.0483792574846331 -12.1680689235053 -3.24296389380143 -0.0212422264848579 3.23621285269923 12.54232358138
"etap[81]" -0.0494836205000437 6.06969324115098 0.0286128083369334 0.0482567341537813 -12.3786586994537 -3.28390084466847 -0.00424915817124952 3.26661194804238 11.9523705491211
"etap[82]" 0.0448251296954212 6.16239194255746 0.0290497942060782 0.0613150801879077 -12.0586568631627 -3.29115250053436 -0.0203252790273729 3.28971810880844 12.2887790291106
"etap[83]" -0.0355719398164899 6.10721244321302 0.0287896755516186 0.0489962275468938 -12.3840733860959 -3.25643639274754 0.0226692716840533 3.24222065857146 12.0223130528178
"etap[84]" 0.0805531127673522 6.08464409460318 0.0286832873360039 0.0517701559977264 -12.0165874875105 -3.23525621597489 0.068906900772636 3.3219762145763 12.2963029049427
"etap[85]" 0.0560299462385505 6.16801599785391 0.0290763062569974 0.0555716052699169 -12.0382611779938 -3.23611502143485 0.00733277299320808 3.28774522045185 12.3716315600352
"etap[86]" -0.0538358336556527 6.2209276948493 0.0293257343886609 0.050485972889107 -12.6789285133571 -3.30252783327716 -0.00690346946903052 3.22174824742634 12.4087067648546
"etap[87]" -0.0605574197208914 6.06825715816658 0.0286060385768226 0.0504895643465236 -12.3015609792622 -3.28569974763519 -0.0741774043407468 3.14501444125593 12.162057286047
"etap[88]" -0.0568993477299564 6.16551715513331 0.029064526599445 0.05256564436559 -12.282842646989 -3.28500169217514 -0.0373530154122235 3.1758680615865 12.07987689655
"etap[89]" -0.0488909325794312 6.14398052630297 0.0289630019575128 0.0508310480894728 -12.4583712105959 -3.28099707589272 -0.0467059087542741 3.25239656670233 12.1439945836642
"etap[90]" 0.0177030289380188 6.14800621537516 0.0289819792377921 0.0488132814552191 -12.4473059908678 -3.29471472701132 0.0101627323663303 3.29272829364278 12.3200963590586
"etap[91]" -0.00806307354706696 6.12488819561323 0.028872999847517 0.0530476707786128 -12.2001319986659 -3.28402922501574 -0.0399142909634542 3.3081149069931 12.459328873129
"etap[92]" 0.0118046142718814 6.05310300123287 0.0285346011959494 0.0475503683875348 -12.344438585682 -3.25485278238977 0.0401051113136457 3.31655957087161 12.2980473004865
"etap[93]" -0.0914517172822773 5.98518788072248 0.0282144462475627 0.045350867656671 -12.321919105231 -3.34317089881285 -0.0640112901931166 3.20729026223557 12.0472933712451
"etap[94]" -0.0455733186688427 6.01691395231374 0.0283640043833133 0.0459332079870177 -12.3989340344527 -3.2796027668508 -0.0226832538577883 3.24427128532704 12.0896599214897
"etap[95]" 0.0441566644872019 6.38511979720926 0.0300997433819676 0.0757505030137408 -12.528132188439 -3.32149212001069 -0.0300615199230933 3.30407625264344 12.7292505978969
"etap[96]" -0.00138853182639314 6.04595660952885 0.0285009127823832 0.0488939225672748 -12.081226766227 -3.27526577340183 0.00586880573610454 3.27544633276808 12.2226282177468
"etap[97]" 0.0566399860143789 6.12960738451455 0.0288952463173425 0.0510869470434052 -12.0444804559976 -3.21412813735064 0.0337816611964085 3.28655975475138 12.5219307466758
"etap[98]" -0.0672088747000221 6.00389877620438 0.0283026502547449 0.0453992267888192 -12.2618626212914 -3.3150615518075 -0.0979312468130605 3.17360916339372 12.3325409616899
"etap[99]" 0.00633541754319234 6.15578183779446 0.0290186338733964 0.0498671459936741 -12.3656250307687 -3.29931984405416 -0.00299028179112146 3.23355273714344 12.3892381926116
"etap[100]" 0.029201146589718 6.05964898372906 0.0285654592533666 0.0477244183329313 -12.0115245896859 -3.26238632490321 -0.0165001959286464 3.20923807474036 12.2780375991887
"etap[101]" -0.0316881281320294 6.07799508987778 0.0286519436271408 0.049624588815622 -12.2590987454396 -3.2817556710461 -0.0372853919522693 3.2323690208421 12.2380707141027
"etap[102]" 0.0129567654296342 6.12685570322716 0.028882274767356 0.0482586624753327 -12.1823906830177 -3.26387240636817 -0.0111209161008112 3.18591870046284 12.4983722114825
"etap[103]" -0.0919540624731766 6.07951679576652 0.0286591170174934 0.0511995116952571 -12.3944942303259 -3.33608462298532 -0.0451708729224004 3.21755816849288 11.8693101611443
"etap[104]" 0.00627375582053499 6.06819862446267 0.0286057626462962 0.0447189309007661 -12.2426058942079 -3.22225985362471 0.0368210090326175 3.27404564131753 12.2468873303115
"etap[105]" 0.0668310578242513 6.0639440030103 0.0285857061684272 0.0535889069100704 -12.100761440927 -3.26909109233798 -0.00697436099596033 3.26417463241781 12.4086197207158
"etap[106]" -0.00300909400953994 6.0200447313143 0.0283787630170579 0.0476089021287249 -12.214208792482 -3.21227613686874 0.0186553003722673 3.23324865067306 12.2211493270127
"etap[107]" 0.000648461239029031 6.1454084008617 0.0289697330227339 0.0545744714713257 -12.4098579214346 -3.2447324821606 0.00605485674326827 3.26790012851241 12.0332241694648
"etap[108]" -0.0120735604255879 6.21590648302108 0.0293020641691042 0.0516822607874231 -12.4552323961094 -3.31680557649953 0.00107354460733638 3.25652895039975 12.5546422474627
"etap[109]" -0.0742454008033427 6.00317025010431 0.028299215949774 0.0499894301284668 -12.2568625194589 -3.30681745052071 -0.0538588598294618 3.18966611247597 11.8908498992566
"etap[110]" -0.0338712367132702 6.15257790056256 0.0290035303684418 0.0648584891267305 -12.4863912640522 -3.24540790539126 0.0192685209118708 3.26480152184314 12.3295971328469
"etap[111]" 0.0177328399170259 6.24266212865054 0.0294281914921683 0.0559702685734327 -12.2105866245697 -3.25386875748487 -0.0101943728456053 3.28364252211161 12.0390761473123
"etap[112]" -0.0321077918202247 6.06261296005207 0.0285794315717484 0.0441927888241099 -12.4084386681777 -3.30254629488605 -0.0264495190154337 3.24170832435331 12.2390809684211
"etap[113]" 0.0170591150912374 6.2026349321904 0.0292395014785093 0.0595412397538566 -12.1028499942314 -3.24805365319764 -0.0025419917936593 3.28327214878565 12.4410990683236
"etap[114]" 0.0133608137953106 6.08724702227407 0.0286955576547174 0.0491211490372934 -12.0920687904633 -3.29510084344552 -0.0154538072010657 3.27013337691261 12.447839218112
"etap[115]" 0.00994536202606599 6.11012286079545 0.0288033953916761 0.0508196269524441 -12.1855145546011 -3.22686347970988 0.0200703546601289 3.26587012289434 12.3954844160055
"etap[116]" 0.0116124863788111 6.01855429474923 0.0283717370317106 0.0480045365320825 -12.1868138803052 -3.24530029744069 0.0141465431610843 3.22487905110635 12.0912554266862
"etap[117]" -0.0475191261949586 6.06539105222246 0.0285925276238314 0.0472816800217433 -12.3604909384306 -3.26000329936161 -0.0160301475533198 3.20702103694714 12.0571509919523
"etap[118]" -0.00957269578171367 6.03251272459799 0.0284375377010491 0.0471396139488995 -12.0998469773376 -3.31266144988983 -0.0449867280841156 3.20400658749453 12.4886787324472
"etap[119]" 0.0509534799185484 6.10209740797638 0.028765563044273 0.051830161231124 -12.2010256036259 -3.17664950079386 0.0605455328591644 3.26809369787793 12.2836064010994
"etap[120]" 0.0211075451930077 6.10739590043537 0.0287905403772585 0.0508050311188513 -12.1723108553853 -3.28173466510004 -0.0195823908282356 3.26368573436868 12.5899837337868
"etap[121]" -0.00250789221886428 6.10007550800412 0.0287560317163979 0.0482157606951447 -12.2087906096241 -3.24535388397175 0.000796833596515428 3.28067561771572 12.2395138070434
"etap[122]" -0.0791642040246298 6.03315103185799 0.0284405467103294 0.0432633287663223 -12.4027850870066 -3.30611247328192 -0.0114118953479842 3.24350876258043 11.9520278784667
"etap[123]" 0.019651907871554 6.17893954127249 0.0291278003345031 0.0600085242271414 -12.3133956606255 -3.25715558872767 -0.00046527587722106 3.29444122836017 12.4697925168783
"etap[124]" 0.040529986498807 6.20783517783198 0.0292640156715559 0.0458351566464117 -12.2752658070589 -3.25821293923721 0.021986130609953 3.28618648368017 12.481067726773
"etap[125]" -0.014430287886926 6.10436587149568 0.0287762566838555 0.0493370005154675 -12.2745634351735 -3.28578653874069 -0.0256754508749302 3.25689873622841 12.0237400633531
"etap[126]" -0.0360381746457107 6.10745571471524 0.0287908223444779 0.0518776622078758 -12.1005377803593 -3.28249615857989 -0.0357505031583497 3.22423351984815 12.3181761563332
"etap[127]" -0.0451607450390291 6.08147397467259 0.0286683432473366 0.0478566774849617 -12.3448818561825 -3.26966452154425 -0.0117145896450188 3.22008188111436 11.9564511970482
"etap[128]" -0.0477482159783109 6.09746732684071 0.0287437366324832 0.0504794166762568 -12.3491985867826 -3.29342750098095 -0.0140662089758607 3.22154762802848 12.1535012456581
"etap[129]" 0.0204509836677833 6.07697526053603 0.0286471361055194 0.0513559609501764 -12.120772565529 -3.26893603115054 0.016842118494519 3.27605505543732 12.3193110146605
"etap[130]" -0.0297741301716006 6.02612289879737 0.0284074157733544 0.0476335871199118 -12.0824864413979 -3.31343399418626 -0.0671736134811034 3.24581511709388 12.1566430764893
"etap[131]" -0.0794736077549461 6.10565879732843 0.0287823515946815 0.0481937321750787 -12.7371594670401 -3.28199552030466 -0.0065776828943562 3.23359179323064 12.0581305950897
"etap[132]" -0.00160813066943383 6.19793637033961 0.0292173522455325 0.0502373610177793 -12.4978547941669 -3.29425750827551 0.0316479558394573 3.30968189848343 12.2716305353598
"etap[133]" 0.100473543066346 6.06882879572831 0.0286087333021312 0.0442601837034954 -12.1572729369363 -3.21177733735818 0.0835889273264923 3.37923812818053 12.4567028905641
"etap[134]" -0.0103808700015316 6.01323772591318 0.0283466744858666 0.046576839316473 -12.2385317316838 -3.30757752642047 -0.00658428386952692 3.26792729894669 12.1807742605298
"etap[135]" 0.0493160012992103 6.10386585865408 0.0287738996007157 0.0492012703433341 -12.111960901492 -3.25948604695507 0.00509269590849719 3.29534954023687 12.3378880783897
"etap[136]" -0.00623586583718792 6.11964937002216 0.0288483037868443 0.0519650954464509 -12.3663192870658 -3.30025940380851 0.00157818960159674 3.26836192812366 12.2577078117333
"etap[137]" 0.025209380401953 6.04609612060196 0.0285015704438888 0.0487517758437294 -12.3147132884548 -3.21087946469673 0.0175716213766853 3.29667202086184 12.2149457731738
"etap[138]" 0.0931266202215263 6.41866040446666 0.0302578553208798 0.0626030309136072 -12.2040284667035 -3.26119262861605 0.013728838047075 3.29505950135722 12.7554093007916
"etap[139]" 0.00460881094166406 6.15194682053012 0.0290005554286391 0.0588668584795832 -12.2179604292126 -3.22242693044508 0.0583867982244014 3.32334841457166 12.1637316590068
"etap[140]" -0.0145325211743738 6.19447082749692 0.0292010155199021 0.0480540026938264 -12.351044163732 -3.33156326022022 -0.00951460191461104 3.3061102114112 12.5742240410155
"etap[141]" 0.0477741721573045 6.10346593718774 0.0287720143528437 0.0568375998584671 -12.1627790168787 -3.19748098850937 0.0204556175661759 3.35097767886795 12.2622384628323
"etap[142]" -0.0156002425368243 6.14842005073226 0.0289839300763741 0.0481856950314902 -12.4449166964998 -3.28947820611967 -0.00681999669403543 3.29995319451559 12.3375925550383
"etap[143]" 0.0443400674491212 6.02515213014242 0.0284028395260285 0.0463799868365657 -11.8634945333019 -3.2616833909656 0.0198501476826064 3.32497685970954 12.1427354653596
"etap[144]" -0.0412558893800872 6.19283534440505 0.0291933057786703 0.0612542922515824 -12.5072999301349 -3.32890882303515 -0.0303897914596639 3.28404913079681 12.2003008344367
"etap[145]" 0.0158800833159898 6.04853468610755 0.0285130659519246 0.0503825119997974 -12.0404303839293 -3.28814573208887 -0.00268239012670699 3.25046841609697 12.5015775022603
"etap[146]" -0.00160432437589015 6.27516077129478 0.029581391562789 0.0567107311408149 -12.6459023655542 -3.24772972535214 0.012392095639836 3.34730818791608 12.6415829523258
"etap[147]" 0.00696417659372923 6.22077846613365 0.029325030917749 0.0623965645084235 -12.2407261046869 -3.23505244686686 -0.0235051678476017 3.22590033231246 12.2208330886883
"etap[148]" -0.0114863719995688 6.17369981762772 0.0291031000403648 0.0516028296241472 -12.5351651679897 -3.25876972128317 -0.00538426625221345 3.29711163252647 12.277928344232
"etap[149]" 0.00846248283209754 6.08169003005857 0.0286693617421935 0.0487242465069876 -12.1163623672736 -3.20057204954723 0.0229027201402871 3.26142355947435 12.2189556495911
"etap[150]" 0.00634698503766891 6.06692701881502 0.0285997682397865 0.0550467123142321 -12.1228474175125 -3.26754978597619 0.025581767617809 3.23638257457818 12.3563439225605
"etap[151]" 0.0535042841877081 6.12269793025742 0.0288626748376124 0.0513072140829481 -12.0204446985978 -3.26536025950541 0.0149266018925872 3.31999574223957 12.5657615513958
"etap[152]" 0.1079303666119 6.27763931428029 0.0295930755264724 0.0577834040395556 -12.1604146997552 -3.23435967841669 0.0617737935410539 3.36633508703719 12.7736920935373
"etap[153]" -0.0819947176914215 6.0703085403013 0.0286157088849444 0.0490766333634876 -12.541083934899 -3.292889909806 -0.050983685491357 3.18386630247794 11.9317253159604
"etap[154]" -0.0857216651135039 6.03942972335529 0.0284701447458941 0.0493377732869635 -12.3108404525743 -3.32317957591381 -0.0523845361625578 3.23621044609011 11.6954190096393
"etap[155]" -0.078067403995093 6.19784429660867 0.0292169182058024 0.0528589001279141 -12.6626017535586 -3.36605437035679 -0.0183977079120046 3.2602051159394 12.2268158166835
"etap[156]" 0.0251909565337782 6.21174435656368 0.029282443716823 0.050824912531787 -12.243671021608 -3.2470735671013 -0.0162666848057345 3.28634829660254 12.3154996878044
"etap[157]" -0.00309180110652003 6.07055859108105 0.0286168876356244 0.0454983129433987 -12.3162830990881 -3.26329883321666 -0.00133919324257041 3.24579699312473 12.2417679834679
"etap[158]" -0.0371990212818503 6.05690185094351 0.0285525091452234 0.0548575398198384 -12.273954599357 -3.24284009552156 -0.000732331863153176 3.20766770356192 12.0949153054908
"etap[159]" -0.0277141386985328 6.24885009171521 0.0294573618298001 0.0517052249235647 -12.3486095252465 -3.27921661834318 -0.0121237382030363 3.29342694369074 12.2609823484771
"etap[160]" 0.0769866437024944 6.28254358286287 0.0296161944702824 0.0596105564916248 -11.9473914303051 -3.28041831153726 0.0270221719857128 3.30514871877 12.7271968051633
"etap[161]" -0.113454547113515 6.04548036245747 0.0284986677321586 0.0522925208845857 -12.5028077270485 -3.34668741118671 -0.0234079316066483 3.21164966003892 11.9021336781604
"etap[162]" -0.0281188671955261 6.21007548945907 0.0292745766018458 0.0652713827236222 -12.324247866143 -3.23899908721187 0.0133678943570228 3.24262695254543 12.2556612845044
"etap[163]" 0.00267916410728381 6.17287441315809 0.0290992090463801 0.0479216203695285 -12.6410756595315 -3.21624831299248 0.0305426154372619 3.2798539358128 12.3796355215842
"etap[164]" -0.0304676466011407 6.07887411236444 0.0286560873788817 0.0435533611196173 -12.3290177082509 -3.26987288708557 -0.0187859280525781 3.18766022963056 12.3967939767225
"etap[165]" 0.0187425772168915 6.12872078163838 0.0288910668313028 0.0512039049202283 -12.2498581029572 -3.24834394690225 0.0154632874793666 3.24982440806533 12.3451780608636
"etap[166]" 0.0469800026026166 6.10157201987205 0.0287630863409975 0.0524731417297665 -12.3307803931198 -3.22990608110193 0.0125185471332864 3.27314593455463 12.415505780169
"etap[167]" -0.00471147078118834 6.23049703987743 0.0293708447137336 0.0532625403116641 -12.507726826526 -3.2267471520462 0.0452153535081588 3.34280868107933 12.3304785990874
"etap[168]" 0.0621471646659041 6.27761107106535 0.0295929423866804 0.0642721338848451 -12.2860910100645 -3.29565851099478 0.00267479263730778 3.2997606403532 12.6331961961406
"etap[169]" -0.040608983838568 6.05948789522013 0.028564699874853 0.0463479623964147 -12.5429581535335 -3.24564523736685 -0.012370981734222 3.2567648063606 12.2443208703472
"etap[170]" -0.0985425948026182 6.02104266435027 0.028383467318504 0.0468743405222751 -12.5869463089966 -3.35108651929004 -0.0373604053136802 3.21894000806084 11.9409165624678
"etap[171]" -0.0814663086544547 5.9851751070371 0.0282143860318323 0.046683587470641 -12.3426542481267 -3.30860167632807 -0.0462555941047396 3.2412940608153 11.8511318874634
"etap[172]" 0.0261519800000871 6.20315388472658 0.0292419478442256 0.0507043701650098 -12.2155829086926 -3.31266320032012 -0.014374166728764 3.28420824187447 12.5308188342076
"etap[173]" -0.00234730396859855 6.06332950181805 0.0285828093820266 0.0470479969586971 -12.1435594306634 -3.21226237972648 -0.023742083784449 3.23719678417374 12.0857795096799
"etap[174]" 0.0628858278382364 6.0506933296166 0.0285232418950141 0.0489283272188763 -12.2320456170706 -3.18867180288905 0.0619868449866429 3.29665179551516 12.2092238719777
"etap[175]" 0.0128075616509674 6.09957845873258 0.0287536886036613 0.0481829566394667 -12.383706990589 -3.26285852382441 0.0028351552458263 3.24823207104713 12.4673643957511
"etap[176]" -0.0261614711961207 5.99596771026891 0.0282652628513781 0.0480783664569518 -12.1630750432566 -3.29037834104147 -0.0390232340700892 3.20772164551528 12.0942890086417
"etap[177]" -0.0722048940541795 6.08162536474633 0.0286690569069883 0.0477545268343274 -12.5776095574246 -3.34628121808197 -0.0374635925214528 3.28053509804903 12.0742900318496
"etap[178]" 0.0264046617539219 6.09974147830955 0.0287544570853169 0.0508201495640404 -12.3649908129 -3.19939764294439 0.000202570981339299 3.25559264386034 12.4081612240516
"etap[179]" 0.0426035368378712 6.05758114966322 0.0285557113900978 0.0547996862628839 -12.0600706094114 -3.18447119444396 0.0429147449811042 3.28126978663264 12.114189144841
"etap[180]" 0.0563838356013891 6.04179556704582 0.0284812974400062 0.047903585768936 -12.2874276786873 -3.1956167341662 0.0137079806756699 3.25403638127791 12.5060434314258
"etap[181]" 0.0131231180575668 6.12192401363958 0.0288590265596888 0.0501141386597917 -12.5391676149705 -3.27224000204327 0.00863749360733107 3.28960276191181 12.2969522320943
"etap[182]" -0.0255200061953429 6.1652238260991 0.029063143833117 0.050391489743043 -12.277810766106 -3.30344649713188 -0.0387336896531227 3.19443639737605 12.2769986192027
"etap[183]" 0.0338688039127581 6.08093825663868 0.0286658178483061 0.0556940197846657 -12.1161617533432 -3.29829822163367 -0.0215670984357396 3.2295159185379 12.4402734768849
"etap[184]" -0.0524375194143083 6.08112300278376 0.028666688749986 0.0456756423048872 -12.5648608428075 -3.31811065461726 -0.0266275879747643 3.23593934181321 12.2024033084994
"etap[185]" 0.0520178944880526 5.97194308951244 0.0281520097030293 0.0440664659357784 -12.0320454209019 -3.20566902834189 0.0185107422400645 3.31978914639424 12.2365801402581
"etap[186]" 0.00611987641720594 6.09631055244238 0.0287382835456741 0.0540581639479526 -12.1640751990807 -3.27791494450601 -0.0189937014346363 3.22116641925318 12.2838675229329
"etap[187]" -0.0230606669166559 6.10467028724863 0.0287776917134769 0.0472576692711932 -12.359524710039 -3.30122107212458 0.004469802387577 3.26953099726842 12.2964467926034
"etap[188]" 0.0443106219811443 6.06371358589762 0.0285846199717413 0.0565629675673387 -12.0703079094369 -3.23918709887733 -0.0489747455739049 3.26249521772141 12.3999941928152
"etap[189]" 0.084657109121673 6.05409722258026 0.0285392880003277 0.0498875381500908 -12.050233769322 -3.18666038916928 0.0487179517398383 3.25289647317539 12.5265297476432
"etap[190]" -0.0280125803438332 6.13871454805727 0.0289381778979987 0.0614965734953844 -12.5105869754783 -3.23644753250722 0.0264004401649494 3.27607645021585 12.2026197758586
"etap[191]" 0.0223912252401471 6.12319595822549 0.0288650225639687 0.0515020201863347 -11.9981789149156 -3.22785185536739 -0.0408496395331596 3.21672318060691 12.3823347395635
"etap[192]" -0.0864299531567201 6.17955269621079 0.0291306907746017 0.0698863492498536 -12.540924769343 -3.30311940258056 -0.0341220805084691 3.2164913033118 12.2571514423854
"etap[193]" -0.0358414801512721 6.16793388924041 0.0290759191932814 0.0540491170153207 -12.3169385483359 -3.22225263057892 -0.0232034952878871 3.21693719990659 12.1875004768144
"etap[194]" -0.0277805557956009 6.10456700430268 0.0287772048330005 0.0474293675519199 -12.3109196758755 -3.27599591265726 -0.0398531138428496 3.20456676050236 12.2451940857205
"etap[195]" -0.0542497874238056 6.22264480756055 0.0293338289356088 0.0509827975352276 -12.7231014670065 -3.23609391256078 0.0151615122461521 3.24651969052287 12.0963004863623
"etap[196]" 0.00965825065161515 6.17825883139809 0.0291245914373817 0.0617506281694772 -12.3405714492653 -3.26881500903315 -0.0140996941625227 3.26564444693852 12.2105511737197
"etap[197]" -0.0618441037993804 6.35723779833908 0.0299683063788067 0.0581187752543253 -12.5029146923431 -3.30384596676581 -0.0454094025161611 3.24112903699193 12.2541979797712
"etap[198]" 0.110267621561581 6.1895432693029 0.0291777867878109 0.0510570156487931 -12.0609340099892 -3.21528705066679 0.0805038637072175 3.33856076064279 12.657784604643
"etap[199]" -0.0476272627678266 6.15112842173898 0.0289966974597396 0.0514392472953989 -12.4826318612715 -3.33967215230721 -0.016595829238541 3.28045612445802 12.3592224778357
"etap[200]" 0.036199627793164 6.21413867263795 0.0292937306310391 0.0494142803882475 -12.4362576064868 -3.26098444695068 0.021639055019747 3.35625398637117 12.6374836539886
"etap[201]" -0.0334372336151711 6.2382218451144 0.029407259794843 0.0590057958638427 -12.5653905492186 -3.29111772295315 -0.0360961690986653 3.25635363178345 12.2825883811926
"etap[202]" 0.00478690579650896 6.07142558508935 0.0286209746845745 0.0477551777739197 -12.5062207081055 -3.28040631899354 0.0347593284664132 3.27560107164815 12.3127981311709
"etap[203]" -0.0326000094938568 6.14191007079761 0.0289532417366596 0.0491500714760618 -12.3804496583071 -3.26950880670487 -0.0119523334123218 3.2233686520905 12.2353863643128
"etap[204]" 0.036073352491146 6.0812530435593 0.0286673017680807 0.0549936816220206 -12.4232797811922 -3.1732460427012 0.0369942100132797 3.30136380253746 12.2600860165062
"etap[205]" -0.0471027192752437 6.12196104341715 0.0288592011197343 0.0576930224005385 -12.2830810978947 -3.27009369301693 -0.0347606706145691 3.2830940160468 12.0676401493024
"etap[206]" -0.029368726777339 6.05354548359484 0.0285366870778074 0.0528820402806457 -12.3689984385725 -3.24247538728542 -0.00544820024851315 3.25271867271701 12.0171255776785
"etap[207]" -0.074373996706775 6.040509978878 0.0284752371192643 0.0588613740883609 -12.3352432332425 -3.27046703096888 -0.0158056878992342 3.2349135366911 11.8850762685265
"etap[208]" 0.0261247882243497 6.08879342780626 0.0287028474803059 0.0503019644385265 -12.1092702091846 -3.23063514606032 -0.00126880806452171 3.25325808207936 12.2243133475863
"etap[209]" -0.0468456425243092 6.06123559500789 0.0285729386106624 0.0464267812968221 -12.078165884645 -3.29242345437882 -0.0304343186306262 3.20833232410956 12.0586732619616
"etap[210]" 0.0401640818699012 6.20120537498983 0.0292327624812385 0.051461976847119 -12.1389697502613 -3.27830572915578 -0.0307665183558031 3.25358698419145 12.4424975346005
"etap[211]" -0.138384323642885 6.17051222510577 0.0290880735851119 0.0594177342393336 -12.6667771478594 -3.3740955170388 -0.0469444485388681 3.21448446370093 11.8532829698202
"etap[212]" -0.0450878638419182 6.18790728236379 0.0291700746714204 0.0510075324200188 -12.5095728432736 -3.37482856422135 -0.0275355726971417 3.266841072135 12.2312818589993
"etap[213]" 0.0161872555892519 6.20750762802196 0.0292624715869436 0.0500456059796804 -12.2471016969042 -3.28525816504155 0.00945940103227032 3.28041101823538 12.4910893348395
"etap[214]" 0.0312981033430436 6.13828670788334 0.028936161040077 0.0501576877366741 -12.3143414394092 -3.22511359369256 0.0122916532130138 3.24796262522032 12.2880296841549
"etap[215]" 0.0450490019265942 6.00410911836755 0.0283036418172112 0.0452225331482439 -12.0949544523521 -3.19752664755359 0.0344458322238499 3.24822238530723 12.2443285941003
"etap[216]" -0.0208333774575103 6.11275699170348 0.0288158128038601 0.0533644759509356 -12.5937686330344 -3.26313806206912 0.0287899605125069 3.25039385564429 12.1652386557024
"etap[217]" 0.0378025392482147 6.00688683781789 0.028316736112275 0.0533391631930324 -12.1411714571144 -3.23471547487692 0.00671860175662886 3.27613005388099 12.1612434548927
"etap[218]" 0.0416378451385247 6.22533142494935 0.029346493771436 0.0514846701642354 -12.4251512008871 -3.24136268647282 0.0453436963377655 3.31557098967176 12.7207439646337
"etap[219]" 0.00890669272540536 6.12109185690112 0.0288551037352036 0.0518227444222645 -12.2990188941727 -3.24821035311873 -0.0113101294181943 3.24296749765317 12.3226867938537
"etap[220]" -0.00353755917794389 6.02171714390257 0.0283866468456053 0.0516648795635379 -12.0330689602632 -3.26094875502647 -0.0176957800683306 3.22979911289407 12.2590850699207
"etap[221]" -0.0204650724010193 6.04322039155143 0.0284880141271389 0.0497233771373159 -12.3714673244212 -3.31457312215387 0.00677297830787052 3.31661425860791 12.0548612477559
"etap[222]" -0.051480830262012 6.10058145673868 0.0287584167816055 0.0486203671585492 -12.2400929446984 -3.37352300347242 -0.0568127388816698 3.18316650445912 12.3008187389755
"etap[223]" -0.0242979931567789 6.12108432787667 0.028855068243042 0.0541636102679934 -12.413757975716 -3.31281793798527 -0.0350851459013317 3.25457312326178 12.3995402497651
"etap[224]" -0.0683215706379055 6.12116171573474 0.0288554330529035 0.0554824873532885 -12.3774420619611 -3.27911470859964 -0.0531492694317942 3.15618761439497 12.132097188333
"etap[225]" 0.0048860740807059 6.12465042718189 0.0288718789963827 0.0593597269107952 -12.1412489815299 -3.2744282202777 -0.0128981370848923 3.24733261686027 12.1072503649861
"etap[226]" 0.00348506481685542 6.05597520668028 0.0285481409022749 0.0499838113404299 -12.2580537676418 -3.27040001510859 0.0373018132316323 3.32598496697139 12.236018069642
"etap[227]" 0.00310344888505731 6.09463421464116 0.0287303812134954 0.0517232358331763 -12.1860465250965 -3.29695829010294 -0.0307299883837406 3.32139574661768 12.2594586815824
"etap[228]" -0.0199209570606659 6.20479897156681 0.0292497028579614 0.0463653666787651 -12.3262414686595 -3.35403544165814 -0.0363444168768458 3.27118155180444 12.4423454446046
"etap[229]" -0.0891986818369177 6.12274906960624 0.0288629159108146 0.0529885552938345 -12.6440179435269 -3.36307172709315 -0.0416215511677609 3.20785685976374 12.1160634541251
"etap[230]" 0.0170812843120993 6.03083836315859 0.0284296446855295 0.0500280573989242 -12.2119588629335 -3.20421875644797 0.0241861052636613 3.24190470972314 11.8867158796068
"etap[231]" -0.0175597379215808 6.06074511624377 0.0285706264715948 0.0453448262625403 -12.2730330363848 -3.22289277817118 0.0362451013073539 3.22858337622994 12.1890491064112
"etap[232]" 0.0212229115719902 6.08363962302781 0.0286785522115876 0.0441873206959888 -11.9400000509325 -3.25929083596148 -0.00238520946271602 3.26145797507267 12.3377210363502
"etap[233]" 0.0227687072802548 6.04641972949371 0.0285030959508342 0.0448286305949922 -12.2528807245042 -3.22373117316553 0.0156082274816765 3.2984752938351 12.3647793486028
"etap[234]" 0.0498826643494636 6.06113040514006 0.02857244274087 0.0504803912848408 -11.9690253416481 -3.19921113061114 0.0340885842496253 3.25890957918957 12.2553101897393
"etap[235]" 0.0160292832883478 6.06225314339779 0.0285777353797736 0.0470576734931732 -12.1940157164083 -3.20196391275297 0.0308059607418058 3.25042019279912 12.1738155088367
"etap[236]" -0.107446195366287 6.11970489578754 0.0288485655378126 0.0484105983512389 -12.6453893546255 -3.33689758479147 -0.055132633793844 3.20017873890068 12.1338867391528
"etap[237]" -0.0177045511400207 6.08762034007593 0.0286973174917123 0.0511399026641464 -12.148541559349 -3.26264775901683 -0.0224967166731878 3.26027876525908 12.3853146216427
"etap[238]" 0.0155552066868907 5.98425325345039 0.0282100403723495 0.0486932024058683 -12.072887049348 -3.24090043994704 0.0103735041973439 3.24167064166741 12.1952517717289
"etap[239]" -0.0163343935312799 6.1427141786406 0.0289570323373835 0.057713435877369 -12.0884862732764 -3.22377604401831 0.0158238489413107 3.27759349608692 12.2482013092007
"etap[240]" -0.00976611619372508 6.20137237430955 0.0292335497235813 0.0529356728525929 -12.202520152152 -3.22457147738127 0.00619456838782727 3.25358452724417 12.3657230547503
"etap[241]" -0.00826888215958675 6.22579607946049 0.0293486841738076 0.0498917285531243 -12.2681962018896 -3.29987162752797 -0.03749644948686 3.25701063826023 12.5296436520451
"etap[242]" 0.0391480930693654 6.10876757052096 0.0287970064920523 0.0508125591682805 -12.1035954657156 -3.2971412335779 -0.0197651288352418 3.29773846073199 12.6832495096962
"etap[243]" -0.0802010872545265 6.16371090616657 0.0290560118601591 0.0463461824511533 -12.7956427593201 -3.31344124694019 -0.0102828489793146 3.24080209902911 12.1166002694745
"etap[244]" -0.0159422637852672 6.1801486793871 0.0291335002662381 0.0514808292304832 -12.0946090554849 -3.23751346585243 0.00990004660069242 3.26866566095529 12.3570590247495
"etap[245]" -0.0732295391444187 6.14346470198082 0.0289605703383389 0.0494847018994445 -12.8087770588739 -3.29016337616248 0.00841470607142417 3.25472435680488 11.944205787033
"etap[246]" -0.010706381804844 6.15434846775373 0.0290118769022246 0.0521872176675287 -12.4730011111068 -3.28748245275032 -0.010624828942487 3.28719784375662 12.4515260760777
"etap[247]" 0.00374058606435338 6.09135205982448 0.0287149089873102 0.0465514333066331 -12.4828614628668 -3.23191504255838 0.0133623661830342 3.28033434026242 12.1885583221875
"etap[248]" -0.0570802361547039 6.10564211040229 0.0287822729317573 0.0476486967024133 -12.4963805406533 -3.28351965444649 -0.0311455561690131 3.2541218843885 12.2234742114618
"etap[249]" 0.0735112152318627 6.18846450194731 0.0291727014297278 0.0546665683392695 -12.1057829363432 -3.22810728158422 0.0313982613380682 3.30517803842173 12.2794637648585
"etap[250]" -0.0591317300503531 5.98245409822907 0.0282015590733002 0.0474382958975138 -12.3817281073212 -3.24766010415224 -0.0349862812117446 3.17922440696473 11.9259627931796
"etap[251]" -0.0408920114480927 6.1378139264295 0.0289339323269302 0.0509367484716655 -12.1341160894925 -3.24672919528731 0.00700763911737373 3.21915995810579 12.3060373311388
"etap[252]" 0.075893581195727 6.11034009024379 0.028804419421116 0.0511017283281748 -12.2007296853362 -3.20975404466995 0.0365305507163874 3.28243478666788 12.520238821022
"etap[253]" 0.0111352818037357 6.19803663331572 0.0292178248897345 0.067890793921952 -12.0181223484327 -3.21563175822325 0.0229433703532503 3.28844864281752 12.3225548410411
"etap[254]" -0.0475425422821363 6.08648170234309 0.0286919499019643 0.0470129994833954 -12.34542010173 -3.27710658076556 -0.0254095086386601 3.22443362618087 12.0336268275808
"etap[255]" -0.0233000814858902 6.09535408786298 0.028733774728407 0.0483397521544662 -12.3678258370479 -3.26043754184536 0.0194034959510146 3.24724612068001 12.1017245435856
"etap[256]" -0.0638838530632467 6.13204239333135 0.0289067250589866 0.0468450979359502 -12.4131162142793 -3.29019918664967 -0.0466963101519594 3.20367336722798 12.173642066643
"mean.p0" -0.93159015263884 0.274495169391246 0.00129398263786333 0.00656910807287457 -1.49643611795673 -1.10216296042634 -0.924278818519668 -0.748723033302477 -0.409970335802365
"mumup0" 0.403746594848584 0.163331755127724 0.000769953277559429 0.00265481228000504 0.100804162132294 0.289111195584638 0.401520337164153 0.513555546862725 0.736912608646695
"mupsi" 4.66555117723009 1.24567982086478 0.00587219099013821 0.0134460638281252 2.48501354123501 3.78286351070604 4.5773173951585 5.45408245351826 7.34107030790542
"ppo[1]" 0.363802672916124 0.116204222587171 0.000547791958625996 0.00242062321194317 0.195325256738162 0.281698050425941 0.339592344783748 0.424448668074538 0.651682806330236
"ppo[2]" 0.325968879130412 0.0994681152086234 0.000468897191839082 0.00149314366678592 0.162610750504754 0.26036542710014 0.312027191372268 0.375765633791191 0.566062979224228
"ppo[3]" 0.259009281800138 0.0886138967084252 0.000417729915132611 0.00169992914203682 0.0852040540026175 0.200984073962939 0.261012639938858 0.315537651427412 0.436491433948393
"ppo[4]" 0.290781370292433 0.0906304750976444 0.000427236156824686 0.00128441315657703 0.124023568759677 0.233475533207178 0.285552542416468 0.341290682621319 0.494736035908691
"ppo[5]" 0.402130906723009 0.136158197255031 0.000641855897287788 0.00362395603690455 0.214375218279811 0.300120040425052 0.369665284796886 0.480256820740707 0.732160299001297
"ppo[6]" 0.292393455632054 0.0910478465635476 0.000429203664783445 0.00127824494141493 0.123224918231429 0.235515919618464 0.286749737387216 0.343446571270279 0.497042354341474
"ppo[7]" 0.325984314341778 0.0998069004683778 0.000470494240869338 0.00136034641110441 0.162561206952746 0.259701694312769 0.31206357711411 0.376858344471548 0.568493641818475
"ppo[8]" 0.326398727317644 0.0996316172265442 0.000469667947743146 0.00149778297695974 0.161648322163172 0.26031794149653 0.312472164595059 0.377326501189125 0.569762359521421
"ppo[9]" 0.258793378324812 0.0889461862335212 0.000419296342976029 0.00180116004901103 0.0823979015314633 0.201356445720327 0.261253614347711 0.315898496136038 0.437270567820465
"ppo[10]" 0.290901010752673 0.0899680782394052 0.000424113588089368 0.00114377955589112 0.12394016284227 0.234305595970884 0.285368168184053 0.341930184042302 0.492127480311333
"ppo[11]" 0.258986104809369 0.0888064951993398 0.000418637833125758 0.00182174578641572 0.0839678270307398 0.200860520591616 0.260974792627643 0.315277534377658 0.43672442337359
"ppo[12]" 0.258197509859715 0.089392967345894 0.000421402489337795 0.00181803185669945 0.0808442260174982 0.199968304617265 0.260482568058336 0.315216432304731 0.43748094602803
"ppo[13]" 0.245727308236429 0.108498307292327 0.000511465925557776 0.00224116577687836 0.0487379503055182 0.173748239453414 0.248304912183416 0.309050435458907 0.470160920495634
"ppo[14]" 0.25770255669054 0.0893276543608728 0.000421094600973742 0.0017836460892901 0.0797203471851559 0.200045377845795 0.26031989874491 0.313972297166137 0.437934583161536
"ppo[15]" 0.291531086375831 0.0907412152389977 0.000427758190857356 0.00115251961953178 0.123048734127001 0.233431669388166 0.286113370415649 0.343822967161345 0.49462621705856
"ppo[16]" 0.2584233369696 0.0876933478207289 0.00041339040605992 0.00178441801453802 0.0842510853967996 0.201316259594675 0.261135145951007 0.314636411524145 0.43240885488733
"psi0" 0.982546374018323 0.0213243124310712 0.000100523772827674 0.000208795026519801 0.92308451265081 0.977748944969163 0.989822209484737 0.995739429141249 0.999352063882986
"sdeps" 0.482900841099254 0.352654294325442 0.00166242828621385 0.013666678641734 0.0184759726058274 0.196571738418148 0.428736095829392 0.697761410253044 1.28512184218893
