"Mean" "SD" "Naive SE" "Time-series SE" "2.5%" "25%" "50%" "75%" "97.5%"
"N" 10.7954888888889 1.32148595292125 0.00622954452368921 0.043284081161071 10 10 10 11 14
"betapsi[1]" 0.304411103942071 2.40689804796911 0.0113462262089575 0.0222111546585981 -4.24916477434539 -0.892286276288768 0.0569579510520463 1.27734197144219 6.12174563174636
"betapsi[2]" -0.649148824801599 2.96930404343369 0.0139974334967773 0.0446361546539473 -7.73517227096485 -1.84042032650003 -0.168651769237915 0.746801820507247 5.1185113851319
"betapsi[3]" -0.660691417265276 3.0161104046979 0.0142180807997946 0.0468176200391809 -7.85765195502898 -1.86626565901228 -0.163727363304906 0.758899617094012 5.11934138449684
"betapsi[4]" 0.309943637762811 2.4018757040917 0.0113225506528697 0.0229433882927045 -4.24729412932904 -0.876545645324396 0.0582138082635677 1.28882656877063 6.10627039404133
"betapsi[5]" 0.303332863977937 2.35944728522167 0.0111225411682162 0.0201860319500623 -4.24755790966443 -0.853142183986038 0.0620491016385685 1.27873904616309 5.97352118748534
"betapsi[6]" 0.307204674755378 2.4053633817294 0.0113389917229244 0.0208149914913692 -4.32125251734133 -0.862570074142978 0.0652858292411988 1.2799257332014 6.0966973645197
"betapsi[7]" 0.261475285537204 2.37145542036718 0.0111791480601548 0.020495937336766 -4.30978451617282 -0.914738388291544 0.0450022685327642 1.23237591751936 5.88340353926161
"betapsi[8]" 0.274600878633436 2.37547439950384 0.0111980937094947 0.0213624838562787 -4.27970303961204 -0.888940301887501 0.0548850378251494 1.24838164885899 6.01508058438085
"betapsi[9]" 0.267320836709054 2.36949066915846 0.0111698861341347 0.0210107769557468 -4.31383318574404 -0.88798457996457 0.0463360233213641 1.21967026828751 5.96752775036984
"betapsi[10]" 0.279740915043802 2.36795921705655 0.0111626667996925 0.0203430836649996 -4.31093263519801 -0.886776173283983 0.0435681722157011 1.2542906308107 5.99002202664422
"betapsi[11]" 0.292262783894394 2.40137859573431 0.0113202072615997 0.021022794736415 -4.39113235877828 -0.888548989670921 0.0532893930202308 1.29420025104503 5.93416573355876
"betapsi[12]" -0.673837159210977 3.07706662789326 0.014505431191641 0.0494950857870586 -8.02064917223595 -1.88980984779576 -0.15753110191917 0.772344533494284 5.26239410561528
"betapsi[13]" -0.698286235683578 3.03907412855876 0.0143263328322167 0.0523436137055563 -8.06563354511709 -1.88913938184372 -0.168070933537193 0.738473812317489 5.05619857475559
"betapsi[14]" 0.287921604109412 2.35259655247228 0.0110902465043283 0.0203053893061557 -4.24621075639208 -0.875983651582235 0.0566650664861696 1.26648591859119 5.90914101717995
"betapsi[15]" 0.270817176439964 2.37391427093147 0.0111907391928744 0.0205937882710007 -4.33011723179862 -0.898229083694571 0.0400944197376981 1.25685092539035 5.91393174929191
"betapsi[16]" 0.29178488761596 2.40103221879324 0.0113185744250406 0.0225934679396983 -4.38078751522123 -0.889106719299485 0.0515896473422424 1.29448955008928 6.07643135981302
"etap[1]" -0.167590128570843 6.85511516511405 0.0323153227937792 0.324619238587897 -14.5276921064421 -3.51304260150767 0.034195316300629 3.4342663501389 13.0385019336906
"etap[2]" -0.246007330270891 5.98333330137376 0.0282057036766712 0.191919107961464 -12.2355188446774 -3.54589341292625 -0.241002660191917 2.92216596525488 11.7609284228526
"etap[3]" -0.269945573988822 6.88696504330902 0.0324654645594568 0.326184372026126 -14.7468461022361 -3.45503253120484 0.027689478665852 3.34604010945162 12.6934904979863
"etap[4]" -0.171307991470729 6.64595103973937 0.03132931365089 0.302157340322051 -14.0467048296905 -3.40624310734504 0.0410701282959895 3.34281737619599 12.4898782603983
"etap[5]" -0.129042386537225 6.63426849943301 0.0312742416277425 0.290842926801109 -14.378902127605 -3.44927128200018 0.0363402645888751 3.45153739023822 13.0986138017054
"etap[6]" -0.161211514116872 6.74184745925881 0.0317813737077813 0.317395810879117 -14.3488985984158 -3.40880953877346 0.0307452568923185 3.43096643630905 12.9337944481238
"etap[7]" -0.257629607297934 6.88566287324746 0.0324593260709182 0.32129236101646 -14.5446236724044 -3.45368812009897 0.01194439542523 3.36454062530753 12.5596716900737
"etap[8]" -0.134459530559446 6.56912397854245 0.0309671474112168 0.280863783065265 -14.0369480998419 -3.48483805528206 0.013875181162308 3.46381183206859 12.7227546718359
"etap[9]" -0.183910740621133 6.72394461202841 0.0316969788765869 0.264236574375926 -14.1254476630733 -3.46332693453492 0.00191906437387449 3.33223415272144 12.7023597687211
"etap[10]" -0.121060703237362 6.6105661519091 0.0311625076899812 0.282074935347828 -14.0212221184574 -3.48421908389375 0.0398375160492889 3.43462083178376 12.9654501293316
"etap[11]" 0.18363115695353 8.05212942710119 0.0379581021393 0.269642082381214 -15.1920819323062 -4.70473198234972 0.0178722346943175 4.87438311959622 16.3091163599009
"etap[12]" 0.236695816162912 7.38783441373063 0.0348265854148818 0.171836802365261 -13.744221405262 -3.96069333199617 0.0837350014836963 4.16125017566948 15.1550908953008
"etap[13]" 0.151868300884589 7.33492532078469 0.0345771695588251 0.11105460981666 -13.8053556130682 -3.77183861082765 0.0204843006057728 3.92147973890756 14.7002563488928
"etap[14]" 0.00888712242408019 6.9152827785317 0.0325989556434821 0.0857398880952053 -13.6426392776759 -3.72489894723283 0.00889062023436591 3.73276467687312 13.8456692838974
"etap[15]" 0.099371563184943 7.08594890013818 0.0334034834561938 0.0767356167566185 -13.6038817852609 -3.66887766314749 0.0281010208761383 3.70696435656391 14.1888796246269
"etap[16]" 0.0128139689070701 7.02133813535956 0.0330989053901097 0.0494409339883694 -13.6397949143407 -3.61125043608607 -0.0116971219390822 3.61064241031125 13.9563096218697
"etap[17]" 0.0559872830620002 6.93562385300033 0.0326948443881047 0.0651121633428163 -13.5897042539674 -3.62939489372966 -0.000608719310318427 3.62925376870562 14.0210193173311
"etap[18]" -0.119665480017838 6.97588714785464 0.0328846473802674 0.0591908498777798 -14.0711174817393 -3.66471118860832 -0.0655959563814017 3.6103698187862 13.5380956812061
"etap[19]" -0.0399751398850085 6.96647504708095 0.0328402783117187 0.0504417486120186 -14.1457251386611 -3.64914766331862 -0.0497286481251884 3.66232513222167 13.6677148031652
"etap[20]" 0.00417227292197135 7.0960077552881 0.0334509013541103 0.0607682989993633 -13.6542257539345 -3.60014591284756 0.0185507431854592 3.65216134496331 13.738039164957
"etap[21]" -0.0792788567710559 6.94681864734271 0.0327476171547279 0.0612056731137824 -14.0054057891374 -3.60868317680813 -0.00649457059911562 3.58057440872952 13.5680414292122
"etap[22]" -0.0470287168730969 7.17549803899858 0.0338256221451111 0.0837082662953658 -13.9549718309093 -3.65397194482023 -0.0242320206454482 3.61753538797856 13.6617627987082
"etap[23]" -0.099805563206168 7.01335839906639 0.0330612885524765 0.0556541502686626 -14.1799377376963 -3.68098337570687 -0.0552571184258158 3.57253953620746 13.7816104944369
"etap[24]" -0.0273823856215205 7.01245592349512 0.0330570342418345 0.0573768344176376 -13.9454191843043 -3.67732640657644 -0.0310457229186503 3.59023910197393 13.9226251960248
"etap[25]" -0.00751716439647523 6.94432065608652 0.0327358415110173 0.0549872168252346 -13.710889739001 -3.59540963250056 -0.0403097618855598 3.56413255481868 13.8741978171658
"etap[26]" -0.0244706992679046 7.14806282224711 0.0336962912930559 0.0594056270957727 -13.8649229115311 -3.66640055674739 -0.0022365059767834 3.64007028408555 13.6440322997609
"etap[27]" 0.0471867521360782 6.83043959862858 0.0321990010578359 0.0461562262193268 -13.7541125280237 -3.55443819409546 0.0344881977463435 3.7281352162788 13.8366174386492
"etap[28]" 0.0526816427185463 6.74312127733582 0.031787378543783 0.0504935610860335 -13.505220211096 -3.55362790356058 0.0378649744810269 3.65226801648496 13.6644903366081
"etap[29]" -0.067917002009353 7.01393980362761 0.0330640293198621 0.0701166507084345 -13.870283557569 -3.62376734075718 -0.0422564648306514 3.56858683526069 13.449986956612
"etap[30]" -0.00174773363999206 6.90046721087578 0.0325291143877712 0.0527306767218722 -13.5613301254186 -3.62101426925768 0.0490756642916986 3.64649356361162 13.5480563861743
"etap[31]" 0.0390660368470756 6.97390808165504 0.032875317972733 0.0503336244384216 -13.7485651201901 -3.59984856560593 -0.00364913723076666 3.61425055036286 14.0095843078086
"etap[32]" 0.0659894019069136 6.86473601663198 0.0323606759227734 0.0579731809131104 -13.5171806228166 -3.56904199992916 0.00419337433887732 3.58053719298429 13.9114256889141
"etap[33]" -0.000756636964945071 6.96286716657629 0.032823270599915 0.0460421226783121 -13.7673250024589 -3.62886705752026 -0.00586671475049554 3.60496255852202 13.828001461469
"etap[34]" -0.0119304175062285 6.93254782350593 0.0326803438460072 0.0576871530605709 -13.9329005332543 -3.64086129878049 -0.00564926057237383 3.63332211547739 13.6190522684093
"etap[35]" -0.0310358543920636 6.91751662413657 0.0326094860926509 0.0744060980910223 -13.7117493706734 -3.65888034974579 0.00328567031082901 3.67131150846696 13.5757363226724
"etap[36]" -0.0040865184608014 6.81599076804702 0.032130888617273 0.058375017813416 -13.5821956489841 -3.62220456285666 0.0044523858441094 3.59820377778121 13.7007811706493
"etap[37]" 0.00215277651341987 6.82553874925703 0.0321758982323413 0.0539872618654496 -13.6753180189502 -3.60968535321987 -0.0125646656774643 3.65557849894464 13.5970683918794
"etap[38]" -0.0706832266731771 7.058459898951 0.0332738990618771 0.055126796016421 -14.0466945097005 -3.64029841334757 -0.0493511072184681 3.60611393546652 13.4841726881406
"etap[39]" 0.00891742338544007 6.87976850508178 0.0324315397529131 0.0550622459102043 -13.7473063730883 -3.62868761108678 -0.0224781204777881 3.57039524202772 13.7376442155072
"etap[40]" -0.0607649369068589 6.89843102084623 0.03251951569592 0.0537771801280997 -13.8590840604267 -3.68166880124906 -0.0293635110330024 3.5859907054778 13.7190235208695
"etap[41]" 0.0120954942349895 7.07112054818779 0.0333335819347408 0.0742456758011896 -13.9173807577455 -3.62048542452868 -0.0556181942112203 3.54986419449205 13.7270232880385
"etap[42]" 0.00639046137401059 6.89419013260669 0.0324995239570372 0.065895898005316 -13.7652300115196 -3.58893080697456 0.00585950413811405 3.62456195004082 13.7460392758436
"etap[43]" -0.13535755115074 7.02512313067498 0.0331167480291383 0.0813043083413384 -14.0386555341098 -3.63345946845799 -0.030371738910281 3.58885703315802 13.3176947352987
"etap[44]" -0.00727184622363903 6.87912320525194 0.0324284977803426 0.0525695615434241 -13.7359884946066 -3.62216415941476 0.0071975193202276 3.62296756456047 13.5705260650643
"etap[45]" 0.163610349394251 6.99704570770692 0.0329843897879453 0.0624039955956624 -13.5204298928046 -3.54768961136183 0.0501521450015115 3.73480143445612 14.5737726839976
"etap[46]" 0.0636870243999769 6.83490918834528 0.0322200709058212 0.057263363022011 -13.5335321409518 -3.56522437256133 0.0338834137741 3.55567348423031 13.9387648525807
"etap[47]" 0.106345315298687 7.24523275739076 0.0341543547601728 0.081229369680386 -13.5388809458205 -3.60085660063098 0.0808050237228547 3.69004142160095 13.8555879542644
"etap[48]" 0.0586231955651708 7.06107716859495 0.0332862369893 0.0628673575032124 -13.809287695143 -3.61576071356888 -0.00696667707161387 3.64368146675122 14.1583897323222
"etap[49]" 0.051401847893438 6.899782531548 0.0325258867784671 0.0538401012618236 -13.6366367514371 -3.58292041336545 0.0290766468290104 3.67930660146601 13.8717952331426
"etap[50]" -0.0408171871565468 6.92906157116283 0.0326639094948557 0.0625167545389947 -13.935893137378 -3.63397115366457 0.0111671218772898 3.62988228731931 13.4872483611033
"etap[51]" -0.114898454026743 6.82104698410235 0.0321547238483388 0.0494700690512432 -13.9856166345138 -3.67188316745208 -0.10061759121528 3.49000691782775 13.3611359681768
"etap[52]" 0.0989233006819781 6.89398918775787 0.0324985766939355 0.0623511042999713 -13.3914399027026 -3.56915258852347 0.0904789257349697 3.67812264742816 13.813833933892
"etap[53]" -0.0253971386877903 7.17601680958738 0.0338280676531193 0.0645420180794634 -13.9680489307952 -3.66704307430283 -0.00641294042105179 3.61651913719459 13.9681272234129
"etap[54]" -0.0807910109414377 7.14188229912063 0.0336671560276291 0.0647787013863882 -14.4003298179205 -3.61039806803994 -0.0158657261589191 3.62814802304718 13.7313904760079
"etap[55]" 0.0260664647977013 6.91277309247877 0.0325871248699709 0.0525517940903739 -13.4586542432974 -3.62540609846248 -0.0118178866106681 3.61323379356758 13.8665411650633
"etap[56]" 0.111050060197732 6.98265527674038 0.0329165526458077 0.0715823674406884 -13.5005350277039 -3.58486402528721 0.0151749998664641 3.6066705297481 13.9563574749335
"etap[57]" -0.0370443588973772 6.93877721473196 0.0327097094778645 0.0534536062958408 -14.0077871545334 -3.60610995902753 -0.0089205645950276 3.56531209154977 13.7380319713782
"etap[58]" 0.0291344596790591 6.90666717669864 0.0325583413069477 0.0543720063573426 -13.2922518419919 -3.66645247489525 -0.0444882389285138 3.57907207954469 14.0647844827718
"etap[59]" 0.0205210381156713 6.89619770958366 0.032508987765665 0.0484523339269675 -13.763695379568 -3.62746879698653 0.0213146998190276 3.62063914927969 13.7583642103717
"etap[60]" -0.037853612035321 6.78796759450286 0.0319987861103167 0.0504625140444156 -13.6999313761825 -3.64500798599477 -0.0176747117721371 3.60127863437141 13.5327731200395
"etap[61]" 0.0781923445032011 7.03806055023733 0.0331777356098289 0.0545004692796887 -13.6699926536175 -3.5701624978797 0.0779123437273932 3.70626291780167 14.0455988098015
"etap[62]" -0.0282026500006574 7.12384431702729 0.0335821241645816 0.0597192410002792 -14.3571760126542 -3.56807275162221 0.0279657189017769 3.65057751197318 13.8764019090434
"etap[63]" -0.0899640588728446 7.00599244524093 0.0330265651131439 0.0948331162330605 -13.6949452181673 -3.67835414194223 -0.0680302482710737 3.62657150473096 13.6216001870524
"etap[64]" 0.0365372073062142 6.9179602688734 0.0326115774539966 0.0562372038013108 -13.5911097555834 -3.5956744985188 0.0162122507726238 3.62112375561726 13.5970806668131
"etap[65]" 0.0373842647402114 6.97063457460562 0.0328598865125136 0.0630322442182111 -13.5259673138613 -3.63049070841232 0.00383977864652189 3.62464867820184 13.8952002349548
"etap[66]" 0.0391455351315567 6.77657004804319 0.0319450575610466 0.0570449160928059 -13.4255181534588 -3.54890668726222 -0.0138878843711392 3.64261345631666 14.013202196378
"etap[67]" -0.0621971672291313 6.95197565892481 0.0327719275404637 0.0512693732669669 -14.0817181103101 -3.69891430006662 -0.0366848904523509 3.59717007321031 13.6349395609807
"etap[68]" -0.0135094913883013 6.99326642412785 0.0329665740743 0.0578482903249129 -13.8912737473701 -3.6231306888251 0.00985597113952804 3.59398742481262 13.7492223182194
"etap[69]" -0.0391527419013162 6.96951863209058 0.0328546259090483 0.0523736716270579 -13.971893978222 -3.67962259960571 0.0148313090502389 3.62447702073423 13.9026919500374
"etap[70]" -0.00982279531860821 6.84576842775465 0.0322712618513205 0.0652367683689952 -13.7984061176292 -3.57259435320584 0.0190373499121034 3.62088203576121 13.7385993885617
"etap[71]" -0.0449066893643831 6.80653603073849 0.0320863185581717 0.050113449487059 -13.4724943339463 -3.65903672070755 -0.0754933534482805 3.58800829083912 13.4657291709789
"etap[72]" -0.0297178678748617 6.90048230042876 0.0325291855206062 0.0655589158218048 -14.0070934757153 -3.66936205763124 -0.00861610701327943 3.69669214531804 13.5664737063217
"etap[73]" -0.0614537638864986 7.12813233959428 0.033602338096815 0.0574372793059399 -14.2141028560921 -3.69883380223457 -0.0342938107457963 3.57784404413772 13.8136763831571
"etap[74]" -0.0424917673707212 7.37882101401261 0.0347840958411341 0.0603716078983432 -13.7770070872458 -3.67780005434796 -0.0310353742158706 3.58409527308371 13.7423451306454
"etap[75]" 0.0575782675433068 6.87758852224491 0.0324212632152676 0.054114572464735 -13.5022632896894 -3.59717466958143 0.0250806350229194 3.61626714111699 13.8235517119167
"etap[76]" 0.0866127137126778 6.8033942150484 0.0320715078969737 0.055210136846648 -13.2893940865457 -3.58580588959848 0.016069398095498 3.66069702790063 13.7655017371599
"etap[77]" 0.0652808395880175 6.99784215384029 0.0329881442710236 0.066993862827301 -13.7471121623598 -3.58350416475005 0.000787717497621439 3.6802112924275 13.82978784592
"etap[78]" -0.0282892279060741 6.89448995850286 0.0325009373498662 0.0536705921191526 -14.0342114375605 -3.63351385936329 0.00817951013133452 3.61413081340292 13.5636407532991
"etap[79]" -0.00131797578608744 6.89214702295863 0.0324898926457915 0.062772181395945 -13.6639948437691 -3.59052187628902 -0.0117461958670844 3.62392254904699 13.6734305862532
"etap[80]" 0.0632774314385165 6.80784131680666 0.0320924717357063 0.0476092818123715 -13.8536024904107 -3.5591378238118 0.0594951498755638 3.66678956495923 13.7792498128741
"etap[81]" 0.105351746762624 6.78907343575921 0.0320039990959919 0.0510933972649721 -13.4978402277483 -3.53810565510177 0.0719057158407354 3.74109665612062 13.9005951591789
"etap[82]" 0.0930649562866688 7.03832174383024 0.0331789668882339 0.0610646816039277 -13.6462467366949 -3.59394901146561 0.0609497726353476 3.65458359545127 14.1200896418879
"etap[83]" 0.0219836225422485 7.07086616255139 0.0333323827493506 0.063846308913387 -13.682846909065 -3.62837005543658 -0.0311400333526037 3.60529897655253 13.7183652214268
"etap[84]" -0.0344534747452738 6.91387647881655 0.032592326283049 0.0469846581213256 -13.9110516003387 -3.69563272203028 -0.0148482056332889 3.65011979711074 13.7120938101
"etap[85]" 0.00781811036096521 6.96309496195695 0.0328243444376376 0.0707373390995242 -13.4461707524275 -3.63671550505402 -0.00578510603453965 3.56794660781114 13.8802131798139
"etap[86]" 0.049687575592314 7.16641541360949 0.0337828062384204 0.0802685637063155 -13.7550461838844 -3.59818467687951 0.0230807569906741 3.62715456111505 13.7095325598172
"etap[87]" 0.036431506026385 7.00037924816773 0.0330001042483799 0.068647818560103 -13.4555809037992 -3.57839312486169 0.00122551511757514 3.63105172386649 13.895229120151
"etap[88]" -0.0349590405657951 6.79397984911887 0.0320271281503781 0.0477169789640841 -13.5119155261615 -3.63913511229316 -0.0194457167641707 3.52966875413172 13.6878698359018
"etap[89]" 0.00477042489708072 6.93361561309034 0.0326853774543807 0.0490785933862199 -13.7909956072339 -3.60054573615126 0.00134437144213243 3.64053888861448 13.7562464776384
"etap[90]" 0.0135586479345483 6.8450777150752 0.0322680058005239 0.0540072380643862 -13.4289483550515 -3.61889468686724 -0.00811782673317102 3.57135824614642 14.0189772626748
"etap[91]" 0.0631087244874352 6.92582818428914 0.0326486671629584 0.058621142522338 -13.6225535539675 -3.56369587342109 0.0440899019622377 3.61642558081058 13.8354548899771
"etap[92]" 0.010093136642715 7.01420581488685 0.033065283308964 0.0513198092301659 -13.4685961700759 -3.60722035379586 0.00211890502980045 3.61280929278826 13.8401115316757
"etap[93]" 0.0368977117137094 7.03981975502149 0.0331860285807114 0.0625790825577305 -13.8191000348013 -3.63332171151339 0.0239710378522743 3.64016989745833 13.9294839810725
"etap[94]" 0.012245527650579 6.85229518521959 0.0323020292810713 0.0540359622966568 -13.7903905967073 -3.60445148007558 0.00633093446804664 3.58770719710401 13.6170290196952
"etap[95]" -0.0685438807008132 7.04047634964772 0.0331891237974627 0.0670518637923864 -14.3186104174334 -3.67138068347821 -0.0627351439369404 3.58662395453599 13.900699936783
"etap[96]" 0.0164471552559001 7.33062226007797 0.0345568847361213 0.102250671982839 -14.0301078416823 -3.65282006922208 0.0352358654086607 3.64629918259734 14.04492532507
"etap[97]" 0.0673652589934067 6.996407761393 0.0329813824801812 0.0884804170987701 -13.5456733427131 -3.60056939580003 0.0412571936255186 3.65364265034124 13.7958427887512
"etap[98]" -0.0753122847077089 6.98686298556303 0.0329363879754193 0.0618175656370558 -14.146651756791 -3.66513860953688 -0.0320970979918544 3.64677968862547 13.5832048466653
"etap[99]" 0.0230476282898223 6.97957889959218 0.0329020504648545 0.0488682662802795 -13.8448170173427 -3.57957351604812 0.00819343480741992 3.62497158637842 13.9200219339866
"etap[100]" 0.0388240275927048 6.96024909774093 0.0328109289050677 0.062632607828818 -13.6616156758803 -3.63468256075198 0.00644520563363964 3.60518772128363 13.6318536446021
"etap[101]" 0.00559232498257802 6.89141784702307 0.0324864552774667 0.056682057348071 -13.8033603329694 -3.65586963570649 -0.0086926564646278 3.62762258785159 14.0228464676979
"etap[102]" 0.0610125947277071 6.99587042801008 0.0329788494663224 0.0650437506837018 -13.6425900348881 -3.6062677532549 0.0492359069820724 3.66959842721888 14.0203083072822
"etap[103]" 0.0431074149685896 7.01432767304656 0.0330658577538378 0.0546782457923198 -13.9535722858425 -3.57972319767528 0.0611647961716008 3.72560864088961 13.9052723232135
"etap[104]" -0.0881213708824794 6.88089669192919 0.0324368580767148 0.0550197117882517 -14.2326532595133 -3.58957562888948 -0.0324942315870287 3.54810932375868 13.5335774285412
"etap[105]" -0.0817650897962916 7.03520630308274 0.0331642805597076 0.0597328396051343 -13.9927901222197 -3.71135469158821 -0.0736519352743491 3.55505611274425 13.5896749387177
"etap[106]" 0.0170507194781189 6.74185102823499 0.0317813905320964 0.0510725836107076 -13.3150002348611 -3.59991957668406 -0.000798691735093899 3.59611637442797 13.7604004144189
"etap[107]" 0.0113069897839939 6.88734490875018 0.0324672552623193 0.0684725885906568 -13.5014533278425 -3.61938692078266 -0.0234248973538531 3.59600087240925 13.6573590750808
"etap[108]" -0.0394011338015716 6.88949250913501 0.0324773791476219 0.059618161815192 -13.9738321104445 -3.62726004699714 -0.0196281191634606 3.6430967101104 13.3871986983822
"etap[109]" -0.0331511526768538 6.80376380743203 0.0320732501721786 0.0521158616389069 -13.8592702460625 -3.60848686152793 -0.00634330545857538 3.5966456216364 13.7647753174645
"etap[110]" 0.0538894033337132 6.83910079705631 0.0322398303387789 0.0464135663866442 -13.5149014138803 -3.59775323680553 0.034637887385899 3.61039678937285 13.8514675546488
"etap[111]" -0.0390908236397325 7.09540315678443 0.0334480512494314 0.0898050893827484 -13.6998825322026 -3.68427323686412 -0.0175657472137758 3.63205236071913 13.8953605133825
"etap[112]" -0.0267709440985796 6.99843340506449 0.0329909314560237 0.0605488118429977 -13.96586330988 -3.67496337954609 -0.0000838768026929777 3.64922914055912 13.661924911226
"etap[113]" -0.0376205278476233 6.89483101966351 0.0325025451275962 0.0477427443316464 -13.5264411400428 -3.71429485348842 -0.0964883285621003 3.53728106061271 14.1304053582964
"etap[114]" 0.036866552906908 7.08124970332439 0.0333813312299727 0.0709806604340334 -13.7243443380246 -3.6144886285665 0.0294142106661779 3.61469840676524 14.3438318991386
"etap[115]" 0.00168724980301112 6.90852244827924 0.0325670871410516 0.0575885390039459 -13.8936432246872 -3.5991431228927 0.0511916211669979 3.66193121708811 13.5683032517494
"etap[116]" -0.0999860989438331 6.96069884065586 0.0328130490135006 0.0874056478493658 -14.1717768373535 -3.6374506669159 -0.00527324668469725 3.59514306867254 13.5399601923436
"etap[117]" -0.126105692749708 6.96099451838664 0.0328144428516905 0.0530075366361718 -14.0911050152708 -3.7407460471841 -0.0590827024175087 3.55070202248097 13.4943743260273
"etap[118]" -0.0356072369979315 6.96189042127503 0.0328186661784083 0.054441822040094 -14.0733092602529 -3.63559786508192 -0.0370999869924002 3.62377882321935 13.7840709866135
"etap[119]" 0.0439568109573557 7.00411939057854 0.0330177354487885 0.0678875479745985 -13.6836470270038 -3.65647244865628 -0.00640997788732554 3.592702150355 14.066504238378
"etap[120]" -0.0888475040123304 6.97171241790756 0.032864967514566 0.0533863857254257 -13.6308312625096 -3.73812631564012 -0.0671039181813807 3.48225423900506 13.8092298061832
"etap[121]" 0.0186145499614627 6.98627402359142 0.0329336115820595 0.0535852038088261 -14.0064324464035 -3.60492633282002 0.0205730450523653 3.63595194790562 13.7109382496332
"etap[122]" 0.0147679247379444 6.81607951335734 0.0321313069666779 0.0509764756290258 -13.4359642190853 -3.64769785961409 -0.0052620919746038 3.59421237915302 13.904134336677
"etap[123]" 0.0731879791381946 6.95835983716277 0.0328020228452928 0.0509936703721704 -13.714065308827 -3.66311620908529 0.0351470152757159 3.69266463485171 13.949228252035
"etap[124]" -0.0103106555712976 6.8488234349346 0.0322856632932773 0.0525459851964289 -13.7355384870781 -3.66826151917214 -0.00357189760828702 3.67883008183883 13.6602299552029
"etap[125]" 0.0515696083947434 6.94016665360934 0.0327162593555461 0.0548332633811447 -13.8791544173999 -3.68290197341016 0.0423412927312798 3.7182770475212 14.078891490912
"etap[126]" -0.0272867318815925 6.95976082813038 0.03280862718005 0.0457655366442124 -14.0407357637653 -3.61181552609749 0.00634016151654815 3.64441469939653 13.8266406138695
"etap[127]" -0.0272187658690565 6.87053227715261 0.0323879997569044 0.0477623140232246 -13.7094599045687 -3.67576827331746 -0.0703851482645184 3.61313858773419 13.741274623691
"etap[128]" -0.00880782726098773 6.97929395989485 0.0329007072462397 0.0560760453814756 -14.0570531688525 -3.61200435144074 0.0414564607656891 3.64356775879605 13.8654264792652
"etap[129]" -0.0553486301723393 6.93566366737911 0.0326950320748862 0.0530670651052653 -13.80343301785 -3.63631939980472 -0.0404537595200068 3.5664847765719 13.7731299116491
"etap[130]" 0.017816130228206 6.91510733104206 0.0325981285760843 0.0544246038091036 -13.7364218577242 -3.57367013085186 -0.00631904193659126 3.62459855038833 13.65453856496
"etap[131]" 0.101554983665813 6.95904465272789 0.0328052510968258 0.0499158507535153 -13.6882933668417 -3.52746568505806 0.0763564252742732 3.69197634826318 13.8199621096305
"etap[132]" -0.0728061075233027 7.07855537835152 0.0333686300602458 0.0569095038747193 -14.461484769253 -3.63781976453556 0.015528224327305 3.6290205485311 13.7177047661957
"etap[133]" 0.0623252979469543 6.91148493907677 0.0325810524565992 0.0482541119026766 -13.556782476139 -3.59683143456579 0.01795471120189 3.64560981715076 13.9495099154522
"etap[134]" 0.057930986869951 6.90707538083267 0.0325602655996896 0.0633275307791839 -13.8607891313098 -3.61826783796094 0.0198121957442108 3.70295884356115 13.9542608884212
"etap[135]" -0.0249168090230333 7.01461079731123 0.033067192414421 0.0616192642466745 -13.9324701841215 -3.64952531608919 -0.0105317418258193 3.61621715300418 13.891385943433
"etap[136]" 0.00690908377167076 6.80572594106366 0.0320824997588221 0.0465463637840784 -13.6653322343321 -3.66361197570495 -0.0417922826908897 3.65017708460773 13.8488802826828
"etap[137]" 0.037038696630454 6.83822632813083 0.0322357080527313 0.0615307061051743 -13.7152723913298 -3.58675016532539 0.00885400324971327 3.60501396444958 13.8830412783202
"etap[138]" 0.00164529600251427 6.92762006438225 0.0326571141667245 0.0624622906518295 -13.5448642013188 -3.64698395397828 0.0101268686978083 3.64439426768075 13.746288355235
"etap[139]" -0.025394979277709 6.80704378353267 0.0320887121277979 0.0549025606459257 -13.6759138459831 -3.62459005569366 -0.0476768371537771 3.6141093713362 13.484629713712
"etap[140]" 0.00146138277319705 7.05628941127744 0.0332636672848607 0.0626735398196184 -13.8861287015848 -3.63552750022805 0.0557635533668434 3.6831545153702 13.6673828203991
"etap[141]" 0.0614337754991973 7.11306473341334 0.033531308720103 0.068501983457594 -13.5257572741976 -3.60486708943506 0.0144823392064356 3.64039597306663 14.1211660888058
"etap[142]" -0.0486022467396236 6.90690128462512 0.0325594449022966 0.0638439845038922 -14.1316300648411 -3.64837942453839 0.026616125260366 3.6181371250726 13.8532926912257
"etap[143]" 0.0592142149905942 6.88194050414949 0.0324417786547098 0.056919538304337 -13.5688086185536 -3.58271940095283 0.00641399734170305 3.63849558021562 14.0677674596824
"etap[144]" 0.100303162940473 6.82499383421698 0.032173329478208 0.0539634025657936 -13.4990901917336 -3.581747928633 0.0471566816065839 3.70240852428502 13.9363486952089
"etap[145]" -0.0294698865034827 6.98715068834463 0.0329377442193383 0.0612868488219098 -13.9979827409556 -3.62053785049822 0.0132163267413806 3.66042812041093 13.6092997610547
"etap[146]" 0.0093156021662071 6.80428599148242 0.032075711771399 0.0583266688443629 -13.6144605098619 -3.60148263505141 0.00309278445039866 3.60441108600468 13.7331390343887
"etap[147]" 0.0748457786909804 6.81757593172094 0.0321383611504938 0.0512716801679544 -13.4295061617796 -3.58263434255632 0.0490933608485933 3.69111527603902 13.7992662999615
"etap[148]" 0.112202597917916 7.03905498403682 0.033182423415716 0.0705261658702629 -13.5035288236508 -3.6127796246795 0.0818435911906676 3.68060408867458 13.961151145673
"etap[149]" -0.0776434356641677 6.82433716103314 0.0321702338911326 0.0568749046595931 -14.0427595871779 -3.6343893752724 0.00485894317226735 3.58289833119368 13.2863231431975
"etap[150]" -0.0448300754991029 6.88479915153995 0.0324552544477419 0.0556196437136777 -13.80141625114 -3.58676366796664 -0.0173090768153885 3.59555666366479 13.5025508540114
"etap[151]" 0.0274728686123294 6.8745317948716 0.0324068536642416 0.0551360557624402 -13.6374532783374 -3.59629870314394 -0.0195514468948234 3.59335058066969 14.0828617928444
"etap[152]" 0.0396190526144163 7.04421302432852 0.0332067386508353 0.0813380512850974 -13.8602337770153 -3.5760935660952 0.0274507634517302 3.68959150277729 14.0648546704353
"etap[153]" 0.051199698459537 6.97322378197951 0.0328720921531268 0.0580819316722305 -13.6545668392377 -3.61661401657837 0.0367977075526987 3.63763020198807 14.0292026334413
"etap[154]" 0.0382772186905631 6.8666370199221 0.0323696373382234 0.0878845686403091 -13.5094058871149 -3.6350404713179 0.0108894739069925 3.58595405236574 13.9320487453095
"etap[155]" 0.0396376153093071 6.78660997110743 0.0319923862122553 0.0491453853308016 -13.9441394457495 -3.59856610884377 0.0270038501251414 3.69018614094079 13.8851675149878
"etap[156]" 0.0649525713254903 6.94422626642454 0.0327353965538835 0.0636549366970807 -13.7027477608867 -3.59718754376056 0.0456190593003286 3.67064425828366 13.8134772208856
"etap[157]" 0.0945689801777149 7.04396280510338 0.0332055591060961 0.0611840892150231 -13.7169997985367 -3.55652135234581 0.0895223988775282 3.72251303657798 14.1172516955866
"etap[158]" 0.0634744698696184 6.99122473320817 0.0329569494510041 0.0619013075209523 -13.7306746251541 -3.65911672358631 -0.0201786674409696 3.66978753196075 14.154619504896
"etap[159]" -0.0674269303424181 7.31341734928905 0.0344757800088642 0.0628195409181276 -14.257511238759 -3.73571345424522 -0.0289177439023011 3.62270245780313 13.7400039745051
"etap[160]" -0.0644476112092757 6.86778374919291 0.0323750430718472 0.0544627565494832 -14.0463338995442 -3.6622836475016 -0.0334867730383029 3.62413821535561 13.5769566865522
"etap[161]" -0.03923472151869 6.7066134793698 0.03161527913373 0.0470891165568638 -13.5827294637566 -3.65611214987928 -0.0128893890942784 3.59541743153872 13.428656767166
"etap[162]" -0.0666875248676854 7.10185187944901 0.0334784508196055 0.0647290443757169 -14.2893990981476 -3.69173112764785 -0.0407223059635058 3.62036199907214 13.9304956075411
"etap[163]" -0.0473169207254667 6.97603874723344 0.0328853620265925 0.0543715485396036 -14.0866978387159 -3.6227280323858 -0.0137378956746477 3.62773604663734 13.7974718278646
"etap[164]" 0.0379943746092981 6.93575352543004 0.0326954556698006 0.0602830039138594 -13.986161377739 -3.61672126513472 -0.0122697789171438 3.69415193334741 14.0366304127194
"etap[165]" 0.143441949903386 7.04536561513293 0.0332121720159935 0.0679221963479166 -13.34326023523 -3.54958785520129 0.0501788761253561 3.69134492615428 14.0802740721248
"etap[166]" -0.0790099738233 6.90927099840023 0.0325706158401623 0.0580245534211603 -13.5585821373017 -3.66905612701543 -0.0796656363845801 3.46896554962898 13.6930497339622
"etap[167]" -0.00449025750978454 7.06100227738339 0.033285883948743 0.0923074220809425 -13.5997334930539 -3.6239925341024 -0.0142759706669601 3.6899873654059 13.8475598990085
"etap[168]" 0.0858781480581934 6.85427064922439 0.0323113417076966 0.049154105435132 -13.5405268635898 -3.58382425028231 0.0135676098222776 3.6717503310324 13.8491586621837
"etap[169]" 0.0429674227430411 6.90626231657965 0.0325564327780439 0.0564159222846787 -13.5542523353421 -3.53025958330753 0.0411727893742139 3.63812066711859 13.8645285928171
"etap[170]" 0.0769242771259436 7.07360559440625 0.0333452965549584 0.0575952083901561 -13.8064456765444 -3.58280830317934 0.0191168679570496 3.67024209976067 14.3163503799137
"etap[171]" -0.0237818013220926 6.938444695186 0.0327081419656923 0.0526689025809097 -13.7747728636461 -3.67773025361866 -0.0324740136679521 3.62711318929571 13.6653397227821
"etap[172]" 0.0309361277916508 6.95408694416831 0.0327818802345483 0.059805737912472 -14.0930830894952 -3.60903359547155 -0.00275374232005915 3.69357176613033 14.1971699535433
"etap[173]" -0.0319764472626578 6.95780050580058 0.0327993861319652 0.064138514936126 -13.8749665557247 -3.59009441336059 -0.0174180760292315 3.48716519755317 13.2788575241503
"etap[174]" -0.0403274109953208 6.99669091628785 0.0329827172851564 0.0653223789736691 -13.9388938451428 -3.61568904399486 -0.0189375010821243 3.61733940621388 13.6841906872004
"etap[175]" 0.00774844848874728 6.99851310741629 0.0329913071765133 0.0644547263038491 -13.8704045366233 -3.64994176218804 -0.0189659408003207 3.64421051010698 14.0751400836435
"etap[176]" -0.0184956819503011 6.90210741419139 0.0325368463803512 0.0568494274327491 -13.8961721522557 -3.6775078043257 0.00916337294300765 3.59183351091349 13.6207448320074
"etap[177]" -0.0242807717186497 6.85354079886284 0.0323079011600972 0.0697462924757025 -13.647550699076 -3.56349066713626 0.00566285285918852 3.66795461501592 13.3986786464109
"etap[178]" -0.0755383977311364 6.93712922509323 0.0327019407802053 0.0564303859560495 -13.9909683314186 -3.61583574773906 0.0123699831687808 3.56119472011834 13.5038887809502
"etap[179]" -0.0134691078764789 6.93859760749545 0.0327088628012319 0.0562961758073662 -13.6266191348232 -3.63137984804886 0.0108527196622435 3.68437453905767 13.4207542930235
"etap[180]" -0.04749003186044 7.00505475496939 0.0330221447988128 0.0617366539012263 -13.9476932485153 -3.73121645103202 -0.00539841319052933 3.59235815116268 13.750731207961
"etap[181]" -0.138661444257075 7.22237557712533 0.0340466049790762 0.124597097093808 -14.3230130919297 -3.66275977233112 -0.00672913638265506 3.62441013327378 13.5361629232111
"etap[182]" 0.0670790688027411 6.88534805409451 0.0324578419991988 0.0586137827386097 -13.5015313184932 -3.55911014942278 0.0277485370868313 3.66088508933663 13.914597491025
"etap[183]" -0.0570963289136065 6.97293665856167 0.0328707386403548 0.0657383296880494 -13.8187501596368 -3.61534242934149 -0.0585808524222433 3.60875358033649 13.7686035754486
"etap[184]" 0.0154538037813139 6.83812753234917 0.0322352423249502 0.0530137770419898 -13.9173157128199 -3.54395982349588 0.00265929279107472 3.5602047538581 13.9324247775228
"etap[185]" 0.0463466493253482 6.83226698131291 0.032207615422422 0.0533623767356321 -13.6132491860208 -3.60780689543431 0.042319560333479 3.71611694154592 13.9610986918284
"etap[186]" -0.0366498321890001 6.95182409565656 0.0327712130643653 0.0542744570371356 -13.9573847614824 -3.61536457570726 -0.0327409918702309 3.58538009684993 13.7396518635408
"etap[187]" -0.102259334315845 6.91202407911647 0.0325835939871197 0.0807670736179876 -13.9167890188547 -3.6259205438536 -0.032718980122452 3.48367372323601 13.5849206287802
"etap[188]" 0.0315732201535733 6.87040495009614 0.032387399531404 0.0551614283595222 -13.5961651018445 -3.60256766304319 -0.00531483877458545 3.60946946765016 13.7498364514171
"etap[189]" 0.0206228965343689 6.97635578056969 0.032886856536072 0.0777025226186927 -13.616885959279 -3.64044099889444 -0.0202975736744513 3.59878326585492 13.6650229623754
"etap[190]" -0.0645949229980424 6.93964033542702 0.0327137782678409 0.0521281422714923 -14.1610396405986 -3.65490363980903 -0.0218151396202971 3.6182329031 13.5743482245607
"etap[191]" 0.0121331735491499 7.02053230262582 0.0330951066581728 0.0589028655091849 -13.9864045934122 -3.59975170226501 0.0122665703306488 3.63540978103771 14.0015747807436
"etap[192]" 0.0283591565560875 6.841735259741 0.0322522493149731 0.0564381996702834 -13.6922320354934 -3.54863878606599 0.00507849344992403 3.63168571386972 13.909599730938
"etap[193]" -0.0817024961045343 7.080682026107 0.0333786551739064 0.0592756883072329 -14.0927363509784 -3.66161777014556 -0.00725429119996052 3.56282832770957 13.6205364778277
"etap[194]" 0.0355966325056008 6.82849822720569 0.0321898493451831 0.0470137848053385 -13.5315744183235 -3.63760265886681 -0.0257979068583091 3.69886078699136 13.7900929919027
"etap[195]" 0.0289347331640798 7.17046642884843 0.0338019029073948 0.0681440547114371 -13.9179035042841 -3.59176802041684 0.0727252388936163 3.62016333890184 13.6740403433107
"etap[196]" -0.0656700503355011 7.11127280074376 0.0335228614684891 0.0563538697753866 -14.2585957512769 -3.69616705050915 -0.0517376290887821 3.65012332974669 13.9664078622962
"etap[197]" -0.0874415100668887 7.10855573031497 0.0335100530756547 0.0674469143625762 -14.2654788078765 -3.73629905862235 -0.0370781645456732 3.63104688827645 13.9031219194921
"etap[198]" -0.0506515851450521 6.93819402659397 0.0327069603026173 0.0467935571630953 -13.8189034953238 -3.69785933497881 -0.0108707882076242 3.63608707010446 13.4189176591263
"etap[199]" 0.0510855101265046 6.92233941517398 0.0326322209476296 0.0576468256385056 -13.592399386303 -3.60490822502295 -0.0223759690312827 3.72716894624932 13.7217117103463
"etap[200]" 0.0441793676068012 7.22267365499975 0.0340480101316516 0.0933724951619521 -13.7317126348319 -3.64152633440185 0.0072687218779428 3.61004318199988 13.7876346144251
"etap[201]" 0.050790479637887 6.91634634350346 0.0326039693368405 0.0486210158013333 -13.8696485471023 -3.60811983904242 0.0328946035430171 3.61752796109135 14.0608183862499
"etap[202]" -0.00773447358541485 7.07314105113702 0.0333431066769862 0.0672292084950418 -14.0483143616876 -3.65250728588813 -0.00608590571341018 3.71844859395869 13.908808306504
"etap[203]" -0.063055365647445 6.879782926283 0.0324316077351076 0.0617318995053351 -13.7756105439673 -3.65605630891324 -0.0053773627179148 3.60869610525313 13.5606794629661
"etap[204]" 0.0760299741377919 6.92875032655598 0.0326624422737082 0.0729526270927884 -13.4947463753582 -3.5903362783365 0.0727071140649057 3.67488376487595 13.9444440809868
"etap[205]" 0.0174082332554318 6.89372481248355 0.0324973304169405 0.0514370437180428 -13.6780877865833 -3.64520850560183 -0.0337784587136139 3.62913537753957 13.9181526369574
"etap[206]" -0.00325433964761307 6.99904455060663 0.032993812423738 0.0567966194573211 -13.8892524150547 -3.61408553026466 0.016643863869156 3.63865705550479 13.9591624133593
"etap[207]" -0.0521429365093021 6.86839852763772 0.0323779411652289 0.0480618361758557 -14.0322917631926 -3.68284260880213 -0.0779347096319982 3.64221861975856 13.6138704624565
"etap[208]" 0.0373547643838888 6.89676767356088 0.0325116746016204 0.0537299203762544 -13.8574555597751 -3.56905150580087 0.0717542655197028 3.69156492103401 13.6934141857516
"etap[209]" -0.0286491873418466 7.14971168863659 0.0337040641237577 0.0713058201356537 -13.8846788771784 -3.64457340899015 -0.0359815167362752 3.65104736863594 13.8062679087104
"etap[210]" 0.112884905563085 6.85309235721452 0.0323057871858939 0.0619841598641285 -13.456974808762 -3.54747056904672 0.0677911773466581 3.71624489743725 14.0457446057956
"etap[211]" 0.0366992905142033 7.05532800804928 0.0332591351865802 0.0626267241158181 -13.9159668739856 -3.60640031123867 0.0401894723205936 3.72240970677154 13.8759301296389
"etap[212]" 0.0485298191260843 6.81148812477877 0.0321096629533514 0.051592357428505 -13.6634685422372 -3.5287188123129 0.0774355424733955 3.6460400625765 13.6662718737361
"etap[213]" -0.0646383722829337 7.16219727971486 0.0337629217645482 0.0608186646006856 -14.0756694965114 -3.67143169343025 -0.0290066251704925 3.636464653905 13.6268189717753
"etap[214]" 0.0835677570944039 6.90295128868464 0.0325408244428622 0.0720994195203645 -13.6285676325246 -3.52762878519813 0.0390066122031393 3.67281920721205 13.9792425449569
"etap[215]" 0.0396601954076878 6.95378306317489 0.0327804477258075 0.0591046076299194 -13.8138067954432 -3.56802539092453 0.0118978059028376 3.62407422552255 13.6948701290886
"etap[216]" -0.11670746323867 7.04308852600108 0.0332014377148835 0.0552047140934786 -14.0513385207581 -3.72397251881536 -0.0795871645760037 3.55808515391601 13.8515260682273
"etap[217]" -0.053795146740672 7.08304926151476 0.0333898144286363 0.0623682617463087 -13.8763278123503 -3.65146269063032 0.0161264604026807 3.64242863470616 13.5949431024449
"etap[218]" -0.00549366914230036 6.85524149695311 0.0323159183277798 0.0579532378324104 -13.7428494373566 -3.65722884270537 -0.0421564971136212 3.62990374487651 13.8776959262943
"etap[219]" -0.0828837748922504 6.7935531156701 0.0320251165096088 0.0489762157167287 -13.8869544061355 -3.65492020990106 -0.079338103314565 3.53529453242112 13.3754160681459
"etap[220]" -0.0526820771069588 7.14446625544382 0.0336793369145519 0.0739358899624348 -13.8648696257988 -3.67089966732058 0.00307828992809065 3.56346366466522 13.6723472307259
"etap[221]" 0.0730020939538181 7.17810046749602 0.0338378901106984 0.0690292862600742 -13.782023247677 -3.60313114967166 0.0208770622075176 3.59007098667401 13.7986174735384
"etap[222]" 0.011981508990194 6.86663712004521 0.0323696378102082 0.0526563318475593 -13.7033358851261 -3.60027839677037 0.0112071946422491 3.63699477972051 13.8609678341562
"etap[223]" 0.0762763621052779 6.85316110314384 0.0323061112573126 0.0514989852023087 -13.4170575225151 -3.53676570233466 0.0492795430081049 3.62873504934858 13.8742385544731
"etap[224]" 0.0329060589204212 7.05517941782988 0.0332584347255684 0.0604611066723851 -13.7659387082253 -3.56971524905471 0.0279968357544041 3.64565735763904 13.7565443296954
"etap[225]" 0.0200321833589475 6.88935370371952 0.0324767248126182 0.0606604410166553 -13.7053646397067 -3.53967657723721 0.0409998946144584 3.67123906142622 13.7644241376944
"etap[226]" -0.0827153563386938 6.78435171719069 0.0319817407012009 0.043426965750121 -14.0261651916257 -3.66546883570147 -0.0683174572529322 3.57594041863863 13.5581651674951
"etap[227]" -0.0831287216338436 6.85319117983347 0.0323062530401872 0.0489126757496287 -14.0802368558921 -3.68510924085041 -0.0445819750097051 3.54481677868288 13.4464800752795
"etap[228]" -0.0418650456846076 6.83532447471874 0.03222202858456 0.0596234612735413 -13.7382152447306 -3.57404114610498 -0.0264168220772681 3.52276407563301 13.4170543764557
"etap[229]" 0.0190349335742528 6.8315804546393 0.0322043791046462 0.0476546133376962 -13.6935003760903 -3.62312948929909 -0.00682369171098975 3.65240032919672 13.7946331971969
"etap[230]" -0.0141345560741639 7.14610299393296 0.0336870525737832 0.0732615935448677 -14.0034471906589 -3.64236738093004 0.0452972054911202 3.61572527755293 14.184237421556
"etap[231]" -0.025302884651596 7.01676153512406 0.033077331089701 0.0572240790702962 -13.963541032417 -3.58494696684437 -0.000158797675433678 3.63165766164295 13.7857096863761
"etap[232]" -0.0273587173952164 6.84308890301412 0.032258630450558 0.0521160616484267 -13.874551723549 -3.61118173898354 0.055970422424027 3.63541755833153 13.7117026925739
"etap[233]" 0.0395030742571196 7.02122408345827 0.0330983677442909 0.0518334451077499 -13.5150034326694 -3.64896340360305 -0.0380042820680818 3.65547319654531 14.0682386348991
"etap[234]" -0.034985948474902 6.80336946722405 0.0320713912346109 0.0500528523528658 -14.1154926176994 -3.59588708900234 0.0304888892001516 3.57146558850759 13.3398858032097
"etap[235]" 0.111996524035824 7.03071952003014 0.0331431296615596 0.0793856516070932 -13.6101650933111 -3.56924624994095 0.0585951819808255 3.68462866911038 14.2320074141717
"etap[236]" -0.0213857025850776 6.9789974466798 0.0328993094695392 0.0588748467434878 -13.6774155381595 -3.59518271577109 0.0160408211974413 3.54924393267173 13.688792610531
"etap[237]" 0.135067196039587 7.12577616066168 0.0335912309628088 0.0774599961606662 -13.4682885731819 -3.57550330267784 0.0821983782802363 3.7066093170034 13.9948979777271
"etap[238]" 0.0336237555641533 6.99101481312471 0.0329559598782406 0.0595308354050888 -13.9348184074539 -3.59383330720414 0.0509186869110586 3.69029513125683 13.8882593591461
"etap[239]" -0.0700169848606985 6.98772732292954 0.03294046250084 0.0775311735151264 -14.0368338450974 -3.62291681472963 -0.0326671815595545 3.6128437747757 13.4218860619937
"etap[240]" 0.0713610839924987 6.95943667409312 0.032807099103264 0.0563039450496348 -13.6273968250029 -3.64086939825613 -0.00952545226785811 3.64061088063242 14.2467294468696
"etap[241]" 0.00628460524852125 6.94919286814376 0.0327588093389177 0.0551940816456153 -13.8442674253259 -3.62129359809553 -0.00890841899961867 3.62223694611301 13.8898125431709
"etap[242]" 0.0426025481165087 7.03158944702728 0.0331472305367517 0.072512987399906 -13.6786416883204 -3.53544948564857 0.0421129287279966 3.60074340698435 13.8052094733825
"etap[243]" -0.0567066327162355 7.10291105747522 0.0334834438327043 0.0751764189233032 -14.0044558384153 -3.62340394032817 -0.00204104255801309 3.56987193702162 13.5462811591186
"etap[244]" -0.0828341029836304 6.90687993141847 0.0325593442423152 0.0439907354020754 -13.9029790759194 -3.68243874866897 -0.0973632591402597 3.51474773781224 13.8689252109544
"etap[245]" -0.117512268794814 6.96685738136264 0.0328420806528072 0.0529004993236414 -14.1689331555652 -3.67961305308841 -0.0483449686890197 3.58269499509326 13.4802983683176
"etap[246]" 0.126944347212103 6.90702049290586 0.0325600068555212 0.0706427888747913 -13.321970638851 -3.57639998430165 0.0426697717823981 3.71293451572745 14.0466180281803
"etap[247]" 0.0812374926951981 6.76590221744594 0.0318947689253408 0.0494548797974596 -13.5174159527949 -3.5503978550799 0.0728798837628821 3.72773005502185 13.7504953883337
"etap[248]" 0.0173843135479488 7.0210198017279 0.0330974047509788 0.0491833982392534 -13.7031881138448 -3.62558428353216 0.0190279504547171 3.60033884948367 13.5723747837681
"etap[249]" -0.067019770941356 7.00144472204446 0.0330051269404027 0.0551008702361254 -13.7753016420983 -3.65561909060753 -0.0430389690157802 3.56385249215772 13.5766044115962
"etap[250]" -0.0283911179821133 6.89338715442667 0.0324957386815956 0.0598991705167577 -13.8904964813195 -3.64582333767566 -0.0286347411202186 3.56834863208136 13.7671454123208
"etap[251]" -0.0181353300180547 6.92336193384655 0.0326370411468781 0.0576539838834649 -13.7047954879874 -3.64229015808542 -0.0399742283283059 3.5909381766418 14.1801486536751
"etap[252]" 0.00772027677227785 6.97934021520646 0.0329009252958698 0.0699463492600256 -13.7977446956502 -3.61298894883497 0.0367952339119884 3.63215205555202 14.0158923275247
"etap[253]" 0.00585689057552498 6.92388074779375 0.0326394868592796 0.0455427125960832 -13.5983273860817 -3.67286095415949 -0.00370402511378804 3.62227710422674 13.941616625609
"etap[254]" -0.0136761282757818 6.95734819402947 0.0327972539138281 0.0564954967296887 -13.7630237632924 -3.577791764216 0.0065794536526585 3.62075430100679 13.5019913986731
"etap[255]" -0.0285644096883415 6.76603077981988 0.0318953749741836 0.0496096954161959 -13.9670478175175 -3.65751713817663 -0.00204145616329078 3.63985402960091 13.5835061947073
"etap[256]" 0.000929956386284065 6.83773254932011 0.0322333803570948 0.0518470465320112 -13.4364572740057 -3.66005121192763 0.0263262681380425 3.62127742822952 13.5886745609962
"etap[257]" -0.0229004291518247 6.89438732537908 0.0325004535326809 0.0544466056071985 -13.7275330257267 -3.65220408106252 -0.0238433837344279 3.61658058495057 13.6573914555461
"etap[258]" 0.0201969901749259 6.98262404298042 0.0329164054084512 0.0617134003562536 -13.6708580501234 -3.67242351918974 0.0252245859358062 3.69019059057149 13.9580778299866
"etap[259]" -0.121396921513423 6.83919697749985 0.0322402837377379 0.0558823482426043 -13.882117118821 -3.65668757720251 -0.046263990388303 3.51201202343018 13.2768487330363
"etap[260]" -0.0110395966836605 7.14084624740956 0.0336622720330254 0.0718791629106832 -14.0388901738124 -3.5986333594469 0.0120734890378588 3.6635535926442 13.829004315096
"mean.p0" -1.43370397117996 0.369057589051312 0.00173975415911027 0.00816122361788534 -2.23340931423197 -1.64992679109413 -1.40600400066232 -1.18592259776162 -0.782831393377615
"mumup0" 0.890036255406099 0.16705035601038 0.000787482930230445 0.0049450559177584 0.334968675683905 0.888669420634011 0.956016018709231 0.982510824925683 0.998301177603155
"mupsi" 5.51939304266695 1.34326635037973 0.00633221830195476 0.0163651682477776 3.09504351457768 4.57160132734406 5.44599363599078 6.38565415696979 8.36255919214542
"ppo[1]" 0.1898701221942 0.0883889884964452 0.000416669687653708 0.0012684863913088 0.0412400073612774 0.126788605146876 0.184510829798749 0.241978514575545 0.390365963915011
"ppo[2]" 0.16108733375967 0.0979871988721905 0.000461916085280005 0.00190390906292337 0.0175924071023409 0.0879522808113547 0.152447099621286 0.218247349874212 0.379978829547502
"ppo[3]" 0.160824362351319 0.09898558098215 0.000466622503681123 0.00200671867105013 0.0160703210974057 0.0872960632027496 0.151609614352255 0.218814669139619 0.378229959489984
"ppo[4]" 0.189805597548101 0.0888154393799422 0.000418679996397466 0.00121112395436904 0.0400841263346007 0.125727795763019 0.184783904420587 0.243167958291285 0.387138388696633
"ppo[5]" 0.190981680453492 0.0891607477807065 0.00042030779580934 0.00124620598745589 0.042126065307501 0.127019934339126 0.185668593572716 0.243554471328517 0.391922046174499
"ppo[6]" 0.237778454945416 0.100628565788168 0.000474367608332599 0.000984593991549876 0.0773947848319956 0.169133752581437 0.224841199864474 0.290698418141673 0.48132241058742
"ppo[7]" 0.238173724677895 0.100971695256174 0.000475985136156947 0.000919725967129841 0.07748742345732 0.169334989486237 0.225294607961824 0.290763976492932 0.479971159791848
"ppo[8]" 0.237810562693314 0.100673825867861 0.000474580966394387 0.000927762240761107 0.0759789102600146 0.169123616827766 0.225528333032019 0.289988890798842 0.479063456288203
"ppo[9]" 0.344696613427838 0.140359252610114 0.000661659862152583 0.00270712035375198 0.144510265429106 0.237821979137567 0.315264033255242 0.431017062089852 0.671155254739147
"ppo[10]" 0.346833975413222 0.141057498918152 0.000664951426814928 0.00288378458207604 0.144960473916377 0.239657484993303 0.31781456893481 0.433003645431913 0.677189956976851
"ppo[11]" 0.189643675696821 0.0881133160268862 0.00041537015516963 0.00125408843283068 0.0420438561837924 0.126319467836499 0.184332639907377 0.24238781049566 0.386768912760835
"ppo[12]" 0.16044005133679 0.0979348233873991 0.000461669184876912 0.00207536043053824 0.0154894638695172 0.0872768627513286 0.151971001349583 0.21890413341857 0.374256478037707
"ppo[13]" 0.160148743316591 0.0978159728926642 0.000461108918271749 0.00199164524667359 0.0161615493618412 0.087330992083542 0.15117440942929 0.218428341073605 0.374641089349454
"ppo[14]" 0.237567953662122 0.100814912281114 0.000475246054124683 0.000969426827183197 0.076726142485755 0.168694666978858 0.224420854577773 0.290003296531629 0.481355748420315
"ppo[15]" 0.237479554276036 0.100243435135585 0.000472552085025375 0.000921667209093042 0.0775473530499698 0.169472341886699 0.224602347605622 0.289508498231986 0.479720761819173
"ppo[16]" 0.190558304772346 0.089018626811232 0.000419637831134245 0.00125268459607656 0.0428774401234025 0.126105742180373 0.185280437443004 0.243544437850175 0.389985233979189
"psi0" 0.99143216099417 0.0125240196120068 0.0000590387946357556 0.00012659660785574 0.956687831257467 0.989764463136186 0.995704975035312 0.998317270839468 0.999766608349237
"sdeps" 0.728659032220373 0.451779207412231 0.00212970760773515 0.0149970126300103 0.0525182009872717 0.394174660035561 0.676807735093472 0.994665535908651 1.77006702068845
