"Mean" "SD" "Naive SE" "Time-series SE" "2.5%" "25%" "50%" "75%" "97.5%"
"N" 50.0076888888889 0.0878568739199967 0.000414161275484542 0.00107388576592179 50 50 50 50 50
"betapsi[1]" 0.000355890881801641 2.74672149060495 0.0129481692802505 0.0210748920082461 -6.08054916352434 -1.11524297443285 -0.000685945281525984 1.10221382287891 6.1112940614161
"betapsi[2]" 0.0459237341508866 2.80807383340271 0.0132373869978104 0.0210360604916472 -6.12454610222141 -1.10361347822517 0.00982454669506179 1.15358468792131 6.31076447983595
"betapsi[3]" 0.0256125773114709 2.73042768385961 0.012871359538644 0.020841882561009 -5.97930983769679 -1.10629645142609 0.00213546584427129 1.12552777276506 6.2029575724466
"betapsi[4]" -0.016238728655354 2.76447241443117 0.0130318479376495 0.0208419637338901 -6.10877215058267 -1.15502564956418 -0.00440746415016155 1.10538719694172 6.12674880413483
"betapsi[5]" -0.0111526772121504 2.73292018248718 0.0128831092898551 0.0209169039773206 -6.03308537967551 -1.14749376010018 -0.00793656392949405 1.11454857925628 6.09002303701415
"betapsi[6]" 0.0183869894349744 2.75095161511264 0.0129681102784149 0.0215489028124192 -5.97451396089406 -1.12413251718467 -0.000934841324498556 1.12333186858095 6.21755244039942
"betapsi[7]" 0.0260249107226904 2.74408104353157 0.0129357220933775 0.0215406947901862 -5.96341806500925 -1.09681163258723 0.0028033194386662 1.13135774608778 6.23513828657051
"betapsi[8]" 0.037758772034279 2.6966605793798 0.012712179881586 0.0192453640020657 -5.91364380005072 -1.08227269302041 0.0015378040630758 1.11912971773451 6.11623592890792
"betapsi[9]" 0.0210082907256438 2.74902980149227 0.0129590507621273 0.0208280718294648 -6.03383168376069 -1.12179473193657 -0.00395873382985782 1.12852315050219 6.2154504042197
"betapsi[10]" 0.0340899436837929 2.75549756902304 0.0129895401106616 0.0217008113556205 -6.06972126481514 -1.09806005601666 0.00636474728667473 1.16119687076366 6.12002193104393
"betapsi[11]" 0.00968794957810174 2.73709999309827 0.0129028131060363 0.0217387235750799 -5.99418517144605 -1.12634645319463 0.00153428580781927 1.12814324840521 6.09531104165003
"betapsi[12]" 0.00226475202177992 2.74698048235197 0.0129493901790545 0.0209415186037176 -6.19004201762533 -1.11774093718821 0.00186228109141567 1.12813168925104 6.09746007213627
"betapsi[13]" 0.0125530111018329 2.74481648089555 0.0129391889783589 0.0212311242045183 -5.96876489793736 -1.13881524180859 -0.00316885096339504 1.12727845343024 6.1068678078677
"betapsi[14]" -0.00262280734805543 2.71223094598724 0.0127855792936772 0.0195488361621158 -5.99843010378042 -1.10525559144064 0.00148026231638906 1.1058617181541 6.00928167855911
"betapsi[15]" -0.00894625839238382 2.74749851958762 0.0129518322300027 0.0198721592991762 -6.17873811064965 -1.12342574952048 0.00108408823842024 1.14252041997586 6.03340331979089
"betapsi[16]" 0.00199658829283369 2.73361371270606 0.0128863786226599 0.0201008103448606 -5.98565846584988 -1.14836709290711 -0.00152365695945021 1.11884994329634 6.1212417654245
"etap[1]" 0.0648035033843326 5.44965120071272 0.0256899021275025 0.0544636580654872 -10.8830104117965 -2.97535742079732 0.0217717436177896 3.05677728246774 11.2789127585874
"etap[2]" 0.0612900874498441 5.5648183515171 0.0262328052828606 0.0590270825358318 -11.1395299168337 -2.99962010519223 0.0529267557953326 3.03090358200801 11.3740020423159
"etap[3]" 0.00854478723652503 5.48338876443803 0.0258489425281084 0.0581728883642305 -11.074360700713 -3.00185667570618 -0.0524281383437871 2.98034926762094 11.2860016661438
"etap[4]" -0.00180498168341449 5.48282032929065 0.0258462628991258 0.0708186046159856 -11.3145370893934 -3.09657766421119 0.0422043752626992 3.12620741954901 10.9774217426723
"etap[5]" 0.0404568981161548 5.41048462125131 0.0255052691012822 0.0553148554492123 -10.8569074700733 -2.95361558146913 -0.00296491192609015 2.9875783644881 11.1925821525199
"etap[6]" 0.0460617023789837 6.76379108560199 0.0318848169543886 0.156356417476322 -13.798065984735 -4.06825170180302 0.106382664240796 4.24339236251332 13.5137227296799
"etap[7]" -0.0272149301151543 6.83956165278855 0.032242002833535 0.153811009664792 -14.003524816471 -4.16677191101067 0.133556784180841 4.21043952637532 13.4061195966301
"etap[8]" 0.0163818434664879 5.45938898552462 0.0257358064853307 0.066655209532255 -11.0935857468902 -3.06605799332055 0.0140254126677187 3.13806906174224 10.9725340117767
"etap[9]" -0.033277705112238 5.37906675888907 0.0253571638777707 0.0474593019324118 -11.0168884427847 -2.99621671761088 -0.0586725880734813 2.94391456210937 10.9412991087523
"etap[10]" 0.0316172721032291 5.44113257236752 0.0256497449283739 0.0676998518014352 -11.0113814139834 -3.04949761853197 0.0402508293198318 3.14585861178647 11.0209908820619
"etap[11]" 0.0441625437847277 5.44600406563394 0.0256727093678618 0.0507797530782558 -10.9662037209878 -2.97164247992992 0.0196536696891837 3.05881491988623 11.23443781022
"etap[12]" -0.0140177071335504 5.44073141792762 0.0256478538682088 0.0660064092570335 -11.147035847127 -3.06540372098048 -0.0018923815859813 3.08678806751967 11.0355845202286
"etap[13]" 0.0585103163114887 5.45577051808605 0.0257187488662419 0.0565609559225098 -10.7491719497307 -2.96715082813763 0.0139676256257962 3.0154919863968 11.3652005253332
"etap[14]" 0.0378489528907246 5.50319836222292 0.0259423258676169 0.0548711028188062 -11.0704952572182 -2.9862555750183 0.0372295045164239 3.01127929754256 11.4049699328228
"etap[15]" -0.00110505594919403 5.43021316731391 0.0255982703593076 0.050665079463695 -10.9006589738839 -3.01243217020934 -0.0320438010667702 2.9741082895826 11.0575240500145
"etap[16]" 0.0107075191541574 5.44739529572817 0.0256792676894206 0.058703753286794 -11.003430892383 -2.98324778310258 -0.0254464149715931 2.94433818370715 11.3898551549452
"etap[17]" 0.0557054330746187 5.44331919462464 0.0256600527645465 0.0693777175159176 -11.1073171016871 -3.04403163767752 0.0827334349825128 3.1324120150241 11.2655598579352
"etap[18]" -0.0319904229257344 5.43231934186851 0.0256081989613738 0.049152889272452 -11.1259678538984 -3.0160734124698 -0.0526805593417224 2.92846723258891 11.0577244471162
"etap[19]" -0.0260340446573091 5.37868826750038 0.0253553796522536 0.053239283858674 -11.051841386273 -3.04808747573687 -0.0398093900153551 2.9525285582618 11.0126014225519
"etap[20]" -0.0292452102137002 5.48688595598402 0.0258654284471569 0.0484289566427145 -11.2833909803785 -3.00189928004672 -0.0370611474182493 2.98202850079517 11.1174852972419
"etap[21]" -0.00497239757413769 5.42512845026993 0.0255743007732929 0.0662947124662127 -11.1612200820839 -3.07984373911307 0.0380400094189007 3.11645540029459 10.9473205322948
"etap[22]" -0.049563183321453 5.52937809308668 0.0260657383024396 0.0677302172519875 -11.2462399183372 -3.13017718903782 -0.0257615537703046 3.0547308442465 11.2031904937276
"etap[23]" -0.00898770872292667 5.46110729621017 0.0257439066795836 0.0492879138026426 -11.1940848729314 -3.01651281379645 -0.0126556234780779 2.96579675152008 11.1852734626609
"etap[24]" 0.00722791885786726 5.46922649290761 0.0257821809398673 0.0519050369584816 -11.0521293115971 -2.98431438840927 -0.0282345264297394 2.9924586167156 11.2757629357629
"etap[25]" 0.00366219806561298 5.45150867806114 0.0256986583596956 0.0666937175289595 -11.0272823752921 -3.07035107313359 0.0208979169880555 3.12757049281442 11.1216167495271
"etap[26]" -0.00847223093474273 5.3770649849736 0.0253477274250372 0.0625693513134718 -10.8940801961375 -3.0333412989597 -0.00185788641670246 3.0917926686906 10.8404319899843
"etap[27]" 0.0262761762282278 5.44208616668519 0.0256542402150973 0.0575865337787111 -11.0139877102828 -2.97716849747295 -0.000181227323678908 3.03196408417626 11.0618384117106
"etap[28]" -0.00721314085301181 5.4081310915657 0.0254941744559461 0.04816287468646 -11.1228449389281 -2.97898080982046 0.000791893555815183 2.97538377178892 10.830737027689
"etap[29]" -0.0017763371593302 5.4590619153875 0.0257342646619182 0.0520668311415059 -11.0352654713138 -3.00082827891675 -0.0104020893851062 2.98409491990716 11.2340212231967
"etap[30]" 0.0240655309399083 5.44234388680328 0.025655455119385 0.0501391633673014 -10.9702091867387 -2.95780325786147 -0.00135535277868396 2.98417821924266 11.0645455018502
"etap[31]" -0.0314438461328602 5.39369323642316 0.0254261137540989 0.0503945239048541 -10.9170514263231 -3.01365277115334 -0.0465532184431193 2.87919437544826 11.1287336357883
"etap[32]" -0.0138713419624621 6.78787304675885 0.0319983404079771 0.153520943078998 -13.6478785689084 -4.15529119498874 0.0320894355333855 4.19445859130458 13.4453991706629
"etap[33]" -0.00706651886777467 5.45289293619222 0.0257051838151049 0.0519549632671156 -11.2522275391162 -3.00921421845765 -0.017818373389377 2.98879192952314 11.1426171459401
"etap[34]" 0.0174313608973417 5.49867808399007 0.0259210170716749 0.0541382756300094 -11.1775947380363 -2.9783254757965 -0.0142778605956359 2.98385868548255 11.2521809608613
"etap[35]" -0.0562718221622509 5.42798845741956 0.0255877829762912 0.0547044923258093 -11.1298753839854 -3.02685232657226 -0.0781279619655436 2.92546524352649 11.0916806944758
"etap[36]" -0.0151125553594437 5.39900462280256 0.0254511518696081 0.0455482624190555 -11.0510391782497 -2.98923281907288 -0.0123338624307133 2.97422847088091 10.9801638309373
"etap[37]" 0.0148619286696582 5.4311456734985 0.0256026662356184 0.0704141887969638 -10.9972808299184 -3.04552239042085 -0.00458192604881154 3.08817239901627 11.0635629918067
"etap[38]" -0.0341720988745376 5.48086640019866 0.0258370519890531 0.0542686815521792 -11.1263734581723 -3.05867731023153 -0.0451901919721582 2.9178436405069 11.275451911625
"etap[39]" 0.0331256885603121 5.47748548242657 0.0258211141898313 0.0553389178493351 -10.94526819907 -3.01236059560839 -0.0176401262783882 2.98491251001334 11.2012976292241
"etap[40]" -0.0112368954368508 5.45288251466542 0.0257051346875565 0.0579378879735604 -11.2652839550046 -2.99204995267247 -0.0113916479637082 2.95554754638924 11.1993627228002
"etap[41]" 0.0329849559822616 5.41820981520299 0.0255416860148103 0.0660712899500055 -11.1251577977745 -3.00756239093669 0.115877077560513 3.1067626591272 10.9564186147254
"etap[42]" 0.0481659073017852 5.40516674522519 0.025480200393285 0.0715998876800787 -10.8693162103424 -3.06498852821767 0.0367230137791838 3.13786821128507 10.9963408955967
"etap[43]" -0.0524688481305439 5.40793899075374 0.025493268884034 0.0489671287537187 -11.089345318823 -3.04948991044948 -0.0213616854648951 2.94496430710403 10.875481251967
"etap[44]" 0.00456244581040292 5.43970467268925 0.0256430137447381 0.0540445310577666 -11.0543445674395 -2.9716531635195 -0.00973690621284521 2.9699260395377 11.1390160334196
"etap[45]" -0.0314792114068028 5.44897593998005 0.0256867189178816 0.0563070969075592 -11.2755747628808 -3.0072972366037 -0.0381747728757681 2.96279964869453 11.0521753908849
"etap[46]" 0.0366903485919131 5.40905639393443 0.0254985363731433 0.0502183314290221 -10.8704297347133 -2.92670160058678 0.0148044352026205 2.9489101433779 11.1778086918838
"etap[47]" 0.0414911104726269 5.41433686369936 0.0255234287463342 0.0489665883569997 -10.8381005437071 -2.97288918508321 0.0166886387341404 2.98551550333163 11.2258665171656
"etap[48]" -0.0679232181093903 5.52614664585746 0.026050505114114 0.0570178736590746 -11.276590554861 -3.10147532663457 -0.0544762012357774 2.91880415783297 11.1128165403759
"etap[49]" -0.0122037891427593 6.86140767849271 0.0323449859863176 0.151701179636343 -13.7813648875628 -4.22136873894695 0.103749301019553 4.24248602723892 13.308094464247
"etap[50]" 0.0180941207303128 5.46940763019942 0.0257830348292497 0.0596101126933051 -11.0284103061273 -2.9720190096795 -0.0216486375513167 2.95069105382004 11.241661490033
"etap[51]" 0.0176794805537712 5.78718440827774 0.027281048927135 0.0474809998643494 -11.7992540208059 -3.15486311094611 0.0196062725437808 3.18553644692458 11.7955184544266
"etap[52]" -0.0351645873821796 5.64076160654913 0.0265908052203174 0.0359040604131513 -11.7454122783855 -3.04624470416287 -0.0187347732649014 3.03815092372702 11.3639616489222
"etap[53]" 0.00893150048773636 5.65463764976992 0.0266562175153672 0.036699859884654 -11.4481284161843 -3.09987208323291 -0.000761985037985923 3.11166156139887 11.5420861182636
"etap[54]" 0.0731907590638715 5.634160177008 0.0265596857830237 0.0383849140457583 -11.3115072294863 -3.05259917076319 0.0391416778926564 3.16135056717944 11.6959990460624
"etap[55]" 0.0540090597143385 5.61814133485482 0.0264841722369352 0.0364730557998163 -11.2180729256547 -3.08560857999073 0.0236275502322465 3.14123563897753 11.572505821953
"etap[56]" -0.0314038796336307 5.68638418031406 0.0268058720955465 0.0380926664462739 -11.5020086663184 -3.12566124752291 -0.0219463961999854 3.06647771933261 11.4031100911498
"etap[57]" -0.0351610098450795 5.62339318872963 0.0265089297135264 0.0362491560806093 -11.5874071499256 -3.14453300609735 -0.0058714994013881 3.09395203425545 11.3281962705697
"etap[58]" 0.00813009569034421 5.66097389369795 0.0266860868556922 0.0372341521505329 -11.6748890320858 -3.11895564611869 0.0220727956789072 3.11850443798245 11.3590824180076
"etap[59]" -0.0276007661487374 5.62592950059544 0.0265208860023232 0.0367319368072363 -11.6336302029435 -3.10435148296912 0.0344255736036109 3.08602916420609 11.3826095882222
"etap[60]" -0.0270394599815355 5.66172152755687 0.0266896112355022 0.0372535160786312 -11.5440888534876 -3.15203476426847 -0.00707877804139315 3.08519150118182 11.4329272551191
"etap[61]" 0.0999487203242312 5.580835055368 0.0263083087488954 0.0411133385077826 -11.1366929594964 -3.05299815080772 0.0372653419756217 3.19425271808193 11.6324144843065
"etap[62]" -0.042327046901 5.63143290934253 0.0265468293199546 0.0379041173151319 -11.5565668136281 -3.15762383090154 -0.0588041570626279 3.06985809929453 11.2980072978674
"etap[63]" 0.0712235229450389 5.64539152200058 0.0266126308510644 0.0375058366050551 -11.4350671696184 -3.06041689380639 0.00966352315551792 3.14188585251676 11.7463615012637
"etap[64]" -0.0122112910205929 5.61878488676453 0.0264872059697312 0.0379452160195218 -11.4253036753446 -3.1186611967378 -0.0308229223497926 3.06951257346982 11.637759445061
"etap[65]" 0.0658035370322411 5.70807987333043 0.0269081465732427 0.0376529475708757 -11.4091830610245 -3.0894369157997 0.0524597225695928 3.15074369606694 11.9840317962437
"etap[66]" -0.0371104042797802 5.65302196179761 0.0266486010892238 0.0379913173338296 -11.5809784546223 -3.17564930853607 -0.0173769589859224 3.07421011806683 11.5295950874401
"etap[67]" 0.0185115134285481 5.59649679345794 0.0263821388902859 0.0376601797157771 -11.3124956737886 -3.10612102086986 0.007878356043267 3.12301652074497 11.4096193393993
"etap[68]" -0.0484069758374727 5.67912406017387 0.0267716475609908 0.0390211696354213 -11.5545475411918 -3.18335334524401 -0.0595857894545022 3.08040609750349 11.4937833667706
"etap[69]" 0.0470861731462607 5.64729357862457 0.0266215972319778 0.0348055252346454 -11.3824165057398 -3.05609996245374 -0.000306827495548659 3.14654832656163 11.7294025535498
"etap[70]" -0.0292089560069546 5.62282715602323 0.0265062614097593 0.035565275151453 -11.6034786683098 -3.17281092063238 -0.00186869647777454 3.13836819497836 11.3873910697512
"etap[71]" -0.00832429331388383 5.66203037422983 0.0266910671526808 0.0378921484367296 -11.3745312163579 -3.1108318087502 -0.00303514018652056 3.12168803514653 11.5726954164712
"etap[72]" -0.0301436870555018 5.6334308597454 0.0265562477484769 0.038775017195913 -11.6136369684227 -3.13549155987143 -0.0263295329489023 3.0505296033858 11.6527266772624
"etap[73]" 0.0415196915856463 5.78065536510231 0.0272502707224416 0.0485163025095275 -11.6380228040108 -3.11482485654193 -0.0141510160553592 3.12782275780863 11.7275267006386
"etap[74]" -0.0309928273550486 5.65170403587926 0.026642388326864 0.0372335584205134 -11.6267043876691 -3.12676131660629 0.0197308752248068 3.1413451888022 11.27431412414
"etap[75]" 0.00695917852103844 5.58363237678879 0.0263214954485341 0.0380208003377256 -11.3239234569064 -3.11204153474515 0.00697889330627186 3.10135662824119 11.2927525749378
"etap[76]" -0.00600465854785462 5.69016966957913 0.0268237170630761 0.0374980239086915 -11.6376929870736 -3.15834405491128 -0.0202199278320437 3.13000182020445 11.6963118024104
"etap[77]" 0.0799067374155328 5.61665538125161 0.0264771673844729 0.0350408408158785 -11.4041483927567 -3.06316103116588 0.0796708314531104 3.22158905735165 11.5613300825195
"etap[78]" 0.000998596170047969 5.61374764845103 0.0264634602005984 0.0368061591016752 -11.4072120760272 -3.14229040197289 -0.00493830409331984 3.10416588219667 11.6448825677642
"etap[79]" 0.0167444862945465 5.58833987521972 0.0263436868089536 0.0360876536567905 -11.2327046690433 -3.08162791319483 -0.0104669050509902 3.13037612580298 11.316897646506
"etap[80]" 0.0321147847325236 5.59360789384938 0.02636852048693 0.0373219741276996 -11.357049477579 -3.0934898126649 0.0358137509809154 3.11845662280802 11.52058834946
"etap[81]" 0.0698799007454262 5.58469204020082 0.0263264907497636 0.0370757084922427 -11.282792874331 -3.07386493197208 0.0782677924981343 3.21980348769256 11.4548768828395
"etap[82]" 0.0138701514733723 5.66520064072149 0.0267060119322436 0.037359349404705 -11.4135698633314 -3.15514661525586 -0.0120073731138124 3.12059030956914 11.7701185961669
"etap[83]" -0.0208914552566376 5.60742880086071 0.0264336728673957 0.0353447615196636 -11.5113621652958 -3.13565046294586 0.00103758088704929 3.11194783506612 11.243965897311
"etap[84]" -0.0172025189271831 5.69983422351766 0.0268692762072567 0.0392701122126125 -11.6509053026663 -3.09708758302957 -0.00597613328895625 3.0516949706816 11.7492973785455
"etap[85]" 0.0226254142426193 5.58300536419326 0.0263185396828128 0.0349375933102333 -11.5368822897011 -3.07482910999445 0.03588134724981 3.13496581462334 11.3644562183598
"etap[86]" -0.00684983940216547 5.63759281019572 0.0265758673710528 0.0366872473601524 -11.3391854101886 -3.14698702564381 -0.0718787231140637 3.09683007674917 11.6508817870874
"etap[87]" -0.00327407151226131 5.67691905114455 0.0267612530487427 0.0391809116944243 -11.6378726134287 -3.11996895382669 0.00730263266839603 3.12565618155276 11.6264573199691
"etap[88]" 0.0369050485154254 5.56896290812551 0.0262523429100793 0.0354353176052703 -11.3703404044841 -3.05899473792068 0.0272639843656702 3.08008685753077 11.4183847951763
"etap[89]" 0.00194012810060996 5.6206177713459 0.0264958462705087 0.0350804245579157 -11.5129260432353 -3.1109598692755 0.00784291500801741 3.15203292645717 11.5175882676199
"etap[90]" -0.042954619874083 5.6179905847106 0.0264834615939403 0.0367857330100212 -11.6130669262166 -3.14334572401614 0.00769874316635166 3.12169050295473 11.3352664989055
"etap[91]" 0.0354267337012285 5.69500787681493 0.026846524590711 0.0378948006317808 -11.399948117183 -3.13967573352227 0.0450554443979912 3.13731176900172 11.6900873990006
"etap[92]" -0.0435884976483992 5.61714022977956 0.0264794529823526 0.0375159988409077 -11.57609510148 -3.14996441377265 -0.0270389760421252 3.0722734056663 11.3681439925891
"etap[93]" -0.053631454966707 5.67589124046435 0.0267564079027311 0.0378268965830379 -11.7388944444397 -3.07574656891504 -0.0373249027907544 3.02942576643943 11.478417877156
"etap[94]" -0.0307905796493256 5.64565487866347 0.026613872326279 0.0373328610102915 -11.4948788808412 -3.14360889962787 0.00225617630511221 3.07467325456205 11.4901087249919
"etap[95]" 0.0219732620207217 5.60027486500803 0.0263999488903717 0.0365975289985013 -11.114597061026 -3.1002826460217 -0.00049335467563119 3.11048333898515 11.6106789605283
"etap[96]" -0.0347390016169954 5.5821557831397 0.0263145347193186 0.0373430877527223 -11.4847940485732 -3.13964905292957 -0.0464707790791675 3.06456845121121 11.3767134282889
"etap[97]" -0.016344113268123 5.64398527966744 0.0266060017611327 0.0375816378350176 -11.6862855687665 -3.0903309958623 0.0194173185640696 3.09706857161206 11.415406789257
"etap[98]" 0.0802159007012604 5.59525091778255 0.0263762657760286 0.0379125252893071 -11.1239287019909 -3.04204731687028 0.0365479844711601 3.16823500492069 11.5157106954986
"etap[99]" -0.0599527827506505 5.59934601547233 0.0263955702516691 0.0355999754405126 -11.7182225391966 -3.14829388912138 -0.024187517242749 3.06531150054924 11.2335751685931
"etap[100]" -0.0173331336804725 5.59440127892809 0.0263722605400583 0.0363531855591479 -11.3592977117405 -3.1363658154228 -0.0436883488443911 3.13647560459938 11.3844512762925
"etap[101]" -0.0372924879280236 5.66908772257052 0.0267243358118068 0.03659577437651 -11.6731026090025 -3.12620189458219 -0.0190478436095777 3.07848178602073 11.3607309434231
"etap[102]" -0.0172200531500181 5.61079274835115 0.0264495306679427 0.0366069508137686 -11.3683714389138 -3.10625672642567 -0.0568625815702468 3.03770250323261 11.6259643966319
"etap[103]" 0.0342491075718449 5.59084741554578 0.0263555074674114 0.0369097818239702 -11.1566373839377 -3.07993638224676 -0.016337488072435 3.0955703944548 11.5781849918578
"etap[104]" -0.0166857124667622 5.62492512964836 0.0265161513522732 0.0355635058503319 -11.6984603770293 -3.14037058232589 -0.00201650523667423 3.13870488003748 11.5569472028052
"etap[105]" 0.0580402541207299 5.67971922830754 0.0267744532104792 0.0386657593330246 -11.3792327473134 -3.09847554516608 0.0185994049295517 3.11875454542952 11.7478486186183
"etap[106]" 0.0409121189590001 5.57961581460394 0.0263025611928143 0.0367186082114769 -11.2815830298046 -3.08119891681711 0.0512562158207147 3.14234333670988 11.4221740224983
"etap[107]" -0.0567320619322112 5.65539793279352 0.0266598015239112 0.037625738347515 -11.4706634336497 -3.17376950241587 -0.0650679663875449 3.03488385992223 11.4502804731306
"etap[108]" 0.00508678556164279 5.61099072724027 0.0264504639493762 0.0319549989406481 -11.4040047046348 -3.09095975094621 0.0190684899029739 3.07551808174034 11.414398610421
"etap[109]" -0.016783636360087 5.59109417185897 0.0263566706878271 0.03822124140405 -11.4035370598565 -3.10112772649536 -0.0436558741384129 3.05541055710306 11.4309740340875
"etap[110]" -0.0126092582328324 5.66682923585848 0.0267136892033448 0.0360991876241194 -11.4619240704072 -3.12487115103822 -0.0159500734748409 3.06510519432437 11.7548931682425
"etap[111]" 0.0379756226423239 5.55786766713518 0.0262000394424583 0.0351344079720082 -11.3616023427081 -3.13274444807527 0.0170856333744599 3.16549596653037 11.5540149190989
"etap[112]" 0.0363057514937433 5.6474597790116 0.0266223807081159 0.0363607736476847 -11.4749968475329 -3.10375045851168 0.0579695613031019 3.17501233875883 11.366645965332
"etap[113]" -0.0461924396366623 5.63672939742843 0.0265717972042347 0.0367092239148311 -11.6480445631131 -3.21214472728663 0.0171154526638467 3.12626088292616 11.4408211162719
"etap[114]" -0.000883367078667172 5.66231243234581 0.0266923967873908 0.0365490861218417 -11.7215108712768 -3.14435090375917 0.0142706241235212 3.20213886207443 11.5113713570635
"etap[115]" 0.011335858740315 5.59482399011449 0.0263742532197009 0.0373587623099831 -11.466369157509 -3.07458769162681 0.0160798769301594 3.05558435528769 11.6356961216935
"etap[116]" 0.051747302705921 5.71125702793986 0.026923123823704 0.0372757828552929 -11.2875894990013 -3.15074469033784 -0.000780096918368543 3.18737945350033 11.8993656091161
"etap[117]" 0.0298315208516933 5.62759565455049 0.0265287403273907 0.0351812786106745 -11.6980391422463 -3.07663426756391 0.0835659998471845 3.1659515089407 11.3989938470553
"etap[118]" -0.0000929905023842291 5.73637331932842 0.0270415231567647 0.0409307459819644 -11.6815054477759 -3.14050055603124 0.0223466192062152 3.15959796241718 11.4521144383542
"etap[119]" 0.0485622289279383 5.60206759442856 0.0264083998979056 0.0406773361471591 -11.3534741270273 -3.07066354214367 0.0271932968961509 3.16240536674472 11.5164579428571
"etap[120]" -0.00318592898340691 5.61555504182774 0.0264719803346847 0.0384782939900241 -11.6387565188103 -3.13234924220355 0.00880767811493782 3.15036451355687 11.4447493723102
"etap[121]" -0.04160156475737 5.62302760060987 0.0265072063146024 0.0372877969956804 -11.4709554942267 -3.12202376850831 -0.0341653450335 3.09960255425278 11.27495647896
"etap[122]" 0.0044583686501087 5.66479554429199 0.0267041022893614 0.0404707400423811 -11.6045534404298 -3.11365433723587 -0.0170647575141603 3.12427166425756 11.5779031461351
"etap[123]" 0.0157186011045174 5.67559539407046 0.0267550132694557 0.0395326801455509 -11.4838255541725 -3.07422636005685 0.0106614553252733 3.12137720632108 11.4977293311386
"etap[124]" 0.049160398837669 5.63611475707286 0.0265688997618119 0.0382577581788346 -11.4490130562439 -3.03188668713779 0.0517002095166155 3.18048201842856 11.542913706803
"etap[125]" 0.0357410652606549 5.61624111248044 0.0264752145027573 0.0375323082891634 -11.3055201361726 -3.08232395650261 0.023963701465827 3.13725557544875 11.6523565518178
"etap[126]" -0.00267984599382918 5.57636584508058 0.0262872406895569 0.0370601767660792 -11.4008846384793 -3.12383109533319 -0.035420228911546 3.10332726052864 11.3947885033291
"etap[127]" 0.0134882116356109 5.64634186934026 0.0266171108313868 0.0362284142446055 -11.3520900140215 -3.11259309535458 0.00676343656821222 3.14897432683923 11.3347828259072
"etap[128]" 0.00740818873184307 5.5931122585845 0.0263661840398847 0.0366219217685023 -11.4772838695907 -3.11485842525026 -0.0110668303981202 3.09496736025655 11.570862294561
"etap[129]" -0.0305199161564142 5.59629157692244 0.0263811714902601 0.0378122048490672 -11.4775491697842 -3.11919620634199 -0.0192110054510829 3.06199314669304 11.2614406989601
"etap[130]" 0.0129772625236905 5.67283989160819 0.0267420237062781 0.0414018434862052 -11.5211892829056 -3.13178561819422 0.015155120490439 3.15292831574975 11.491998684997
"etap[131]" -0.00764661236082453 5.64579643710458 0.02661453963917 0.0406715732586098 -11.5022825377614 -3.09369662428863 -0.00479112222621211 3.09410161021078 11.3540345506498
"etap[132]" 0.0142809408071421 5.65012767313345 0.0266349572816162 0.0358759895674816 -11.4080403012958 -3.07303406537078 -0.0158276127885225 3.16550927860417 11.4408774061412
"etap[133]" 0.0476980440070266 5.56419309503514 0.0262298577955381 0.0373049596195903 -11.3019659652862 -3.01873395541745 0.0777296868573642 3.13092356087942 11.5101984993955
"etap[134]" -0.0256530373213503 5.57658789296733 0.0262882874333333 0.0369621540707834 -11.3407366450769 -3.13834914191657 -0.015609841981928 3.08614184378806 11.3432409122152
"etap[135]" 0.00445558691797371 5.70693336066499 0.0269027418607063 0.0379775464973189 -11.5814183653781 -3.1076293641229 0.00314165421164716 3.09728892430413 11.655931202627
"etap[136]" -0.0391609076952694 5.61760597740262 0.0264816485377032 0.037079671705511 -11.5156312750461 -3.14600114765283 -0.0408188216366247 3.03928351069588 11.4852349809613
"etap[137]" 0.0249906350648365 5.70246496467111 0.0268816776399843 0.0393605860822465 -11.6229475076298 -3.12639728618421 0.0150735349054441 3.17887514033029 11.6704701862164
"etap[138]" 0.00723900840893492 5.59445131897456 0.0263724964310996 0.0375403104487512 -11.3192350967856 -3.11934242428848 0.0335341467195877 3.16404546435086 11.2303481461965
"etap[139]" -0.0206221533173195 5.6613285488575 0.0266877587161476 0.0395298474800498 -11.6723464516776 -3.08885924336255 -0.00811951590576688 3.07391841397967 11.5697238250445
"etap[140]" -0.0122681693062834 5.63959635248155 0.0265853121599642 0.0396043620772641 -11.4980435057294 -3.13665647448377 -0.0298805202134486 3.08340994016457 11.5694075327218
"etap[141]" 0.0492566043206498 5.56821687206156 0.0262488260623472 0.0369657537442763 -11.4463605242537 -3.0461424822494 0.044592861183641 3.1345160509216 11.4611434022657
"etap[142]" -0.0461584567768979 5.63958534996208 0.02658526029359 0.039555373054068 -11.4148234391318 -3.15729228035053 -0.052253208401508 3.05966056853002 11.2765212822559
"etap[143]" 0.0342472733811689 5.62106596448992 0.0264979590732515 0.0346190130636301 -11.3574369031287 -3.1376562103095 0.0309708972090131 3.17390956839469 11.5445757829097
"etap[144]" -0.0389094719480239 5.60586443467599 0.0264262983744792 0.0369333456731031 -11.516844047214 -3.13950719731647 -0.0424220294437407 3.09246876284724 11.333749690862
"etap[145]" 0.0501483140034106 5.63400780536326 0.026558967496202 0.0407695875921694 -11.3073295290974 -3.10012837044851 0.0276286960065798 3.16697489118579 11.499195869039
"etap[146]" -0.0220875992576981 5.56366679819466 0.0262273768084393 0.0361072718570664 -11.2770546399223 -3.1183615194767 -0.00480188219120591 3.07557418756449 11.2645543816272
"etap[147]" 0.00367370570518508 5.63291629264859 0.02655382205592 0.0371280416397142 -11.5797700665595 -3.08377679269572 -0.0334256865403627 3.07299652709925 11.4327438115463
"etap[148]" -0.0111568342615644 5.58812602425288 0.0263426787058282 0.0348473445056914 -11.3525689985941 -3.13627578647607 -0.0285600550645572 3.09961221801829 11.2331161446523
"etap[149]" 0.0196829742446589 5.63467575338506 0.0265621162333733 0.0368736964100399 -11.3149915562161 -3.09263389045966 -0.00800604128007581 3.11859417060901 11.3973957996635
"etap[150]" 0.0157459422545096 5.65342914742043 0.0266505205806578 0.0375695202763185 -11.3800109581412 -3.13099828683556 -0.00803068808949373 3.13462685482544 11.4986520785397
"etap[151]" -0.00755153047620653 5.71180961630908 0.0269257287502579 0.0368769684200391 -11.8386866759781 -3.17281660130169 -0.00758258447209028 3.11930500991798 11.8019183343022
"etap[152]" 0.0207285261977307 5.59560676731938 0.0263779432668324 0.0365861149645295 -11.4645491613976 -3.0695349606374 0.0403411371233284 3.14684308553392 11.1553946917837
"etap[153]" -0.00352071190886987 5.6078944461654 0.0264358679404129 0.0398516784951259 -11.466891918608 -3.11129659668079 -0.00929568971808277 3.11281119463467 11.1378914474425
"etap[154]" -0.0399294980733672 5.6291993297291 0.0265363001246815 0.0351390819941456 -11.8498796288029 -3.06345138706551 0.0324060617647361 3.07374558220524 11.1960571134222
"etap[155]" 0.00239772404039588 5.60603739371359 0.0264271137112016 0.0354152631970607 -11.4869168974258 -3.10921003010039 0.0029564609670249 3.12659144674635 11.3981927550494
"etap[156]" -0.0430769488607707 5.62087180195505 0.0264970437822844 0.0382056199242847 -11.5217831998522 -3.14642421916233 -0.0312899999503556 3.07229442978549 11.3395124926068
"etap[157]" -0.0220504223602002 5.54118859135968 0.0261214135252264 0.035176028583805 -11.247966126553 -3.14478182481522 -0.0515958004703313 3.02676637867277 11.2452831730401
"etap[158]" 0.00866688550978764 5.53850701980669 0.0261087724756974 0.0345063046826015 -11.4085334027978 -3.08444407443234 0.0050998482292125 3.08475078994368 11.4456676394647
"etap[159]" 0.0286421538187219 5.69498797665824 0.0268464307804726 0.0406593943588047 -11.3983989990339 -3.11677357192483 0.0441933334493994 3.19808692284139 11.535973050771
"etap[160]" -0.0497077576606709 5.68074833563446 0.0267793044689421 0.0348474005662598 -11.6816120797305 -3.17634325488881 -0.0359758043155003 3.05457907158533 11.6349288297867
"etap[161]" 0.0764503022567909 5.65809559558732 0.0266725184282769 0.0359339952557638 -11.3368307634576 -3.05375421724897 0.0661477475490529 3.14728882172756 11.7549682746387
"etap[162]" 0.0257164414767154 5.59200391710601 0.0263609592680493 0.0347925612407141 -11.2665353178127 -3.08719751198494 -0.0190140921441602 3.09392371938176 11.6062480908664
"etap[163]" -0.029428762851085 5.60057126395013 0.0264013461283843 0.0368092664477847 -11.4233927380729 -3.18652213442366 -0.0421808516810113 3.07432680989643 11.4846391732803
"etap[164]" -0.0646735049514985 5.61574895311669 0.0264728944412671 0.0368911335683044 -11.4544202256316 -3.15052687078545 -0.0452173931163992 3.05647919710931 11.3634425769839
"etap[165]" 0.00326790262934302 5.67953370535257 0.0267735786468824 0.0379266263505155 -11.6259976492705 -3.16662223628122 0.0191032481314856 3.12153950850252 11.6106217725018
"etap[166]" 0.0092184709265867 5.51461664005983 0.0259961521455366 0.0351438561143049 -11.2807861376763 -3.12918794627973 0.00308537024059143 3.10089197754281 11.4404750884857
"etap[167]" -0.0398566033094679 5.55985777203461 0.0262094208869227 0.0365179246459444 -11.3034442747885 -3.13091023405068 -0.0469133519067753 3.06840269953642 11.1646513011778
"etap[168]" -0.0311731989113754 5.60873820901769 0.0264398454766433 0.0381817864624666 -11.2791639234052 -3.1000470138918 -0.0125869658046941 3.03457578276994 11.3684470255667
"etap[169]" 0.00238701338504319 5.58437907565153 0.0263250154207297 0.0342281881922356 -11.4087548618812 -3.10333465008051 0.0102434570957979 3.11288551422604 11.2775161162105
"etap[170]" -0.0682661215919662 5.68418223653662 0.0267954920330344 0.0378668216338137 -11.8629155543055 -3.14637944857066 -0.0330528392049791 3.0896162658598 11.5062572656943
"etap[171]" 0.00803093555050041 5.65839331490294 0.02667392189059 0.0361773290799238 -11.4977930205825 -3.1340776498841 0.0129122519752927 3.16256597469003 11.4871157665828
"etap[172]" -0.0690237413577086 5.61102359388635 0.0264506188842317 0.0386592450423693 -11.5386506403602 -3.15367658081176 -0.0235657874333664 3.11319359484305 11.1635909977369
"etap[173]" 0.0214266648292115 5.64294542488467 0.026601099838677 0.0368921936952144 -11.431810709206 -3.09560775894949 0.04059297220565 3.16057499280885 11.5200867654974
"etap[174]" 0.0225166348967604 5.57253841159002 0.0262691979950521 0.0374317395781956 -11.2364456320152 -3.10903593834275 0.0240048466477204 3.14159457756995 11.4346482922077
"etap[175]" 0.0450302586305839 5.60994099085158 0.0264455154445835 0.0342712507620567 -11.267839888825 -3.05516454090053 0.0212380354414764 3.15941516558043 11.5261366637666
"etap[176]" 0.0320609483792827 5.63457109967762 0.0265616228910652 0.0372544559928446 -11.4923207915331 -3.08733454988129 0.00093250974457042 3.14561141465362 11.5425487385037
"etap[177]" 0.0332849461334933 5.59350865457187 0.0263680526684894 0.037493271257339 -11.2302633077999 -3.05147240834064 0.032980289903311 3.14449493868644 11.2730169102142
"etap[178]" -0.0246810807051519 5.68539951753632 0.0268012303506977 0.0387100154077915 -11.7568131689882 -3.11644017160197 0.0182322069949246 3.15578645760508 11.36225825856
"etap[179]" -0.00495234636233493 5.57167321474369 0.0262651194180048 0.0361857020577518 -11.4006528554212 -3.09689042824931 -0.0211529584227357 3.0458544559405 11.3987895350229
"etap[180]" -0.0121262580122375 5.65553568602737 0.0266604508988831 0.0373932266300331 -11.6036211501239 -3.10589853985627 -0.0221771069921476 3.12112171349545 11.45091892923
"etap[181]" 0.0359106711626569 5.72517455795218 0.0269887316893645 0.0391906648608201 -11.4842911929708 -3.11173280605933 0.00290984668714896 3.14598271956589 11.6647588369012
"etap[182]" 0.00112981588067859 5.62813207935839 0.0265312690581857 0.0387011344625423 -11.2874179805273 -3.13352386503829 -0.0425289057478305 3.10652025712479 11.5604823066388
"etap[183]" 0.0593715708953691 5.50755329172922 0.0259628552021868 0.0355979680266348 -11.1473721079064 -3.0458724625534 0.008820537690771 3.14312946931116 11.4515231924937
"etap[184]" 0.0429324562212487 5.58162258148964 0.0263120211826352 0.0360043717504976 -11.1808545558922 -3.07172603216523 -0.000603536645877592 3.10388566067675 11.5657575138176
"etap[185]" 0.040061161343891 5.60602370737935 0.0264270491932032 0.0373496422892142 -11.3043763974084 -3.11241398197735 0.0165996517381074 3.1444860185261 11.5337975046079
"etap[186]" -0.000977723778589426 5.6749709476568 0.0267520696008318 0.0373330907666687 -11.532066736042 -3.14145664528555 -0.0144871378409507 3.10818899509804 11.5839602808387
"etap[187]" -0.0149516581481538 5.67749432399928 0.0267639649109868 0.0378270228158542 -11.6037102628738 -3.13266641982491 -0.0224587335221582 3.05921934634462 11.6902672606273
"etap[188]" -0.0284225944779728 5.56487957704736 0.0262330939027781 0.0344168753129456 -11.3130536258755 -3.15696604688145 -0.0191877756930783 3.09286500392515 11.2348536356442
"etap[189]" 0.0985930968431088 5.60621988098332 0.026427973964441 0.0362178038230651 -11.1863304877091 -3.0274664451724 0.0421941727105169 3.19970380812865 11.6465777427206
"etap[190]" 0.00717106520097456 5.60424005108258 0.0264186409567849 0.0372397140304553 -11.3977362364928 -3.09239418823128 -0.00946379712093569 3.11251873437646 11.4065139436141
"etap[191]" 0.0660948196110919 5.62440897223929 0.0265137181629124 0.034362876695144 -11.3179652548798 -3.06029662348401 0.0325057342174708 3.14900749103254 11.5430207644855
"etap[192]" 0.00296382149323018 5.65703408147649 0.0266675144027696 0.037820997589863 -11.5060583178273 -3.12284363756495 0.0172956808852108 3.10651054125917 11.5515886658351
"etap[193]" -0.0422129173097486 5.65034249759937 0.0266359699738603 0.0374556828185369 -11.5955363453866 -3.17474154821972 -0.0127812207848309 3.04758537064375 11.4970327358983
"etap[194]" 0.0575293145806893 5.57489479402842 0.0262803060883938 0.0378026195016999 -11.2057422232789 -3.0716380998712 -0.0144239425628848 3.14453917995635 11.5243021904994
"etap[195]" -0.0282111293638569 5.58163983213375 0.0263121025029514 0.0387823995906602 -11.4184703732807 -3.18249191776098 -0.0131213668329414 3.09359535837378 11.31745889013
"etap[196]" -0.013978187201109 5.56741091247361 0.0262450267324138 0.0354224912839622 -11.2690477263365 -3.10367328456698 0.0241266810104171 3.11135629744235 11.3378916581659
"etap[197]" -0.00666755841298131 5.53097250179595 0.0260732544171749 0.0352526522273749 -11.2272185583867 -3.11747759916723 -0.013404343373058 3.0787465449057 11.3169220281886
"etap[198]" -0.0364664649846041 5.54571616538083 0.0261427567138443 0.0351059892919745 -11.4952779931203 -3.14604406870687 -0.0194267179538258 3.1226591867897 11.1217435305825
"etap[199]" 0.134985782942 5.59259749809495 0.0263637574356657 0.0408420308272909 -10.9745152510281 -3.00859353915812 0.0616466055126643 3.20530598995425 11.7454882147912
"etap[200]" 0.0227389394137629 5.67027854509343 0.0267299494030144 0.0383009599610438 -11.4225299067899 -3.12166604300812 0.00569582006414006 3.11659360056588 11.8083431463141
"etap[201]" -0.00286011340922031 5.6467092682054 0.0266188427662465 0.0387135663841364 -11.4565738837941 -3.13037952998522 -0.0310639826452412 3.11087191767672 11.4170945300217
"etap[202]" -0.0325193890603797 5.62623325961693 0.0265223179360828 0.0380328981063328 -11.5448766327305 -3.10450930311081 0.0130082705304019 3.10958744146391 11.2331239462056
"etap[203]" -0.00767586407425623 5.66451498654966 0.0267027797274806 0.0398443399096339 -11.5107685648968 -3.10774108764983 -0.00399280354878373 3.07904499903449 11.4944233505156
"etap[204]" -0.0832807492306166 5.55879067717148 0.0262043905534968 0.0358450425083589 -11.5494240772974 -3.1555766071909 -0.0376983254097987 3.05580608480647 11.0800165364118
"etap[205]" -0.054207515615375 5.62062917339048 0.0264959000202623 0.038661521526249 -11.4995862808342 -3.13147116601303 -0.064367725545459 3.04349487631502 11.3281285023205
"etap[206]" 0.00537935804093502 5.60231906648128 0.0264095853485307 0.0361170829163123 -11.4640165065598 -3.06863914719789 0.00646780630187181 3.11687177492307 11.360759176043
"etap[207]" 0.0205300747359111 5.5871682415186 0.0263381636747195 0.0384172579928274 -11.4229178842356 -3.12511284039373 -0.00419176987226502 3.1259907540958 11.5217396283387
"etap[208]" -0.0140914924995239 5.57980389154311 0.0263034477960081 0.0348047170824671 -11.4796114684659 -3.12128285752073 0.0322827142758787 3.08032112801438 11.3480036605918
"etap[209]" -0.0724211077589098 5.62243624714022 0.0265044186476126 0.0390544374797388 -11.6205903506631 -3.19658484562928 -0.0503138994072678 3.0938655297973 11.1884626748493
"etap[210]" 0.0680582291433915 5.68844493727073 0.0268155865970028 0.0376557482813757 -11.4307991776223 -3.04026232206858 0.037387798312935 3.15444290486368 11.7432794336433
"etap[211]" -0.0322376737258495 5.61663772327114 0.0264770841439546 0.0373776151116954 -11.6137734660608 -3.1384055344527 0.00689491414359897 3.12579555535533 11.3910284121479
"etap[212]" 0.0428097321987743 5.68075581937637 0.0267793397476398 0.0378168116659513 -11.3128126893027 -3.07236698884541 0.0124407056150339 3.09717113064411 11.7682716302032
"etap[213]" 0.0346584483954932 5.5734565333093 0.0262735260623432 0.0366282864468239 -11.3173356100979 -3.10939908143027 0.00730803360377015 3.152848903112 11.4416463982
"etap[214]" 0.0396168214359672 5.60136391768472 0.0264050827339234 0.0352895016915013 -11.2820305189898 -3.07267746265791 0.0223940444876633 3.11303522509005 11.5457568365573
"etap[215]" 0.0272275033178246 5.69046517986104 0.0268251101119044 0.0378275946333597 -11.2988550482816 -3.14277448622809 -0.0372391632183545 3.14512983452405 11.7098577701419
"etap[216]" -0.0163880759918307 5.5664223324157 0.0262403665213292 0.035567078398091 -11.3243196007295 -3.11542910945312 0.0162844137381988 3.06392715912944 11.3249824854499
"etap[217]" -0.0211889923564216 5.68238548952832 0.0267870220864101 0.0406843929465139 -11.6486705959358 -3.15580484398465 -0.0107726003131788 3.13628070121683 11.6638237814678
"etap[218]" -0.057531052086394 5.65776298876227 0.0266709505046671 0.0368530083602727 -11.7903664315234 -3.12644528569003 -0.0313224588943218 3.09722435490405 11.3583615046038
"etap[219]" -0.0578322404810079 5.58238204663649 0.0263156013356713 0.0355229466685894 -11.5549872467951 -3.15985875393282 -0.0217098979572537 3.09318063473586 11.1293552803254
"etap[220]" 0.0334443705684734 5.65514077787294 0.0266585892839902 0.0368382459134101 -11.5153717181659 -3.10234660469873 0.0571690952546629 3.19349431157048 11.5374879679072
"etap[221]" 0.0213994520770173 5.67780320631435 0.026765420996184 0.037344567715725 -11.4109834316477 -3.12798221290803 0.01160848854773 3.12271732303228 11.6781418874052
"etap[222]" 0.00788101122568759 5.62095062472197 0.0264974153563711 0.0364587749902565 -11.3485822536197 -3.11788243993243 -0.0172314758420139 3.11974672976297 11.5366157004257
"etap[223]" 0.0695203129652607 5.60800867355435 0.0264364064134884 0.0359229648219095 -11.3719020370673 -3.02399426812013 0.0486342948199848 3.1525866110468 11.5584712629811
"etap[224]" -0.0590276187710039 5.59028550719242 0.0263528586060309 0.0368370351436029 -11.5240953478512 -3.11255527817196 -0.00863051316610272 3.07074378483402 11.0507742561165
"etap[225]" -0.0109950604130313 5.65895045405132 0.0266765482697225 0.0385999681378115 -11.4817774146808 -3.11709336265611 -0.0317402317016145 3.10760142221249 11.4261182906086
"etap[226]" 0.0123736865024435 5.67252285171732 0.0267405291658998 0.0350503985138945 -11.4660601606635 -3.12213483711362 0.00089208463107501 3.10752378269465 11.685899006983
"etap[227]" -0.025854564782884 5.61731428514148 0.0264802734871973 0.0364800917254365 -11.7233129118769 -3.09873061028564 0.0235940015965975 3.1147716747464 11.1471330785916
"etap[228]" -0.00224953437111222 5.6084400484164 0.0264384399340896 0.0348343036571105 -11.5266847751735 -3.17714740478813 -0.012781231473775 3.14679594885937 11.4233343238521
"etap[229]" 0.0141055015369698 5.66905570794707 0.0267241848934245 0.0401284742378835 -11.5349336631797 -3.12892727040244 0.00643871987041283 3.1485308593597 11.6973068609388
"etap[230]" 0.0017442255853804 5.68279252723451 0.0267889408805584 0.0401233655771318 -11.4442128183036 -3.13285600592111 -0.0178621523016966 3.08483521371129 11.7357265044723
"etap[231]" -0.00839782648995977 5.67574126718608 0.0267557009219174 0.0381692013172805 -11.4276165895724 -3.10139749170403 -0.0388734177568037 3.08081015196117 11.618807010449
"etap[232]" 0.0158778264785132 5.65542992512278 0.0266599523371976 0.0374300754808308 -11.3456816135145 -3.16200514255151 -0.00118480865287323 3.12184873254038 11.6665907936161
"etap[233]" -0.0351884909618076 5.58154662184579 0.0263116631054402 0.0364203874743944 -11.4093340841271 -3.13097176596551 -0.0416087339953949 3.08456574420011 11.3530484915665
"etap[234]" 0.0175597888140134 5.58253422393148 0.0263163187063196 0.0343349697748632 -11.3894740660883 -3.11082996920822 0.0456903493342246 3.14309549147551 11.3840747429419
"etap[235]" -0.0144938391229395 5.62598823240319 0.0265211628667201 0.0345865474120471 -11.6751909531857 -3.09560019805485 -0.00781502123550672 3.12306732623945 11.4347844358932
"etap[236]" -0.059928792652982 5.61716719460086 0.0264795800957392 0.0365555726168693 -11.6433836712887 -3.15394275266587 -0.0271534681228505 3.0445455150293 11.3828432066444
"etap[237]" -0.0193285954157673 5.65211396546711 0.0266443207534732 0.0382777323462071 -11.4362085292648 -3.1597393155132 -0.0178540489499401 3.09865291863283 11.4819623272355
"etap[238]" -0.0316091894096346 5.60978716551535 0.0264447903049944 0.0364005168543011 -11.3545785742558 -3.06563920784323 -0.0244093751622913 3.03401597411024 11.305336405762
"etap[239]" 0.010605044643592 5.60411362679171 0.0264180449869624 0.0373241402132568 -11.3353872421805 -3.08592187448362 0.00468020210702937 3.10892080288032 11.3945938827322
"etap[240]" 0.0193495953298535 5.61809762094375 0.0264839661675823 0.0356547335498463 -11.3689510506314 -3.09425879406653 0.00263309108126442 3.09709396681115 11.6072814210982
"etap[241]" 0.0248391565435199 5.67042245251853 0.026730627789122 0.038591221715146 -11.5397906793057 -3.12730100218715 0.0290027677035643 3.16692093240317 11.5932203763907
"etap[242]" 0.0642478599165749 5.63593035258329 0.0265680304707116 0.0356602315505724 -11.2105185659809 -3.07669432572581 -0.00725521119852552 3.15026023178442 11.7479084685563
"etap[243]" -0.0181124324008633 5.65650348768479 0.0266650131596485 0.0359795095269355 -11.5341334301408 -3.13026187284648 0.00217238234837426 3.08638537345232 11.4777137531673
"etap[244]" -0.0256285037870162 5.65540878170629 0.0266598526661765 0.0381283022557698 -11.5249448693408 -3.13640958918429 -0.0425392726751596 3.08992086657528 11.6633437157691
"etap[245]" -0.0129491654552607 5.579557492228 0.0263022862584975 0.0355046076358061 -11.4676096976044 -3.10979708682926 0.0121693836241184 3.07301812857168 11.4965119186617
"etap[246]" -0.00528727709282643 5.63180542191901 0.0265485853610807 0.0380685396567122 -11.4574436217423 -3.0830244000458 0.00638694761363883 3.08844124095778 11.3814852458625
"etap[247]" -0.0355615833848074 5.65364997708992 0.026651561581703 0.0415025752609283 -11.5969587108339 -3.12050365324193 -0.0485543885208912 3.08890685909717 11.3965984081501
"etap[248]" -0.0578029544034501 5.64382241005126 0.026605233986399 0.0346687060054228 -11.7711258392401 -3.14457555450355 -0.0376897112585234 3.11310846210131 11.2755090031609
"etap[249]" 0.0204977342324148 5.55193286193923 0.0261720625024644 0.034992398774963 -11.2852524538026 -3.06228737713907 -0.00714951016380481 3.10310591105129 11.5152326642596
"etap[250]" 0.0269779983933885 5.59794338173956 0.0263889581728426 0.0387035958367799 -11.2705286077726 -3.04400221310086 -0.0043708815783014 3.08070661060259 11.3231307851808
"etap[251]" -0.0153506499428421 5.63482839643816 0.0265628357996263 0.0399117340334651 -11.5056645835846 -3.11887115309559 0.000706899632678191 3.11664543437119 11.2808832797876
"etap[252]" -0.00517215525107675 5.63419642343009 0.0265598566502961 0.0377982073049944 -11.5795529027991 -3.12746536858038 0.00797851045771697 3.11444888146862 11.4715598790042
"etap[253]" -0.018743282250983 5.59952468118529 0.0263964124899171 0.0360247136270801 -11.5177861143487 -3.07467610984772 -0.0207230132573447 3.08970080835185 11.2632244677443
"etap[254]" 0.0316996410683989 5.62397949822682 0.026511693603002 0.0372960183260709 -11.3211978634088 -3.04365535993069 0.00511093487615027 3.09349888766959 11.5189536312748
"etap[255]" -0.0508513071754928 5.61288088280348 0.0264593742281512 0.035728155912732 -11.5943660502486 -3.14186600944423 -0.0447863941936667 3.08630473637551 11.3944596689826
"etap[256]" -0.0118753682938899 5.59274061706465 0.026364432104959 0.0379895929906837 -11.3122962193797 -3.12145303264783 0.0117337349978151 3.11592638646203 11.329036668533
"etap[257]" -0.0479602000692218 5.70974872116928 0.0269160135974001 0.0387151827455414 -11.8469026802542 -3.15742777790417 -0.0172013576352549 3.08028226307869 11.5001858993832
"etap[258]" 0.0200426801849171 5.61003835348007 0.0264459744164158 0.0352417728970778 -11.5022079440118 -3.07834536432978 0.0416790579151646 3.12806341728607 11.3404975824114
"etap[259]" -0.0205910370601688 5.64433778906543 0.026607663506371 0.0348113599872993 -11.6410101833058 -3.11284546745338 -0.0124118896382664 3.15333436613362 11.364812212857
"etap[260]" 0.00733538323895598 5.65869340836641 0.0266753365447434 0.03933779489679 -11.4062367300109 -3.12377683114721 0.00813820023102146 3.11286729188104 11.6233595835595
"etap[261]" -0.0308294386379479 5.58617823684342 0.0263334967479246 0.0341041332632526 -11.5017341764516 -3.12573402744626 -0.0246376209341444 3.11482358087602 11.3029683863546
"etap[262]" 0.00310027249766381 5.67564927468118 0.0267552672650905 0.0369564178487938 -11.5337744746547 -3.12275372639026 0.00972487235124652 3.10720751295532 11.5653660146494
"etap[263]" 0.0578164305778328 5.6175961844294 0.0264816023731847 0.0383977256656756 -11.1180247208424 -3.08596802456748 -0.00776179560486136 3.10983578995552 11.6333372167079
"etap[264]" -0.00549135742776538 5.65060419550554 0.0266372036296208 0.0371129047275738 -11.6442575452355 -3.08226221842223 -0.0265410359624324 3.11546856908893 11.5021662549013
"etap[265]" -0.0527140348523559 5.69876792551986 0.0268642496302899 0.036397848885865 -11.8507307869099 -3.12305607241989 -0.0218128212284454 3.11409930776571 11.3598446094942
"etap[266]" -0.0036686693757967 5.59837716320938 0.0263910030383018 0.0382811086432285 -11.531591011646 -3.09571889078946 -0.0148937067245056 3.08910643600835 11.475188701027
"etap[267]" 0.0359819236912307 5.59796164140499 0.026389044249731 0.0380659022550615 -11.3611041885926 -3.07911992661187 0.0117198376389244 3.14193933395032 11.6258954224519
"etap[268]" 0.0234154036990025 5.64804123181561 0.0266251217029203 0.0384861796342871 -11.5524988051754 -3.07131435664219 0.0451313701735409 3.14236401404407 11.4663722162265
"etap[269]" -0.0170678074769334 5.61378202216263 0.0264636222398288 0.0364774361224335 -11.4913512238583 -3.0700621572305 0.0105464846008525 3.05346060450988 11.5252621727095
"etap[270]" -0.0405577624925114 5.63642152815432 0.0265703458945584 0.0374885200337781 -11.5291462809034 -3.18571442239683 -0.0267202879045711 3.10920936279618 11.3816365154499
"etap[271]" 0.0448888131105171 5.56630981119414 0.0262398360912039 0.0358296151150564 -11.309611980773 -3.0514143940298 0.0243097812433377 3.15198200428367 11.4548472395625
"etap[272]" 0.044291877713609 5.66892778874066 0.0267235818765025 0.0373313798656893 -11.4742095000626 -3.09543908535777 0.0560610347038725 3.16189910856426 11.5808672533841
"etap[273]" -0.00655785175025887 5.65434525006235 0.0266548391299269 0.0380218885998492 -11.7288284469772 -3.12662636635387 0.00406721274515217 3.10797567876449 11.5650573188575
"etap[274]" 0.0229943381255 5.63066909939568 0.0265432286853349 0.0333067719232806 -11.4055600652843 -3.08223329063243 0.000429093631837122 3.13126195878209 11.7095431755623
"etap[275]" -0.00144467844639704 5.70532170647367 0.0268951444499889 0.0390606027975971 -11.4723362499866 -3.17330241870517 -0.00354607792680658 3.11780674481497 11.3711013994446
"etap[276]" -0.00717552309737737 5.67105005050796 0.0267335863144166 0.0385770846149334 -11.6277782767827 -3.11334758577437 -0.0160377277083319 3.16170904254636 11.3714547869013
"etap[277]" -0.0532549115528911 5.68315748862942 0.0267906613250731 0.0387293128799228 -11.8137267310784 -3.15629595484633 -0.0287962394827155 3.09655221137891 11.5619552684603
"etap[278]" 0.0226591214422638 5.62178571852575 0.026501352026315 0.0373936151373458 -11.2792305447235 -3.13269139449055 -0.00315918777301017 3.1180912926178 11.5140023866516
"etap[279]" -0.00878158415692479 5.58478511035321 0.0263269294866694 0.0359538685728807 -11.442719394361 -3.10641201075321 0.0115604175973347 3.12100113702638 11.3449910803046
"etap[280]" 0.0230607610288967 5.63031261336845 0.0265415481940866 0.0405082082033762 -11.4868558659996 -3.0918244434736 0.000889086501484608 3.14016115064915 11.6641152077095
"etap[281]" -0.0693306949226909 5.60210757019709 0.0264085883454857 0.0369156914455959 -11.4628162480782 -3.17134812894577 -0.0490678519599819 3.0112208342324 11.3195418041787
"etap[282]" 0.0156955937822857 5.61419722321151 0.0264655795163436 0.037284362071354 -11.4508190176033 -3.10081585316994 0.0307088605339068 3.16185629582082 11.3853892036485
"etap[283]" -0.0844188698865152 5.64245588472469 0.0265987921242318 0.0404487997559776 -11.8037014881934 -3.11335828983267 -0.0375577570327688 3.04128653154322 11.240609863187
"etap[284]" -0.0414849723702445 5.63691244520163 0.0265726600997128 0.0384147743525796 -11.4327533507077 -3.16136769633634 -0.0442976214598556 3.12131430332012 11.2482799538455
"etap[285]" 0.0216362995072163 5.69918445820436 0.0268662131841952 0.043244036231695 -11.5181093247748 -3.08345372556775 -0.0244534992639556 3.09728761075538 11.7094154932291
"etap[286]" 0.00162910299136801 5.59861351362604 0.0263921172048508 0.0365110578464809 -11.4269932752629 -3.10063909962271 -0.00285509375244136 3.09151963733364 11.3781026662239
"etap[287]" 0.0142992842596801 5.55273419920859 0.026175840042579 0.0357944752120585 -11.1427581360391 -3.09856877314561 -0.0175977857509488 3.06325518038019 11.5086490953181
"etap[288]" -0.0163660287794801 5.60868422340215 0.0264395909860111 0.0368797619083642 -11.6530796458763 -3.13391914057362 0.0173548749883699 3.09097951941957 11.459085023095
"etap[289]" 0.0452544731964637 5.61759972220657 0.0264816190504262 0.0388510812141076 -11.3511318502302 -3.08594621991061 0.031550274689804 3.14493606623845 11.4143125725662
"etap[290]" -0.0286023165971622 5.63729843280609 0.0265744796627299 0.0365242175409494 -11.6087140267539 -3.12539973350945 -0.0258838668758279 3.07841951042396 11.3879258033127
"etap[291]" -0.0198152263577012 5.59434144416377 0.0263719784762743 0.0350259294586885 -11.3256519143856 -3.14883374007849 -0.0258201717333223 3.08202233895063 11.3838274033107
"etap[292]" 0.0044476330113725 5.60559304976492 0.0264250190537397 0.0373596428707942 -11.2804459443491 -3.12177592650483 -0.0110142754354827 3.11960909059389 11.4173300786326
"etap[293]" 0.0165655342204635 5.60121260886924 0.0264043694573269 0.0366245229719468 -11.3025579844358 -3.12820345054978 0.020182997328985 3.15033447902997 11.4356724050032
"etap[294]" -0.031707390243746 5.58275335128763 0.0263173516825827 0.0369918975739826 -11.5156871794476 -3.0774205649681 0.0148290029170757 3.08745629392999 11.1475722173764
"etap[295]" 0.0491690108133556 5.676916198522 0.0267612396013511 0.0420844369851805 -11.4561268277732 -3.13107078275834 -0.00098625435879201 3.1837670632816 11.6353775035245
"etap[296]" 0.0333584366998175 5.67708506958898 0.0267620356671951 0.0394881738978448 -11.4139097451037 -3.1244470153628 0.0391184741601509 3.16826294641919 11.6280185615633
"etap[297]" -0.000933600734377537 5.58903291042986 0.0263469538082649 0.0354931284900978 -11.3883317417375 -3.11083138302383 0.0101802996940035 3.10970000230334 11.4093900315186
"etap[298]" -0.00426547156532178 5.67147389372122 0.026735584330485 0.0382891838107245 -11.4947601780797 -3.07515879602047 0.030003648144184 3.0902039933093 11.3791340824829
"etap[299]" 0.05072906359173 5.71125667966985 0.0269231221819435 0.0361087477461331 -11.5522453580536 -3.12527874149274 0.0351794260887441 3.14975665231607 11.7541311213826
"etap[300]" -0.00064930146983488 5.67962872343585 0.0267740265664225 0.0384105895699863 -11.5421892508011 -3.1386226591198 -0.0310557087556586 3.15359181123406 11.6337609662036
"mean.p0" 0.596673206925242 0.26498421453655 0.0012491475667079 0.00421228823862616 0.0962430997528382 0.425693391677085 0.58742726944753 0.756139162282843 1.15314021340242
"mumup0" 0.929546517861917 0.0205240605153693 0.000096751349119338 0.000257428039213297 0.887689195036193 0.916310518881355 0.929859472265965 0.943504423478269 0.96859531400921
"mupsi" 13.6204261418115 1.45387426315107 0.00685362900311145 0.00868029336987398 10.8469277720282 12.627101231888 13.5846158516651 14.5879449927184 16.5569231830813
"ppo[1]" 0.61659065086948 0.107583658556653 0.000507154230068448 0.00104880430733498 0.374024178107003 0.555027548501607 0.626024146631991 0.685648894930584 0.813182545681339
"ppo[2]" 0.658639864020357 0.102496331350297 0.000483172339630257 0.00113156167845618 0.444980188799584 0.597019877190568 0.659548562636129 0.723706860329157 0.859851839946118
"ppo[3]" 0.616163260065282 0.106829012131461 0.000503596792704105 0.00116825251360316 0.374389052233749 0.55555333349394 0.624987960918547 0.685345398599849 0.810962534650376
"ppo[4]" 0.527620223878252 0.132338346488805 0.000623848948088327 0.00293385672534906 0.231389182194495 0.443651497976337 0.549593184553575 0.627180381733391 0.733340954940747
"ppo[5]" 0.617261729404681 0.10738812184478 0.000506232461168874 0.00113211364938411 0.375232792133811 0.555689769533573 0.626577498042654 0.686254785242547 0.814117040987783
"ppo[6]" 0.660416908104551 0.10239322414287 0.000482686287593186 0.00106555612004422 0.446144153985299 0.598133841403873 0.661008883444735 0.726305562826271 0.859663024124555
"ppo[7]" 0.61653055528758 0.105846553706097 0.000498965439272047 0.00114224431409452 0.380299153681237 0.555330648792747 0.62566495601913 0.684796298597596 0.810675187135859
"ppo[8]" 0.571635189223455 0.117546772920712 0.000554120801592204 0.00201441627066941 0.299639415948925 0.503068588236833 0.588580943910434 0.654279123827552 0.763725265267917
"ppo[9]" 0.572829372474208 0.115966813363973 0.000546672800815065 0.00191295772263089 0.305417461046629 0.504342975440417 0.58943384005001 0.654605683704683 0.76433948551455
"ppo[10]" 0.659140490828452 0.101929667458842 0.000480501060428244 0.00106950428501144 0.446433897625172 0.596800594438141 0.659131765476698 0.724554692921261 0.859432629504163
"ppo[11]" 0.65955803847821 0.10197001345415 0.000480691253274087 0.00109603980255723 0.446667720807736 0.597760196919988 0.659522887826461 0.725151259430536 0.858356302793127
"ppo[12]" 0.70238897478185 0.103163281861469 0.000486316374491357 0.00179764141152528 0.506993820371425 0.632454130105517 0.694912521153093 0.77192705414586 0.910366855272779
"ppo[13]" 0.572646608002613 0.118020695148925 0.000556354892401035 0.00197169058802789 0.302424240269972 0.502264318723532 0.590210448004777 0.655665348823582 0.767084567771099
"ppo[14]" 0.738948592877494 0.109081122863472 0.000514213344508027 0.00261809156236097 0.542535492127632 0.658052476281116 0.730561220647314 0.820457252355229 0.948957970557978
"ppo[15]" 0.739368121099364 0.10945990386161 0.000515998935257149 0.00264755990065303 0.542614797220608 0.657239238113952 0.730284144318085 0.820915504835263 0.950928299589108
"ppo[16]" 0.616705646765379 0.106247533002706 0.000500855673803701 0.00105366375347147 0.378096175389475 0.555917207095182 0.625923249291196 0.685123363865645 0.80930147300805
"psi0" 0.999996664905106 0.00000762972526818838 0.0000000359668698381757 0.0000000509948302654502 0.999980536063576 0.99999671815408 0.999998740274995 0.999999538112949 0.999999935520806
"sdeps" 0.552895465232771 0.354141622068729 0.00166943961643468 0.0122601658897448 0.0408716019070071 0.281337742719518 0.506338555816091 0.765233100188485 1.36552151886405
