"Mean" "SD" "Naive SE" "Time-series SE" "2.5%" "25%" "50%" "75%" "97.5%"
"N" 50.008 0.0910589908599934 0.000429256199500701 0.0011302589130173 50 50 50 50 50
"betapsi[1]" 0.00347407746253247 2.98103152887988 0.0140527173933457 0.022746266787726 -6.50261543725934 -1.38802375313773 0.00285598422282361 1.41460907316121 6.48550793365479
"betapsi[2]" 0.00516844092263931 2.96591731125012 0.0139814682881569 0.0222420983650332 -6.37144692904459 -1.39475137961605 -0.000727884928008621 1.38496132696903 6.48093402182303
"betapsi[3]" -0.00998807422860555 2.93581742088489 0.0138395760442221 0.0214358558321729 -6.37715609350006 -1.39851807223591 -0.00533628362908479 1.36666210935855 6.41810924146027
"betapsi[4]" 0.0254975430782287 2.96780520405685 0.0139903679001955 0.0225900422232375 -6.30358220975652 -1.38025351019478 0.000645592345987116 1.39079988602838 6.50671677259524
"betapsi[5]" 0.0169087042667253 2.93327958378044 0.0138276125653814 0.0217569321491831 -6.3524888711017 -1.37040591266701 0.0113226822074013 1.37525242239145 6.37860857303043
"betapsi[6]" 0.0368538507206071 2.98205317490261 0.0140575334788834 0.0221463110679962 -6.46143343757578 -1.35346831150733 0.00489792992730046 1.41397930117095 6.63049836709734
"betapsi[7]" -0.0220351868348263 2.97148399565793 0.0140077098901135 0.0208837388211992 -6.51214246336713 -1.42167735125041 0.00255574213485552 1.38177216517015 6.40465296740585
"betapsi[8]" -0.00444719712730311 2.93235944229109 0.0138232749768029 0.0214982039174611 -6.3503925632202 -1.38559107658706 -0.00133313240204825 1.37337767157499 6.34588864821608
"betapsi[9]" -0.014766492449042 2.96434599057824 0.0139740610114735 0.0215722252332148 -6.42533782217868 -1.42211668378862 -0.0073212726060861 1.37083424662428 6.43014697414315
"betapsi[10]" 0.0260984910634302 2.90676607550298 0.0137026266887411 0.0216703213032538 -6.21039519073159 -1.36791555858106 0.00381639920684658 1.39697188781385 6.42665675740525
"betapsi[11]" 0.0272625630071439 2.9649791304698 0.0139770456615452 0.0221789587406483 -6.3186687846107 -1.39181691993661 0.00790899792015524 1.40637342267031 6.54681674663746
"betapsi[12]" 0.0432975517319365 2.95472214580941 0.0139286937721593 0.0210300014429525 -6.32356448543591 -1.3456197680351 0.00823645822880807 1.42068239184905 6.51962971413958
"betapsi[13]" 0.0163737708870665 2.92410358197674 0.0137843564780508 0.0220204750677132 -6.32448650726848 -1.36328532888086 0.000507650712336929 1.37503653776627 6.41279984763914
"betapsi[14]" 0.00880995039339112 2.97724578678006 0.0140348712339417 0.022040415506993 -6.46468635988108 -1.3724338407336 -0.00182678048615832 1.39296022126537 6.48103184126734
"betapsi[15]" -0.00639774658559718 2.92347340879274 0.0137813858131727 0.0219534997280003 -6.30134529312495 -1.38109111878143 0.00218272413979462 1.36333163662947 6.27739957102161
"betapsi[16]" 0.0333167202558013 2.94976842341851 0.0139053417008612 0.0221027764940921 -6.34800360478711 -1.36371115928592 0.0109483293798058 1.43005031736841 6.42855911622414
"etap[1]" -0.11321374008747 5.59257242620516 0.0263636392456438 0.0655662736856587 -11.4043236334086 -3.04415022353281 -0.0357286415678986 2.95989272852334 10.9154619921602
"etap[2]" 0.0916122594771353 5.58476342498738 0.0263268272608746 0.0728322678210785 -10.8990884881599 -3.02724327644845 0.0223118524852746 3.15683031061529 11.3262814756285
"etap[3]" 0.136975335796429 5.63856237280592 0.0265804379330292 0.0762858869838318 -10.7857533556264 -3.02914956001886 0.0540693001106791 3.18950074221464 11.5314762953725
"etap[4]" 0.0964401460482585 5.51841525581382 0.0260140589919283 0.0692631326269178 -10.8987191777642 -3.0207632172521 0.075577993317507 3.154265985528 11.3765960427187
"etap[5]" 0.105470813487723 5.59108661497977 0.0263566350643569 0.0864502224466714 -10.9731639312644 -3.01910092663771 0.0610973016268428 3.14335197049001 11.525263520037
"etap[6]" 0.276797386617789 7.02239144235354 0.0331038707268971 0.178612193854192 -13.2910197092697 -4.09174488267331 0.240682855092112 4.40955935724691 14.2479489730793
"etap[7]" -0.0953068634197451 5.57909235520818 0.0263000935815582 0.0592836869725642 -11.5207381058802 -3.06597715742048 -0.0611147793477906 2.98032227998347 11.0163195894607
"etap[8]" -0.177968086381307 5.63295733568161 0.0265540155346331 0.0592184112409343 -11.8005080463002 -3.13660228148798 -0.108634935181231 2.91013519769149 10.9192756542474
"etap[9]" -0.105032208629528 5.58046246609395 0.0263065523462136 0.0593893384956982 -11.5257391905931 -3.10426370159255 -0.0770319586547036 2.9359810100702 11.152288345518
"etap[10]" -0.0572822288536727 5.52141670032417 0.0260282079370391 0.0573842159715218 -11.2940725389795 -3.08065166088451 -0.0533477499858601 2.98616134502584 11.0252266997871
"etap[11]" 0.144961725320334 5.64305749521285 0.0266016281432705 0.0848300995948417 -10.9948832348009 -3.01132060196483 0.102783245393939 3.17243889139026 11.4939183196965
"etap[12]" -0.133805199107787 5.58177418053068 0.0263127358273682 0.0614050969003243 -11.4835456096346 -3.10665571783242 -0.0514410164794037 2.95866952916139 10.867460523846
"etap[13]" 0.178636655369784 5.64569834108222 0.0266140772100858 0.0764924957665321 -10.7061327594954 -3.04387088794655 0.0899703323306826 3.2100382520023 11.7616991007588
"etap[14]" -0.145100055203133 5.67136166716241 0.0267350552894132 0.064449141931249 -12.0034782197033 -3.11233308659794 -0.0528623735130861 2.99204327112815 10.990297023943
"etap[15]" -0.0742461127074942 5.53606573620146 0.026097264154417 0.0542205571075228 -11.1977467366578 -3.09255794717872 -0.035756401608675 2.96564752460049 10.9717302155086
"etap[16]" -0.157078933187649 5.54475515840424 0.0261382264835115 0.0583981267560897 -11.7700885276415 -3.07357484536847 -0.0589317733301076 2.9186258664025 10.7109434025947
"etap[17]" -0.0955744266256368 5.69383632268496 0.0268410018315787 0.065288702269789 -11.804085254193 -3.09645921182131 -0.0336740806292422 2.97350202313892 11.1992670822959
"etap[18]" -0.0764087018384068 5.61549623905831 0.0264717031357712 0.0663107260222472 -11.4153955237245 -3.0769003316105 -0.0246380589457502 2.97807829394169 11.0626492751079
"etap[19]" 0.0953521434310614 5.64496098720607 0.0266106012905795 0.0768208749441694 -10.9158459135863 -3.075465619821 0.051926427160425 3.15600699350394 11.5324923074717
"etap[20]" -0.0928438193612225 5.47061793003761 0.025788740237402 0.0522720706687063 -11.4082348633491 -3.08246154780992 -0.0261049774385072 2.9876477420849 10.7238586708976
"etap[21]" -0.172473080298211 5.72429692825892 0.0269845945033147 0.0717327884126792 -11.9522267808818 -3.11141487158446 -0.0662888481856858 2.9342515707822 10.9747469608495
"etap[22]" -0.107121231516302 5.65333855329721 0.0266500935158654 0.0689771560965524 -11.7425557037844 -3.05497581609791 -0.0604243983179451 2.99624204729434 10.99169497861
"etap[23]" 0.0749975179238278 5.62505764196016 0.0265167760213016 0.0770681786618325 -10.9094470024971 -3.04096098414785 0.045573487855315 3.12696389095182 11.4444275223787
"etap[24]" -0.0254031165671311 5.54345511681225 0.0261320980286747 0.0566779105169663 -11.2420960725452 -3.03817534544764 -0.0240958215197923 3.04116014873827 11.1370397078199
"etap[25]" -0.0761345550756232 5.60883683378149 0.0264403103982385 0.0622046322272603 -11.4807817531247 -3.04161237947884 -0.012963108197406 3.00114992400519 10.9386700637784
"etap[26]" -0.0937505960570822 5.54268758480312 0.0261284798480852 0.0559440466724264 -11.4723665893542 -3.0751401511904 -0.0506420785919538 2.93937740437704 10.8960951657381
"etap[27]" -0.0309178839765413 5.63662657801046 0.0265713125088501 0.0582140940705689 -11.431593627525 -3.04659364906386 0.01070869336932 3.03421638937696 11.2195090167073
"etap[28]" -0.0801367112286211 5.61194432299631 0.0264549592428803 0.0623034495630227 -11.4538362880384 -3.08429716492254 -0.0391700968492514 3.01207587534519 11.0725237840123
"etap[29]" -0.016205379170842 5.58273956525728 0.0263172866946124 0.0633371759556447 -11.2267371008793 -2.99659432342335 -0.00857947746088946 3.00995766378847 11.0813350813064
"etap[30]" 0.0873388992611154 5.62659615367971 0.0265240286351005 0.0854158198367541 -10.74885814052 -3.04967177067645 0.045357318821473 3.1215555581274 11.4013281354717
"etap[31]" 0.216875594542448 5.52432172438416 0.026041902351788 0.0775791395399588 -10.5996353559468 -2.96076495787681 0.136021296950563 3.22057739619536 11.7618291370877
"etap[32]" -0.0130507022676511 5.63322657613015 0.0265552847462794 0.0562723130609697 -11.3049358309686 -3.02516418088093 0.0183409611269581 3.0511175380534 11.1527692102746
"etap[33]" 0.0209448066341364 5.65339293722833 0.0266503498841752 0.0638287953978249 -11.2843179360389 -2.9899269748173 0.038033493632536 3.10425808952398 11.2270782621807
"etap[34]" 0.117737052372499 5.57644403797563 0.0262876092943991 0.0730602108621355 -10.89083480127 -3.04828646453407 0.0778055260384848 3.18030767586183 11.437640889996
"etap[35]" -0.0560780465447203 5.68300308699793 0.0267899334688021 0.0595432415853118 -11.5965472358706 -3.01204398215601 0.0301561738933053 3.00925906120338 11.0525254728563
"etap[36]" 0.17980066546902 5.55033438706704 0.0261645272196532 0.073687743764323 -10.6560003644885 -2.95997581550853 0.130510467776118 3.21637461147906 11.41672154162
"etap[37]" -0.140839328970694 5.69044256470818 0.0268250035030515 0.0626600850878308 -11.6684062998955 -3.14522468254397 -0.0489545835735457 2.96766614483218 10.9024368386675
"etap[38]" -0.0911719209038055 5.64574437268632 0.0266142942051486 0.070869901736688 -11.6174168277541 -3.03061968037027 -0.0161534863981133 2.98987000166169 11.0059169558375
"etap[39]" -0.00795520950829162 5.55185786833601 0.0261717089792285 0.0568536315604105 -11.1409469338295 -3.05223730677847 -0.030428480411107 3.04113885429351 11.1271196355121
"etap[40]" -0.0977281541369313 5.49390743531054 0.0258985280181285 0.0583507806669203 -11.6442513278484 -3.02507409514868 -0.0518075707284807 2.95289353937636 10.7935993878913
"etap[41]" -0.0361617780442165 5.62907146180697 0.0265356973495159 0.0630140316247967 -11.5408834149235 -3.02021462594395 0.00480707997224149 2.99771916464466 11.1723874279727
"etap[42]" -0.070764784352089 5.59238661639538 0.0263627633298004 0.0628791224201857 -11.6938169870552 -3.01497093839119 0.0264561041410741 3.02124281041676 10.8807545112976
"etap[43]" -0.0646603912840317 5.51844418130477 0.0260141953480003 0.0616655805542352 -11.2975648818919 -3.04857018642207 -0.0116855306089578 3.00236664828262 10.8559222692366
"etap[44]" -0.111065468726351 5.68915594076836 0.0268189382996336 0.0619207063403822 -11.7615052307835 -3.13666025243163 -0.0289163425572868 3.04806928819488 11.090204885497
"etap[45]" 0.127066220111655 5.54389333698077 0.0261341638183602 0.0742535269533781 -10.9014626809121 -3.03148873203416 0.0866406360288094 3.2050190936516 11.2602718570739
"etap[46]" -0.130050773111869 5.56468252094107 0.0262321649713846 0.0634434308622743 -11.4809797465119 -3.09266599488209 -0.0637957465738967 2.9371757183296 10.9077722989255
"etap[47]" 0.430455445194815 9.06530666868592 0.0427342654597563 0.274956047797463 -16.1698572071142 -5.74362545997542 0.346484151565075 6.12806373223718 18.6253563872507
"etap[48]" 0.143608705784769 5.56857375410446 0.0262505084204313 0.0808199914988774 -10.7991142814831 -2.9806699483767 0.0531350174053605 3.17223498520475 11.5246429421329
"etap[49]" -0.119301902389218 5.68804124802013 0.0268136835876255 0.0629150912350281 -11.6631499411992 -3.11370336351576 -0.0694728306616999 2.9647758715898 11.0320167446728
"etap[50]" 0.313690876395079 6.95491829062621 0.0327857992393343 0.176187135118556 -12.8417485099077 -4.10107057578497 0.231803926145543 4.39778043567648 14.6013908968464
"etap[51]" 0.0744697487632559 5.85458322721913 0.0275987700065845 0.0456000224027004 -11.5440005305127 -3.14701928240158 0.0307986778829009 3.21521455100459 12.0299300340143
"etap[52]" 0.00531803463538844 5.78091249160637 0.0272514828284059 0.0405220423541563 -11.4944301725105 -3.17827138544773 -0.0344754697275377 3.12693882224331 11.9215249224531
"etap[53]" 0.085463011757802 5.77072115061567 0.0272034403862465 0.0396402264985826 -11.4563488062349 -3.1119532700327 0.0839593850334483 3.21456441343003 11.8307210677717
"etap[54]" -0.0329774011794193 5.82190805509848 0.0274447377680315 0.0433025062236842 -12.0481213859827 -3.15868437115009 -0.02472477435287 3.20445518989002 11.6672350196594
"etap[55]" 0.0125639338199023 5.82797972339659 0.0274733598868762 0.0416845503022784 -11.5491520163787 -3.15319031816386 0.00316308547371919 3.13219998021851 11.7116530756928
"etap[56]" -0.0309337399018183 6.00369145470119 0.0283016729318063 0.0474787417967763 -11.8562935114733 -3.2012501757786 -0.019613617242695 3.16545919418349 11.8323427052017
"etap[57]" -0.0193731431084865 5.70386207014862 0.0268882636583655 0.0412660573224008 -11.4074401073722 -3.15776836775824 0.0187825507674203 3.1395616143043 11.4436645138598
"etap[58]" 0.0411096965030815 5.74407203369612 0.0270778152443369 0.039169390040154 -11.4149751184612 -3.13844438735445 0.0237038765258148 3.20854701742546 11.7864435692451
"etap[59]" 0.0657579485990783 5.87179340047218 0.0276798995413353 0.0471943624874306 -11.3257074738867 -3.1166150443233 0.0396490578768457 3.20418432857907 11.8034867832907
"etap[60]" -0.0842051411250689 5.74882888109322 0.0271002392380139 0.042930580388467 -11.7460235422467 -3.26618727128432 -0.0747365533502049 3.12320312937511 11.5226202892986
"etap[61]" 0.0157604219318714 5.91821022987 0.0278987105735245 0.0457189934643251 -11.7840147359636 -3.16872645531242 0.0138986567926664 3.18215883638069 11.7820572242138
"etap[62]" 0.00263530234592987 5.77910517635418 0.0272429630626021 0.040732369914904 -11.67035552787 -3.17272554624982 -0.0079037723456436 3.1299338644208 11.7370606733528
"etap[63]" -0.0564283760688059 5.82269033679149 0.0274484254792976 0.0399574626211745 -11.8571895652968 -3.15128552843217 -0.0159813692382798 3.12450911617996 11.3428937793903
"etap[64]" -0.069784052533757 5.79681413215816 0.027326443880847 0.0487914765876195 -11.7174959273834 -3.21651000291846 -0.0289865091434535 3.10761297085552 11.5511732245788
"etap[65]" 0.0601350548684866 5.80243999213528 0.0273529644391125 0.0468563496197207 -11.3012260319708 -3.13061934904352 0.0253003366415698 3.14914712341236 11.8841351316408
"etap[66]" 0.0714704547784715 5.84467731110759 0.0275520730702089 0.0460785378427035 -11.3851481696904 -3.11698910575918 0.0421509572536202 3.19019675969609 11.6364927596339
"etap[67]" -0.0174064606030591 5.74457208136435 0.027080172491651 0.0420490624175287 -11.5653700676311 -3.1935724025425 -0.0127238748241559 3.14091850475172 11.4751269795733
"etap[68]" 0.00459608827961881 5.78617956376878 0.0272763120446928 0.0398998013763446 -11.7615649487258 -3.17971636152432 0.0232647775759272 3.15351147396332 11.8448719261056
"etap[69]" 0.022714174940136 5.83888392470166 0.0275247627847844 0.0475383974435908 -11.5723622231765 -3.15287351373907 0.00911343717896865 3.13925434408131 11.8688269225351
"etap[70]" 0.0109437282578256 5.79200171886909 0.0273037579470432 0.043946930652494 -11.7593298742291 -3.15448741937845 0.0364075066918319 3.1717944922448 11.8049085494178
"etap[71]" 0.0125801954966604 5.74926184226396 0.0271022802365461 0.0414480828561511 -11.8247583567368 -3.12269582930939 0.00862838008639665 3.17030118861208 11.5917179360924
"etap[72]" 0.0312477009680501 5.9214842631831 0.0279141445145746 0.0422764479813448 -11.7672219044929 -3.16992097086894 0.0125582284590515 3.25603767969265 11.7795718081476
"etap[73]" -0.0559864814145573 5.69011557105169 0.0268234620401721 0.0382454006731011 -11.5942425285238 -3.21214862743392 -0.0536491823195278 3.11067741470243 11.3318257860002
"etap[74]" -0.0383336499127477 5.74808537855394 0.0270967343334316 0.0427841935098517 -11.5287093888593 -3.16790759605091 -0.0287947950726129 3.12129752931722 11.5712532566798
"etap[75]" 0.020079856923151 5.82692638589983 0.0274683944062973 0.0428254788116831 -11.6244734632294 -3.17201643653077 -0.00831854670358851 3.19825013424107 11.8389999337444
"etap[76]" 0.0795324240183092 5.86989341743231 0.0276709429353911 0.0442763578801638 -11.3987999640569 -3.09780018249276 0.0364498638540373 3.19394739388537 11.7573144748355
"etap[77]" -0.00706137543021327 5.84726984749745 0.0275642944039539 0.0447956303271925 -11.7477869176902 -3.17957620262436 0.007314819812505 3.1871973617328 11.7956025040825
"etap[78]" 0.0021706006351685 5.7307100471449 0.0270148262356669 0.0415700962005497 -11.2321852770318 -3.17588855081027 -0.0212314069645596 3.16326470937492 11.5292632538409
"etap[79]" 0.0829590487244954 5.78972605138606 0.02729303034765 0.0414211634043689 -11.3905339072838 -3.05588454600503 0.0488273417107688 3.16143232317806 11.8581517919491
"etap[80]" -0.0228350462020123 5.79163951049083 0.0273020504803734 0.0413960398840567 -11.7484974494265 -3.1675506154476 -0.017889728428178 3.11392337832061 11.5465341100527
"etap[81]" -0.0182247979563582 5.73688279857936 0.0270439248649862 0.0400326433913158 -11.6779542444671 -3.17622906956351 -0.0399164099450644 3.16316683770359 11.6744173764381
"etap[82]" 0.0232464607786339 5.77453411932341 0.0272214148931112 0.0385989223264873 -11.9957960126309 -3.12544035468551 0.0593375856673472 3.20693851811027 11.5179166705713
"etap[83]" -0.0702814260998847 5.85225391270304 0.0275877895126522 0.0456341165978515 -12.1078079711927 -3.19638166533171 -0.00377432210990585 3.1451993805589 11.3591930983127
"etap[84]" -0.00974701667022386 5.80645788500038 0.0273719049677191 0.0448633201025728 -11.6889962842632 -3.15866812014375 -0.0174651448657279 3.15723681332077 11.6454469435637
"etap[85]" 0.0451266356127002 5.85922595368659 0.02762065602904 0.046997749467156 -11.6541125741257 -3.13976043040789 0.0101442862894847 3.15187858521657 11.8367865375912
"etap[86]" 0.00572022902442529 5.84155955499707 0.0275373758269567 0.0453964547253171 -11.5622354458921 -3.15553773288434 0.00429096935566019 3.14814069689805 11.574403255321
"etap[87]" 0.00326649698003858 5.87669791656329 0.0277030196519117 0.041329365218916 -11.7997638314165 -3.1499595822887 0.0169336021147717 3.19793860685886 11.8218960135785
"etap[88]" 0.0268664932251663 5.76977177995052 0.0271989650100119 0.0398000391218653 -11.6169993251564 -3.11465774099223 0.0209720732289471 3.15022941096709 11.7335707891252
"etap[89]" 0.024583075060614 5.76471228338665 0.0271751143144806 0.0402630713508947 -11.4436629419556 -3.15665282092226 0.0303329489439941 3.18490097092485 11.6130516220058
"etap[90]" 0.0700661111147651 5.80251195972493 0.0273533036975836 0.0433121580024265 -11.5371371841536 -3.13873973889224 0.0285867754774657 3.21874796586623 11.6928152938329
"etap[91]" -0.00300098840164281 5.82488411870978 0.0274587670664367 0.0403757091047919 -11.7075013985416 -3.09484695865253 0.00551258483331403 3.16030716572433 11.7347533631238
"etap[92]" -0.00454442511462987 5.79948229800167 0.0273390217352555 0.0400336658086622 -11.5152168117387 -3.19264221990816 -0.024086644267213 3.13376371539055 11.7097439918365
"etap[93]" 0.0311187668918532 5.83481486741578 0.0275055810647852 0.0385331604516978 -11.6630887102334 -3.18172157127178 0.0311329202332596 3.23977999301699 11.9008352745795
"etap[94]" 0.031204789561001 5.97007036533512 0.0281431815965954 0.0443176471157548 -11.7018158340599 -3.16418317157481 0.0352104380320555 3.20350236007277 12.0548503508865
"etap[95]" 0.00232813813431748 5.86152495770526 0.0276314936379172 0.0461060547752722 -11.4717903175114 -3.14818594045743 -0.00808184650434312 3.15082798035399 11.8031545870432
"etap[96]" -0.0381622918539384 5.71555117085329 0.0269433666075272 0.0408486164472305 -11.5695124827099 -3.15051818273833 -0.0334011555427698 3.0720898605244 11.5541035469277
"etap[97]" 0.0261842725954697 5.67926726976135 0.0267723226574604 0.0370843381640073 -11.4518027397769 -3.115128228593 0.0290199669871953 3.17856018625232 11.3796804335579
"etap[98]" -0.0163450601292904 5.76053611918013 0.0271554276876154 0.0406363918924533 -11.5322762895173 -3.15283491919519 -0.0174996193652026 3.13032329261487 11.5385326111783
"etap[99]" 0.025298143951911 5.7619151953643 0.0271619287150927 0.0425833517263006 -11.3883449406061 -3.15185847947204 -0.0322969274256323 3.13029737620255 11.6137195454828
"etap[100]" 0.0147505721414784 6.00340536422854 0.0283003242883846 0.0498040020262148 -11.7541888564704 -3.14919042367255 0.0358572823102683 3.23663241131344 11.8978563678085
"etap[101]" 0.0222222854121695 5.85064453541002 0.0275802028353363 0.0436035005273496 -11.7521242961801 -3.12830776451653 0.0112626226090473 3.15416889794277 11.9424890088494
"etap[102]" 0.00730271985043184 5.72294883938401 0.0269782395514141 0.0414077212475845 -11.3498239927653 -3.13796645348793 -0.0430823527137774 3.13407655178832 11.4716206790622
"etap[103]" -0.0818607412132773 5.83666073124093 0.0275142825503046 0.0433719919331116 -12.0143850168266 -3.22668392471906 -0.0416253833058776 3.16669399111987 11.6075643272273
"etap[104]" 0.0224067753243916 5.86052108682436 0.0276267613452017 0.0463711446688816 -11.7610098057902 -3.07215023152124 0.0507462431785176 3.23136477088379 11.5861505170452
"etap[105]" -0.00420599596409062 5.78912118980472 0.027290179002811 0.0410233446651204 -11.8162979423745 -3.0956973167129 0.0243154941166474 3.16781895781225 11.5895953115667
"etap[106]" -0.0547992320716877 5.84983087355906 0.0275763671965869 0.0421475070295735 -11.9247905536228 -3.18420625822122 0.0208640154221157 3.17157271186811 11.4983078986506
"etap[107]" 0.0205791483724843 5.82755572953288 0.0274713611606348 0.0490536415005429 -11.7679381520552 -3.14261701877999 0.0321349170518567 3.22061504523368 11.7522308103594
"etap[108]" -0.033386483664753 5.81282622346524 0.0274019256031417 0.0385255429662724 -11.7751969650304 -3.17674017501909 -0.0379337930559723 3.11615389404117 11.6503074546667
"etap[109]" -0.0480450322668717 5.82995880260182 0.0274826893557197 0.0421974450057028 -11.8218791924411 -3.20210991495253 -0.0623127352567298 3.11564172392732 11.6119265170196
"etap[110]" -0.084994964346078 5.75321005623213 0.0271208922956825 0.0396873833740054 -11.8722839852717 -3.21394255415305 -0.0472788382772413 3.09175108417143 11.4899310353762
"etap[111]" 0.00909237612216344 5.78725355017791 0.0272813748651781 0.0440623270083863 -11.5127395164391 -3.19174025543753 -0.0139234458709655 3.1685147720405 11.7775632613467
"etap[112]" -0.0874109102894084 5.77119690931078 0.0272056831342433 0.0448090965092604 -11.7494411213985 -3.2027310583059 -0.0410476659916028 3.06948142052842 11.35483356593
"etap[113]" 0.073724365525483 5.86578858987437 0.0276515925927123 0.0480685934968548 -11.5615662497468 -3.09254751286131 0.0256264284769323 3.22909331501012 11.8245639457746
"etap[114]" -0.00334152813046516 5.82126401853845 0.0274417017505719 0.0437895026819323 -11.4867266446011 -3.19791407260924 0.0100138577425341 3.13325357092345 11.6737757272956
"etap[115]" 0.00505300833713668 5.67965885667686 0.0267741686158829 0.0401535635676843 -11.4122168196229 -3.14055422829306 -0.0139906415041045 3.15432069092937 11.3354614084156
"etap[116]" -0.0212621851784831 5.80901492401143 0.0273839589652156 0.0411937449270496 -11.6829424186706 -3.18345147367007 -0.013629026225907 3.13052101600738 11.6155168180794
"etap[117]" 0.0306448911629328 5.800782726943 0.0273451520160746 0.0366232140115186 -11.4848354967662 -3.19433554646531 -0.0176727216713013 3.15870333456522 11.889978581868
"etap[118]" 0.0571428186828285 5.79369511388469 0.0273117406877015 0.0377621738570831 -11.448042297103 -3.15143697613298 -0.00348907953921047 3.1931280953275 11.6863981406926
"etap[119]" 0.0665901151607467 5.77860781107692 0.0272406184602003 0.0386673241161452 -11.4472335480805 -3.15040232227019 0.0157635429085165 3.20685705152905 11.8055816995779
"etap[120]" 0.0327451881224936 5.82776284593653 0.0274723375167249 0.0444614061316161 -11.8045652112721 -3.09033900612083 0.0736199513438937 3.19802356088454 11.612461479487
"etap[121]" 0.0427758387418581 5.78364334981603 0.0272643562174626 0.0399165223054069 -11.5279474274601 -3.09801395203134 0.0452976932800785 3.18973061860894 11.8995416000829
"etap[122]" 0.0101082320205579 5.6930192758321 0.0268371502357774 0.0397723653541092 -11.4377666227366 -3.10437017337413 0.00340270500609438 3.15411681890025 11.2858046288735
"etap[123]" 0.00626049268131396 5.77787781839563 0.0272371772416992 0.0446221342503624 -11.610440146444 -3.17864521544018 0.00358458842544357 3.15781567748508 11.687027426626
"etap[124]" 0.0540851805900253 5.72190804708394 0.0269733332094595 0.0412691348242895 -11.4524561539657 -3.07423526477474 0.064096910918307 3.2191308423618 11.7205677045222
"etap[125]" -0.0132143860321257 5.78020925412399 0.0272481677351221 0.0426285824374611 -11.6434268046804 -3.17383703247973 -0.0145491885164752 3.12482491638987 11.5130569595186
"etap[126]" -0.05999988516109 5.73124529491285 0.0270173494178425 0.0404486072795796 -11.7846586665094 -3.15347823849955 -0.0268443267417819 3.06834195121139 11.2557736895369
"etap[127]" -0.0816012385750836 5.79769874333108 0.0273306139779076 0.0390412542278826 -11.6798494745879 -3.26301862035611 -0.059952046730721 3.1262226148289 11.617087734165
"etap[128]" -0.00663188602268432 5.77270388316969 0.0272127870771414 0.0371766235485032 -11.5326941907414 -3.11405765436857 -0.0120390059130044 3.1324551063841 11.3871300681072
"etap[129]" -0.0114967894194854 5.77146570861618 0.0272069502663208 0.0403995879491298 -11.8161495043741 -3.21734362136137 -0.00339956272440207 3.1907297469165 11.5562235691059
"etap[130]" -0.00484792780920149 5.83341028129784 0.0274989597823268 0.041840895424904 -11.7773402617352 -3.21017255693367 -0.00471667602976701 3.19206383626667 11.6343520235925
"etap[131]" 0.0112600638285828 5.76243649592023 0.0271643861494803 0.0405455003809107 -11.5818296891314 -3.15061399361903 0.0441368400884015 3.19718058196249 11.4746783184608
"etap[132]" -0.0107872999375529 5.79584438700624 0.0273218724583607 0.0466502605938822 -11.5544087262231 -3.11381659612004 0.0178968544567132 3.10734722633487 11.5212043372693
"etap[133]" 0.0670342533371764 5.74009301130668 0.0270590579529098 0.0441123891435067 -11.2100475267028 -3.08659049779417 0.0392981981395389 3.15565920052243 11.7261987759422
"etap[134]" -0.0870494653324285 5.77921217775451 0.0272434674720406 0.0415287938170454 -11.8010084456823 -3.23209031656793 -0.067989976314079 3.0910197748753 11.3559313576614
"etap[135]" 0.000535226000205112 5.83835014746806 0.0275222465347743 0.0469607536411124 -11.6357205047901 -3.15287418907103 0.0321566685828926 3.12462844639971 11.6819067107221
"etap[136]" -0.0448954457071933 5.76388774988223 0.0271712274262653 0.0406271249005682 -11.6711391952423 -3.19517530605461 -0.000913571236288702 3.1104341234689 11.4466335827295
"etap[137]" 0.0147643376461072 5.86138364316785 0.0276308274747993 0.0435574899244348 -11.7476997272749 -3.13417895760803 0.0363534141412092 3.16869933388363 11.6664145357698
"etap[138]" 0.0137985882309407 5.79921229124429 0.0273377489111948 0.0427685514330158 -11.4123022447278 -3.21625693872454 -0.0119156660488318 3.18815827574767 11.6814949010362
"etap[139]" 0.0203720223981416 5.79594500767426 0.0273223467887386 0.0404318520241236 -11.5392753857405 -3.16829184438276 -0.00261083058868417 3.16183342499068 11.8112823692457
"etap[140]" 0.0261535542583788 5.87472601076818 0.0276937239988478 0.0442414076499736 -11.8444915270074 -3.15586957500475 -0.0142013680895803 3.17823803778917 11.9828709153322
"etap[141]" 0.0610409752004318 5.74778246578782 0.027095306388958 0.0403631412254731 -11.449978018934 -3.09406048242202 0.0410360960257232 3.17625429466875 11.9353854903307
"etap[142]" 0.0496965946151036 5.80722175346305 0.027375505878185 0.0414064900996978 -11.5739275510273 -3.13378716949246 0.0106862198872429 3.22633510153304 11.4711738140531
"etap[143]" -0.0227922025714756 5.78918557655982 0.0272904825248853 0.0440028700933773 -11.6096242476565 -3.18526783821743 -0.0547743036115436 3.10725153443529 11.708867830461
"etap[144]" -0.0356874311226821 5.75938421917996 0.0271499975789396 0.0426839226215303 -11.705856237262 -3.13472053311284 -0.00655579716125768 3.13667598678664 11.5090932706768
"etap[145]" 0.0680848590063167 5.863828348905 0.0276423519281643 0.0433242168506967 -11.4401212110088 -3.12639730228128 0.021521288493213 3.20560432593869 11.8088201411682
"etap[146]" 0.00900579304188677 5.77668879729768 0.0272315721424904 0.0421188046794006 -11.7497060648323 -3.12026401756403 0.0175801653733826 3.16706905912766 11.6655152601276
"etap[147]" -0.0229000205870794 5.79022214865283 0.0272953689725931 0.0411970546837845 -11.8077018366373 -3.19178885182862 -0.0218419220556749 3.14718726458541 11.7480391757605
"etap[148]" -0.0156568857607771 5.84149437151807 0.0275370685490898 0.0440027559556 -11.8501904207536 -3.16475307739183 -0.00564588192734262 3.13835973875445 11.8243130590759
"etap[149]" -0.0441688269137895 5.81658490021607 0.0274196441752671 0.0405945418658343 -11.703793241479 -3.16112283679989 0.00257846420367085 3.10212975813634 11.6276146478419
"etap[150]" 0.0590598196929098 5.85413116637946 0.0275966389713495 0.0398533390931957 -11.6018974955189 -3.15760438480198 0.0312307057908706 3.20054292865152 11.892442192633
"etap[151]" -0.00552599816488816 5.80808897278318 0.0273795939892653 0.0431172809433859 -11.7333517963407 -3.20361190261353 0.0218627527467661 3.14483169215399 11.6637820895818
"etap[152]" -0.0398963356920393 5.78162396440139 0.0272548367433258 0.0413443760973094 -11.7430730075237 -3.19416641879529 -0.0245393525280563 3.1668431084902 11.4081143508205
"etap[153]" 0.0344233772491465 5.79851916076426 0.0273344814627769 0.040847809893376 -11.604238886144 -3.12402102383368 0.0577435447482921 3.21985825511051 11.613084356936
"etap[154]" 0.0309468018027877 5.81245670954394 0.0274001836978118 0.0404532123018704 -11.7078019163563 -3.15133083869594 0.0533516245472991 3.2157022216891 11.7452184504531
"etap[155]" -0.0330413671950867 5.82918257975697 0.0274790302061376 0.0449708378101377 -11.7467867656611 -3.16905931364009 -0.00517339311579342 3.11858990924563 11.6069439380085
"etap[156]" -0.0384055200628382 5.7699071741194 0.0271996032642449 0.0416434885659466 -11.7681121065958 -3.14991052409076 0.00442980129463639 3.16236584013828 11.1881260184044
"etap[157]" 0.011777350876687 5.77914777649605 0.0272431638815968 0.0404161416045344 -11.7165497862048 -3.16311786209627 0.0337507601069436 3.22894297847038 11.6089856106223
"etap[158]" -0.047004348365776 5.82086716810433 0.0274398309796847 0.0412771613079115 -11.769767581021 -3.16612151482504 -0.0287524949322604 3.14095056408173 11.4754304551573
"etap[159]" -0.00899175889407863 5.81416016896252 0.0274082138825208 0.0409602886346428 -11.6412792877173 -3.14957672385971 0.0100924758674097 3.17419904183637 11.679209899992
"etap[160]" -0.0816845741396088 5.87475429629517 0.0276938573381008 0.046852302967348 -11.9638466009023 -3.23502773957698 -0.015606647197384 3.10486954900226 11.6409746044011
"etap[161]" -0.0163274880397337 5.8431562693572 0.0275449028106344 0.0424707347874908 -11.7577351313225 -3.19979629649143 -0.0234573196536876 3.17521238487781 11.7175543361294
"etap[162]" 0.0881238575380618 5.80901760557084 0.0273839716062079 0.0396550239593196 -11.4791600791055 -3.11328563643574 0.0355765848193793 3.25566641717301 12.0350783524249
"etap[163]" -0.0616135436145478 5.77886344870433 0.0272418235475327 0.0430123828450861 -11.8759268822292 -3.24362744870736 -0.0113096494748954 3.14318768155077 11.5153022453519
"etap[164]" -0.0348406922778111 5.7783039943604 0.0272391862544637 0.0422838636064026 -11.7235229572045 -3.1929156846891 -0.00279862267692647 3.16083305939164 11.3982930049694
"etap[165]" -0.0230245448455807 5.7095666213387 0.0269151551705664 0.0369503832863114 -11.647085402356 -3.21861613649878 -0.0104870516906482 3.15077819257256 11.6710975579201
"etap[166]" -0.0510900659651329 5.86059511465086 0.0276271103157225 0.0468321173424321 -11.8821301160085 -3.23645809415908 -0.0260230637860593 3.13334197647697 11.6774687309632
"etap[167]" -0.0453090490803706 5.80748395496077 0.0273767419078989 0.0396840175486903 -11.6887245172027 -3.19683537645641 -0.0312493472810147 3.11659905033102 11.5235452996804
"etap[168]" -0.0890536767243792 5.80109317273614 0.0273466154715781 0.0425700170105481 -11.8646306362031 -3.24793826043822 -0.0740287178221282 3.15672852545941 11.5409553900591
"etap[169]" 0.017841705846676 5.76867370367872 0.027193788628825 0.0411126949299655 -11.5414873638342 -3.1487334907495 0.00190558452288567 3.20172920065756 11.7098198803887
"etap[170]" -0.0484370172543918 5.88089736670738 0.0277228160497393 0.0429831218517356 -11.7477032878461 -3.20211340868516 -0.0452595271854838 3.12101125346679 11.6765729361463
"etap[171]" -0.0459160223558817 5.73916378604869 0.0270546775430353 0.0395940152806352 -11.695454841473 -3.13266139881362 -0.0572195507168659 3.08554199253089 11.5569526061488
"etap[172]" -0.0431983153981902 5.76019728573117 0.027153830411419 0.0422544925195894 -11.754091686053 -3.15786892664465 -0.0389343518693154 3.09240237529593 11.5479697086485
"etap[173]" -0.041524154819459 5.71068606748473 0.0269204322903066 0.0424898749349031 -11.6646794926112 -3.1595352954568 -0.0100953159065655 3.12637058463594 11.3603408623818
"etap[174]" 0.0136859067663986 5.89447951128065 0.0277868428932781 0.0441022561175529 -11.5714207649743 -3.1505810771203 -0.00807832360542067 3.13272739304895 11.7232717765686
"etap[175]" 0.0347929808486755 5.81140878358281 0.0273952437274565 0.0463553014810047 -11.5063023398178 -3.14333163487603 0.0147904451561498 3.1615214156952 11.5620842996223
"etap[176]" 0.0139161717715346 5.83626710458441 0.0275124269764508 0.0433120812327606 -11.7371748143109 -3.15627690051333 -0.0124741469517492 3.16200623173225 11.7079258069488
"etap[177]" -0.0022371341643091 5.7688230231639 0.0271944925276285 0.0410764026622345 -11.6025026884557 -3.18101411571055 -0.00987466227337938 3.18283478421112 11.6514266742778
"etap[178]" -0.00389015636625642 5.82705037147973 0.027468978879926 0.0404338445303386 -11.8391918130403 -3.14238929215439 0.0272909578908653 3.16759217583847 11.4943255227573
"etap[179]" 0.0428992848095847 5.78578932774658 0.0272744724544424 0.0437899687605505 -11.42093631555 -3.1478003670238 0.0434526263802253 3.23025878642355 11.6489932134417
"etap[180]" 0.0358854261277596 5.80255118950703 0.0273534886285499 0.0538882392395582 -11.3888727532645 -3.13683796656799 -0.0224677974481623 3.14035914852282 11.5383461087004
"etap[181]" 0.0380153451308227 5.80819222988231 0.0273800807478986 0.0440275992106755 -11.7007391810175 -3.11102004213478 0.0280278289032249 3.17350272264604 11.7240397119948
"etap[182]" 0.0531704215979047 5.84906877863263 0.027572774646651 0.0441168494699907 -11.6791449071941 -3.12302886937713 0.0217584672065795 3.19465573549127 11.7829512331428
"etap[183]" -0.0157559195487929 5.93726910508959 0.0279885549729215 0.0474991156587881 -11.8217569762995 -3.1967431868202 0.0286770364079314 3.17755862294135 11.6768328757686
"etap[184]" -0.0220714775307106 5.78626553404117 0.0272767173124434 0.0404056802826493 -11.5971459523455 -3.20196520059717 0.0142568032185229 3.12852671364115 11.5714628730989
"etap[185]" 0.0323682819621067 5.77044450211188 0.0272021362526929 0.0393646607483478 -11.4518695535125 -3.1730089777291 0.0132890506638279 3.16236613226749 11.8981235786036
"etap[186]" 0.0282050058993264 5.75410866037687 0.0271251283562448 0.0412088233692173 -11.6329248221177 -3.16571370361847 0.0369093613120179 3.16717999635514 11.593126470251
"etap[187]" -0.0328250851979477 5.86866042585722 0.0276651305573651 0.0434871328102067 -11.8620973915874 -3.19548778709841 -0.0452322806793625 3.15735179045854 11.6071536606926
"etap[188]" 0.00857158402650254 5.77739625116805 0.0272349071120178 0.0436795995938667 -11.5066720711045 -3.12094278208123 0.0355320638781838 3.18151457552404 11.4987832912342
"etap[189]" -0.0383291795452091 5.75115767318289 0.0271112172692044 0.0415202138548932 -11.6298395046792 -3.19636901005857 -0.0724537980753327 3.12505354391922 11.5562629561943
"etap[190]" 0.0347779424593297 5.81458828695369 0.0274102320500855 0.0432334873527796 -11.563038130752 -3.13616964694584 0.0191285984835619 3.15031168573616 11.6495053588446
"etap[191]" 0.00455480060829949 5.85814481691466 0.0276155595014212 0.0428290176297866 -11.662685322234 -3.18442155914039 -0.0357328327873417 3.15899785638139 11.6701729650588
"etap[192]" -0.0564396855467329 5.84699211660488 0.0275629851679706 0.0461654007798024 -11.7697793505059 -3.2027914551233 -0.0250199046281578 3.13194620244043 11.6590080153609
"etap[193]" -0.0505815464821435 5.77800384580388 0.0272377713405992 0.0421051352989436 -11.823315014401 -3.2162495494995 -0.0276994725885555 3.16117100560182 11.5844479171486
"etap[194]" 0.0553137033259602 5.80289891624053 0.0273551278280916 0.0439038134946366 -11.6093635108139 -3.1218818477446 0.0319507827514295 3.23666232351518 11.7939952093008
"etap[195]" -0.0785789236408207 5.8538190878561 0.027595167819082 0.0447864871880398 -11.9817227108269 -3.23494736916299 -0.0359122468642041 3.07877343415447 11.4128146968899
"etap[196]" 0.0177001287161057 5.75911351282818 0.0271487214569592 0.0430083158904503 -11.6361982192203 -3.1278612991122 0.0323474958768308 3.15020893624205 11.6791397413633
"etap[197]" 0.0634985229708078 5.72302880656105 0.0269786165203018 0.040009155517315 -11.4537510384004 -3.09513400528521 0.0179831083078747 3.1630522361993 11.8050696853493
"etap[198]" -0.0549847694339684 5.86002462324874 0.0276244209934622 0.0423086403786605 -11.9084762040871 -3.2330206593451 -0.0394550779168549 3.14289133407475 11.5901580425907
"etap[199]" 0.0456847137157362 5.83902871514234 0.0275254453334675 0.043050866927774 -11.9134716719292 -3.10742355279486 0.0578315359881671 3.22541347078047 11.8363753328777
"etap[200]" -0.000343988062640377 5.7214263291514 0.0269710623693481 0.0404778483722712 -11.5808468095668 -3.14122545801093 0.0162409375322333 3.1726208085792 11.3534827654051
"etap[201]" 0.103621001469664 5.7693109102318 0.0271967924493229 0.0428981028483698 -11.4166938986709 -3.09324309327273 0.0681375497522061 3.24502932943942 11.6983275960541
"etap[202]" 0.0463059856819838 5.74377070562998 0.0270763947702107 0.0405121449892855 -11.4332579469649 -3.10766279494131 0.0739971548206238 3.21314623629818 11.5071703122232
"etap[203]" 0.0940001393597843 5.86222353871283 0.0276347867803683 0.0425291289804164 -11.643130346355 -3.11388822196267 0.0713596515838726 3.27484794573352 11.7766595015542
"etap[204]" -0.00804169583096899 5.7951770072568 0.027318726400051 0.0387026864674472 -11.7621169247058 -3.18812015304425 -0.000580391277824866 3.20938067218782 11.6524546123412
"etap[205]" 0.0370056685207121 5.79427464320954 0.0273144726151382 0.0366856989966673 -11.528901561273 -3.17161002887474 0.0339653026780432 3.20783887816283 11.7290194272697
"etap[206]" -0.0596514299135627 5.83481699961122 0.0275055911160509 0.0393537203610254 -11.8403808084395 -3.23242159557484 -0.0317775716453288 3.12262710907321 11.6233311452576
"etap[207]" 0.0345624445166035 5.80194657032579 0.027350638426396 0.0454683394632296 -11.6673877310608 -3.16011171389968 0.0298438214924547 3.20697512780559 11.6197143277669
"etap[208]" 0.0990229074353503 5.81272134848179 0.0274014312177286 0.039147591562278 -11.4782731931786 -3.10405885342021 0.071075843844707 3.27619358715681 11.8756388224874
"etap[209]" -0.00274084485921831 5.87115046383691 0.0276768687089708 0.0437510570960116 -11.6468264785684 -3.15781635323644 -0.0120469668343056 3.17054085505126 11.6897591985206
"etap[210]" 0.0560626074866731 5.75461724896606 0.0271275258658465 0.0404687767556301 -11.4376893388247 -3.11843362436033 0.0432470221752145 3.24297013556457 11.4043011035416
"etap[211]" -0.0134558897868263 5.777419499168 0.0272350167041406 0.0418523357800923 -11.6612875758733 -3.14414342206279 -0.00917122507410842 3.12588338415371 11.5323560436901
"etap[212]" 0.00337350212066074 5.74746585706975 0.0270938138811478 0.0399277341545805 -11.4828619455742 -3.15273583944657 0.00890897415797572 3.14306753242269 11.6719463333527
"etap[213]" -0.0434792340828438 5.74773144802008 0.0270950658888945 0.0400715391249516 -11.7118214644585 -3.17179328547556 -0.0265655995160834 3.13875046964153 11.5981414701316
"etap[214]" 0.0301504032047191 5.83901111529451 0.0275253623669892 0.0433796937557941 -11.5067872035505 -3.14279427899533 0.0192677871619402 3.20465668746212 11.8805892798759
"etap[215]" -0.0356128007619905 5.78335742918276 0.0272630083746715 0.0399380695085222 -11.6491860220535 -3.14306563772975 -0.0621162433173519 3.12314391906269 11.6709793425026
"etap[216]" -0.0129955886235968 5.74900155968754 0.027101053252714 0.0415311982216058 -11.4643426254138 -3.19651579869517 -0.0108013724384459 3.17756662560392 11.6255021377919
"etap[217]" 0.0356022717804573 5.85306116656951 0.027591594943873 0.0389888235445768 -11.6804539863562 -3.17276703950115 0.0241807707691635 3.2260604159106 11.9179800633771
"etap[218]" -0.0147626593807228 5.75743118468228 0.0271407908860249 0.0488260328056272 -11.7495485724983 -3.15091895638914 -0.0480361429869888 3.1891385093799 11.407169803068
"etap[219]" -0.0476834961292376 5.75976342408573 0.0271517851680085 0.0436335617971416 -11.7004225147342 -3.14753973546382 -0.00129627901441754 3.12955700569208 11.3232577776427
"etap[220]" 0.0458279873091288 5.81321534654919 0.0274037599469509 0.0407236675342354 -11.7400431187788 -3.12755001654461 0.0373426795834202 3.20947236315624 11.9276417283702
"etap[221]" -0.00568270230764054 5.76325958468857 0.0271682662271443 0.0366441381600301 -11.4129283100599 -3.18255416878093 0.015317996836805 3.13287473159899 11.6555898917535
"etap[222]" -0.00387748832881644 5.86559880912111 0.0276506979576618 0.0436466459281182 -11.7075505389812 -3.18334062049537 0.0230678444453747 3.18861320197701 11.4920511196584
"etap[223]" 0.0277005795022403 5.93583761272102 0.0279818068531814 0.0549541354853148 -11.7964588830466 -3.17371774321825 0.0591288392506824 3.17916215150926 11.7428855810365
"etap[224]" -0.0624561967135576 5.83444027642862 0.0275038152259373 0.0430481617567319 -11.8463465041872 -3.19398293934354 -0.0459242223098581 3.14310673390728 11.4561409496742
"etap[225]" -0.0373163673299046 5.80251962297451 0.0273533398224886 0.0423644056212222 -11.8014645328222 -3.21104087258667 -0.0188700616020077 3.10699334157731 11.6145132534462
"etap[226]" 0.0431910360042007 5.92129418323024 0.0279132484690838 0.0464528862074632 -11.8823337463585 -3.16224506200049 -0.0126010214772551 3.21007005290351 11.9553496910041
"etap[227]" 0.048584856405124 5.86180257194377 0.0276328023239879 0.0428827644057605 -11.4406588592765 -3.09811685360123 0.0421401863769049 3.17847124757316 11.604940320705
"etap[228]" 0.031220555481437 5.84283760477378 0.027543400611382 0.0416146265917686 -11.569945313038 -3.13634643972108 -0.00734479912010393 3.19736015220618 11.68039479189
"etap[229]" -0.038436274959498 5.78668186510194 0.0272786799158853 0.0401292395567942 -11.8577892734545 -3.17966635942574 0.0152517691184288 3.13883042872089 11.5111107521379
"etap[230]" -0.0431816617631879 5.79348974789594 0.0273107725831464 0.0451760646217441 -11.8258721298189 -3.16534739597689 -0.0101675919591079 3.11251706224454 11.4827362808977
"etap[231]" 0.0523941466777404 5.86091915373125 0.0276286378505966 0.0474703496464565 -11.5739556970553 -3.18910548201505 0.0269730063699984 3.21719999438869 11.8394434630808
"etap[232]" -0.051781090688975 5.8237776043266 0.0274535509076112 0.0444539895330041 -11.603824472197 -3.20338182044386 -0.0542760325647798 3.11346550325592 11.5982759396637
"etap[233]" 0.0482384727764862 5.80332346773469 0.0273571291830282 0.049441419691434 -11.5176472445054 -3.09186682107623 0.0341507208742007 3.1593731615857 11.6771218150781
"etap[234]" 0.0347434633981634 5.85071574672673 0.0275805385287026 0.042719276134695 -11.4246678865039 -3.17047053549509 0.0307220441075503 3.17652848174342 11.8541001303694
"etap[235]" 0.0625840537906589 5.7786630536472 0.027240878876174 0.0402787803522642 -11.5648882590827 -3.10444647377383 0.0428216884883199 3.15556925251008 11.7784614627361
"etap[236]" 0.00677338442603813 5.85815802438126 0.0276156217620158 0.0420934929815981 -11.6813616050848 -3.19703534532523 -0.0137859379854697 3.13261949125459 11.8575317531258
"etap[237]" -0.0162233255300885 5.86885559633706 0.0276660505998304 0.047292029017911 -11.5220001886667 -3.20502234150682 -0.0298476757849419 3.09890420374436 11.8228992214936
"etap[238]" -0.0590751038715747 5.73780926279284 0.027048292259172 0.0430689277482293 -11.5733122989891 -3.18293322556016 -0.0263178515474354 3.08726602708342 11.4610312931471
"etap[239]" 0.059277462414106 5.82134917790118 0.0274421031956577 0.0454502188261658 -11.3774464697169 -3.12397681001112 0.0322425641897241 3.21239762466941 11.7687152983854
"etap[240]" 0.0130819554178086 5.82283460563906 0.0274491055691672 0.0412573207338694 -11.7980588971004 -3.12680971890382 0.040402827137088 3.19534280588303 11.6339469403431
"etap[241]" -0.0234292889976688 5.72339127380267 0.0269803252072652 0.0408674835427443 -11.547612417205 -3.18675892529968 -0.00677172733335778 3.12843479523438 11.42410558023
"etap[242]" -0.046595328087645 5.7566673941555 0.0271371903429523 0.0397269224407325 -11.7684574679992 -3.19048290548259 -0.0301203153936283 3.15199755017383 11.5154208376797
"etap[243]" -0.056636550376124 5.83094540632395 0.0274873402502681 0.0462734959624681 -11.7569874175196 -3.24783220005289 -0.0119628841016703 3.14579059395901 11.5097095282126
"etap[244]" 0.0560812769846604 5.86810740445976 0.0276625235894966 0.0451433054761824 -11.5588458558658 -3.13473948960236 0.0035775918248159 3.17873377626549 11.7492092381029
"etap[245]" -0.00804975806136358 5.81976857912422 0.0274346521815676 0.0426971212956044 -11.7007325088829 -3.1494967677554 -0.0202058740041219 3.14474205172945 11.5107955705235
"etap[246]" -0.051623621248894 5.81215917338305 0.0273987810988984 0.0438273163904418 -11.8544516872351 -3.23116107325222 -0.0366692846204974 3.15500116016525 11.586536004433
"etap[247]" 0.0589060982705653 5.95489314321466 0.0280716354853891 0.0416672228185976 -11.758657525041 -3.16749434814235 0.016171566373958 3.20360909844383 12.3088150953641
"etap[248]" -0.0360493386719577 5.75021304078338 0.0271067642293683 0.0460309885765013 -11.6234100081359 -3.20464044737925 -0.0439858102435581 3.10679867873575 11.3186969943014
"etap[249]" 0.0209531967827766 5.84450845461168 0.0275512770730535 0.0472915074030174 -11.5938864245418 -3.15114705227447 0.00934000724902047 3.14115165324686 11.8701873562575
"etap[250]" -0.043291549703793 5.75311197821527 0.0271204299514771 0.039299744840394 -11.759417578926 -3.1692496254332 -0.0140834311822921 3.11473299260354 11.418462867754
"etap[251]" 0.0350469932025885 5.8724303945399 0.0276829023601677 0.0400499842798686 -11.5155676508976 -3.12833674689026 0.0478472015207614 3.22594539699189 11.781735343821
"etap[252]" 0.103326989587639 5.79206175228824 0.027304040947295 0.0401245295175532 -11.3553086171075 -3.13645573814743 0.0779077093401203 3.20694554509073 11.9648026991175
"etap[253]" 0.00746433832049007 5.86557762010551 0.0276505980716844 0.0513916395558011 -11.6131374691834 -3.08980765211857 0.00059479933623893 3.12960375996955 11.7014338517651
"etap[254]" 0.0352646064611682 5.68372535500836 0.0267933382728555 0.0412538486969849 -11.3272563050534 -3.15773404989288 0.00734959545407476 3.16829869521532 11.6238876601686
"etap[255]" -0.0134357131806974 5.80639533450885 0.0273716101018743 0.0447081943818109 -11.6104907516163 -3.1373437716396 -0.0309127502372481 3.13576966021814 11.645714604497
"etap[256]" 0.0423324952317794 5.8441421490781 0.0275495502922083 0.0439034699331093 -11.7209466206692 -3.15364854688965 0.0679443617644055 3.21084931389212 11.6788949578728
"etap[257]" 0.0364430860273375 5.81915246061748 0.0274317477710734 0.0409472630204152 -11.4629268541562 -3.09266465794556 0.0315739698609582 3.17743756129694 11.7318701420574
"etap[258]" 0.0141523079678639 5.76081084161285 0.0271567227415829 0.0403199242977823 -11.7785285184562 -3.15670020700207 0.0224101453937948 3.19001748043506 11.6477632896161
"etap[259]" 0.00326320203143401 5.76842869076699 0.0271926336268825 0.0445365835381483 -11.6852736975862 -3.10441417768646 -0.0016931915635653 3.15240398118033 11.7548626335811
"etap[260]" -0.0585012770623714 5.81627220373565 0.027418170109922 0.0424225330970983 -11.763458519558 -3.17121958070368 -0.0597400454618469 3.09932089583424 11.5959511411949
"etap[261]" 0.0235292914662547 5.99487997792743 0.0282601352319463 0.0539744655379195 -11.680611853423 -3.17208239664419 -0.01087500188269 3.15025886934389 11.8308480892016
"etap[262]" 0.0617172731503769 5.83255616887118 0.0274949334577349 0.0449673282853193 -11.6965456145649 -3.1175512566459 0.0367600549107316 3.26987117386212 11.6780607182554
"etap[263]" 0.0854743445912255 5.85308807121249 0.0275917217735763 0.0427240654967775 -11.4858315967342 -3.14208835027183 0.049577208561359 3.24953775787449 12.1475884929039
"etap[264]" -0.0168900574070145 5.73488608953113 0.0270345122882658 0.0434154850401209 -11.5324126811504 -3.12061006483424 -0.0124386778063788 3.06371058368581 11.3734724383748
"etap[265]" 0.0439147195727837 5.90124267004907 0.0278187247294607 0.042435191380021 -11.5686829965536 -3.14145499637006 0.0134771207217066 3.21692514448467 11.705321726656
"etap[266]" -0.0184104694216186 5.77542539740465 0.0272256164182789 0.0405905355015391 -11.7513617289122 -3.16020638984971 -0.011906372417719 3.1159628316244 11.731377085106
"etap[267]" 0.0180739820399389 5.73001878983834 0.0270115676174735 0.0400280612072607 -11.4596842106615 -3.10941035793939 -0.0281153622890529 3.18160239957881 11.7553768419197
"etap[268]" -0.0182709350016638 5.89057437225968 0.0277684338913901 0.0496948978220897 -11.5993281799139 -3.16891122397688 -0.00584239473092029 3.12431866311654 11.7222017839154
"etap[269]" 0.0112941591616065 5.83948057087902 0.0275275754018376 0.0439548806449101 -11.5479498764087 -3.13495901816663 -0.0374979963970844 3.09332362536277 11.8247407314758
"etap[270]" 0.0704726366522888 5.80369541502044 0.0273588825593482 0.042642466102633 -11.5687181806988 -3.08359111917626 0.0716813886591033 3.21849364945362 11.6623530058721
"etap[271]" 0.0617148409356549 5.81810614588394 0.0274268153961177 0.0425955022646248 -11.5012420157638 -3.19188653407754 0.0186615100513663 3.24059113572939 11.7349495604225
"etap[272]" -0.00772266040602703 5.82338966314471 0.0274517221353418 0.0423669791686233 -11.6318657961477 -3.1411596630355 0.0419932382387656 3.17750311744009 11.5810409306261
"etap[273]" 0.0178498717297917 5.84187017878294 0.0275388401215259 0.0453018190422021 -11.9364508197891 -3.10582240263809 0.0326090413967952 3.21058889528368 11.7386980599476
"etap[274]" 0.0493526497937981 5.80940452145123 0.0273857955451597 0.0423212161916982 -11.5182589659388 -3.12459286527627 0.0103307091301865 3.19017168403843 11.9174479121078
"etap[275]" -0.00284171409363596 5.76505381694465 0.027176724319113 0.0389912326151324 -11.8760013266718 -3.10623725234722 -0.00336530574053309 3.16805443827802 11.5611182285435
"etap[276]" -0.0184542441668187 5.85354588136329 0.0275938799113238 0.0419338612791412 -11.6474014161839 -3.19249581103787 -0.0294540837277475 3.1517276142151 11.5489018731812
"etap[277]" -0.0476137485358198 5.82047574122332 0.027437985775672 0.0404213053855035 -11.8730578642834 -3.18564955776283 -0.0153955799311986 3.11405700245134 11.6562140480053
"etap[278]" 0.030998043884056 5.87759940017799 0.0277072692864256 0.0402067759541178 -11.5947984410411 -3.15626580055198 0.0124816985970031 3.19182074239644 12.0378214282871
"etap[279]" -0.027238735036059 5.72300684820991 0.0269785130076419 0.04216204283074 -11.5720551422061 -3.17277676510853 -0.0410243415711736 3.09300684313327 11.6122186252006
"etap[280]" 0.0485602894900475 5.8515730604402 0.0275845799443052 0.0471474367790525 -11.5677543958038 -3.17991303708481 -0.0073871930187201 3.22475149251865 11.838139666042
"etap[281]" -0.00846803185970792 5.58159809045438 0.0263119057307879 0.0371797566130072 -11.3822926965589 -3.11709986212457 0.00415746092066993 3.11371375851272 11.3610215282977
"etap[282]" 0.0107087633325529 5.758184891681 0.0271443438948904 0.0434150208780319 -11.6515660170609 -3.13016897930885 0.00858300503993343 3.17026017036941 11.6781087177115
"etap[283]" -0.115073784960741 5.8186770497109 0.0274295066625674 0.0429329628050651 -11.875184649323 -3.22820188955789 -0.064019382720014 3.07083610516883 11.4236371891228
"etap[284]" -0.00355515361837858 5.77972550583576 0.0272458873238221 0.0434792644053338 -11.6418944830815 -3.1303480061603 -0.0204960622693449 3.18306527340136 11.6545863712043
"etap[285]" -0.0213871445804425 5.86370425860773 0.0276417669608931 0.0440078311943107 -11.9346538116579 -3.16441215670183 -0.0172913642765459 3.17608349735204 11.6435550128535
"etap[286]" -0.000987086921533336 5.79336607018725 0.0273101895608364 0.0390223461645629 -11.5420919135194 -3.24849319195087 -0.0228558604811786 3.1544053685194 11.6243976855198
"etap[287]" -0.0491187596828768 5.79233540974916 0.0273053309809373 0.0381881614153884 -11.8511259326154 -3.19323075602647 -0.0349336960896741 3.17333155761715 11.3630514671754
"etap[288]" 0.0222710106306728 5.87255701767507 0.0276834992673513 0.0408314224569211 -11.6602723540307 -3.10651798519621 -0.00963350566528111 3.16787463884082 11.6826183531198
"etap[289]" 0.0462430318602134 5.72151554055179 0.0269714829159226 0.0394477492941937 -11.2143412907529 -3.1396971715321 0.0329500404383711 3.17628952080624 11.5927456440709
"etap[290]" -0.0536929612618309 5.87733220518962 0.0277060097171711 0.0415447275314778 -11.9492953745742 -3.17133605294396 -0.0141677295796154 3.13423173397275 11.7003028006495
"etap[291]" 0.0350107930776636 5.77041285379729 0.0272019870611072 0.0387783328036573 -11.8000275246393 -3.10560106864153 0.0376893793866986 3.15691619756924 11.7137060971336
"etap[292]" -0.0660151535546503 5.70997083635542 0.0269170606584289 0.0413479072836417 -11.589865237218 -3.2317408447915 -0.0492700172177646 3.13623639273128 11.2912899296519
"etap[293]" -0.107538535706582 5.77880791156218 0.0272415617429339 0.0464519837396954 -11.8177155825293 -3.2352259213518 -0.0124756511218741 3.10214036389611 11.2212694338014
"etap[294]" -0.00934913152811747 5.78780696649047 0.0272839836946944 0.0443284221019615 -11.7853479484642 -3.12794861180761 0.0165920253432104 3.1522093257835 11.7143914959245
"etap[295]" -0.00450987714092138 5.83257203100991 0.027495008232574 0.0364738661175302 -11.646349315867 -3.19806874285735 -0.041442191092718 3.15932217264231 11.7564191121315
"etap[296]" 0.0224592130086537 5.85137770312784 0.0275836590211031 0.0444865655995726 -11.7121447325756 -3.15446330169587 0.00320909238418731 3.17058888730199 11.7541759139089
"etap[297]" 0.00848161999331372 5.8063315002444 0.0273713091842658 0.0411067553986541 -11.6373221659977 -3.16426849957083 -0.0171606377347883 3.17844098948684 11.9356707254624
"etap[298]" -0.0928523156251865 5.735239069702 0.0270361762527487 0.0400064030347695 -11.8933205967548 -3.19661479503861 -0.062928271806862 3.10233237277283 11.2472602550482
"etap[299]" -0.0553770004780946 5.7945672949159 0.0273158521885121 0.0450752564558199 -11.7376078148675 -3.22000421915897 -0.0696457352169334 3.10264439408544 11.7801860660428
"etap[300]" 0.0147409100788247 5.77927880477003 0.0272437815548038 0.0418555009249692 -11.5772494255446 -3.1752379223751 0.0032772347214563 3.20261158439165 11.6588473876334
"mean.p0" 0.276770713868786 0.266803905674031 0.00125772567299442 0.00347180877028808 -0.243078631179747 0.109032361038446 0.272059953378059 0.445201904037008 0.815788241157933
"mumup0" 0.926362355605113 0.0209607429887361 0.0000988098900402912 0.000255252685905661 0.883191907103427 0.912612407294983 0.927087413175924 0.940817295730547 0.965650336888997
"mupsi" 13.6204351880643 1.44058592560134 0.00679098717916407 0.0086796483722777 10.8950240016875 12.6248259112454 13.5884681505205 14.5928622960503 16.4907026813536
"ppo[1]" 0.419000371324133 0.142383705494987 0.000671203224573156 0.00371653831482889 0.12535710286495 0.315481165058808 0.434994502954222 0.532596817470192 0.648290835306797
"ppo[2]" 0.516245153814036 0.118723680677025 0.000559668797961005 0.00158026280453203 0.256190301589903 0.443354567273766 0.529190605842405 0.596037549658782 0.729998210278321
"ppo[3]" 0.418929295054841 0.142800904082521 0.000673169917575469 0.00371010692040305 0.127181296848904 0.315411433703404 0.435267930607548 0.532208977155495 0.648956875219603
"ppo[4]" 0.517514558803079 0.117925267343001 0.000555905041409815 0.00152592657960829 0.259735849383915 0.445554881799905 0.52914643643153 0.59615535463893 0.732739287569442
"ppo[5]" 0.616437782059105 0.112182942206393 0.000528835461117327 0.00145352326167246 0.399173464240217 0.54203803151071 0.609921607125961 0.689786709952034 0.845931762920147
"ppo[6]" 0.616385506175551 0.113420013800922 0.000534667072539358 0.00142333181549617 0.399297312607122 0.539876616583212 0.609691548925762 0.690394078619067 0.850622394163596
"ppo[7]" 0.517343364260591 0.11878254725327 0.000559946297662658 0.00143776005496346 0.25631652855391 0.444748404843575 0.52967625884002 0.597013470096333 0.733592728244807
"ppo[8]" 0.51792295289835 0.118353166925427 0.000557922179385817 0.00147944041380207 0.258858906078427 0.445533800396767 0.530097069128273 0.597092178694893 0.735146815419626
"ppo[9]" 0.568329775002798 0.112963758098669 0.000532516262532569 0.000919375054545745 0.332160142915799 0.500274523272905 0.569287137518053 0.63898892220452 0.797111937632282
"ppo[10]" 0.662764606973907 0.119488574322687 0.000563274541185901 0.00250455494567263 0.44854797767778 0.574928514991419 0.65204948297631 0.74842414130528 0.900765165373191
"ppo[11]" 0.663457454198826 0.119425782954562 0.000562978539837892 0.00253073101449715 0.450293945072861 0.575166684851342 0.653624300866995 0.748556187429427 0.902353597938427
"ppo[12]" 0.662824426129275 0.118848376199668 0.000560256618291966 0.00238395997860928 0.451383794029869 0.57501261374606 0.65153474711447 0.748079502832486 0.899269967299495
"ppo[13]" 0.566718668086061 0.112639534090172 0.000530987855899025 0.00102860194284561 0.327559934616167 0.499336356479904 0.568434371764391 0.638241037527549 0.788492299793633
"ppo[14]" 0.566138863187897 0.112310723483665 0.000529437827835109 0.00098846786798647 0.332412485844923 0.498362032536615 0.567251545964977 0.636418325241149 0.79001861119884
"ppo[15]" 0.615818990683752 0.114187479179714 0.000538284939030491 0.00139639512940174 0.39550960342185 0.539993531173179 0.608653079746005 0.690299122608888 0.851393473025828
"ppo[16]" 0.567896775506375 0.112690039037835 0.000531225938505532 0.000986667759256116 0.330713650928627 0.500192629186537 0.569969472108426 0.639171319047702 0.788801759699761
"psi0" 0.999996763096022 0.00000715364674832778 0.0000000337226141730378 0.0000000490951048565985 0.999981450032513 0.999996710678267 0.999998745118477 0.999999540378612 0.999999931106414
"sdeps" 0.607193427452154 0.372715197062845 0.00175699628862945 0.0128940670414383 0.0317362863697108 0.325243969151238 0.578727938363793 0.837366774388197 1.4247810546519
