"Mean" "SD" "Naive SE" "Time-series SE" "2.5%" "25%" "50%" "75%" "97.5%"
"N" 50.0698222222222 0.281689266415657 0.0013278959364665 0.00465146951339705 50 50 50 50 51
"betapsi[1]" 0.0289128980837006 2.72034458370231 0.0128238273486667 0.0191214392083846 -5.88598906935147 -1.1497151899872 0.00436144947827911 1.2070367934752 6.05094571409636
"betapsi[2]" 0.00431371128145804 2.73394799459063 0.012887954442576 0.0192190022300677 -5.96406303692948 -1.1738474053312 -0.00288018328133401 1.17305847669563 6.00462944790504
"betapsi[3]" -0.0284091024280901 2.75016483336701 0.0129644013536972 0.0199620583036551 -6.15659751095279 -1.16825978745676 -0.0028195886902354 1.15522922220911 5.98588792878174
"betapsi[4]" 0.00932021287142971 2.74562862088356 0.0129430174429775 0.0193680656948103 -6.04878148028848 -1.15351931214819 -0.000220236047924108 1.16472342947461 6.17625451820085
"betapsi[5]" -0.0201260205895449 2.72021201825469 0.0128232024291536 0.0196506572564866 -6.01591179223328 -1.17813114796482 -0.0050181817923718 1.12224896410982 5.98614183748051
"betapsi[6]" -0.000523134396866606 2.74176860248029 0.0129248211417212 0.0186531559201297 -6.0531590120764 -1.17176710243351 0.000060996941383985 1.16034334757134 6.09290891238538
"betapsi[7]" -0.00471848833093554 2.70505218335631 0.0127517382820981 0.0188724869307157 -5.95530379568877 -1.17955511444084 -0.00255025923141947 1.14890661643249 5.9541538551101
"betapsi[8]" -0.0231680711365194 2.70175847460907 0.012736211590162 0.0184437923577546 -5.95156897869815 -1.18770059239227 -0.00304795494857852 1.11274118639447 5.85054862400642
"betapsi[9]" 0.0355990811274748 2.73835489950733 0.0129087287915803 0.0193822886254398 -5.94290182459158 -1.12863971382978 0.0053491328339777 1.19132098296059 6.05380583524157
"betapsi[10]" 0.0179024551363659 2.74954176331154 0.0129614641732881 0.0208992586630516 -5.99843457038711 -1.1503520266523 0.00531993868751127 1.18272556381537 6.08326078028327
"betapsi[11]" 0.0152459405401521 2.68877753104732 0.0126750188353705 0.0188621789150185 -5.81654895604674 -1.15748023874173 0.00120521987437632 1.16473727198294 5.92029802773871
"betapsi[12]" 0.0383880487209664 2.72887754489217 0.012864052113473 0.0196099734994864 -5.84827228630913 -1.14822577381948 0.00279017920272151 1.19228004200029 6.07950836329464
"betapsi[13]" -0.00689156545405104 2.7270558067055 0.0128554643573041 0.0193335170690151 -6.08393826222297 -1.16165849162713 -0.000699053056634886 1.13783077269697 6.04972214663679
"betapsi[14]" -0.000117386572806516 2.73183891920235 0.0128780121658487 0.0195263196674231 -6.02535936830273 -1.16218381423635 0.00270238578403634 1.1687578916535 5.98453003734997
"betapsi[15]" 0.022478983853452 2.7224200803256 0.0128336113335777 0.0196030127210134 -5.89029705817612 -1.17395541298876 0.000239536309820851 1.16852052243188 6.14806685025916
"betapsi[16]" 0.0125620661120608 2.72440989952947 0.0128429914312603 0.0185258546921593 -5.97686248296762 -1.16402742240521 -0.000572355634000109 1.16811460342888 6.00050751961277
"etap[1]" -0.173675989727173 5.11113748403663 0.0240941331635937 0.154790123037648 -10.2715278411613 -3.10463135045659 -0.202676700995325 2.77406139569091 9.88799822128812
"etap[2]" -0.433013977060739 7.16473768652439 0.0337748973570948 0.531871739585551 -13.7835152738069 -5.1935212969011 -0.751314187252794 4.53101560996944 13.3040905171413
"etap[3]" -0.523284821146262 9.45440769531452 0.0445685052897278 0.891433790157209 -17.6817722224361 -7.31643155050453 -1.99371091646648 6.60581177783933 17.5934043053676
"etap[4]" 0.217826892650013 5.50807471072017 0.0259653131948824 0.134571288799114 -10.6992673995818 -2.75584455877959 0.129939510753311 3.07512733444873 11.5928701438396
"etap[5]" 0.182819187053806 5.44638830277079 0.0256745206790954 0.132978582917576 -10.8821095528238 -2.77067981087475 0.163802178421603 3.08704177061752 11.4332196069972
"etap[6]" 0.217034643078027 5.39099386685063 0.0254133888039011 0.125723056518566 -10.5320957963118 -2.74268512735814 0.174716362128951 3.03800108840964 11.498195226944
"etap[7]" 0.100678536552904 5.47647484713798 0.0258163500093922 0.127497842936617 -10.9748685663947 -2.80362953811439 0.088196310906318 3.05259879655932 11.0802597552864
"etap[8]" -0.0272451436436178 5.15645480544638 0.0243077610654206 0.172654412462862 -9.91813695057384 -3.0549414872399 -0.0924674905180201 2.86941967149273 10.2072638346911
"etap[9]" 0.211768654890782 5.43880976186687 0.0256387950946644 0.121667161459193 -10.8194795981384 -2.72019592435908 0.158508248470684 3.06104526102436 11.6593097174839
"etap[10]" 0.178597146169312 5.4771677995448 0.0258196166183648 0.132943339999127 -10.7135614737717 -2.73022819285973 0.119585982867223 3.01609046423416 11.4929170349621
"etap[11]" 0.12293129114489 5.41356678354976 0.0255197985536952 0.126771287153753 -10.7304998176641 -2.8131921897883 0.171461906074046 3.06450792305547 10.9702043625454
"etap[12]" 0.215521132723145 5.45970400759077 0.025737291513592 0.129762095241234 -10.678495821198 -2.75570550412845 0.155646714335544 3.0919935704583 11.3927240344895
"etap[13]" 0.242084859937909 5.51655639680197 0.0260052962465113 0.137101528349922 -10.8098032033227 -2.70274213800025 0.195162621848917 3.11160595876442 11.7753101728901
"etap[14]" 0.184741027758643 5.52653648201373 0.0260523428193784 0.1373246994454 -10.6890966259495 -2.76943843420969 0.142283353352968 3.02907799409817 11.626441632099
"etap[15]" 0.205484572434718 5.44295325857005 0.025658327725442 0.136083432276488 -10.6703879072409 -2.76212274683687 0.171482963091205 3.08667624757101 11.4281600204249
"etap[16]" 0.143571890421494 5.5231223134558 0.0260362482744489 0.129899296108572 -10.6976486903294 -2.77059161063071 0.0988195088853531 3.01218188348944 11.3544746248077
"etap[17]" 0.175005056958066 5.35928400496576 0.0252639070814393 0.132242707836074 -10.7139069519123 -2.74904067070586 0.139808943399936 3.05210891229267 11.2178138431692
"etap[18]" -0.148202580001202 5.07272748560955 0.0239130666945726 0.156905465839049 -10.2449707958495 -3.12052101651796 -0.166955069766523 2.82868258843658 9.84458362257441
"etap[19]" 0.096923809855311 5.55811162847356 0.0262011894872364 0.136389736964561 -11.1190422378146 -2.84269874355023 0.106253324023211 3.05735456769588 11.241128787801
"etap[20]" 0.169175313602501 5.47112872618831 0.0257911481535485 0.128280519266928 -10.8789479442711 -2.78490932602344 0.121698101287069 3.07024358300362 11.6103181605378
"etap[21]" -0.398290067280378 7.07869081133224 0.0333692684974395 0.55144633050772 -14.0401668340952 -5.13901802718666 -0.831541386263656 4.5252631189956 13.5513351406837
"etap[22]" 0.1310900658287 5.46112353045288 0.0257439832085376 0.134049561818702 -11.0319585655961 -2.77862961931603 0.123492063904402 3.01418128456591 11.4583618829992
"etap[23]" 0.20556697877669 5.56499568546262 0.0262336412430967 0.127479647461862 -10.8925293187761 -2.77549342158131 0.152435816335319 3.08700870398872 11.5957024811537
"etap[24]" 0.14033640582987 5.46236813750991 0.0257498503424706 0.13342259905672 -10.655574456713 -2.80107506209225 0.120407588140762 3.04187514163524 11.4213595025797
"etap[25]" -0.442622579903449 7.20307118770826 0.033955603214653 0.552038387329611 -14.5074905458041 -5.20733441214629 -0.749234711604299 4.56376433618763 13.3860114722359
"etap[26]" 0.157767155825442 5.41364832316177 0.0255201829351125 0.123933451546969 -10.6524639229059 -2.78663865149454 0.126908581808826 3.04309951240339 11.347623180682
"etap[27]" 0.0802194495878951 5.48005459746435 0.0258332251142637 0.130838058271248 -10.8504398994894 -2.7947762522992 0.0840985754631917 2.99511968014923 11.1548901570648
"etap[28]" 0.113172547461309 5.56597597853443 0.0262382623889542 0.136782999033402 -11.318993593823 -2.78733171219444 0.105891805334027 3.03000711619878 11.395658788225
"etap[29]" -0.20287994617155 5.1690077037279 0.02436693599541 0.187212810615831 -10.5192704252112 -3.14819294664504 -0.197709172626664 2.8044518763773 9.90053554157244
"etap[30]" 0.190532870384865 5.36900062313824 0.0253097116587723 0.122872795462854 -10.6838005866965 -2.73269002058757 0.166823208260975 3.06683301465264 11.302239805992
"etap[31]" 0.137556582347839 5.42958224276401 0.0255952961524566 0.124051156994855 -10.9614974539171 -2.78924429201032 0.12528530096205 3.05162390107631 11.2910970133447
"etap[32]" -0.166939007259325 5.10572809625335 0.0240686330650361 0.16107072025462 -10.4041369221431 -3.08463844915618 -0.171018589574553 2.79214707621125 9.90719164120108
"etap[33]" -0.429876364158106 7.26459338764339 0.0342456216464373 0.500136247031255 -14.1385144287198 -5.15897463200128 -0.811820840010251 4.50789548661665 13.568849198068
"etap[34]" 0.259796296050295 5.43496958094811 0.0256206923082068 0.134882196153946 -10.6790536743149 -2.72276517863071 0.164675293581459 3.11736989118046 11.6093232016356
"etap[35]" -0.201635757477865 5.17724867030171 0.0244057842843959 0.177004638397797 -10.6014809280896 -3.14292995293884 -0.19735575666935 2.81590737091751 10.1075194702054
"etap[36]" -0.200682856450011 5.05385421696353 0.0238240972529543 0.162452377712116 -10.225365690873 -3.10969139293283 -0.189495896776815 2.78642251417456 9.83977789205023
"etap[37]" 0.0975056832218059 5.44128883382494 0.0256504815519484 0.119731454267305 -10.8892681184004 -2.79712179734743 0.087362347957304 2.97598123141021 11.1468926872254
"etap[38]" 0.194839568147974 5.40523628097085 0.0254805281879336 0.134618402701931 -10.6713149783477 -2.76313113029844 0.125851268760855 3.0344590945931 11.3730490019656
"etap[39]" 0.118375798336828 5.51857711730429 0.0260148220143118 0.137080572130048 -10.9592829236048 -2.79579656431309 0.113689845515532 3.06162506434366 11.3187672338647
"etap[40]" 0.146786457428296 5.4935024789476 0.0258966190355264 0.148189548007593 -10.883497745821 -2.82503279670262 0.115876390464212 3.04928362144735 11.3808623114102
"etap[41]" -0.571346238721188 9.500029575783 0.0447835688967261 0.880036592903251 -17.7886359064602 -7.34066022823427 -2.13938931287448 6.57476588751534 17.429459266691
"etap[42]" -0.162424007146159 5.03356651017009 0.0237284600859652 0.161085005033274 -10.2411989935242 -3.08533177818646 -0.180890832058348 2.82879023799059 9.81388896058812
"etap[43]" -0.194715438374716 5.04379282478722 0.0237766673953806 0.161450631055558 -10.447079868009 -3.13874092363841 -0.217019951772045 2.81207486070066 9.86999869381747
"etap[44]" 0.186787073579136 5.48480685683867 0.025855627479794 0.121072052971272 -10.9305151870366 -2.75733324964289 0.132807563172725 3.09369686064347 11.3739597343867
"etap[45]" 0.158054779265587 5.50960788141354 0.0259725406308424 0.130451507372929 -10.8300704590791 -2.82181990705534 0.104074832205354 3.05526043516528 11.4378830182492
"etap[46]" 0.175421753759541 5.45343419571372 0.0257077353369585 0.11808372017583 -10.8701574575919 -2.77744230124561 0.104723586561196 3.0490691633312 11.5370047266414
"etap[47]" 0.177197293369529 5.55010375393473 0.0261634400046411 0.136485176304172 -10.8331007924896 -2.76645025106153 0.158087096780018 3.0803709296724 11.4542571922356
"etap[48]" 0.0847165162741421 5.37161692399623 0.0253220450192944 0.122221370963615 -10.8320428938787 -2.77896317920013 0.107291078504126 2.98943310234064 10.9218146599371
"etap[49]" 0.188458079572832 5.42868059247717 0.0255910457322427 0.13676285562712 -10.6464044040238 -2.78506333674659 0.141452663571541 3.04053712044604 11.5507869048548
"etap[50]" -0.151309527530797 5.16385224429775 0.0243426329265888 0.157557626904733 -10.4360027772533 -3.12948165208955 -0.185619975507254 2.84745735798693 10.1716270891344
"etap[51]" 0.0160230254068409 6.63661933712909 0.0312853235829183 0.0843126323206805 -13.848666382359 -3.41669527550568 -0.0156386915489247 3.46455685147903 13.6760957293375
"etap[52]" -0.00171978308635576 5.90763871264418 0.0278488759634058 0.0444003758512534 -12.007398146927 -3.20289689817935 0.00243171300009948 3.20049688973627 12.0791704441859
"etap[53]" 0.020991603440642 5.81752523429075 0.0274240769526057 0.044312146859972 -11.5999756936444 -3.18406177033403 0.00328213769345443 3.21860955975351 11.6711707723028
"etap[54]" -0.067422330126528 5.84676664193928 0.0275619222702038 0.0466757324266137 -12.1118057989285 -3.19547946071464 -0.0483199863144681 3.13047405216934 11.7857281562347
"etap[55]" 0.00522699747740259 5.80479251518192 0.027364054339107 0.0442506738371739 -11.8003202619449 -3.15077760875327 -0.0171429497967818 3.14889309142763 11.8881017451236
"etap[56]" 0.0158103445065026 5.82589338503499 0.0274635247935206 0.0465799533484445 -11.8571178271197 -3.21971185471136 -0.00113818747308301 3.22219241756151 11.92618249796
"etap[57]" -0.031506665039563 5.83224249393781 0.0274934547799185 0.0466935485218714 -11.6833063543354 -3.23650577745547 -0.0177234618244433 3.18802448473161 11.766246016933
"etap[58]" -0.0207407304346806 5.78312613253507 0.0272619180318179 0.0454676407707428 -11.8096090679547 -3.17301860592252 -0.00354815223097719 3.19383055154371 11.6057490261831
"etap[59]" 0.000994459488675959 5.74115274053255 0.0270640535643887 0.0428318164318685 -11.5687353947222 -3.15203878048014 0.00555243901109858 3.14277415313948 11.5994338694366
"etap[60]" -0.00666320262638358 5.77791729474733 0.0272373633350058 0.0439859251442111 -11.7172867933735 -3.19248654333186 -0.029079547209606 3.16563980740545 11.7480724866019
"etap[61]" 0.0279025281143701 5.73471532643219 0.0270337073032975 0.0409124093706915 -11.5498795819523 -3.19437119091746 0.0193228589148033 3.25002124185446 11.6680221995663
"etap[62]" 0.0237060767013529 5.82909292945056 0.0274786075905403 0.0424587543166236 -11.679904499562 -3.17366681157797 0.0323102939311541 3.18126579569705 11.920361678037
"etap[63]" 0.0489028247667772 5.81818930447341 0.0274272074094679 0.0457084502253976 -11.5360050346237 -3.19118106886605 -0.0325682725151036 3.20416900762579 11.836053935957
"etap[64]" -0.0833505718611685 5.8862440060814 0.0277480203494588 0.0442726795642417 -12.2251067040467 -3.17906690093678 -0.0109733226070382 3.16830182682468 11.5428668465468
"etap[65]" -0.0207938408792307 5.83048781015005 0.0274851831212174 0.045388668343032 -11.8567324303257 -3.20893684091109 0.0104593683942243 3.14829030331014 11.7909956079346
"etap[66]" 0.00364684539298417 5.80274166335869 0.0273543865308976 0.0412603859991248 -11.8635584513117 -3.18072980816304 -0.006387430598772 3.22242797793257 11.7676475812555
"etap[67]" 0.148650893530608 5.82351814596475 0.0274523278091639 0.0509488480300898 -11.3888562994696 -3.08999738712693 0.0630889706261913 3.23316330369124 12.2259102661804
"etap[68]" -0.0266610409591893 5.80718182228951 0.0273753176408277 0.0440386086045635 -12.0089269562373 -3.22032768039359 -0.0243006118422496 3.2175968345835 11.7691933831851
"etap[69]" -0.0119862194507362 5.76036388090736 0.027154615748611 0.044689486030134 -11.6776265587296 -3.18944217183878 -0.0332280239987977 3.15747517959023 11.7110984239542
"etap[70]" 0.0562181438243502 5.75193197016699 0.0271148673401918 0.0465463060209088 -11.3884815985699 -3.15343911987005 -0.0364640564082035 3.21823095911613 11.9747740804298
"etap[71]" -0.0706988934568541 5.77207038319322 0.0272098007296131 0.0438899821519076 -11.943693490574 -3.21733767547982 -0.0416027875851708 3.13329546595105 11.5418476489817
"etap[72]" 0.0287165882648479 5.83011201079928 0.0274834115860887 0.0469444456741542 -11.6733059650979 -3.1717550643826 -0.0155503960885175 3.14770734996297 11.9297504920832
"etap[73]" -0.0467918848176099 5.86731596565502 0.0276587927111917 0.0538897461441898 -12.0356278519631 -3.26399817548169 -0.00162258859396733 3.18295522416311 11.7351449724356
"etap[74]" 0.0415259707544141 5.76226307749977 0.0271635686472064 0.0425958097728789 -11.6088747444643 -3.21053749659332 0.0171343034081924 3.24778618344984 12.0142527819278
"etap[75]" 0.0683816908708436 5.82916432393583 0.0274789441473715 0.0478638174944047 -11.7022795021887 -3.12893693739351 0.0614390807735522 3.27618576910521 11.9114128685027
"etap[76]" -0.0529506147576305 5.89712238170813 0.0277993015039519 0.0486411123727083 -12.139568083417 -3.23113236996793 0.017587974394521 3.21391085677136 11.5099715851947
"etap[77]" 0.0469879408388841 5.84493511368513 0.0275532883632141 0.0477250775839935 -11.6648751467061 -3.12921736812334 0.0398147027692665 3.16668143838838 11.9679577046011
"etap[78]" 0.0209087689633821 5.72975158385972 0.0270103079964105 0.0421270152741458 -11.6542115321454 -3.14568456462921 0.0323817858153881 3.14841129210277 11.6701606160289
"etap[79]" -0.0764899892797695 5.74346990646228 0.0270749767893356 0.0480272684358416 -11.831251796995 -3.27724312264256 -0.0514353512160802 3.10721184499615 11.6230301984054
"etap[80]" 0.00464923475507089 5.75307318263779 0.027120247067371 0.0436205399455349 -11.6172402843793 -3.17692736971863 0.0102250827882835 3.14307465951994 11.6932171119861
"etap[81]" -0.052046160685844 5.77710444448409 0.0272335315221176 0.0498867533496628 -11.8652690534408 -3.24973267092834 -0.0346592003868478 3.20972278778841 11.4818569895851
"etap[82]" -0.016225367818356 5.85057287086563 0.0275798650054342 0.0438132692604817 -11.9539139923829 -3.20080764688663 -0.0136602081739038 3.20839340662925 11.8533858235698
"etap[83]" 0.00153978296591387 5.74739321337488 0.0270934714354862 0.0433836030917187 -11.7492168776824 -3.15066070922417 0.00522475787932931 3.18410203836891 11.6336773365648
"etap[84]" -0.00333574306153378 5.71223846236177 0.0269277503499375 0.0403566025721565 -11.6022068212644 -3.15844498777532 -0.0213308799768659 3.13705862129524 11.5988772924406
"etap[85]" -0.0303392073470175 5.76938505594321 0.0271971419755585 0.0413026470663844 -11.9215401647595 -3.17552250463052 -0.0295917547555162 3.1637340876552 11.5777720603174
"etap[86]" 0.0195913851077781 5.90089172492886 0.0278170703582985 0.0431547445032591 -11.8903609074939 -3.17624451041687 0.0157607577390638 3.22601455923505 11.839316963808
"etap[87]" 0.0391147587243237 5.79820420794256 0.0273329967609371 0.0467248609295107 -11.7106775265494 -3.17489779083108 -0.0135419414128337 3.22501099635423 11.8464486308499
"etap[88]" 0.058834476687351 5.84277636922229 0.027543111944224 0.0500595542908906 -11.5184094997184 -3.19085074938816 0.0200977461457645 3.19829885883652 11.9249504783764
"etap[89]" -0.0458387894671875 5.82062079221331 0.0274386695525963 0.0502129865050372 -11.8294510287484 -3.20649543946118 -0.00824954054762975 3.1512133064367 11.6348317498401
"etap[90]" 0.00174029217609985 5.84716200049311 0.0275637860082999 0.0421172645352331 -11.9764514653662 -3.16569941474803 0.00867145581854236 3.19941914153666 11.707561735962
"etap[91]" 0.0651017287893852 5.79432659940512 0.027314717538993 0.0419674882354318 -11.7639918941559 -3.12810155644313 0.0177795516308008 3.23529925616968 11.8810119277479
"etap[92]" 0.00624234300104807 5.79662653675444 0.027325559547633 0.0449804678106815 -11.8393942437338 -3.17257196792908 0.0265585963097392 3.17052261995195 11.6834708468675
"etap[93]" 0.00905038526360931 5.82451661991837 0.0274570346605202 0.0441092650722498 -11.747100210907 -3.22280680203754 0.049392707223205 3.21059635472752 11.8130933871414
"etap[94]" 0.00882725763034391 5.83956123472323 0.0275279556548459 0.0442705702429579 -11.8418221537001 -3.21260039336623 -0.0229342843777411 3.18982715262861 11.8464078103987
"etap[95]" 0.0664734469998308 5.77774335624849 0.0272365433810589 0.0425800614219747 -11.423641846131 -3.14693436640686 0.0869501077153282 3.27621698238071 11.7075873806335
"etap[96]" 0.0080978722689044 5.81718294226269 0.0274224633725111 0.0454128770603616 -11.7275632121124 -3.18453585950111 0.00434920955566786 3.19283076198474 11.8938288114598
"etap[97]" 0.0317715162349661 5.76438318981906 0.0271735629525253 0.0414323078606463 -11.6557270522089 -3.15523554819617 0.00593808235129878 3.16868469655519 11.8482068102825
"etap[98]" 0.0581827695499602 5.8468161758949 0.0275621557755099 0.0463688697149519 -11.77543759135 -3.16465699810923 0.0122752829063792 3.18362819981559 12.0775785285746
"etap[99]" 0.0847579452890832 5.81414086671752 0.0274081228908653 0.0453673522084908 -11.6341958762013 -3.14822426350545 0.0274089116548869 3.25227069616199 11.8107443134091
"etap[100]" -0.0639490861638744 5.79498641822415 0.0273178279547349 0.0483044736467264 -12.059931571789 -3.19881177647719 -0.0220363101934833 3.16454343077025 11.7105995455928
"etap[101]" 0.0161943875877377 5.77356070119022 0.0272168261560251 0.0433475157933767 -11.5964710548421 -3.1788232709102 -0.0063336265901037 3.21397654509713 11.7357107036357
"etap[102]" 0.0237117842650888 5.70968957265745 0.0269157347686414 0.0426027484454397 -11.7041682633445 -3.15532882622436 0.0674929740353042 3.25530028123482 11.5190020265834
"etap[103]" 0.0685029738269699 5.81437113922379 0.02740920840587 0.0454488050800637 -11.733659249191 -3.17909248723032 0.0521404770340525 3.24136385751052 11.9386256944626
"etap[104]" 0.0246722988676144 5.73854130403597 0.0270517431346862 0.0426806387052777 -11.4693462500012 -3.15153497613532 -0.00112145484716951 3.21298860780397 11.7083913106341
"etap[105]" 0.112975777321372 5.91739242559298 0.0278948554071914 0.0548251187052584 -11.5994483465396 -3.16820628723009 0.0739199037798864 3.25800678121131 12.0890543939079
"etap[106]" 0.0990551155455751 5.98803732831676 0.0282278786723397 0.0728334521068161 -11.7408214263903 -3.12133950488427 0.0271758287460586 3.17663876350668 12.1660660729683
"etap[107]" 0.00850595120705565 5.78410339628177 0.0272665248972999 0.0447725461449164 -11.6630400497505 -3.18838476801283 0.0279349607837374 3.17295113934656 11.746509137329
"etap[108]" 0.00222231361350882 5.93968391338326 0.0279999384883863 0.0489905368465383 -12.0947599572274 -3.17458747312624 -0.00198292035404961 3.27130850444025 11.9477077372058
"etap[109]" -0.0296735082092021 5.75547690979152 0.0271315783458412 0.0406237652102433 -11.9023840939278 -3.18667867930099 -0.0145505105048367 3.1499892503453 11.4888159663916
"etap[110]" 0.04427461722048 5.82162556827301 0.0274434061123656 0.0494782135925726 -11.634362499749 -3.17414480302674 0.0325838067509126 3.21400453174623 11.7240133797599
"etap[111]" -0.00130092113421418 5.83930074126905 0.0275267276769265 0.0497940020629576 -11.8005618576635 -3.25163825094847 0.00730998195140246 3.22086358782795 11.9529924164816
"etap[112]" 0.0402896271896806 5.7341969788443 0.0270312637893348 0.0417405117662973 -11.3494775466091 -3.14533305390882 0.0267328554535912 3.23017555898973 11.692658681136
"etap[113]" 0.0429911643454356 5.89816289408565 0.0278042065263389 0.048520233895315 -11.7220090909934 -3.18621164601672 0.0446941605626923 3.19463218583035 11.8870405067073
"etap[114]" -0.000643063599583771 5.73703287270152 0.0270446323211826 0.0489767095894883 -11.9009736927733 -3.16714268941336 0.0192269467864856 3.16701551274709 11.7431386267197
"etap[115]" -0.115171133236743 5.72612945763 0.0269932331296148 0.0441536858620161 -11.8401403080456 -3.23899561928336 -0.0810104576126098 3.10995181463617 11.3011357917706
"etap[116]" -0.0315594290174847 5.77172652317978 0.0272081797579645 0.0527666795468137 -11.7145390781372 -3.21483069094325 -0.0668818145013562 3.14747542936276 11.7762463544544
"etap[117]" -0.0241686182870864 5.84544518596202 0.0275556928669867 0.0454961578352676 -11.9833865701262 -3.2067506823397 -0.048856909164634 3.19058778569921 11.9322864839723
"etap[118]" 0.0157099370970476 5.83172571151567 0.0274910186442178 0.0428756699018721 -11.7933907332801 -3.1882220251484 -0.00656278741913365 3.18627913420239 11.8837640912043
"etap[119]" -0.123520131621371 5.85012639551063 0.0275777603004265 0.0467457717611574 -12.1936047600618 -3.24989537778152 -0.0844487602936177 3.07876024130477 11.4696134671006
"etap[120]" -0.0808188157435915 5.89046000546579 0.0277678947611534 0.0448082002666129 -11.9729172636756 -3.30883761633544 -0.0479233625361015 3.19373523008695 11.7115964394372
"etap[121]" -0.0379965422948628 5.78692152977498 0.0272798097059888 0.0423583892519499 -11.9061353048625 -3.20770751824335 0.0193848786991371 3.17759101560348 11.6520920905558
"etap[122]" 0.0860869532654161 5.85648653248927 0.0276077422736723 0.0492496583050157 -11.3729254617792 -3.16329830556291 0.0307068459912679 3.23186734044039 11.9484420894029
"etap[123]" -0.0304788494275639 5.8468456466404 0.0275622947019365 0.0480413365001971 -11.8344051699012 -3.18188998612394 0.00606951002548522 3.20148639970499 11.6230190224008
"etap[124]" 0.0213073190191066 5.81626500066814 0.0274181361543361 0.0456341421476916 -11.6260792145577 -3.18796614706384 -0.00461528283733546 3.20051541257209 11.7144433464348
"etap[125]" -0.00479390983519962 5.8207392034217 0.0274392277483858 0.0447714407625038 -12.1126110912403 -3.1663693436882 0.0506463277772605 3.2256145476156 11.6992806168584
"etap[126]" -0.0196474957397603 5.92971429704247 0.0279529412662503 0.0479926456299919 -12.0617237324225 -3.23347814136343 -0.00946676769662541 3.20123539321312 12.0116021090524
"etap[127]" -0.0563396122815343 5.81905809834859 0.0274313029430719 0.0472917855854263 -12.0265682898838 -3.24685997918497 -0.0130257734835881 3.1650718085553 11.6990578797023
"etap[128]" 0.0198891114140205 5.77102686536316 0.0272048815393869 0.0434543861005701 -11.781791503734 -3.17180411925043 0.0165050625524664 3.21051185052628 11.7273197768847
"etap[129]" -0.00110909559375715 5.81485273788668 0.0274114786837389 0.0395922228487056 -11.757822166772 -3.24259332340792 -0.0120464010275237 3.20134728457291 11.8769327338932
"etap[130]" -0.0411317051657002 5.76662513056676 0.0271841315625635 0.0460656771900744 -11.6629224577985 -3.2303936487869 -0.0429023687307361 3.13122554028519 11.6693410569649
"etap[131]" -0.0318251149073354 5.77723855337676 0.0272341637175005 0.0452658999435161 -11.7948212448053 -3.19859890519111 -0.0190269921017833 3.18960545912472 11.51415480669
"etap[132]" -0.0707097608679163 5.91796183738246 0.0278975396401089 0.045181712074911 -12.1753744332695 -3.27007489380386 -0.0237566773333461 3.17807940436472 11.8163923756887
"etap[133]" 0.0652525036116656 5.78764244167793 0.0272832081172902 0.042391896650795 -11.6874998719726 -3.11889297891988 0.0612521168685768 3.22908466425773 11.8802250133859
"etap[134]" 0.0386964256523108 5.85300817368287 0.0275913451330097 0.0465238000868121 -11.6165809048537 -3.22141712973302 0.00398554705862802 3.2463084674631 11.933917421249
"etap[135]" -0.0390634814447905 5.78736225719682 0.0272818873149797 0.0432631984801415 -11.9309567221244 -3.24557560895787 -0.0158750275004433 3.18243568707233 11.4579455229244
"etap[136]" -0.000812909769036732 5.80596468119984 0.0273695799827067 0.0434196757338668 -11.7299010395735 -3.21234614705899 -0.0361297238347448 3.18676510958554 11.8418344670025
"etap[137]" -0.104322404452328 5.71065154645455 0.0269202695566097 0.047547709660918 -11.7749634858539 -3.23339620241049 -0.0465672137963285 3.1173344336281 11.2234810687029
"etap[138]" 0.091139048315077 5.80337279267496 0.0273573617030265 0.0430470573425299 -11.5607914239299 -3.11434301239452 0.0662658256978736 3.25082345655507 11.9507395276877
"etap[139]" 0.0201188945657974 5.8907742670977 0.0277693762046933 0.0482933641962148 -11.9426665893128 -3.16402801068677 0.0163854422666243 3.22990611679909 11.8566279156861
"etap[140]" 0.020490058509025 5.90028056773078 0.0278141893356377 0.0480630764353166 -11.8897824473789 -3.17430043431781 0.00643062724080822 3.16704285840466 11.8752245321143
"etap[141]" -0.0184381787225268 5.83592646332811 0.0275108211781689 0.0436255899075474 -11.9565087055439 -3.17060068993755 0.0219685733188859 3.20100203032432 11.4958336055211
"etap[142]" 0.149183439943012 5.92798948529322 0.0279448104256893 0.0509618044590827 -11.4480459356969 -3.11966705810385 0.0860332174453629 3.28159932147052 12.4206740069914
"etap[143]" 0.0234196750105207 5.75375187794706 0.0271234464677413 0.0443082628938006 -11.4813348244878 -3.17171849208501 0.0132094340354494 3.17735112197526 11.7329997081643
"etap[144]" -0.00116621199547356 5.88940750935669 0.0277629332469139 0.0483335289872068 -11.7345325709761 -3.21481504641265 0.00587198388252076 3.2225794373048 11.7751437507453
"etap[145]" 0.0231107060346875 5.798046976406 0.0273322555643656 0.043089702882866 -11.733434053839 -3.17746053239727 0.0119896796728248 3.18582401917729 11.9318144721571
"etap[146]" 0.0117157763204718 5.74696141369912 0.0270914359122938 0.0441465554877836 -11.736923243408 -3.14762965860587 0.0216973868745638 3.17548023085491 11.6610311817564
"etap[147]" 0.0405032478738107 5.7768597552109 0.0272323780458219 0.0463628076758752 -11.6393851421166 -3.12160231879954 0.0461274773557437 3.22612972831215 11.7931280425067
"etap[148]" -0.0289365440997177 5.80519391049174 0.0273659465347437 0.0434586695302963 -11.7383684147163 -3.174436005439 -0.0140742618306277 3.1713347432414 11.6655238459657
"etap[149]" -0.0258412208046044 5.83044501858145 0.0274849813998285 0.0489064648901536 -11.6358726888188 -3.28963853067779 -0.0497861353040854 3.15981871495713 11.789911811791
"etap[150]" -0.0270709523801436 5.78252029348616 0.0272590620791526 0.0448439414255237 -11.7335887268807 -3.19263418877622 -0.00466131718164345 3.1771598253687 11.664785964496
"etap[151]" 0.0725917879359614 5.80871839433252 0.0273825611109037 0.0515725082488263 -11.4282423264205 -3.15519402150566 0.00481625877036362 3.209624274862 11.9991770872485
"etap[152]" 0.0273185430846402 5.84923403090389 0.0275735536533284 0.0492013365578085 -11.7977102283561 -3.20923357431454 0.0506907324554364 3.2522103699855 11.8346879257849
"etap[153]" -0.0306775325816149 5.82276069596845 0.0274487571556386 0.0434466036453566 -11.8857098957391 -3.21877443771406 -0.00592717414803108 3.14249699298672 11.5646178624717
"etap[154]" 0.0402473849627855 5.75692398750761 0.0271383999356142 0.0460398690769899 -11.4539949673585 -3.12610280827917 0.0261813747811427 3.19997566295201 11.7588257848783
"etap[155]" 0.0157592887797308 5.79121894549868 0.0273000679179875 0.0456252648169815 -11.9291647831551 -3.15478238610717 0.0292076709866492 3.21178321064623 11.6591858012349
"etap[156]" -0.0352746220039466 5.8493624406104 0.02757415898249 0.0460727556859648 -11.8765156963279 -3.24936457721289 -0.0629324412504137 3.20139105387716 11.7949479029549
"etap[157]" -0.0249628586983111 5.78861475019911 0.0272877916236151 0.0474146399582521 -11.5858474387624 -3.21656678343164 0.00270829901340205 3.13413627653019 11.6348994412719
"etap[158]" 0.0747718328910686 5.84914284204583 0.0275731237849291 0.0436124256485105 -11.6513755989233 -3.15885620110543 0.0327178479604352 3.22185580353538 12.0675522304295
"etap[159]" -0.00711104902112571 5.84715760791789 0.0275637653015017 0.0440490455821559 -11.9131959817208 -3.25213053749616 -0.0180124772234634 3.20920718781465 12.0618265362219
"etap[160]" -0.034117988972928 5.82656671598362 0.0274666989060523 0.0421893143239414 -12.0204301312009 -3.18387210740923 -0.00806757525305442 3.15425921858834 11.8920890298787
"etap[161]" -0.0286373641061507 5.81867525986042 0.0274294982251313 0.0477494253832072 -12.0568703001592 -3.16827112198638 -0.00968755571293714 3.1786252476181 11.6429080850732
"etap[162]" -0.0266148111991775 5.74642186562714 0.0270888924582907 0.0412924362379248 -11.74302788979 -3.19604649683143 -0.0121202478945105 3.18363805561727 11.611944695061
"etap[163]" 0.0171577180785646 5.85302488523683 0.0275914239120305 0.0501992592028206 -11.6455134353505 -3.21849274871175 -0.0188547784920175 3.21221681388703 11.875497048678
"etap[164]" 0.0503583868748548 5.76782160191077 0.0271897717825691 0.0410386946237223 -11.7327936741462 -3.15065218437665 -0.00306706751309066 3.24278038625557 11.923315513391
"etap[165]" 0.0158361956365606 5.92372893178481 0.0279247259838399 0.0512436669901671 -11.6291011396164 -3.25832632435332 -0.0105087196074852 3.19055574120734 12.0856295805565
"etap[166]" 0.0216991414118615 5.81526426350668 0.0274134186341158 0.0437649352504705 -11.774857048982 -3.17213537579901 -0.0118831048824316 3.20159579751471 11.7471304866933
"etap[167]" 0.0584578049376759 5.87260165319738 0.0276837096812213 0.0475666020022966 -11.7136369033419 -3.17565323737428 0.0117575291800563 3.25914439909946 12.120263363994
"etap[168]" 0.0482722217101138 5.82953571298247 0.027480694892127 0.0462531251927969 -11.7379745133743 -3.1688127687368 0.0301782979595119 3.19949576709268 12.1142072465252
"etap[169]" 0.0477870984460447 5.74957575426684 0.027103760031919 0.040988681300992 -11.5437994318429 -3.17892004498096 0.0161444949961634 3.25170837727189 11.9083600163994
"etap[170]" 0.042060052715529 5.85458367339099 0.0275987721098588 0.0442925491898946 -11.598368899276 -3.14541653604727 0.0281208273348291 3.22042252012606 11.7394448256933
"etap[171]" -0.0218059762677066 5.90251206664961 0.0278247087224224 0.0482099187294989 -11.8834787938707 -3.26101455638602 -0.0211536537497489 3.17902900382938 12.1233407302958
"etap[172]" 0.0346086160408281 5.93999429773487 0.0280014016542517 0.0485858201592414 -11.7736123690848 -3.15172875269864 0.0135441991354763 3.21350465987641 11.8666405329598
"etap[173]" -0.057155570825711 5.80040064218842 0.0273433508512683 0.0408418794101031 -12.1464360063676 -3.17032252363251 -0.0134043207139968 3.11656913349097 11.6558075992665
"etap[174]" 0.0367413975026767 5.78429970496167 0.0272674503052916 0.0464626417525318 -11.5524449017388 -3.17521045062365 0.0209253833735924 3.21111952910547 11.7515296738947
"etap[175]" 0.0154552328901946 5.75419955402291 0.0271255568330014 0.0432702369421424 -11.6629549032527 -3.15035712023175 -0.000185775298041611 3.21383554016911 11.7929878125249
"etap[176]" 0.011650091800041 5.92600488814331 0.0279354549450051 0.0475975326005033 -11.9883379721547 -3.21371352221663 0.00419576606177758 3.19902323258839 12.067472312486
"etap[177]" 0.0707291262562378 5.84689429741107 0.0275625240438688 0.0438335357544684 -11.7541507420288 -3.14967643856866 0.0264885570758281 3.25679210166913 11.9796783009391
"etap[178]" -0.0761543570045877 5.9813954952327 0.0281965687709181 0.046678094031328 -12.1081349088193 -3.29558397332198 -0.10484849787304 3.12747268551589 11.9438154036375
"etap[179]" 0.0657326627792436 5.85569626769947 0.027604016929727 0.0429412957738028 -11.6367019840382 -3.15244207815198 0.00602795498276659 3.21861673570701 11.9716902379605
"etap[180]" 0.0607962169842293 5.86250046876763 0.027636092241166 0.0522234620778957 -11.6566274838884 -3.17581275514015 0.0255966246313679 3.23619478050473 12.1012606607621
"etap[181]" 0.0531568757240898 5.86141677248046 0.0276309836478767 0.047482903967226 -11.7528335593669 -3.12620644401109 0.0268978938941589 3.22343514955942 11.8445185325367
"etap[182]" 0.0124710659872855 5.81223688757648 0.0273991474471195 0.0415853658553642 -11.8290086007739 -3.13644953173589 0.0172105866312279 3.18301248699296 11.5719022489796
"etap[183]" 0.0088058748671065 5.83879822870777 0.0275243588099951 0.0495378810478473 -11.794744486449 -3.15512750549094 0.0100255140155657 3.16242893367757 11.6646433043502
"etap[184]" -0.00698229892312179 5.79091875018938 0.0272986527837283 0.0451422398008481 -11.818905824958 -3.17409152390292 -0.00857216205172015 3.16821392268613 11.7526073691966
"etap[185]" 0.0235449079836849 5.90522084092256 0.0278374780068031 0.0433296558334682 -11.9663770939646 -3.14465377430189 0.0562415996537414 3.20930027691382 12.0898862786033
"etap[186]" -0.0414737838918303 5.88014855775078 0.0277192861304658 0.0454040329532353 -11.9834161379952 -3.29947919072265 -0.0238349430655142 3.20255256198777 11.7904997836305
"etap[187]" -0.00418006672596916 5.80900909242848 0.0273839314748699 0.0456516530014308 -11.8730045311755 -3.20526450982339 -0.0240936051448105 3.17421362572926 11.8732686319344
"etap[188]" -0.0539925662174591 5.76955592041339 0.0271979474383954 0.0438465860464507 -11.9584724059932 -3.1975156130739 -0.0168528355127991 3.14810809459068 11.5445691344149
"etap[189]" -0.0672264451501988 5.7871514625302 0.0272808936193917 0.0440988358535295 -11.9843759939893 -3.19896614605376 -0.0481615698964514 3.17444394082495 11.4316394708923
"etap[190]" -0.0429529373017168 5.77019646197023 0.0272009669802518 0.0421856945558478 -11.8047926900785 -3.23304153707402 -0.0390207247726908 3.14017171903044 11.6467420711105
"etap[191]" 0.0148957983886763 5.8196381794987 0.0274340374718378 0.0442162117388849 -11.710265608032 -3.17767956934935 0.00022134570844284 3.19010337826778 11.9966624621105
"etap[192]" -0.00808525117937882 5.84364495634368 0.0275472065031812 0.0491140214247984 -11.7963120139332 -3.16846655621571 0.0291837117254906 3.17736788302211 11.638592106505
"etap[193]" -0.0169109930697509 5.73990558397224 0.027058174411982 0.0425239250927032 -11.8353299470874 -3.1665426940756 -0.00678827759471181 3.15280644171177 11.6171557557887
"etap[194]" -0.0176084071767473 5.77300921560297 0.0272142264280353 0.0448339396741088 -11.8525194137489 -3.19464156547646 -0.0314791560733201 3.1235905918698 11.60409829884
"etap[195]" -0.084548059880778 5.80140031468815 0.0273480633526251 0.0462586684355636 -11.9833822046287 -3.25677166776635 -0.0147365901708687 3.160452645753 11.4192468894041
"etap[196]" -0.027496458201776 5.80000745018301 0.0273414973263793 0.047470041315246 -11.8651851398195 -3.18017979449552 -0.00596519226331017 3.16830970146423 11.600893890522
"etap[197]" 0.0912623646938599 5.83359055446894 0.0274998095982052 0.045578382098619 -11.5068923484163 -3.12351616812647 0.0954313978783413 3.26389062502755 12.0040227123704
"etap[198]" -0.070854157819043 5.89250826880197 0.0277775503671179 0.0513747149948878 -12.0831516903369 -3.212232126641 -0.0364226830269687 3.15659500361207 11.6965571532348
"etap[199]" -0.00523624475083325 5.86340655315554 0.0276403635639328 0.0438420815153363 -12.0987736613572 -3.19762692199943 -0.00994571252605284 3.16632428850047 12.0011334400106
"etap[200]" 0.0698020927335295 5.75567361021236 0.0271325056005174 0.0420666040065345 -11.4882159229376 -3.11178503287537 0.0434444592721902 3.21856692091255 11.7993068492711
"etap[201]" 0.0365617354353047 5.88861883796686 0.0277592154143281 0.0422435098317973 -11.8822442625668 -3.16047303185972 0.0276638286845833 3.20015304169573 12.081814845087
"etap[202]" 0.0462276653475571 5.85831167481484 0.027616346077106 0.0503602377578558 -11.6994566118589 -3.14961609289402 0.0466777606863338 3.1965837020741 11.9949419407852
"etap[203]" 0.0390419753657535 5.83668789757691 0.0275144106136406 0.0486182110182486 -11.8071930659153 -3.17607225931332 0.0133222888508596 3.21119899152091 11.8392151382532
"etap[204]" 0.100420137724775 5.82073974033895 0.027439230279438 0.0450860589612228 -11.7488370293565 -3.12430317641671 0.0650655692316328 3.29557651067942 11.909448910555
"etap[205]" -0.0309365528686725 5.80309102433068 0.0273560334343134 0.0499464533090782 -11.7221917001702 -3.26340261552791 -0.0394155978910437 3.11365716886689 11.9276578122721
"etap[206]" -0.00451683928436821 5.80388974840123 0.0273597986556906 0.0437630605694889 -11.876529178067 -3.21088392135727 -0.00297979531976234 3.24162649426342 11.6437114361484
"etap[207]" -0.044751574921667 5.7203889359404 0.026966172050853 0.0408312455685446 -11.8184402029456 -3.21039895408317 -0.0346555932760489 3.1225059782518 11.5284709932099
"etap[208]" -0.0537186188009249 5.87831552611403 0.0277106451364626 0.0503689185163837 -11.9192750085356 -3.23687155727875 -0.0379879797219183 3.11284638818158 11.746314748189
"etap[209]" 0.00611068924731368 5.85258439591115 0.0275893474254356 0.0447158468261517 -11.9237771130049 -3.17863176198446 0.00471753921759443 3.18515483392836 12.0332201474476
"etap[210]" -0.0159378844327358 5.75579077499195 0.0271330579205852 0.0444791317904129 -11.6753265490288 -3.18848494814711 -0.0186646169628349 3.18259043280333 11.7677269005491
"etap[211]" 0.02112060445879 5.7864412662163 0.0272775457218615 0.0430670517240489 -11.6643702291808 -3.16836643999179 0.0122493023282508 3.19621858252465 11.8019459859877
"etap[212]" 0.0136134781127136 5.84874878292613 0.0275712661724242 0.0430937036049382 -11.9139130327965 -3.15813599884601 0.0164222923806146 3.21523847677724 11.8406895567802
"etap[213]" -0.0388351120414368 5.86375985673639 0.0276420290529851 0.0484181811776254 -12.1531733274973 -3.21574571169211 -0.020736833177004 3.18495969536744 11.7575900287035
"etap[214]" -0.0489358553113448 5.84963624587595 0.02757544971289 0.0493965747285822 -12.0109365992707 -3.25498108724025 -0.0378227209860052 3.16098938318074 11.8715178470559
"etap[215]" -0.00417145538720522 5.79943943428604 0.0273388196737622 0.0504330850545599 -11.6667073039105 -3.20375657090206 0.0328998761512058 3.17821236794787 11.5355017604613
"etap[216]" 0.000522391581318028 5.88746145924219 0.0277537594786973 0.0451230396560236 -11.8368684953545 -3.22088736769388 -0.0382976455252759 3.13992209305344 12.2518858790868
"etap[217]" 0.00322994818410095 5.96141413182736 0.0281023757205096 0.0514822991737321 -11.9348414384003 -3.12595818736636 0.0227116867611308 3.21781150527817 11.918552017283
"etap[218]" 0.00247652956857898 5.74418918559777 0.0270783675036974 0.0421811962484044 -11.8052491923065 -3.20162930130325 0.000105427484365846 3.1712722140313 11.677940445702
"etap[219]" 0.00488280085916117 5.81283816541351 0.0274019818980257 0.0418486312500245 -11.7944990379649 -3.16266763457868 0.00248449854534002 3.14218996224014 11.8529623733186
"etap[220]" 0.013981354327563 5.85335702226314 0.0275929896209878 0.047131117096793 -11.9015852549252 -3.16281681137593 0.0156702353364238 3.19175138198534 11.922460232022
"etap[221]" -0.0216896978113066 5.79235639874371 0.0273054299240065 0.0456402179992394 -11.5201956951761 -3.17163021740747 -0.0479220212352768 3.13671690809552 11.7207502896037
"etap[222]" -0.0160681819445936 5.78602424496044 0.0272755798648087 0.0465969736809792 -11.8715232600905 -3.17214744584047 0.00229839251498166 3.18041189011025 11.7538181200674
"etap[223]" -0.0349109741324211 5.81883304062954 0.0274302420108099 0.0434969870203277 -11.7778198480287 -3.24702369769347 -0.0305671063429132 3.10718014499447 11.8581065476585
"etap[224]" 0.00425161618093853 5.85862607982707 0.0276178281965472 0.0462086588041963 -11.8639839046661 -3.20447852019455 0.00928395833916957 3.21633134563599 11.7789583215942
"etap[225]" -0.105940238064098 5.83513499686077 0.0275070901694613 0.0457290168413269 -12.0233184588514 -3.29021104684164 -0.0832650867037257 3.13157514202749 11.5292320143919
"etap[226]" 0.0595712674084933 5.7967092232614 0.0273259493355649 0.0450159871295814 -11.6887723949223 -3.15722159455839 0.022431429663632 3.24550349769769 12.0208678254113
"etap[227]" -0.0311274971088354 5.80965017168141 0.0273869535514501 0.0461425700554472 -11.7252711615297 -3.20645567576517 -0.00278587580487204 3.18300774294906 11.6692856969093
"etap[228]" 0.0362371478332221 5.79305906496577 0.0273087423243433 0.0462519408197876 -11.7603892219716 -3.13445923122978 0.0105865567735945 3.26971241254905 11.8854903781534
"etap[229]" 0.0153268725417323 5.79196026679096 0.0273035625400729 0.0415479484988707 -11.7334750447741 -3.13357072133191 0.00286955871463439 3.17414538786863 11.9348240283901
"etap[230]" 0.0768422424957139 5.88867788958338 0.027759493786318 0.0490710262806164 -11.5230028766831 -3.13555778858923 0.0303426066164785 3.19364223220469 11.9915214518986
"etap[231]" -0.0249762532620942 5.76039946892233 0.0271547835121224 0.0444734301622327 -11.7667027117813 -3.25755959478558 -0.0631230631497165 3.19633853245652 11.7219406695754
"etap[232]" 0.0756936226702127 5.81649430247934 0.0274192170934404 0.0468108589636769 -11.3683310923213 -3.1847389317924 -0.00930860398998956 3.25732777305825 12.0279688330151
"etap[233]" -0.0805411051658022 5.78554116852466 0.0272733026206515 0.0444012588437968 -11.9454518991911 -3.25506419112392 -0.0327713617558156 3.12178052411207 11.6516421768481
"etap[234]" 0.0445468983554885 5.80259976737754 0.0273537176268276 0.0435213448270881 -11.6476951257419 -3.1491562580559 0.0302768501597896 3.22210506437742 11.8311965357074
"etap[235]" 0.00897163682649706 5.83259410362717 0.0274951122838896 0.0475766122560921 -11.8146822721569 -3.19620058877058 0.0376976728131656 3.19317124839613 11.7003536358502
"etap[236]" -0.0435755890737699 5.7141202241321 0.0269366210599934 0.0402898343661633 -11.8496414823913 -3.19289894161634 -0.021200938483399 3.16112313196247 11.5262331954352
"etap[237]" -0.0127915341940947 5.83340736190384 0.0274989460201716 0.0485511741333836 -11.7585522997126 -3.17024994415079 -0.0358155322220215 3.13803588070443 11.9189336773916
"etap[238]" -0.0557413584548816 5.86563823223617 0.0276508838000085 0.0447537064233045 -11.82247396269 -3.26229890117595 -0.0246754296158711 3.13140609144965 11.7959503914155
"etap[239]" 0.00571287157433863 5.90018572186466 0.027813742227937 0.0464530884254795 -11.9082575621219 -3.18282639098041 0.00988564906555455 3.22121098252472 12.0419974297541
"etap[240]" -0.0652286258810669 5.85210175364599 0.0275870722279785 0.046592815159407 -12.1084237251626 -3.2248429795452 -0.0543139988510051 3.1488017502683 11.7413333495986
"etap[241]" 0.00243921885437315 5.85831305253556 0.0276163525717437 0.0474833736717698 -11.7882160967984 -3.15804738333857 0.00457407107896265 3.15214395572801 11.7244959749879
"etap[242]" -0.027097157049277 5.83996202777387 0.0275298450114056 0.0423860246680303 -11.8709124392496 -3.18585685004743 -0.0281234967414848 3.16140826324628 11.773024287773
"etap[243]" 0.0468338880190399 5.84672542992842 0.0275617279949215 0.0488886861015883 -11.6898873263255 -3.16085615320781 0.0315265627439812 3.20856948604681 11.8885436680386
"etap[244]" -0.0548679400584863 5.83067779313788 0.0274860787096107 0.045203263701775 -11.9279799293025 -3.21924655358735 -0.0594961000886515 3.12839566821564 11.9723941043743
"etap[245]" -0.0623241088587009 5.78487234141066 0.0272701497393998 0.0445067646989992 -11.716968315609 -3.25275206832788 -0.0421014332620697 3.15758873786785 11.6064694265383
"etap[246]" -0.0665125036364167 5.86860365205368 0.0276648629230886 0.0485872094539972 -11.9455525184129 -3.19680167699935 -0.0461790717816725 3.10665821091882 11.7165235766653
"etap[247]" 0.114371948796796 5.91609758358466 0.0278887514634271 0.0478863223820735 -11.8114207213881 -3.11390711759516 0.0651518626559118 3.31442201535788 12.3114665548906
"etap[248]" -0.0118103619437216 5.86460810145759 0.0276460277169482 0.0451254402967455 -11.6761251029213 -3.23496749356121 -0.0423685443170905 3.13310160717232 12.0071003116136
"etap[249]" 0.0857539100958447 5.82161798955395 0.0274433703859413 0.0441845923921505 -11.5246749519147 -3.11526972803823 0.0131082666280012 3.23805019267829 11.9170816669839
"etap[250]" -0.0375869362132386 5.81847994496286 0.0274285775018745 0.0484682535783466 -11.9371919056459 -3.20784683322006 -0.0517227664434965 3.16265466415038 11.5889454234132
"etap[251]" -0.00221099430016078 5.85558706552235 0.0276035021457273 0.04579956934893 -11.9062185990529 -3.16300047989568 -0.0136944316245154 3.21651547507741 11.890950720335
"etap[252]" 0.0165206847296487 5.7790072103726 0.0272425012465361 0.0445147189794685 -11.6004343640976 -3.21073291087626 -0.00632711277808704 3.20014043176873 11.8401631812483
"etap[253]" -0.0305321795746303 5.83257584680661 0.0274950262204122 0.0443199906130865 -11.8524320073827 -3.24200192555265 0.0122746072746785 3.16489469501496 11.7528849080081
"etap[254]" 0.00147173759533853 5.88687220600702 0.0277509817123078 0.0541518463062599 -11.7821619945066 -3.24206941977432 -0.0495427406510304 3.1703042856636 11.991570560245
"etap[255]" 0.00232916265995939 5.80135978142963 0.027347872277012 0.0436168986375491 -11.8613984073211 -3.1884168289448 0.0466209350013964 3.25063131627283 11.5226908624612
"etap[256]" -0.0206568640863655 5.75437484090205 0.027126383143274 0.0439451543891076 -11.6381646193586 -3.17338672313152 -0.0259502651672108 3.08427938783791 11.8011796254002
"etap[257]" -0.000621760040073831 5.92759931262898 0.0279429711341111 0.0525486570400871 -11.9585944585483 -3.18503086005665 -0.00210845286315608 3.1913991860836 11.91348409695
"etap[258]" -0.049396212362538 5.78031578497066 0.0272486699263493 0.0463106640377312 -11.9822793712198 -3.21699914853842 0.00972670630459908 3.22167513537316 11.4767211580694
"etap[259]" -0.019371686319234 5.8391074595218 0.0275258165380321 0.0495722236118972 -11.7471550675754 -3.16173666600688 -0.0189897376716689 3.15693556760615 11.6637350270469
"etap[260]" 0.0114410066630107 5.87239798439848 0.0276827495772959 0.0477962646591975 -11.7074578595544 -3.24675968881327 -0.0292386179431326 3.20433811365373 11.9697702377411
"etap[261]" 0.0452148771346467 5.80105877599293 0.0273464533237756 0.0444171705877566 -11.5263104436217 -3.20521749290711 -0.00497174114883642 3.19728660050929 12.0264762167072
"etap[262]" 0.0155939583026541 5.85526692577495 0.0276019929924852 0.0449023711567288 -11.8204020716933 -3.14352457691822 0.0124620395443814 3.2174746344525 12.029935847239
"etap[263]" -0.0279841743079478 5.79287734683619 0.0273078856968654 0.0440325792146548 -11.8146741809649 -3.16972770093796 -0.0208069568411856 3.20375945815145 11.5863174630863
"etap[264]" -0.0217890295966051 5.79528888031805 0.0273192537747192 0.0470735543482027 -11.8116418971858 -3.2046392748644 -0.0344071357209218 3.14900850368202 11.6882873915647
"etap[265]" 0.0400073038445652 5.85041376410164 0.0275791149689559 0.0476349418655314 -11.6268199652105 -3.20960102446031 -0.033368633782595 3.2263118277293 12.2294876782283
"etap[266]" -0.0678730986112852 5.78245030754189 0.0272587321622474 0.0454223637352935 -11.703342817452 -3.24084371549018 -0.0538421438263547 3.1285843948826 11.5099489567497
"etap[267]" 0.0632065201671886 5.87784562402247 0.0277084299967598 0.0449807677091817 -11.7093450481339 -3.17544590134498 0.0455180264438555 3.22423864238268 12.0505676810472
"etap[268]" -0.0377042039136129 5.82654813346863 0.0274666113072366 0.0491939128563591 -11.8558414447226 -3.22972018179034 -0.015054252980006 3.15680460780231 11.6185145239619
"etap[269]" 0.00350543511000877 5.8260896284993 0.0274644498940831 0.0425529297754304 -11.6988923586657 -3.23761313447144 0.00551307546738327 3.22342123305745 11.8420935421509
"etap[270]" 0.0233477071878004 5.87191641471669 0.0276804794360451 0.0474134614943777 -11.8415877070383 -3.14834060804194 0.0290745107628173 3.21585208217829 11.8579371987432
"etap[271]" -0.0464286840346191 5.80818176013885 0.0273800313930547 0.0438602584016227 -11.8206887228674 -3.20671078644215 -0.0221126408423161 3.14725949631414 11.6861157405633
"etap[272]" 0.00412992760630263 5.88134918020293 0.0277249459189829 0.0454100368508188 -11.6955811109505 -3.19937124920481 0.00870686307135205 3.19314505922091 11.7767631271087
"etap[273]" 0.0175700351919154 5.84036150665568 0.0275317281729141 0.050423523392873 -11.6946340819247 -3.12856335175984 0.00543162882048995 3.15088467744579 11.5814110420115
"etap[274]" -0.0101854803792665 5.84278601350333 0.0275431574078008 0.0440237489424387 -11.8846574109813 -3.2345058168376 0.0121066415583326 3.20910534957389 11.8315889004735
"etap[275]" 0.100839834999964 5.80662920760789 0.027372712590236 0.0432769267911072 -11.5107719469436 -3.13454980083096 0.0685735515841293 3.22403962292171 12.2683090536095
"etap[276]" 0.0458889075819709 5.86026422791455 0.0276255505006889 0.0461495536397419 -11.7397927116282 -3.19415015495441 0.0323166157348256 3.26358704202953 11.9715020795288
"etap[277]" -0.00586036529728236 5.72044121948707 0.0269664185178557 0.0418676554854601 -11.4894346248403 -3.16467979941711 -0.0115164049482558 3.1863014573528 11.5626904640082
"etap[278]" -0.0108909108567486 5.79128826406688 0.0273003946888517 0.0410867919285682 -11.8976902398828 -3.23082473201125 -0.00396728505844424 3.16709343577375 11.912146452125
"etap[279]" -0.0272127884959767 5.8199443987955 0.0274354810034464 0.0450911666137307 -12.0697216526984 -3.20533558626687 0.0137377718921218 3.18776540654816 11.7037273860643
"etap[280]" -0.0390190247856167 5.78262508235921 0.0272595560586374 0.0438973723208078 -11.935570884031 -3.24475214650504 -0.0649059228396085 3.08821329822926 11.7512729717022
"etap[281]" 0.0451168062307117 5.83960468486475 0.0275281604807773 0.0454353512027712 -11.9864091125915 -3.15429988558028 0.0191417748881711 3.23313568189867 12.1115701082737
"etap[282]" -0.0546423282495635 5.82118363539262 0.0274413228207885 0.0442163825823937 -11.9960788056222 -3.19164312956135 -0.0470908046722972 3.1270978804114 11.674296373693
"etap[283]" 0.0243616372899442 5.93193276374573 0.0279633992185818 0.046537481774954 -11.954637119194 -3.16717503753407 0.0146399490075486 3.21710911292738 12.1727779073164
"etap[284]" -0.0277667372405476 5.76909520584635 0.0271957756090984 0.0447502077117568 -11.769701189967 -3.2072272132142 -0.00372765178317883 3.1697230110267 11.8276304832061
"etap[285]" 0.0497663488701396 5.8395478999225 0.0275278927939924 0.045646185213823 -11.7064280614955 -3.16014912788382 0.013109704790919 3.2235928756905 11.9439937629458
"etap[286]" 0.0138756516963278 5.79341236240814 0.0273104077844585 0.0434664319057168 -11.6962649926996 -3.1777286269883 -0.0352617288145599 3.19411170814905 11.8830742198109
"etap[287]" 0.0819004953545384 5.87883628759548 0.0277131000296287 0.0525247584805159 -11.6707868306812 -3.09728940595235 0.045187840189013 3.23326363185777 12.0791644552814
"etap[288]" -0.0702963101251705 5.77167321137363 0.0272079284437002 0.0459144679277964 -11.8923509423935 -3.24083702589647 -0.0450079020845902 3.14314012605693 11.6680853247561
"etap[289]" 0.0434820052347244 5.86669928662361 0.0276558856583589 0.0433488282322411 -11.8630188780647 -3.14339546462507 0.00791044671384578 3.1863098612749 11.8809624624966
"etap[290]" 0.00466950312738817 5.79908060404015 0.0273371281317612 0.0431124152436523 -11.5199570941572 -3.22283620960941 -0.0187688377827667 3.19500387186849 11.7907785085052
"etap[291]" 0.100246971749241 5.96651289024201 0.0281264114981805 0.0442907913148853 -11.9176408163299 -3.22250950661107 0.0159165069278167 3.32278756023802 12.3242287641984
"etap[292]" 0.0567668369827034 5.95694562550597 0.0280813109796987 0.0499763178681226 -11.7752914554358 -3.19164409718616 0.0142027042701269 3.26111011504677 12.3666179108529
"etap[293]" 0.0735996662519981 5.88359555304147 0.0277355354220976 0.0457544170448859 -11.6019065063556 -3.13627270797459 0.0661349033359345 3.23212623146787 12.081323773704
"etap[294]" 0.00128662216302899 5.7877313654767 0.0272836273080977 0.0430055119163014 -11.8077450926122 -3.18116056751112 -0.0138265033562644 3.17252399146004 11.7380384966589
"etap[295]" -0.00736646167122049 5.89802198430716 0.0278035422712729 0.0468074940573726 -11.7938260770515 -3.19515368221423 0.0220017251056635 3.20637265312296 11.9805792647091
"etap[296]" 0.0929589532070991 5.86720367561096 0.0276582633708476 0.0430028802398213 -11.6536083834381 -3.16528637070253 0.0127596657950237 3.27195733630696 12.2272642451383
"etap[297]" -0.0103601857908169 5.74586935808967 0.0270862879127813 0.0440791071112944 -11.6797356860153 -3.1369365940315 -0.0151113774005364 3.13556380413345 11.7877410402235
"etap[298]" 0.0440015826757612 5.86169193840286 0.0276322807924746 0.0443746070693938 -11.6730573423184 -3.17925177180573 0.0374268981068057 3.25506010129097 11.9713529881573
"etap[299]" 0.031614602699222 5.93390386921623 0.0279726910988793 0.0484707577568922 -11.8336876247807 -3.20796277342897 0.0136941136947401 3.16129143628246 12.2061878167403
"etap[300]" -0.00702171691701312 5.77494552606082 0.0272233542830702 0.0445272984497064 -11.7723323401156 -3.21415197629827 -0.0253263176939997 3.17155029214557 11.6565038380495
"mean.p0" 0.500403797975051 0.236285407685537 0.00111386009379914 0.0045627279098031 0.036191509823751 0.354908179643679 0.493946776069124 0.64727682769988 0.979749461637318
"mumup0" 0.936148680105571 0.0240760674751203 0.000113495670506417 0.000383872145807657 0.884813690585445 0.920398936932418 0.938210206370867 0.953844820286031 0.977180674583039
"mupsi" 13.6325353663337 1.44029861514229 0.00678963278467138 0.00866553154851888 10.9016887049015 12.6447594935663 13.6044733913751 14.5784890395721 16.5269827371164
"ppo[1]" 0.608681975922834 0.0935815142937552 0.000441147489005468 0.00116320073589799 0.398671595045997 0.556950451123989 0.61324685315941 0.666770516572588 0.789279970984944
"ppo[2]" 0.66829064036524 0.0963755236119474 0.000454318575242748 0.00205106074936843 0.493544309735227 0.604282865527187 0.656747213248943 0.72679622003391 0.878350227133088
"ppo[3]" 0.575611543792616 0.1026142765843 0.000483728338795401 0.0018602225067508 0.330834719841935 0.521876888903401 0.592645652694425 0.642261767630567 0.743582339476481
"ppo[4]" 0.606956814289369 0.0947233811594986 0.000446530301031997 0.0012151256674877 0.390430330222625 0.556027356238868 0.61287388897583 0.665512391868363 0.784828532209785
"ppo[5]" 0.608039790978937 0.0940444194855516 0.000443329645006572 0.00124812227391569 0.397308254264349 0.557727611674218 0.612924651608075 0.665692699168773 0.786996726963224
"ppo[6]" 0.638166289169118 0.0926721924571489 0.000436860904759165 0.00132420219526267 0.447299265886122 0.585191092141441 0.634760532672181 0.692632049917343 0.831755325966916
"ppo[7]" 0.607579232613519 0.0940123527604099 0.000443178481014584 0.00116949057194056 0.397097173213905 0.556124205036548 0.612221372308297 0.666023604424345 0.786138893402959
"ppo[8]" 0.637978851278921 0.092144952654266 0.000434375472492966 0.0012867474513479 0.44978721598264 0.585071494355863 0.634252831587955 0.692151392143812 0.830034621709674
"ppo[9]" 0.543409882231325 0.115701575949011 0.000545422459650106 0.00283115436765864 0.262407329507036 0.480097252783952 0.568493646057691 0.624310311562419 0.71532525992968
"ppo[10]" 0.607516835637156 0.0943729994674974 0.000444878585895879 0.00117181579811145 0.395666074560858 0.556104379322142 0.612291936702712 0.666899806457622 0.786482831004095
"ppo[11]" 0.57562817495716 0.10196575182744 0.000480671163773117 0.00186563562018687 0.333763918486956 0.522175533177535 0.592194749966671 0.641826870777711 0.746353840011183
"ppo[12]" 0.6960898208383 0.103880239500581 0.000489696145214288 0.00297549409989946 0.523037478697566 0.619799607505332 0.680446720483846 0.765323272900496 0.917204303905071
"ppo[13]" 0.607178023824686 0.0937587794922593 0.000441983125165005 0.0012117591694582 0.394323842522963 0.557045150132527 0.612983166102 0.665351237180386 0.783586318742677
"ppo[14]" 0.574182088423039 0.103125294869533 0.00048613730209406 0.00183938370336164 0.327534420181951 0.519431906773736 0.591936960097471 0.641190991474374 0.745456254608578
"ppo[15]" 0.668492952594944 0.0954493186762241 0.000449952403303959 0.00209530822071226 0.495466381077998 0.604921352023371 0.65783054581967 0.726398081414382 0.879172198876634
"ppo[16]" 0.639152795020139 0.0921009907911707 0.00043416823428291 0.00140317824727076 0.452596003715864 0.584787204382953 0.634989928584125 0.693360532476468 0.832458685115527
"psi0" 0.999996830978479 0.00000656457087712697 0.000000030945683885308 0.0000000423401802474327 0.99998157324972 0.999996775596925 0.999998765043272 0.999999533724653 0.999999933561079
"sdeps" 0.413208707529374 0.305015896059322 0.00143785872315492 0.0120064161988753 0.0149818170155077 0.168803021758753 0.360813977970446 0.592617458284974 1.12973931794698
