"Mean" "SD" "Naive SE" "Time-series SE" "2.5%" "25%" "50%" "75%" "97.5%"
"N" 6.60677777777778 1.05815407896994 0.00498818616519901 0.018855117497757 6 6 6 7 10
"betapsi[1]" 0.129279212449427 1.7263364628582 0.00813802812997753 0.0170889865516961 -3.36900005651354 -0.597905721263633 0.0105334278736258 0.721428771890543 4.29051098080381
"betapsi[2]" 0.159402682935404 1.71225266759516 0.00807163648240861 0.0170964615607359 -3.27651014596797 -0.56780522797849 0.0209511337283022 0.76427711172834 4.21639417661734
"betapsi[3]" 0.129283950018256 1.72424304505477 0.00812815966381314 0.0174089194705476 -3.33261154743993 -0.604546706559579 0.00842818730476487 0.720380586989981 4.30753061415188
"betapsi[4]" 0.133198576111977 1.71985723654709 0.0081074847642347 0.0176307831002602 -3.32011781229928 -0.592455048550256 0.010298028225739 0.740890435312241 4.24811777679804
"betapsi[5]" 0.130731240907821 1.69948829537632 0.0080114646547184 0.0156892456706251 -3.31559406936435 -0.587828101298815 0.0132223519491428 0.734453456261502 4.22041990273611
"betapsi[6]" 0.166334298108615 1.76068214930521 0.00829993524858545 0.0167441252511429 -3.29948503006176 -0.581686877930335 0.0121353222975335 0.757267067240942 4.51407887581222
"betapsi[7]" 0.145651318565997 1.73922581933532 0.00819878913911158 0.0169539107585276 -3.33172942213566 -0.596873777450629 0.0128910146138297 0.751500271828036 4.36884946195044
"betapsi[8]" 0.146464987806042 1.72762232109226 0.00814408972382388 0.0169880679496246 -3.29169473837241 -0.574596234714131 0.012695455429453 0.741644282363853 4.27227720699032
"betapsi[9]" 0.131034109652475 1.73516861830366 0.00817966331003073 0.015893704933481 -3.34643624634196 -0.592904315254576 0.0109847312110039 0.735896011552509 4.28192715623916
"betapsi[10]" 0.142030526487761 1.70733679728774 0.00804846284754322 0.0176885002922862 -3.26265055828368 -0.578984176808256 0.0123004470847935 0.720031851667201 4.26227354443838
"betapsi[11]" 0.136703349761807 1.71280797025327 0.008074254204243 0.0167825362780583 -3.27865417936473 -0.581484830535925 0.0115747627170103 0.719619880620695 4.31196409182091
"betapsi[12]" 0.137116034828707 1.73995458126243 0.00820222455578174 0.0180779013862894 -3.3640165577478 -0.570822382121016 0.0130303075750984 0.736121435938029 4.24106263373308
"betapsi[13]" 0.147809052219407 1.75024299563721 0.0082507246062622 0.0189803079160204 -3.29150501993618 -0.585169675338391 0.0102200975842661 0.731951032397753 4.40229860710101
"betapsi[14]" 0.137099915206893 1.74583188391343 0.00822993042617914 0.0164930989640135 -3.33463199277173 -0.579363420458314 0.0128385724307357 0.731045465976933 4.35630898679454
"betapsi[15]" 0.137898660163442 1.69785100910952 0.00800374641323845 0.0151622776331683 -3.26538726994399 -0.577565667949847 0.0141231350829368 0.728634142810549 4.19014289418219
"betapsi[16]" 0.158164737771368 1.7325290380617 0.00816722020944024 0.016291976737165 -3.24069108440136 -0.576504006467252 0.0145349520014739 0.745294420237188 4.39870467662315
"etap[1]" -0.128030800580162 5.45230028662476 0.0257023900382515 0.116642708975366 -11.2453207449977 -2.94524651671429 -0.136240771939154 2.68136877872134 10.8443651704449
"etap[2]" 0.0715999124172976 5.54194746140445 0.0261249908729244 0.126190052101444 -10.6701426940052 -2.57791685950643 0.0424181877819347 2.65224546030702 11.2660374077737
"etap[3]" -0.106061976152745 5.56611268225823 0.0262389068164882 0.12310742953154 -11.1265655577667 -2.93449549918523 -0.132209680263033 2.68891166264301 10.7751542227638
"etap[4]" -0.0107699647321025 5.42657644667055 0.0255811266937863 0.108250134563406 -10.83462822466 -2.579579767542 0.00801078078281991 2.61813688549267 10.8473866146023
"etap[5]" -0.0569071937419365 4.66792554264309 0.0220048120351788 0.0558486291014356 -9.64246683107662 -2.23785118680241 -0.0628731145992069 2.16287074527476 9.296751813842
"etap[6]" -0.402142171967295 8.30417636659228 0.0391462628065764 0.25279725995619 -17.0603183586245 -5.29098691378457 -0.386477837245075 4.63349915012322 15.6513417002746
"etap[7]" 0.223845122573613 7.65781438499778 0.0360992832046655 0.147936750209107 -14.9289605806812 -4.12648784128869 0.180984970745939 4.46648384093271 15.8758886582971
"etap[8]" 0.114897951744358 7.00076160508275 0.0330019066961629 0.0986586781355873 -13.6928594609848 -3.59815935269137 0.0967906724795613 3.84299363555232 14.0381207352026
"etap[9]" 0.0828869938165376 6.6583981328256 0.0313879898104055 0.0778874248560253 -13.2240707530918 -3.48678274304041 0.0624694663407508 3.64915840830257 13.433465130304
"etap[10]" -0.0610468044079486 6.76409536351325 0.031886251334218 0.0746252375261382 -13.5972948637226 -3.58780050995695 -0.0549718085042224 3.47337099151607 13.2912564863101
"etap[11]" 0.0619747294697225 6.76696023459608 0.0318997564660173 0.0601688097618301 -13.6819806798083 -3.4005793032545 0.054787301880702 3.47718193048634 13.8379090106007
"etap[12]" 0.0586710305897911 6.68796402838343 0.0315273647786775 0.0615946290898909 -13.0216412337838 -3.45255328781614 0.0243278585752102 3.51799205073263 13.4687493846064
"etap[13]" 0.0213133505002554 6.6953204857934 0.0315620434514781 0.0606922644139164 -13.3234057675277 -3.43817213681927 -0.00951153687435378 3.47755057435153 13.3571822805594
"etap[14]" 0.0386390008675555 6.70380979557602 0.0316020624415774 0.0662434540202384 -13.1375443371344 -3.42025413773108 0.0150400805691212 3.47861913194494 13.3236244020889
"etap[15]" -0.037820668816683 6.56633629633817 0.0309540061512805 0.0515658472888518 -13.6030958723638 -3.48014882877139 -0.0175894857358803 3.46636121733836 13.4021608352419
"etap[16]" -0.0820197924466275 6.74815840210499 0.0318111237776628 0.0591498244463826 -14.0378651253958 -3.47987045876916 -0.0175343725354674 3.43209215192373 13.3452329035337
"etap[17]" -0.0224981770989221 6.58190848262042 0.0310274141414011 0.0575528721184738 -13.4262233336522 -3.469815639478 -0.0329848936761823 3.43137354469777 13.0070503124864
"etap[18]" -0.0457357057380024 6.65777033451245 0.0313850303407759 0.0610974562351476 -13.534343915402 -3.48937953056445 -0.0138145090577113 3.43913603924721 13.2351176253283
"etap[19]" -0.0857099224708313 6.62493805831025 0.0312302575064801 0.0577451856373769 -13.558301850121 -3.502897447073 -0.0412861707033677 3.43338433918304 12.9475666766137
"etap[20]" 0.0562052079918498 6.72037573689719 0.0316801550378769 0.0868487259615243 -12.981789218309 -3.47583591780047 -0.0120422121582555 3.45096514498772 13.4783686192452
"etap[21]" -0.0363616134517255 6.77332587352583 0.0319297643757094 0.0625916457752321 -13.5829901917206 -3.49871011719178 -0.00491974852394006 3.47022841433981 13.248593473891
"etap[22]" -0.0159135149629335 6.71076100219602 0.0316348307438336 0.0624178725158514 -13.4429838142749 -3.49516876668233 -0.0588990749396937 3.39954570132188 13.5633009980763
"etap[23]" -0.095326798812516 6.68434846725492 0.0315103208600657 0.0629052102067066 -13.4960413957071 -3.51361608719065 -0.0443341615794249 3.38854137002067 13.2915695369791
"etap[24]" 0.0864657454676864 6.56845369582201 0.0309639876681705 0.0491642680938728 -13.0368718285797 -3.39825079161119 0.0118832247639076 3.48544987009175 13.4575478784884
"etap[25]" -0.0223102565676844 6.5851242826657 0.0310425735681941 0.0596527813656503 -13.0867243029375 -3.53197615620871 -0.0221670118297865 3.42358327155136 13.2437652131919
"etap[26]" -0.0127959117993571 6.67522013058283 0.0314672894683205 0.0537478173089029 -13.3331070003314 -3.54121617457578 -0.0582371858986112 3.46472383123165 13.4561118830811
"etap[27]" -0.0599650986495306 6.80206344123035 0.0320652345690339 0.0622420833818582 -13.5232955053214 -3.57362941266316 -0.0878302122440972 3.46468161740375 13.5319235484455
"etap[28]" 0.0185442468890577 6.52690226741867 0.030768112356224 0.0541075961556253 -13.0358258867677 -3.45965723304911 0.016890703073808 3.47847868155481 13.3305422708166
"etap[29]" 0.0450840142960865 6.61404166254004 0.0311788914042161 0.0585312746337962 -13.2349371650989 -3.41960186361721 0.0390109890265912 3.50125350478803 13.3351783064231
"etap[30]" 0.0277113517604889 6.55707782413271 0.0309103612947478 0.0527276152434912 -13.1409489991001 -3.42725445575788 0.0380289231518198 3.47956020099195 13.0172803821278
"etap[31]" -0.0214502505947229 6.66271125448856 0.0314083220609119 0.0555731276086448 -13.4534849417445 -3.47168404423014 -0.0124288958219285 3.44832651872595 13.2923618996848
"etap[32]" -0.0196087078610163 6.55408323475641 0.0308962446650488 0.0545435137701148 -13.5773982804139 -3.43681619163834 0.0365335150105897 3.47844316882987 13.0096735736284
"etap[33]" 0.0131173703728377 6.67194321695499 0.0314518419493364 0.0610748619326897 -13.5104533625957 -3.47701744939274 -0.0161346488940704 3.54011077736225 13.4424295188477
"etap[34]" -0.00838144260397941 6.66221516681962 0.0314059834812135 0.0666067216371562 -13.4931442223631 -3.46032392937295 0.000651726908231497 3.45843647597513 13.4051685377491
"etap[35]" -0.0522325798227972 6.66933963965785 0.0314395685682554 0.0547477726380121 -13.4117480103087 -3.51771725915273 -0.0589043742500757 3.41583393862136 13.2165211569852
"etap[36]" -0.0545991786760301 6.57468831369991 0.030993377938701 0.060407356170024 -13.4195339223232 -3.4814814887741 -0.01470999536484 3.43526387654864 13.1345364318922
"etap[37]" -0.0325781003078064 6.73345179983886 0.0317417961897255 0.0695934167157173 -13.7004669211565 -3.39849604565959 0.015983340473414 3.45599708353078 13.1814381545944
"etap[38]" -0.0634952459755159 6.63016615730131 0.0312549030014754 0.0597951982614686 -13.7459457182181 -3.50459606459676 0.00207390812462528 3.44769406739516 13.1686606324712
"etap[39]" -0.110046975225812 6.54703431634436 0.0308630157449875 0.0600683427216801 -13.3125280066308 -3.53961846991093 -0.0129073002977784 3.390027291469 12.8873469633733
"etap[40]" -0.0341578911983268 6.53282264000202 0.0307960212602295 0.0549568217759956 -13.2789521831049 -3.4761602309351 0.0197482651434972 3.42920433284058 13.1889115241863
"etap[41]" -0.0181585124633357 6.59176922960517 0.0310738981484709 0.0561456411096092 -13.5235119205149 -3.44486907852521 0.0116976587959718 3.42684253716403 13.1764596670773
"etap[42]" 0.00267928363556724 6.76391554656036 0.0318854036689729 0.0545570676595636 -13.4055940738276 -3.51645353914775 -0.000378547084504341 3.46997128338102 13.7697328525478
"etap[43]" 0.0226526504991117 6.68965679038358 0.0315353445352724 0.0615196792905549 -13.5561371137509 -3.49943884558373 -0.0212021580716997 3.52152012390834 13.3993403588998
"etap[44]" -0.0362203363620171 6.5779194293367 0.0310086095638848 0.0545942283691699 -13.281343277035 -3.47016439187598 -0.0494193489580693 3.39936723200635 13.1568164077758
"etap[45]" -0.091003630686435 6.64220000859779 0.0313116311205123 0.0649826387510705 -13.6661409853485 -3.51893027030731 -0.030639255434488 3.45266171988431 12.9285745696575
"etap[46]" -0.0495648131015759 6.7814167394191 0.0319679050833014 0.0603194514233963 -13.658438705227 -3.54232016015355 -0.0273163927100232 3.44115906113385 13.6037684053823
"etap[47]" -0.0103703497967315 6.71167471896629 0.0316391380459959 0.0717597588771627 -13.5698887641535 -3.48141834543566 -0.0205516267620675 3.4991549204888 13.193283754043
"etap[48]" -0.0607272007412368 6.61963099932657 0.03120523979051 0.0586249708813594 -13.4060046979793 -3.50280986888673 0.0132116978332126 3.45812063742706 13.0348449261334
"etap[49]" -0.080569706234809 6.56853378732225 0.0309643652231235 0.0540337001604728 -13.6003331066064 -3.56123078975437 -0.0856527745744128 3.4366201809948 13.1491047257444
"etap[50]" -0.0232636059926098 6.63003609404859 0.0312542898774222 0.0554316542461146 -13.4268345912291 -3.49998500826944 -0.0223558148442406 3.4898110440189 13.21200443399
"etap[51]" 0.0981813823298005 6.63786438436237 0.031291192791862 0.0591401375023164 -13.0290469563721 -3.38775112821083 0.0336471436925133 3.47267626682719 13.7338322756208
"etap[52]" -0.0135353888694711 6.53982183202803 0.030829015767859 0.0545202656897152 -13.0784392076169 -3.44728628010445 -0.0512774685501239 3.40662719287986 13.4058401874946
"etap[53]" -0.0148458777433041 6.60343389400096 0.0311288859037678 0.0576201928886246 -13.6751428294008 -3.44673659682511 -0.00961707762698464 3.4702199014032 13.271594783841
"etap[54]" 0.0218652140210635 6.66723670354955 0.0314296552323716 0.0529293754852642 -13.2610102880001 -3.46813995829494 -0.0204000455331334 3.45313018269728 13.5261115092174
"etap[55]" -0.00943652189851317 6.68537668731841 0.0315151679359287 0.0586646964816507 -13.4267621620337 -3.45605414600983 0.00912380448949924 3.4537096669011 13.4540139228376
"etap[56]" 0.0523327626162509 6.67081544726223 0.0314465255920206 0.0529812058565422 -13.2906870994798 -3.39885976690687 0.0407930340939617 3.50580186627083 13.1933747071028
"etap[57]" 0.0101085254613296 6.70953155143432 0.031629035057362 0.0574660048277159 -13.3034888424749 -3.48450255855136 -0.00666818468176477 3.43603745335909 13.4687729316268
"etap[58]" 0.0313403109683785 6.6831995679774 0.0315049048969322 0.0616815925010698 -13.2962297504008 -3.47136854042267 0.027490511739041 3.49976599961561 13.4257390964543
"etap[59]" -0.066714652114338 6.80122325805318 0.0320612739075538 0.0634609854843749 -14.0518764963908 -3.54277614605577 -0.0361142505385645 3.42734337215383 13.5417915511101
"etap[60]" -0.0977926305939309 6.72346053704564 0.0316946969252341 0.0603351752567027 -13.6689414207617 -3.55443731270725 -0.0182833473903188 3.44416308392624 13.1757805691416
"etap[61]" -0.0479850673916748 6.65903302255965 0.0313909827093139 0.0647821550647123 -13.5210830434896 -3.50547609722442 -0.0246769091658111 3.42709468476007 13.260635632322
"etap[62]" 0.00209557639658675 6.56070179361682 0.030927444850728 0.0580994231790756 -13.0580397854778 -3.47901243835945 0.0193006259582007 3.43055081888487 13.2960269057487
"etap[63]" -0.0749274877142941 6.74999429597372 0.0318197782643569 0.0667414384375113 -13.954325847828 -3.47058297574594 -0.00230325074539833 3.44238477626436 13.1709914546766
"etap[64]" 0.008630949596971 6.58430809795397 0.031038726036565 0.0596179720187306 -13.4848188224098 -3.41602473816232 0.00264881747909966 3.48476181665356 13.3111612123973
"etap[65]" -0.00132645585170823 6.61998308360443 0.0312068995317128 0.0593487637107455 -13.0208335119994 -3.48867754039405 -0.0286964839515195 3.40142275240034 13.4162709027805
"etap[66]" 0.0276852493538077 6.76387862879191 0.0318852296369435 0.0632806396189377 -13.5822781518618 -3.43477779085937 -0.0000864862461782169 3.47328791060077 13.6912169007551
"etap[67]" -0.00486243442139204 6.69587960959407 0.0315646791863513 0.0671067263683947 -13.5027011280884 -3.48833437073313 0.0492079943349206 3.47181438966635 13.4137093223338
"etap[68]" -0.0734163386068936 6.62411048929478 0.0312263563087285 0.0677459154222563 -13.3750317385832 -3.54263684120921 -0.0806030532156514 3.41131758494074 13.0873825199568
"etap[69]" 0.0745261785083528 6.65050067356083 0.0313507608304037 0.0598291157745746 -13.2579494429653 -3.41660636652853 0.0528554322749563 3.53479578291947 13.3912201610414
"etap[70]" -0.0414018146561718 6.72353802897926 0.0316950622257125 0.0631538857366644 -13.5586713187723 -3.46364952387182 -0.0379444824163302 3.42716563003064 13.2859974910121
"etap[71]" -0.0470084081861181 6.62468062041532 0.0312290439326052 0.0574932053246911 -13.430599396522 -3.50541542817321 -0.00965321416879738 3.41656117130689 13.3081636110665
"etap[72]" 0.0599458539888044 6.6263796810661 0.0312370533813239 0.0554725427372788 -13.2260261044329 -3.42738850684557 0.0295616314495793 3.5516713375913 13.4794452373981
"etap[73]" -0.0145707402273625 6.62534156301441 0.0312321596458971 0.0619652660382031 -13.3211427369396 -3.49181743109335 -0.0127545381469013 3.46573579406552 13.2364383295317
"etap[74]" -0.0104389813669157 6.5523843854291 0.0308882362125185 0.055129769861993 -12.9624668613038 -3.52180461539283 -0.0293126106922925 3.46592599151571 13.1662021002269
"etap[75]" 0.0103388241687151 6.61039968592858 0.0311617229618235 0.059165405671375 -13.339567045344 -3.46427476345869 0.0226725498153832 3.51317282172105 13.2666287057591
"etap[76]" -0.0160080761261537 6.57032388791168 0.0309728038382288 0.0585863474433467 -13.3909560266239 -3.4188765344787 -0.0171597790110068 3.45914460709197 13.171594135226
"etap[77]" -0.041760291843959 6.7175963769963 0.0316670530096551 0.0612174393949237 -13.4027283089786 -3.44528673896538 -0.0368934401706181 3.45985419411556 13.3782155298731
"etap[78]" 0.0244435937325328 6.61831934561089 0.0311990565955971 0.0572997280976835 -13.2824431694335 -3.46000044043496 0.0401042561908628 3.49345509820851 13.4423366318636
"etap[79]" -0.0197377294795643 6.57576994078776 0.0309984767776913 0.0639468937956469 -13.1259160750043 -3.46006444140867 -0.0100977196950561 3.46421376756895 13.2462534064444
"etap[80]" -0.0241497724799155 6.61480596946649 0.0311824943816201 0.0568164430040847 -13.5011177539936 -3.46871330424162 0.0157809666609883 3.46058015101929 13.2701191715341
"etap[81]" 0.0928434152443079 6.6271195183918 0.0312405410079238 0.0567445000355493 -12.8176919892496 -3.38959306029455 0.0151559301956249 3.50278939474221 13.431098057146
"etap[82]" -0.0216262188643601 6.52253428263197 0.030747521478472 0.0562948676857237 -13.1138250554327 -3.44177125191654 0.0196796697233011 3.46510472911797 13.0108146715142
"etap[83]" 0.0809811065488081 6.69225691798754 0.0315476016543438 0.0600076181113532 -13.1547977281805 -3.4378858437356 0.0479408708509849 3.54828507320862 13.6332562253989
"etap[84]" 0.111509557572343 6.7797423990684 0.0319600121671948 0.065641496476559 -13.2884710845384 -3.39544209661769 0.0364335834985311 3.44609992319978 14.0417877397886
"etap[85]" -0.0385454666483844 6.70939031290183 0.0316283692525348 0.0544107762608576 -13.5202805154113 -3.5535711149149 -0.0135548227039236 3.44985845193532 13.4154236611276
"etap[86]" -0.104373743103496 6.62056996891654 0.0312096661356059 0.0525995710432642 -13.5629975618826 -3.51705723792215 -0.0920268993426216 3.3752911908773 13.1932437273313
"etap[87]" -0.00066356893119598 6.61452636524464 0.0311811763146779 0.0526299930499457 -13.3401580062878 -3.45918310764705 0.0223823517001805 3.47283668705041 13.2286223295026
"etap[88]" -0.0264974492397623 6.71026135704923 0.0316324753940237 0.0632447684560934 -13.4797277151419 -3.47734884056345 -0.0177371184077449 3.42159211548792 13.1899109889524
"etap[89]" 0.00668103202779091 6.72078081201245 0.0316820645802829 0.0599127156173062 -13.4678318733993 -3.52010622868143 -0.0120016967163077 3.50413325714072 13.4585678956852
"etap[90]" 0.0234995289829735 6.86766615704597 0.0323744887371504 0.0691970618124129 -13.5235024858269 -3.51192021393062 0.0211019428747598 3.47107586829356 13.851572806964
"etap[91]" 0.0139903321280706 6.59254913991071 0.0310775746809094 0.0625115263881712 -13.2890698091927 -3.43418802388595 0.0189974059333299 3.47583097836066 13.2049507198151
"etap[92]" 0.0582512843115586 6.67255850504909 0.0314547424452279 0.061127323764615 -13.2645880494163 -3.47714366187415 -0.00318250533838297 3.4925770016067 13.7661287777501
"etap[93]" 0.00449460043025822 6.60361183256826 0.0311297247142183 0.0552129469051677 -13.1205520839655 -3.4857631455868 -0.0022890828489834 3.44426785799468 13.4077855765303
"etap[94]" -0.0430139861085429 6.54030343916146 0.0308312860856585 0.0581712265514074 -13.3110642341265 -3.52049361580086 -0.032751532046232 3.41512479393132 13.1405030431289
"etap[95]" 0.0413510137917366 6.64540789076005 0.0313267532220468 0.0578421218418702 -13.1417706322027 -3.50021478590766 -0.0157709079654949 3.50784045298383 13.7181921357565
"etap[96]" 0.00136129624262703 6.59849620733747 0.0311056094256136 0.0520476871396659 -13.3454219468923 -3.39596352320584 0.00571997693658424 3.45108761911431 13.3284103940123
"etap[97]" -0.0767857973957189 6.62597662198263 0.031235153342583 0.0550938119818838 -13.5483646797641 -3.52797714769001 -0.0293170518274517 3.41345813508191 13.0762674955661
"etap[98]" 0.0259361607194433 6.59205425841951 0.0310752417871873 0.0554432156686407 -13.1217893312919 -3.47805095448486 0.00604765609779331 3.42946457640204 13.4693357323079
"etap[99]" -0.109921124495322 6.78466879037738 0.0319832353985372 0.0707799161958069 -13.5554681021733 -3.50374579001697 -0.00837631950403707 3.42232664264972 13.02810120815
"etap[100]" 0.00878676856721148 6.56623734629558 0.0309535396963064 0.0573077524771674 -13.1545656103509 -3.45055767578145 -0.0157931842812981 3.44360853813225 13.3583847790965
"etap[101]" 0.0510440092846349 6.52626691233305 0.0307651172636273 0.0531724127919106 -13.2002956504123 -3.37828572902525 0.0561889845333607 3.51242322662198 13.3280802209548
"etap[102]" 0.137853681268268 6.75182515492386 0.0318284090162172 0.0714119793343724 -13.17482591226 -3.39410397026194 0.0779879186562245 3.59082832180282 13.7973443679358
"etap[103]" 0.0238318068186924 6.71542387268515 0.031656811726118 0.0613945112655252 -13.5899910223213 -3.4390263730629 0.0519185156398271 3.51473289348464 13.5021679100776
"etap[104]" 0.0645560647140627 6.7872646755379 0.0319954725185384 0.0654122050980541 -13.3880312614686 -3.41450594706346 0.0108414982890305 3.50532549335514 13.7998919122199
"etap[105]" 0.0306074096850703 6.52400674707281 0.0307544627424132 0.0541006797773624 -12.8336086112035 -3.46669805777635 -0.0376808077197477 3.44878836505071 13.2585791934401
"etap[106]" 0.041920384007057 6.63114719915336 0.0312595276771168 0.0601176525326002 -13.1830408479896 -3.44423173487484 0.0495587981611467 3.51602643382774 13.3824928122282
"etap[107]" 0.0592433377564726 6.69215738400338 0.0315471324466428 0.0552419299682162 -13.355484589954 -3.46340033993249 0.0224090917321786 3.48468521382385 13.57575615912
"etap[108]" 0.133575986888439 6.62770982969329 0.0312433237620857 0.0597043849445543 -12.9464865229648 -3.42061555190505 0.0733413133220535 3.53513145895331 13.9066738478141
"etap[109]" 0.0224419670575198 6.58199240831329 0.0310278097709113 0.0583860072521414 -12.9956158853594 -3.44167575995238 -0.0334785412291071 3.45851941209825 13.3262196586245
"etap[110]" 0.00540343368825143 6.68509391203898 0.0315138349204778 0.0616256711958554 -13.433723441656 -3.45595159235254 -0.0268899326276129 3.50327317284944 13.6733112425114
"etap[111]" 0.0952765899270915 6.71792125068226 0.0316685844788976 0.0596260205427387 -13.5254983148504 -3.42639298929997 0.047548780841782 3.54644810718746 13.8785230222369
"etap[112]" 0.0550345403716489 6.60621842890374 0.0311420123271825 0.0565283637654135 -13.1531286058738 -3.44153794616124 0.0425260177935649 3.49939049062417 13.5860583813922
"etap[113]" 0.0158673820334126 6.66464717892883 0.0314174480962425 0.0564885692813165 -13.3676450393831 -3.45500144619887 -0.0495780677550488 3.42229580028218 13.7081214131261
"etap[114]" -0.0710857204053352 6.62971258375725 0.0312527648352836 0.0548398279986397 -13.4788288134991 -3.52030473486702 -0.0272899239134526 3.38188917904403 13.2790807320482
"etap[115]" 0.00287302354403425 6.56656999405557 0.0309551078128853 0.0533411680583016 -13.2012268206751 -3.43937226596409 0.0326097912923777 3.44879725556017 13.3202276945104
"etap[116]" 0.0170900826583749 6.70749579383855 0.0316194384040232 0.0603589843449227 -13.2828445112427 -3.41742716419933 0.0150860748104555 3.48434403817084 13.3547488344211
"etap[117]" 0.0234022581777795 6.72604210923158 0.0317068665732261 0.0614317839651302 -13.305790933687 -3.45860034468904 0.00595109604526861 3.46675500800595 13.5717105108537
"etap[118]" -0.107813918866182 6.56276684926787 0.0309371796164239 0.0541274659596422 -13.7461658738807 -3.48282376142523 -0.0119504686447984 3.41946692812942 12.7980227888843
"etap[119]" 0.00101851214096481 6.64493941104322 0.0313245447874827 0.0615668048314603 -13.2327756716864 -3.49473936360575 -0.0264492698269519 3.45886984109103 13.5673581424881
"etap[120]" -0.0724272909060637 6.63885525167101 0.0312958637851499 0.0585842572465169 -13.4542768591336 -3.48566925910968 -0.0283317299099019 3.43700334285779 13.095103840447
"etap[121]" -0.000620107365280165 6.58246694177438 0.0310300467430996 0.0522670166128634 -13.3700826324938 -3.38741038701274 0.0219956221454938 3.44545906234017 13.2095406804171
"etap[122]" -0.0618355071966637 6.59971594514357 0.0311113593247733 0.0524902999509985 -13.6591466881699 -3.49969462876965 -0.0312407266102879 3.42439653094858 13.2627926624583
"etap[123]" 0.039050882808139 6.77496020540931 0.0319374686900928 0.064878295046886 -13.25326187587 -3.46188268643431 0.00868604634063893 3.50437817277745 13.3395309768889
"etap[124]" 0.0200583280746615 6.70673627321301 0.0316158579894581 0.0561389391693585 -13.1978732447907 -3.51486005847823 -0.0181592929421811 3.51145331983737 13.5115128566802
"etap[125]" -0.00295412919309611 6.65779617068074 0.0313851521336412 0.0575984183321019 -13.6983659617568 -3.46958590771902 0.0424420423439089 3.4934801958306 13.3837788351349
"etap[126]" -0.0100912837532326 6.63508360970603 0.031278084094419 0.0534812724668503 -13.5555664335994 -3.46663473340589 0.0112192946594209 3.44562562625591 13.1679057892078
"etap[127]" 0.0618372946395047 6.65024528965023 0.0313495569391038 0.0635521673782526 -13.3691705935359 -3.44507477729584 0.0593627159265224 3.4941603804289 13.6299360429828
"etap[128]" 0.0453043709779594 6.75877713036846 0.0318611809427473 0.0649173334293063 -13.4630102036956 -3.46884461518747 0.0331101784359982 3.53748386291631 13.7140410150522
"etap[129]" -0.0332092214708611 6.60996755207764 0.0311596858633143 0.0613270883599643 -13.1669546830374 -3.4570079787433 -0.0210748422581947 3.42448034802228 13.0609204504732
"etap[130]" 0.0631705672132038 6.57913725269313 0.0310143504382423 0.0546289693656302 -13.3797709754232 -3.39213502437697 0.0409572337604378 3.51169538534982 13.3285483415173
"etap[131]" 0.0700498037060152 6.48430394236526 0.0305673019261409 0.0519208971083802 -12.9372591420171 -3.42543928860656 0.0299549773354939 3.51810091902 13.3208468068785
"etap[132]" 0.020988892057382 6.87911986138519 0.0324284820172036 0.0601044637749775 -13.8852647708056 -3.41001002726936 0.0236333923299988 3.47615155647724 13.5024292150986
"etap[133]" -0.057526079298618 6.61220572489393 0.0311702367111534 0.0605350675492418 -13.3239756453561 -3.42143919453657 -0.014518237988937 3.35681323954366 13.0551482242399
"etap[134]" -0.077277973075335 6.53159829790077 0.0307902496562143 0.0510214524777787 -13.4319154553402 -3.55081062822287 -0.0620900351258238 3.39944848578376 13.0534301745211
"etap[135]" 0.00322308240551579 6.74475597144207 0.031795084565701 0.0634150455366526 -13.4151343016422 -3.43250533266783 -0.0111720057114266 3.46742540832089 13.61127738429
"etap[136]" 0.048018194038691 6.58922395706792 0.0310618996186639 0.0529471744192102 -13.228867491465 -3.46543517258747 0.0470822794429511 3.51940035176399 13.4990911716318
"etap[137]" -0.00881460425018249 6.62117598226782 0.0312125229099405 0.0618542828318096 -13.3907375797495 -3.50968621635514 -0.031355770070161 3.51599834459781 13.3336334708334
"etap[138]" -0.0628278810711248 6.62738094260983 0.031241773373506 0.0577531484535837 -13.4890082726976 -3.50210342355566 -0.0433862472323741 3.45082395884622 13.2826074762248
"etap[139]" 0.0512795479477443 6.61016365624084 0.0311606103072051 0.0602852601996903 -13.4112418103321 -3.44301967034305 0.0119533453817417 3.48598505349624 13.7587095153364
"etap[140]" 0.0133150526488993 6.68455149183482 0.0315112779271137 0.0591704903000971 -13.4676992710887 -3.43199118323726 -0.0307065908562163 3.45339983484569 13.6330549842532
"etap[141]" -0.0199735150755897 6.64210455726058 0.0313111811585935 0.0611530283193804 -13.4414116726033 -3.48857770656075 -0.0149641071488575 3.45237303301987 13.2811810135951
"etap[142]" -0.0345787894710631 6.61875081936209 0.0312010905823664 0.0603792327229187 -13.412905224475 -3.52518921864634 0.0395781202321228 3.38925167618609 13.2717679576317
"etap[143]" -0.0233962343228407 6.67589958954945 0.0314704924686061 0.0620643201764893 -13.6700717104499 -3.53665451899659 -0.0436650683898508 3.41464182303161 13.3703469120838
"etap[144]" 0.0193893585800296 6.50079400609695 0.0306450368320534 0.0598497672339962 -13.1580201113374 -3.42503309314676 -0.040473236886141 3.42503322582115 13.2677368845998
"etap[145]" 0.0282478583846635 6.84435408265854 0.0322645945645979 0.0599681305442724 -13.4642336763732 -3.46220985409459 -0.00513031283507835 3.47654266129913 13.8603970512726
"etap[146]" 0.0702315795587221 6.61739816387265 0.0311947141032384 0.0605638258791682 -13.2764313575954 -3.43358173827297 0.0551316906596413 3.56966625808835 13.6162388300457
"etap[147]" -0.0188752066472538 6.5649949442553 0.0309476829569222 0.053660738437758 -13.2144235156957 -3.45878283226791 -0.059071170607192 3.47701182659844 13.1036315257866
"etap[148]" 0.0139713702487868 6.66190290642242 0.0314045114715844 0.0563986477924016 -13.401371099086 -3.45374141143675 0.00406126713404834 3.49846261854763 13.2772606591233
"etap[149]" 0.0348056099580096 6.64353614960908 0.0313179297496437 0.0536062840938249 -13.2613978620011 -3.49581120676061 -0.0325240700977702 3.43821085997714 13.7001178220921
"etap[150]" -0.0591704810067609 6.65220148365928 0.0313587785260979 0.0552559235298874 -13.558770628169 -3.53055032463104 -0.0296942687854386 3.44906661330766 13.284542548023
"etap[151]" -0.0363458028417885 6.73880605986104 0.0317670364135249 0.0594948570791761 -13.7252815968672 -3.51796892224757 0.0173224339655829 3.475640763727 13.2476685846214
"etap[152]" 0.0522757155621708 6.53966487313664 0.0308282758565492 0.0573578938087827 -12.8922310452345 -3.44121941305741 0.00753347756209479 3.49178275316757 13.3755267449924
"etap[153]" 0.0461950794515275 6.72663175020469 0.0317096461674298 0.0582179277638434 -13.4742248110679 -3.42632199300777 -0.00354472919211261 3.4611926751929 13.8445520809699
"etap[154]" -0.0416480175311589 6.60442111479617 0.0311335397072266 0.0584317177189072 -13.4986649721583 -3.4969512831427 -0.0600244847250481 3.4641321241969 13.2067200519535
"etap[155]" 0.0480506928334319 6.77249427084346 0.0319258441630697 0.0597047503919824 -13.3678254329008 -3.47104673813715 0.00365300509272453 3.49556855734912 13.5925472665507
"etap[156]" 0.00577562280985161 6.62428675003722 0.0312271872098368 0.0582929571999594 -13.2643619146286 -3.46542757985466 -0.0378262252370729 3.40787148718393 13.5151201145655
"etap[157]" 0.0237223007798539 6.67212147188146 0.0314526822511183 0.0556201430629215 -13.1120934822632 -3.4719814580527 0.0274654478234003 3.48220309107025 13.5438521297326
"etap[158]" -0.0729220627082054 6.49657416401006 0.0306251443056856 0.0543845832429051 -13.3978444285582 -3.52761599086666 -0.0351410382504856 3.43625259637889 13.0232120953885
"etap[159]" -0.0087267044328543 6.57437731788411 0.0309919118903659 0.0541952827696016 -13.3416925364223 -3.46969878291409 0.0192937960028803 3.47385191918139 13.2169858995602
"etap[160]" 0.0221330053936908 6.60827310140424 0.0311516981462373 0.0578386483737126 -13.3951723098898 -3.4119739663414 0.0270461424902357 3.44372353080675 13.3957464492634
"etap[161]" 0.0905465826236475 6.74979029592896 0.0318188165989235 0.0665844222808618 -13.420763946713 -3.44388526342926 0.0438943320414741 3.54910500399849 13.6957379953012
"etap[162]" -0.00413341894598353 6.55937051885343 0.0309211691613092 0.0557227814918705 -13.5080080113637 -3.44500844963017 -0.0323904081567645 3.41096817579632 13.2663710231294
"etap[163]" -0.0367076362423992 6.57072293201965 0.0309746849501937 0.0530593440605449 -13.4358815835576 -3.47374079764143 0.000689801535973996 3.47816244608254 13.1543923568035
"etap[164]" 0.136395968806377 6.56962942555971 0.0309695301113064 0.0606250326985109 -12.8000665286203 -3.41034005969646 0.0401031961327845 3.55972431197049 13.626488162025
"etap[165]" 0.0909384981409458 6.53527045503741 0.030807560370967 0.0613594138825152 -12.9140749650702 -3.39572636853033 0.000585003498554624 3.52788158034934 13.3903544133489
"etap[166]" 0.00628801342094524 6.67647791018414 0.0314732186982227 0.0565848813523646 -13.5207292403826 -3.50883731628767 -0.0306725824833891 3.51627341284409 13.436664239234
"etap[167]" 0.00955636161420908 6.78296883972952 0.0319752217543319 0.0568990457962843 -13.5311473304816 -3.4847032509835 0.0424533031227462 3.50846592251541 13.3703184595794
"etap[168]" 0.168328663759284 6.57908045764986 0.0310140827038408 0.0563841391051957 -12.9276351189722 -3.34071324567483 0.0715078957490117 3.54298552874399 13.7844844861641
"etap[169]" -0.0895139383689385 6.76461795103323 0.0318887148354123 0.0583455571024658 -13.7609949385182 -3.516634748387 -0.0504619573785943 3.4209398434048 13.4004573394911
"etap[170]" -0.0147598230923945 6.72286680530893 0.0316918980469859 0.0626981669679604 -13.3169365120156 -3.48235712481208 -0.0303983928015374 3.40631663559783 13.5557065459973
"etap[171]" 0.0193575104842224 6.72222499609525 0.0316888725293378 0.0674255250018211 -13.6175651473454 -3.48611969330336 -0.0392110165470954 3.5409275563534 13.6753427465573
"etap[172]" -0.0801337288706739 6.63919984608986 0.0312974882188188 0.0610149469063052 -13.5955608111358 -3.53382375198217 -0.0692057878868519 3.42363750071269 13.3127032500199
"etap[173]" 0.0144762704435971 6.61472129909121 0.0311820952416432 0.0623482539258273 -13.2661157737705 -3.49530495269879 -0.0255133061566112 3.44594530723964 13.6107559951597
"etap[174]" -0.02465349889638 6.61075635748681 0.0311634043276733 0.0601446741801672 -13.1351819144419 -3.5210423321394 -0.0506452734779015 3.47123803660675 13.161592780851
"etap[175]" 0.011722713952607 6.688483167068 0.0315298120219057 0.060229029573552 -13.4460672514405 -3.46262377706615 -0.0383517158249451 3.40401162711786 13.5364236011982
"etap[176]" -0.065702341917245 6.77452244149935 0.0319354050512309 0.0695380280132001 -13.5280281080272 -3.49092330613331 -0.00993613969048114 3.44341222211683 13.1689856872467
"etap[177]" -0.0165150755315746 6.62530303013694 0.0312319780001707 0.0706427228067326 -13.3180231491971 -3.43915528782112 -0.0114849153954559 3.41098874990299 13.5613159520819
"etap[178]" -0.0505023479042511 6.57264101790484 0.0309837268937691 0.0618436001422153 -13.4667502067932 -3.47903479672904 0.0266897008642928 3.41918475160341 12.9595138406678
"etap[179]" -0.10246773518351 6.54993740589696 0.0308767010403811 0.053627302754882 -13.4982598652902 -3.52735412349662 -0.051873990494846 3.39252462828838 12.8720397657782
"etap[180]" -0.0146835028882895 6.54383160168145 0.0308479180032785 0.0479412410993069 -13.4195334638032 -3.46564994509809 -0.0108386602632235 3.50090045243363 12.9743278917168
"etap[181]" 0.0165022886341921 6.75055416294481 0.031822417502569 0.0623465274870957 -13.4340428556191 -3.45161061979223 0.0308708370235903 3.48417159034047 13.4476423491942
"etap[182]" 0.0895956871374159 6.61678163088108 0.031191807738844 0.059604968783266 -13.1459586754582 -3.47621860115081 0.0522814615895476 3.54334067997455 13.5901143554922
"etap[183]" 0.0544402012136524 6.63421622504578 0.0312739952039179 0.0610676891702126 -13.2244982068769 -3.44363705514707 -0.00523994831025855 3.43343226889519 13.7853491923609
"etap[184]" 0.0103701981512576 6.48960452131722 0.0305922890949486 0.0545566986622105 -13.0502156758892 -3.45882727772191 -0.034633989032624 3.40371055756005 13.326955098967
"etap[185]" -0.00117408509168387 6.52685502757069 0.030767889665445 0.0561765875661147 -13.2315113576698 -3.42178206908473 0.0278191552647031 3.4936908400858 13.1967547206243
"etap[186]" -0.020471630644982 6.81225442278332 0.0321132753167876 0.0641182676783477 -13.7436682260035 -3.50573947136383 -0.0186525455144655 3.45931273638657 13.6125671034854
"etap[187]" -0.0280528640718602 6.52106513254184 0.0307405958385299 0.0494997543982029 -13.3578912204665 -3.46420564669911 -0.0338424724678989 3.45880420898587 13.2235613592642
"etap[188]" 0.000805162564200408 6.66256424445572 0.0314076290489711 0.0578032264557212 -13.2587273335403 -3.44300959556846 -0.0439002493363889 3.44297933247949 13.4122967948707
"etap[189]" 0.0930173708075295 6.68720104888303 0.0315237680588199 0.0730360056224961 -13.109249641974 -3.41358738045447 0.0314666220199465 3.5124087113275 13.4793281638023
"etap[190]" 0.00048068415695733 6.51529599813185 0.0307133998781107 0.0594592999371036 -13.1373545272354 -3.43808415598644 0.0157782651291247 3.48172785273879 13.0701944433313
"etap[191]" 0.00628211751592088 6.70122472773419 0.0315898763149055 0.0655213822117097 -13.404586141698 -3.47232713001243 -0.00191742111629013 3.40101941109112 13.5326590282648
"etap[192]" -0.0154542740547883 6.75856386067161 0.0318601755797548 0.068366893381698 -13.466871146431 -3.47794180329801 -0.0424984973967895 3.44183171585642 13.4988995890118
"etap[193]" -0.0588243408081518 6.80501577305416 0.0320791519947201 0.067606917934307 -13.6356287321815 -3.50638716804229 -0.0390310647382783 3.42280744593541 13.4827231359461
"etap[194]" -0.0266992761091448 6.67162341659444 0.0314503343959793 0.0584258061746439 -13.5752969912101 -3.49191948438407 -0.0584239118198461 3.5002756559518 13.4189568198127
"etap[195]" -0.0151331160978324 6.65929053923645 0.0313921966545701 0.0615050073427234 -13.4717590006508 -3.47259842875062 -0.0216825492531611 3.4465136898514 13.3330064834739
"etap[196]" 0.0726337985714455 6.76009735949395 0.0318674045625296 0.0624231103163221 -13.1476187443576 -3.43696076891096 0.00964840895857101 3.5321012612231 13.4701719752288
"etap[197]" -0.0200173581661295 6.5159678260178 0.030716566905137 0.0511569257937598 -13.365622158435 -3.44762577483913 0.0462868027909265 3.45671438851536 12.9999216774821
"etap[198]" 0.0744120439720969 6.70322723148211 0.0315993162081022 0.0636577501340723 -13.0749825105772 -3.46365898944481 0.0177756850183351 3.53199237088677 13.5684389250748
"etap[199]" 0.0238143256031234 6.56804384676928 0.0309620556212075 0.0598382202066736 -13.1353823733749 -3.4502505051558 -0.0291970874152652 3.44701807077674 13.3374424957232
"etap[200]" 0.0335022500035852 6.74099244062789 0.0317773431113016 0.0576963803153016 -13.3902519279723 -3.46406852706741 0.00810606955745513 3.49255650823781 13.5737828236896
"etap[201]" -0.148755048383899 6.6972304736011 0.0315710472203502 0.0608709960329743 -14.0057018184249 -3.56760900114296 -0.0761827158914432 3.40668165274204 13.1302349249219
"etap[202]" -0.102030349233395 6.60473895478957 0.0311350380193244 0.059578324087708 -13.7059097605372 -3.49643795609349 -0.0528929401312489 3.39223397219953 13.1060123842425
"etap[203]" -0.00551135286359903 6.61378035312698 0.0311776595798296 0.0573744749851653 -13.3643601960809 -3.51342680905838 0.0240890732363014 3.50385933460961 12.9650478451901
"etap[204]" 0.0405585099694801 6.56873585589702 0.03096531778352 0.0537530124512036 -13.1988453207072 -3.4273017344337 0.0122085757692557 3.4995366633448 13.5409125682814
"etap[205]" 0.0939219982837023 6.58113603735586 0.0310237727995033 0.0584739844343334 -13.2141661046337 -3.40410909512883 0.0417507971373721 3.547457963648 13.6079949174423
"etap[206]" 0.0882221675541693 6.5649664232968 0.0309475485078344 0.0566232586116692 -13.0426984430551 -3.38140239953882 0.0524910131195214 3.45321671425789 13.5990945197212
"etap[207]" 0.0328987959186092 6.61523072230534 0.0311844966857046 0.0555507301808908 -13.2205686902706 -3.42875088245997 -0.00529063649538456 3.43722419997057 13.4328478028608
"etap[208]" 0.0502284678218057 6.538516972151 0.0308228645994087 0.0511787069717859 -13.3099190749497 -3.43041352588178 0.0357311116310178 3.47246250482534 13.358793985528
"etap[209]" 0.00472946610742512 6.59436489523802 0.0310861342336088 0.0608206060882118 -13.1133665553367 -3.55621393876134 -0.0200905626455622 3.41883810084805 13.4593942958619
"etap[210]" 0.0327354823879006 6.64662901854401 0.031332509673625 0.0581700770849804 -13.4212702243978 -3.47788859942816 0.0282622588825016 3.47948067407361 13.5505694633085
"etap[211]" -0.0263193100465668 6.51391763263546 0.0307069022008477 0.0566176077552984 -13.2537610443025 -3.45720597615612 -0.0147222112472429 3.45369127504425 13.3232952628736
"etap[212]" -0.00437058299040016 6.6154636904997 0.0311855949083048 0.0538174512670157 -13.5717307695443 -3.45998829073912 0.0335069139663177 3.50777270266135 13.0730648814505
"etap[213]" 0.0199033056679363 6.70130418652906 0.0315902508872567 0.0596790766779223 -13.1325222893712 -3.49961973089108 -0.0514863622988596 3.43115269182906 13.6771274012551
"etap[214]" -0.02640941888277 6.64119627259517 0.0313068994636191 0.0565235445329093 -13.3237687342746 -3.52851264520028 -0.0514232392297896 3.43816205193632 13.1538071634256
"etap[215]" 0.0730242049062989 6.62880615973571 0.0312484919114685 0.0544828850763381 -13.204893955314 -3.47723996043861 0.014372147333219 3.48159314971766 13.6211213084813
"etap[216]" 0.0590718925938215 6.65775298091525 0.0313849485351342 0.0574382562972512 -13.1996657558147 -3.44803775220234 0.00510411913760741 3.56999492091063 13.5615663967304
"etap[217]" 0.0117266462271629 6.59948374282968 0.0311102647125683 0.0565350324213137 -13.1884858726368 -3.42828155951966 -0.00634234560683151 3.47076573067507 13.1376723126024
"etap[218]" 0.032364857063919 6.69339028917338 0.0315529444173512 0.0645851402818104 -13.4672659184684 -3.45539187789436 0.0102228920785622 3.51370574869783 13.4761141635856
"etap[219]" 0.0332948989597795 6.69382133529319 0.0315549763882467 0.059163660331818 -13.1280161201714 -3.44130916490224 -0.0174527070382505 3.46886072379673 13.6917710388045
"etap[220]" 0.0483832177581121 6.70427680499174 0.0316042639450756 0.0572325067003334 -13.4178628865168 -3.46208777618443 0.0312896659307813 3.49593512550756 13.6225937193839
"etap[221]" 0.00100507645601565 6.666475781182 0.0314260682099312 0.0604861921871655 -13.4912851827199 -3.45618010739605 0.0277120721137532 3.48823412137797 13.094412213891
"etap[222]" -0.0210802620726968 6.71327575248197 0.0316466853903681 0.0664875456122535 -13.4854119499913 -3.48989836469109 -0.034450342053604 3.42921084523292 13.4007182882943
"etap[223]" -0.0349823936112875 6.71374754456473 0.031648909439575 0.0565627419358596 -13.4684228937583 -3.49679152930604 -0.0269699711004541 3.46102450907459 13.3958395842377
"etap[224]" 0.08411792708589 6.6046160368617 0.0311344585786555 0.065120706105561 -13.0291063150358 -3.39883152936348 0.0139761637125645 3.47350233444561 13.5462435717652
"etap[225]" 0.0502570543023723 6.67915066286652 0.0314858181751969 0.0606039387787195 -13.4990080580493 -3.39279980037551 0.0566838117874893 3.51562228202127 13.456293735162
"etap[226]" -0.0101832570512685 6.59422800900824 0.0310854889457333 0.0570397571436234 -13.39289394039 -3.47893031374999 0.0094805389960358 3.51523045135578 13.0585987234107
"etap[227]" -0.147122750316379 6.68855304146038 0.0315301414129503 0.06095179029506 -13.9946890060203 -3.55370706927715 -0.0834581972306342 3.3864619375435 13.2893410663141
"etap[228]" 0.0216348619894804 6.60032617463743 0.0311142359741946 0.0592694286106946 -13.5137060565697 -3.40980342680218 0.0325157464516885 3.48789459484179 13.3683207014619
"etap[229]" -0.0494454312912483 6.56626369505723 0.03095366390556 0.0545194124508361 -13.13216706638 -3.54152604049427 -0.039145908316821 3.45697554728998 13.2313469415028
"etap[230]" -0.0390841278428587 6.6689508359379 0.0314377357299425 0.0589494370476421 -13.4229718732761 -3.50684799591826 -0.0413540126287927 3.44626179483247 13.2845336193751
"etap[231]" -0.0936131150723948 6.65870704235008 0.0313894460238691 0.0633396393022519 -13.5428399015339 -3.47760742890586 -0.0275843984917027 3.37723218058008 13.0789957809812
"etap[232]" -0.0280791955718823 6.72712258342621 0.0317119599774256 0.0642317856826153 -13.221031254933 -3.48825597565765 -0.0387800481511923 3.42564769195698 13.2538571175193
"etap[233]" -0.0208347810681518 6.64966886252566 0.0313468396355795 0.0657825978309935 -13.2096143311911 -3.45557318608591 -0.0307216119123582 3.39372294760873 13.2348816358649
"etap[234]" 0.0330961874767826 6.66149949624622 0.0314026097777765 0.0654477764062552 -13.3545291994843 -3.45346886517569 0.0135223951120173 3.51496662273901 13.471247330054
"etap[235]" -0.0654883571295141 6.61812670206721 0.0311981484652232 0.0556164998890716 -13.3781792065387 -3.55491769536773 -0.0208934161154356 3.40458134907636 13.3755476972113
"etap[236]" 0.0871916328205132 6.70654286765709 0.031614946266924 0.0720924406810614 -13.1995131603527 -3.38793691864868 0.0638189599936181 3.49976459841654 13.8029289368969
"etap[237]" 0.082210912529919 6.61539508176176 0.0311852714836125 0.0565947296315245 -13.1222468952482 -3.41584396953477 0.0132227570963047 3.53041307642594 13.6310620672723
"etap[238]" 0.0117487861371318 6.51709326284225 0.0307218722652061 0.0518027964677027 -13.1559309131872 -3.43421836644668 -0.0065184019983617 3.48919548367469 13.0789216932709
"etap[239]" 0.00810849193143198 6.60163699940717 0.0311204152614188 0.0539070860222753 -13.1725624735292 -3.50000924052483 -0.0101324814418057 3.51434025104824 13.4799931849986
"etap[240]" -0.0383342748740031 6.67097644777829 0.0314472845557319 0.0586992639062248 -13.4375722171511 -3.50231696655027 -0.047755441264489 3.44678889968637 13.4061726730351
"etap[241]" -0.0336239797285279 6.63980938922979 0.0313003616327366 0.0596161174152019 -13.7958850154562 -3.4443158154657 0.0109562531551372 3.47538607361172 13.2981193915335
"etap[242]" -0.0147440094585441 6.61343045302167 0.031176010134915 0.0580794818943023 -13.2255037658488 -3.48757132523614 -0.0252197355537248 3.4616203900166 13.3282875370581
"etap[243]" -0.0207438935961272 6.70855842043991 0.0316244476738612 0.0610685908474994 -13.5639563620217 -3.52510396018967 -0.00885050752313444 3.46369397165334 13.5559216850181
"etap[244]" -0.104793852498951 6.62628931291162 0.0312366273817584 0.0585376882806145 -13.6510031121054 -3.48032932566654 -0.0585909935824139 3.41793786099368 13.0322897740294
"etap[245]" 0.14208587864228 6.77247388049366 0.0319257480420389 0.0621001395814094 -13.1614098803851 -3.35788191841064 0.0616264313300054 3.50000461085217 13.9482659169134
"etap[246]" -0.00417995525401067 6.59777947634608 0.0311022307233183 0.0574781057194512 -13.4129368160218 -3.44485061985688 -0.0150810958192132 3.43759498158548 13.422388375682
"etap[247]" -0.0350743017479274 6.675166594278 0.0314670370957592 0.0629959643100875 -13.4372459774886 -3.4462530153262 -0.00340243454152578 3.50954585449835 13.21164473289
"etap[248]" 0.0551853498678024 6.51386290906282 0.0307066442314523 0.0526430262810186 -13.1661930636971 -3.40469478640234 0.0242805183235024 3.55961722869741 13.22240096308
"etap[249]" -0.0413967955419094 6.74189179697509 0.0317815827177803 0.0606994327509802 -13.5278971962295 -3.42680772044971 0.0255828444548306 3.48645010220383 13.1050382762952
"etap[250]" 0.0447496459225798 6.4898010575931 0.0305932155758381 0.0598050587479529 -13.1514717842923 -3.42038755733555 0.0272624796043023 3.48712568574052 13.4895425341753
"etap[251]" -0.114882612687006 6.63419588589646 0.0312738993242485 0.0611849187241082 -13.8474545222047 -3.49896079825901 -0.0451709585932275 3.35644497377544 12.8947563796609
"etap[252]" 0.0367219080121968 6.48474255188348 0.0305693695512385 0.0545716712980681 -13.2776015788647 -3.41470288819145 0.0311024713053679 3.49772714293166 13.1557455776912
"etap[253]" -0.000756488328589303 6.5810779006055 0.0310234987402338 0.0553949251281461 -13.3704210342974 -3.51867561370607 -0.017398213367351 3.48688076231621 13.4268200590653
"etap[254]" 0.0601001983876633 6.60599038184683 0.0311409373030467 0.0570627426949328 -13.173683527413 -3.46134609894093 0.0000804603247445354 3.50340429528444 13.6099849334184
"etap[255]" 0.0427226622770445 6.66746339986367 0.0314307238890448 0.0625892187633627 -13.2820524996573 -3.43392936442065 -0.00913426416767684 3.46781701641699 13.6552957218607
"etap[256]" -0.044045058601826 6.66131736876803 0.0314017512206107 0.056484895204911 -13.6692196105542 -3.50047958307106 0.00207172322205549 3.47700715392295 13.2042898290385
"mean.p0" -0.625555980939493 0.24422598891764 0.00115129235270436 0.00390678476075417 -1.12576598844282 -0.776209684307517 -0.620838862081953 -0.467648949497065 -0.159594510729329
"mumup0" 0.605548215510903 0.167629194998202 0.000790211603387139 0.00298693339013118 0.202980524237407 0.513209184891741 0.630566475692836 0.722724600222529 0.876036455884621
"mupsi" 4.73565296250648 1.21278607840612 0.0057171284011307 0.0141930380992949 2.63516478324772 3.87706309569489 4.63958458335282 5.50584086929789 7.35678006588434
"ppo[1]" 0.337566149680382 0.0937586319739454 0.000441982429757004 0.00106669448904888 0.150895668883288 0.27903618607125 0.338023511663557 0.392408703740389 0.536227611780437
"ppo[2]" 0.373027829380772 0.0972015175056583 0.000458212347799159 0.00108706016685163 0.199896218837686 0.311603724700896 0.363139666274383 0.425926520915851 0.596923750904028
"ppo[3]" 0.338202291136099 0.093960026212659 0.000442931811302913 0.00105610679923784 0.150930335678178 0.280456884045651 0.338696441608597 0.393046123354976 0.536300834991383
"ppo[4]" 0.304057213493229 0.0954098395815706 0.000449766297066995 0.00173375075895917 0.104263838566441 0.2422850601802 0.312297338151859 0.366793617359355 0.484220222320142
"ppo[5]" 0.303718884741486 0.0948802309215785 0.000447269697901291 0.00168256541252071 0.106676012287456 0.242603615940221 0.312056406617889 0.366087442490826 0.484682592874776
"ppo[6]" 0.337814173509189 0.094095161372229 0.000443568844554304 0.00100041122950016 0.150052735354687 0.279805233950301 0.338128500858645 0.392780164999752 0.53603164173376
"ppo[7]" 0.337642936426228 0.0943370115878026 0.000444708937404061 0.00101792020298245 0.149744555437998 0.279642377606535 0.338531419927482 0.392933983794184 0.53530925408442
"ppo[8]" 0.409128227910277 0.108601785537481 0.000511953726683468 0.00183460963248414 0.233645461594668 0.335306613514177 0.39019297286921 0.469392842545875 0.668185252532639
"ppo[9]" 0.304297652904299 0.095399732287923 0.000449718650827811 0.00173750048184933 0.104057264232469 0.242742719881432 0.312942315277343 0.367259828774324 0.482417165377334
"ppo[10]" 0.446509172639259 0.123795687552667 0.000583578467667613 0.00282194058290256 0.264037957669049 0.355208685356109 0.420188487362015 0.520487620885169 0.736700070199913
"ppo[11]" 0.337870250196146 0.0930123020209934 0.000438464196618771 0.00103510785288687 0.154428626458617 0.280412891492497 0.338338695337059 0.391464891852715 0.535371805399392
"ppo[12]" 0.409723337173236 0.109448357543402 0.000515944505391131 0.0018048496072184 0.23350857378911 0.335096713028763 0.39054227116387 0.469095367454954 0.672320616799816
"ppo[13]" 0.33789655168579 0.0944331356784912 0.000445162070713136 0.00103111591033759 0.149579745535899 0.279417184554129 0.338358248644971 0.392370724461242 0.539386313222884
"ppo[14]" 0.305128996241932 0.0957373992076507 0.000451310427952623 0.00170781303925727 0.107389041009283 0.243045853564543 0.312401931726587 0.367084356702927 0.488512898931554
"ppo[15]" 0.447157662067204 0.124298342715748 0.000585948006830368 0.00276609310870238 0.263981654479421 0.355280314097391 0.42119796036207 0.520775532599281 0.740206292322153
"ppo[16]" 0.372663560164961 0.0979979894567154 0.000461966952583275 0.00102775991685391 0.195469329289695 0.310557561753778 0.363101463327409 0.42560439572128 0.600533263089062
"psi0" 0.984255939045714 0.0183858824161378 0.000086671880896997 0.000177686371601545 0.933090721508596 0.979708700663963 0.990430744930762 0.995953470215168 0.999362156821773
"sdeps" 0.467518216656305 0.318533029018303 0.00150157909900489 0.0114676588534062 0.0233846499666847 0.221205649806032 0.421549048417439 0.653658558507225 1.20017713786309
