"Mean" "SD" "Naive SE" "Time-series SE" "2.5%" "25%" "50%" "75%" "97.5%"
"N" 50.9630888888889 1.09798700882738 0.00517596039731048 0.0216165153079645 50 50 51 52 54
"betapsi[1]" 0.0134581126241502 2.82183010209041 0.0133022346702964 0.0217221505351694 -6.0848746527511 -1.28493256443465 -0.00173599968082021 1.28560318148353 6.27913861313132
"betapsi[2]" 0.00477858128006462 2.82603052809245 0.0133220356683625 0.0222018732656098 -6.14507555074669 -1.26662960216201 0.0000496827215063109 1.27890439657123 6.15041621503974
"betapsi[3]" -0.00890732795691815 2.79557186086454 0.0131784521340774 0.0209848514019645 -6.06583232931953 -1.25832753210451 -0.0071112842329219 1.25071885382152 6.09408997108984
"betapsi[4]" 0.000399930051031589 2.80215720238084 0.0132094957316948 0.0206613342149642 -6.18548914813254 -1.26416938293706 -0.00143456256190455 1.25670511618017 6.10220708037948
"betapsi[5]" -0.0127665473170041 2.8555775696374 0.0134613217579654 0.0226273893481382 -6.31967561456359 -1.28757671204858 -0.00748979295858804 1.25299556689325 6.19029089555918
"betapsi[6]" 0.0249982325370197 2.8052126074533 0.0132238990493348 0.0207381593439138 -6.09646426521513 -1.25972811533468 0.00396212562201517 1.29317464840533 6.21711277195644
"betapsi[7]" 0.0207715670843458 2.84967383297451 0.0134334912764409 0.0218659427415172 -6.237503480626 -1.24029804921123 0.00441184049044728 1.286693572154 6.25221217393431
"betapsi[8]" 0.0366795182493982 2.81155128813101 0.0132537798766081 0.0210779922414618 -6.06524153207131 -1.23376386670544 0.00865051813677229 1.32271033395605 6.20161770974517
"betapsi[9]" -0.0415195806437565 2.84191867470927 0.0133969331097841 0.0232504618051956 -6.27627689737661 -1.31952682319886 -0.018454285105665 1.23490117037117 6.19663028084874
"betapsi[10]" 0.0273587439965954 2.81906876399903 0.0132892175976993 0.0213092547488796 -6.1101326810154 -1.25320313737435 0.00604505862994124 1.31557320074379 6.18369021831296
"betapsi[11]" -0.0099471981788212 2.85154491291712 0.013442311631878 0.0218344996922193 -6.19904531930343 -1.30855902387533 -0.00397134633173831 1.25122276265211 6.23587664158722
"betapsi[12]" 0.0305535331152937 2.84355817648636 0.0134046617952797 0.0214162802028278 -6.12883026850845 -1.26439119820591 0.00909718961130319 1.29779803459137 6.25510233311033
"betapsi[13]" 0.000168250962348754 2.83094702630628 0.0133452122632071 0.0217833118157476 -6.07183098114559 -1.30936976050423 0.000249568211547055 1.27856256853273 6.18652967710734
"betapsi[14]" 0.00287627973028688 2.83056380011601 0.0133434057176213 0.0218318494742948 -6.11266438930638 -1.26795453908285 -0.00323107694832337 1.25741484941202 6.17100217569863
"betapsi[15]" 0.0518344936638258 2.89610005165678 0.0136523465701415 0.0225931892662003 -6.28013729141468 -1.22332687973011 0.0191536713462123 1.30751898818197 6.44343905559634
"betapsi[16]" 0.029064592801786 2.81908185884797 0.0132892793274092 0.0218243505815374 -6.0703261154892 -1.25984605881309 0.00207895861297457 1.29836014490548 6.2579191633965
"etap[1]" -2.00153955781351 6.03521422547978 0.0284502726983351 0.2638286365337 -14.9077181795706 -5.10794325292514 -2.54731139158999 2.48606604025857 8.76542945072794
"etap[2]" -2.86673339877138 8.2772691917247 0.0390194211678335 0.387508127405335 -20.59575903218 -7.13584946542924 -4.05707924728261 3.90457330330062 11.6865949682684
"etap[3]" 1.83901547687261 6.70100580042122 0.0315888442816549 0.187271726878158 -9.95967686876153 -1.80536944746149 1.40936941598706 4.77053134388347 16.6200260728882
"etap[4]" 1.75235685759604 6.56985846328699 0.0309706098055071 0.155555774960173 -10.0226007147921 -1.8707214541218 1.39309069585888 4.69960015037167 16.5287143354039
"etap[5]" -1.16355460525986 4.29106721393824 0.0202282848366867 0.118558711336393 -10.7037197117711 -3.22367732653633 -1.14118801108525 1.48217304944843 6.43147028685762
"etap[6]" 1.86313249003597 6.73349895486161 0.0317420184806345 0.166260883755974 -9.83276400297965 -1.83509029094183 1.40547117916425 4.78022298316075 16.9367739763522
"etap[7]" -1.99925019993802 6.06753205506417 0.0286026204080175 0.214123085674542 -15.1239424223691 -5.10188731791702 -2.56203094164291 2.49643474481108 8.81082645841609
"etap[8]" 1.76942315355458 6.61144777845602 0.0311666637173799 0.180566154327329 -9.99008576002986 -1.80675703581111 1.40635926974494 4.70381998193012 16.4153601148966
"etap[9]" -0.0238743136938206 3.48727913941966 0.0164391915158268 0.035785489315943 -6.73620932424277 -1.748671849697 -0.0848307717730185 1.64746634535766 7.01717592685095
"etap[10]" -1.16180904896777 4.32371587319239 0.0203821920923883 0.132613231609113 -10.5542486440909 -3.24406414008749 -1.12974968129567 1.47279771667752 6.49290204971592
"etap[11]" 1.7596372543636 6.62976064248395 0.0312529913862939 0.171712608048892 -10.097035102253 -1.87130877616541 1.38754578214482 4.72414800193194 16.878567423737
"etap[12]" -2.01075621644408 5.99869498431183 0.0282781193445108 0.259458303714988 -14.8180539719425 -5.11236112088137 -2.58111219037221 2.48681839679016 8.68367807382613
"etap[13]" 1.80477481064196 6.73289123996022 0.0317391536851158 0.224193296887889 -10.098797401714 -1.79514151632105 1.41350467149629 4.7123356403299 16.606745206148
"etap[14]" -0.117383039541963 3.50778132752415 0.0165358397574125 0.0376639139480062 -7.08851434723836 -1.80090880142853 -0.13691518259273 1.5810463258632 6.83216933100403
"etap[15]" 1.69145697230553 6.40585567890715 0.0301974932657173 0.149164450342689 -9.85621626664553 -1.84814101180454 1.33876066238041 4.6425065187802 16.158149133432
"etap[16]" 1.70476790819376 6.4213396130794 0.0302704852314016 0.153432053472755 -9.80555465723151 -1.83516077077698 1.35402941984906 4.65556987385168 16.1429310295517
"etap[17]" 1.8620602448227 6.74420878288647 0.0317925050941126 0.189997103467485 -9.87982502347614 -1.77632537142597 1.46535336099162 4.77974829536872 16.855378842044
"etap[18]" -1.12107465883835 4.33976197968646 0.0204578341638124 0.0969450031282897 -10.1971398220872 -3.23188826288005 -1.09782375107231 1.47946882859073 6.5338507508069
"etap[19]" -2.01933632228847 6.07161541999205 0.0286218695748879 0.262456084247516 -15.0940269975809 -5.06688721159212 -2.56709349748908 2.45932410446652 8.71175655102897
"etap[20]" -2.86561740592328 8.23961198228581 0.0388419033801349 0.436178166277019 -20.252183553045 -7.14893731222064 -4.06705232770623 3.91648732362399 11.9507086475477
"etap[21]" -1.99050773923698 6.07517140855943 0.0286386326657533 0.242211952294553 -14.7694395072108 -5.05888327971136 -2.53569850837387 2.49466930753819 8.72039135279388
"etap[22]" -2.87265293399108 8.1853706612012 0.0385862073404052 0.444748268077354 -20.0124046404934 -7.16861942500649 -4.06335844894435 3.91664480240193 11.5854506368349
"etap[23]" -2.0045157009782 6.04071372675569 0.0284761975959707 0.219353062514968 -14.9938784459965 -5.11063136516766 -2.56332735916473 2.49377208240813 8.75786051133897
"etap[24]" 1.81016856988136 6.69121169275419 0.0315426744153414 0.165931524713697 -9.63573415441143 -1.77865518871644 1.3665719723963 4.68176617998872 16.7095303122354
"etap[25]" 1.81850562093239 6.78808137459559 0.0319993224748176 0.196045063321276 -9.81727288383374 -1.77172833558293 1.41678073340385 4.74439837096777 16.7536415592156
"etap[26]" -0.101734999535505 3.51047195868292 0.0165485235143327 0.0449281896382884 -6.89633639530446 -1.7975908167509 -0.12577554028203 1.59307638406306 6.81749047655397
"etap[27]" 1.80990703572353 6.70038165144247 0.0315859020151526 0.165416410417635 -9.83329837983773 -1.83581863512974 1.37928515338733 4.75368882580324 16.8406516599751
"etap[28]" -0.0638346105778798 3.59753345685464 0.0169589353525827 0.0450894119262013 -6.98846968782267 -1.78186813909892 -0.106433353393384 1.60610394488804 6.83649741372799
"etap[29]" -0.0572417658439655 3.49130919226293 0.0164581893671203 0.0398348225335776 -6.8224597976601 -1.76070761491784 -0.121555966335548 1.61551499396943 6.93400075490113
"etap[30]" -0.0357633896577812 3.55810236939741 0.0167730554237122 0.0397321824153328 -6.77924651141796 -1.78580987098358 -0.118386524427658 1.59645048974249 7.11065464064194
"etap[31]" -1.94956332974256 6.05274627773525 0.0285329195852548 0.207287104679842 -14.835282074762 -5.0524898153531 -2.53601454964311 2.51641884012912 8.9432475064052
"etap[32]" 1.81997956508888 6.83388629051336 0.0322152489191985 0.194261543746708 -10.14078845008 -1.86286999239539 1.37932376913455 4.77526452390242 17.2396750021428
"etap[33]" -2.86178447685241 8.21471570743588 0.0387245412149837 0.357215046748314 -19.6352122412203 -7.16376221668237 -4.07661888567029 3.93163697790904 11.5826536958564
"etap[34]" 1.71936488299438 6.49385200946071 0.030612311946077 0.159843043368069 -9.87657561114523 -1.85660437346179 1.37094625644007 4.66143730757236 16.4491192504047
"etap[35]" -2.90533610849839 8.26743091135999 0.0389730430694262 0.385774511581028 -20.3616946178625 -7.21560963267461 -4.08839643096105 3.92424347764534 11.7431666191102
"etap[36]" -1.09310386758879 4.21842499691525 0.0198858461416374 0.0832918000636161 -10.2240887987564 -3.20361986582893 -1.10441569885694 1.48211333138156 6.48906281566728
"etap[37]" 1.78540040026314 6.71752951634249 0.0316667378255104 0.176908363763138 -10.1000906936728 -1.84121226565203 1.41136018081041 4.71658966581049 16.7497700146828
"etap[38]" 1.81512875097322 6.7340756915112 0.0317447372432737 0.190302693317586 -9.92828711983511 -1.83256120625486 1.43620479226806 4.71322220165106 16.6389839423941
"etap[39]" 1.84043164294725 6.79417559363987 0.0320280508988993 0.210803947044257 -9.89846351789304 -1.82032268821751 1.38015101406514 4.6894535234352 17.2626536093702
"etap[40]" 1.80727124013632 6.62800375303884 0.0312447093300243 0.16576827529927 -9.86449425865563 -1.81719190242744 1.40182036444134 4.70927005920794 16.7311029050518
"etap[41]" 1.80695754675162 6.64849553490937 0.0313413085161526 0.175033428993431 -9.66595809331409 -1.77784473746942 1.40379861075878 4.68705464390446 16.7279632556548
"etap[42]" 1.78686227704259 6.65120618716667 0.0313540866534365 0.187278995000718 -9.98234112228262 -1.77471314213817 1.37060109764189 4.68730212212748 16.7931341519315
"etap[43]" 1.74866297131892 6.56744213365491 0.0309592191183842 0.153023145830763 -10.0710235632286 -1.77952357808061 1.3742180464007 4.64339468481536 16.5527683350484
"etap[44]" 1.72165452307305 6.59635287431145 0.0310955056568333 0.166087357447309 -10.0643375797015 -1.84187180882511 1.38061951561799 4.66845099014249 16.2473748148576
"etap[45]" -2.9335444173922 8.44659429013956 0.039817627336595 0.37854312013793 -20.7254074909982 -7.1412259930011 -4.06819056348579 3.89230223089593 11.5859645308262
"etap[46]" 1.74548204798164 6.70956523177116 0.0316291938279925 0.200581604094029 -10.2266229236422 -1.83855069066136 1.37523515240131 4.68075238473984 16.4282993495944
"etap[47]" 1.78503127439021 6.54825866291507 0.030868787370072 0.154443872694183 -9.72030926553593 -1.83479023224858 1.40174786217534 4.72706151862734 16.6908480947598
"etap[48]" 1.76283052183176 6.61575830055159 0.0311869837134081 0.185923971562138 -10.1691354491673 -1.85388411279322 1.40416131488326 4.71852061888396 16.5097500409586
"etap[49]" -0.048898008509438 3.48010915483265 0.0164053918843437 0.0372496575603013 -6.85963846396798 -1.81392129715623 -0.0912816010317261 1.64895013234621 6.91188673040471
"etap[50]" -0.0663073198777706 3.49951387956607 0.0164968666339841 0.0333718137015745 -6.84044162997877 -1.79099704586806 -0.121371512670867 1.59278013030048 6.93426144385387
"etap[51]" -2.388532128405 9.95493406901459 0.0469280092431014 0.257820859353898 -23.5678896147963 -7.59953097284258 -2.61821340679273 4.3714922567077 14.769859728234
"etap[52]" -1.02469048881171 8.34667264785115 0.0393465921975988 0.149143239998132 -18.5864380857179 -5.16177958286799 -0.616706808820427 3.79526167316123 13.55987669077
"etap[53]" -0.393391432503026 7.14831881947023 0.0336974980755388 0.0891678316482083 -15.256347268269 -3.85453277994893 -0.162498276307177 3.44528870401318 12.8043646920896
"etap[54]" -0.0761216552229722 6.99038976754216 0.0329530133851074 0.0678974663956232 -13.8761883687774 -3.47438097582499 -0.0172155798993292 3.37020738408748 13.461796497829
"etap[55]" -0.165026766805089 6.83101115183231 0.032201695385477 0.0757837841201548 -14.0254366306425 -3.43157646815562 -0.0595187902312622 3.26268911203605 13.0640635931337
"etap[56]" -0.10390177028618 6.82120259917178 0.0321554574248111 0.0750540276547989 -13.6102181317535 -3.32495438654941 -0.0156485691329584 3.2391082166153 12.9346132424755
"etap[57]" -0.00567643361244011 6.60609671242922 0.0311414385502191 0.0714438808142129 -12.9351899105985 -3.38774670371674 -0.0314691192238956 3.31714540215886 12.9769632321748
"etap[58]" -0.0444369541926645 6.50087178543486 0.0306454034873686 0.0544373930099046 -13.2645598236109 -3.31390322819699 0.0212834628251697 3.29943923763628 12.9261477328487
"etap[59]" 0.0451818590816075 6.51070769354803 0.0306917704028749 0.0468369182742846 -12.8926000582088 -3.25990209931586 0.0339968719381195 3.35246553099487 13.3010539669769
"etap[60]" -0.0326175288136352 6.66025278287545 0.0313967327145854 0.0596148366655059 -13.1260476554023 -3.3130953504999 -0.0200385412592607 3.25837777893802 12.9038871882773
"etap[61]" 0.0178946068399565 6.59486709383932 0.0310885016205187 0.05356887881182 -13.1838340968494 -3.30745757647076 -0.0240292832633928 3.25991731780476 13.2315299510673
"etap[62]" 0.0156801387089912 6.79559100025258 0.0320347231896592 0.0679710245248765 -12.8748556692989 -3.29725390086344 0.0252596414741944 3.32302619363934 13.2392589200048
"etap[63]" 0.0727897567793044 6.68444335133135 0.0315107681478915 0.0636832812150933 -13.0462372237011 -3.30316712968496 0.0314182549272857 3.33866623656112 13.0979177982145
"etap[64]" 0.0187532043236759 6.59824793716967 0.0311044390688188 0.0624828674719256 -13.1402325793666 -3.33620155090193 0.00426645800894072 3.26473357072019 13.395862458238
"etap[65]" 0.0682450488703015 6.51476138530553 0.0307108796890787 0.0570520512597934 -12.8889170808295 -3.28022366606535 0.0542422479546023 3.38364286243441 13.0485868398663
"etap[66]" 0.0125826648360524 6.69370194527909 0.0315544135783229 0.0779756045339616 -12.917672635078 -3.25747249924652 -0.0153041170545371 3.26491034832226 13.0730446722819
"etap[67]" 0.00757935968655652 6.73188197151673 0.0317343959480463 0.0617360656468052 -12.9263545308479 -3.30134857496315 -0.0141750975616315 3.30126413977207 13.1400357556468
"etap[68]" 0.051818183590065 6.55774249438687 0.0309134945803743 0.0527994762027453 -12.8059382843834 -3.33178712335089 0.0202037989953431 3.31802616023285 13.3763861054131
"etap[69]" -0.100494694880794 6.55407422221738 0.0308962021795324 0.053628586750046 -13.4509256726093 -3.34278044998023 -0.0489806206064121 3.25302479600468 12.8153493797998
"etap[70]" -0.0218547337432086 6.637421034905 0.0312891028224771 0.0565367342629546 -13.0287672499757 -3.34126842184519 -0.0117980783412305 3.22576153976712 13.0853622885459
"etap[71]" 0.0758691824695844 6.92417728182483 0.0326408847341078 0.0775452367521 -13.1040482266824 -3.30790021597713 -0.0202754527824738 3.35578533566072 13.4494179112616
"etap[72]" -0.0644978566696244 6.80494406425432 0.0320788139561958 0.084419675642793 -13.5879495676595 -3.35000929479871 -0.0383526332971731 3.28676051880256 12.8038631847603
"etap[73]" 0.064976945607172 6.59266647354606 0.0310781277969708 0.0660498131665591 -12.7601440135957 -3.29915138968137 0.0301178704271116 3.32487064079404 13.045754730681
"etap[74]" -0.00629720180663022 6.76256837834576 0.0318790530571067 0.071506736744453 -13.1546648819441 -3.34153173507874 0.0101889180112518 3.3215151767528 13.2374894262094
"etap[75]" -0.0407371001213078 6.76306093185937 0.0318813749766371 0.0684047527434724 -13.3517432206284 -3.31191624367271 -0.00975904293803379 3.33312569437955 13.0601351837138
"etap[76]" -0.0762163888542042 6.63636119618974 0.0312841066948602 0.0722259706636287 -13.3718692276165 -3.36914899470367 -0.0127712874047868 3.28766653173778 12.7742670652168
"etap[77]" -0.1236375283982 6.79056837006971 0.0320110462839145 0.0721013910922073 -13.6317701863788 -3.29861517256701 0.0127389714943306 3.28545608495313 12.5900996291766
"etap[78]" -0.0822909975162071 6.69734308774133 0.0315715780884983 0.0764536658375093 -13.2745808011992 -3.29870235716228 -0.0253822964081357 3.25415154018165 12.5090353537709
"etap[79]" -0.134004044065625 6.67872967636661 0.0314838336258045 0.0663859899464436 -13.5080329228034 -3.36342246115543 -0.0397154481652483 3.22197492890647 12.6718342075397
"etap[80]" 0.112933765939254 6.55848258178728 0.0309169833858376 0.0496563354356654 -12.5825056599645 -3.2407014418291 0.0283897109791933 3.33494783477425 13.6417884843474
"etap[81]" -0.044743275212258 6.66068199112585 0.0313987560216814 0.0536749238792569 -13.3199354012846 -3.30945619486037 0.0109613595032595 3.27787673360103 12.9662550684933
"etap[82]" -0.017843066759229 6.74566258323363 0.0317993583746724 0.0565375829759834 -13.4664607474897 -3.28975471524293 0.0246537648767931 3.31327193038288 13.0200714778389
"etap[83]" 0.0829447133944715 6.78461948443202 0.0319830029680817 0.0595446366913425 -13.0827700930776 -3.30393285986872 0.0247742708864838 3.3540976976215 13.6848012477177
"etap[84]" 0.0126511842410275 6.74596804827762 0.0318007983506992 0.0531384512771101 -13.0730818062296 -3.3334624689525 -0.0034911331332032 3.24147519279936 13.3415923651766
"etap[85]" -0.02593556865509 6.79607179787646 0.032036989691394 0.0832964009224373 -13.2647434625182 -3.26349542566425 0.0619443413942148 3.33629506768133 12.9016370280856
"etap[86]" -0.0523126243394413 6.49808847916206 0.0306322828557711 0.0579308626053818 -12.9178947280142 -3.35594349063077 -0.03697563892948 3.27158856270767 12.5596938757049
"etap[87]" 0.0790981576741556 6.76793152059871 0.0319043351521435 0.0796710369668514 -13.0391537937723 -3.29713248991531 0.0237437186786999 3.34870512607422 13.2783942125209
"etap[88]" 0.024845135979277 6.69624064545961 0.0315663811257432 0.0557939594815052 -13.2181642572253 -3.31672976884392 -0.0259194061631808 3.34529862142219 13.3490986436107
"etap[89]" 0.0175345464268568 6.67190294820462 0.0314516521206267 0.057565650769504 -13.0630883538558 -3.31076941339113 0.00271873166471201 3.28952627647945 13.0839830728552
"etap[90]" 0.0102379569378991 6.84685297977606 0.0322763744785798 0.059887965713317 -13.3055355335868 -3.32927983575771 -0.02572008724588 3.31316553746462 13.3407255677481
"etap[91]" -0.014107923470922 6.72074618855831 0.0316819013637548 0.0702746198840667 -13.450370586807 -3.42307593483145 -0.0385776823187061 3.31834191224428 13.4995326410439
"etap[92]" -0.0966053669307884 6.69670059660589 0.0315685493562401 0.0611649398811561 -13.9096584399412 -3.31683930814921 0.01773942759108 3.25378612866662 12.7471812088909
"etap[93]" -0.115865721566706 6.74823966878365 0.0318115068724599 0.071590770316663 -13.7393143171948 -3.35460538973513 -0.0570668756660952 3.23936813112908 13.0038853993788
"etap[94]" -0.0246170301038976 6.59602948063375 0.0310939811644167 0.0584812647545433 -13.1048567282011 -3.29067286484435 -0.0010510669964652 3.31700885535746 12.8718434275206
"etap[95]" 0.0187990598314241 6.66131613638294 0.0314017454110917 0.0548632312019254 -13.0807407899356 -3.28533055631756 0.0265957200206245 3.29369482452661 13.1910296357212
"etap[96]" -0.0172468209013434 6.69291328318055 0.0315506957895366 0.0508477929014707 -12.9660825773324 -3.31750165985452 -0.0130441531068275 3.3134264139279 13.0919223531198
"etap[97]" -0.077048780952515 6.91839088411748 0.0326136073937245 0.065420665109436 -13.3817187591111 -3.37736254144594 -0.0187898498849025 3.31528289359061 12.9728059066862
"etap[98]" -0.0485100870455319 6.86530316669935 0.0323633494938306 0.0975385859192385 -13.2752808484246 -3.31838293803068 0.0285466715100732 3.31502787846579 13.1326751319278
"etap[99]" 0.00306452658616365 6.75260065120825 0.0318320647407603 0.0644444858367824 -13.0528202964337 -3.29903727046109 -0.046760842108196 3.20046354111839 13.3751902235232
"etap[100]" -0.144280677052945 6.66259612351053 0.0314077793282766 0.0622683757867834 -13.6251850454194 -3.4225501611949 -0.0395362082790939 3.23518160152063 12.7375837238637
"etap[101]" -0.0446245447815965 6.71756848350337 0.0316669215184684 0.0507365913932914 -13.2562730771926 -3.34491467324429 -0.03351131061124 3.17470212305522 13.1259039461812
"etap[102]" 0.127362965726781 6.73780321792444 0.0317623089712994 0.0616582162683619 -12.8027282434924 -3.27711776496993 0.00621358109623774 3.37692576628142 13.6053656436758
"etap[103]" -0.0158296407293916 6.66179513768349 0.0314040034448771 0.0633437606083083 -13.0077605006635 -3.29389267586066 0.0258441102009919 3.32497400738723 13.1518243682864
"etap[104]" -0.000980813643612741 6.5816917911167 0.0310263926478563 0.0538926256104259 -12.998437098058 -3.33458613195987 -0.0200283052351389 3.25779911210106 13.0518426058638
"etap[105]" 0.00993874947277958 6.80416813094192 0.0320751561714828 0.0788044208651483 -13.1216527070906 -3.30182192887696 0.00403169473931424 3.34697747637861 13.0578262911313
"etap[106]" -0.0549452759376789 6.68920182792436 0.0315331998216718 0.064815020662946 -13.5546516440279 -3.32397512814504 -0.00979596625197199 3.34507996921057 12.8524552542056
"etap[107]" -0.000871285449066499 6.68269862334312 0.0315025434212795 0.0732470067893431 -12.8927437387495 -3.35350832050952 -0.0116966188627206 3.24126973595464 12.9885100299428
"etap[108]" 0.00436385732248506 6.63714951904892 0.0312878228844568 0.0589692191239471 -13.112537746306 -3.32030674630223 -0.0484383151236746 3.32372537864223 13.2504951438021
"etap[109]" -0.0145114996131033 6.90743078296126 0.0325619409813907 0.0644358579036435 -13.0532823692812 -3.36827731396803 -0.0243086166101322 3.28238047876217 13.2361728465164
"etap[110]" 0.103268820683165 6.7560646516673 0.0318483941955245 0.0695968556524925 -12.7486624393746 -3.19349070788704 0.0464695592629794 3.30156215708684 13.3580707625827
"etap[111]" 0.0643168013669647 6.66594650922449 0.0314235731979962 0.0574673561238746 -12.9041153865732 -3.31479116255934 0.0044474247789792 3.33505528948521 13.5648106790103
"etap[112]" 0.0608227146080003 6.63686313270432 0.0312864728462814 0.0625734681333968 -12.7045685754785 -3.28018931791243 0.0310062139932953 3.37963292324767 13.1134779218742
"etap[113]" 0.0831973035370952 6.66139541411697 0.0314021191299139 0.0728024086064309 -12.6797574234326 -3.29096317233382 -0.00802382141396564 3.29845217736424 13.0666200839074
"etap[114]" -0.0595616969119394 6.6858871639132 0.0315175743456741 0.059901498492569 -13.3248531097378 -3.34108971491111 -0.00512758573278951 3.27488546410595 12.8825126995115
"etap[115]" -0.00632765389040685 6.58836441418326 0.0310578476946475 0.0627574753432434 -12.7545967475676 -3.37016434844261 -0.0206541041615471 3.33576964065236 13.0776075195562
"etap[116]" -0.0354196984127287 6.62634641279356 0.0312368965531832 0.058532405753673 -13.0044867941566 -3.28888184121193 -0.00608935001543382 3.26949942782335 13.0055290297098
"etap[117]" -0.0549540753270744 6.72887260124411 0.0317202096405338 0.0623621812788456 -13.5257810133945 -3.34587237524712 -0.0299812815644016 3.2600314951468 13.3346798965869
"etap[118]" 0.0714530201307493 6.72556180741465 0.0317046024087477 0.060760457334142 -13.2411459035191 -3.26210058549496 0.0539629487504272 3.33436267864146 13.4147782142478
"etap[119]" 0.0258284462598923 6.70307702064713 0.0315986081074353 0.0583080514404168 -13.2490100401334 -3.29202427980986 0.0387550135913593 3.34883162998125 13.351753182228
"etap[120]" -0.049208941808303 6.68693705220267 0.0315225235665339 0.0585718491103498 -13.2253381229728 -3.32315495229127 -0.00599456626162988 3.27926666804143 13.0266963258945
"etap[121]" 0.0290827089388607 6.72474901232119 0.0317007708559323 0.06492061099791 -12.944070496529 -3.31672487647506 0.0367779362788683 3.36767393497728 12.9181728581207
"etap[122]" 0.0133614289449346 6.67349134943823 0.0314591399158503 0.0594561461974016 -12.9036938582557 -3.28201906207089 -0.0232463912317397 3.30898757691024 13.2227538764652
"etap[123]" 0.0440396151612524 6.7131240279856 0.0316459701542331 0.055943093451874 -13.1467344986929 -3.25210124353478 0.0560611473960373 3.36739318730117 13.4481939440701
"etap[124]" -0.0325631413034412 6.66369620420067 0.0314129651583823 0.0584258728551856 -13.0953406753756 -3.29084001899357 0.00474157607510127 3.26864144315394 13.200983951899
"etap[125]" 0.0869904610749257 6.69847430400417 0.0315769106931013 0.0536020637765579 -13.1089014890329 -3.23297966055945 0.0545500953693624 3.3599025744325 13.4619171936518
"etap[126]" 0.0915365861953346 6.78406011844843 0.0319803660915473 0.0628730811244212 -12.9576281695651 -3.24952414996335 0.0605621990135537 3.38394550629982 13.5803101462785
"etap[127]" -0.0527791352707088 6.73705706701792 0.0317587915821942 0.0689914531946832 -13.3064944244381 -3.31684693270642 -0.0285135787996403 3.28565194996102 13.06312191129
"etap[128]" -0.0124410964443404 6.55846939728382 0.0309169212334922 0.0478764136985869 -12.9651329785846 -3.32894572348103 -0.0139746661642816 3.28282576075787 13.054245030457
"etap[129]" 0.10000937793964 6.71497619787302 0.0316547013668151 0.0662758883831415 -12.8375836346864 -3.29019086601178 0.0438973372909706 3.33557738579744 13.4998668019444
"etap[130]" -0.0173525874812952 6.72806789022475 0.0317164161964093 0.0747077841388145 -13.1414604896647 -3.30369334406107 -0.000343507114814316 3.33627430442655 12.9437071382185
"etap[131]" 0.0187225867375745 6.74987780178633 0.0318192291054911 0.064229537825923 -13.40355344127 -3.2193481281308 0.0272787830021191 3.37737981764811 13.0817163594453
"etap[132]" -0.133383329677633 6.7286989008856 0.0317193908091912 0.0591300696400286 -13.6288463994844 -3.35559654272401 -0.0427339237787525 3.22553514097745 12.7134502916352
"etap[133]" -0.0560092502689998 7.00434518471428 0.0330187998525521 0.0688542026767673 -13.4864961234155 -3.33589683420369 0.0248059875434744 3.34515929748654 13.1876131926602
"etap[134]" 0.0207819897022999 6.65231561090244 0.0313593165270816 0.051042164917582 -13.0854044466417 -3.30039307603717 0.0205015569536263 3.34347397030514 12.9987317054742
"etap[135]" -0.00523501460659709 6.53596156789673 0.0308108183082296 0.0605473673038325 -13.1305058952881 -3.31776876737116 -0.0177762562105593 3.28248118332492 12.9088977688418
"etap[136]" -0.139125434940257 6.72865637160757 0.0317191903242519 0.0634481202970013 -13.6357306802576 -3.35839299492781 -0.0490720398913464 3.24393146909576 12.7186607522088
"etap[137]" -0.146362163464673 6.60301275952126 0.0311269006567919 0.0581834458941972 -13.3448057560415 -3.35314787432159 -0.0798284821143321 3.16107394186298 12.6801785194017
"etap[138]" 0.0374200276375415 6.77383999291324 0.0319321879577439 0.0639763996708392 -13.1681044859067 -3.28585063659174 -0.00943736061145045 3.29708791475279 13.424816253973
"etap[139]" 0.00925621884159069 6.62200898716883 0.0312164497327023 0.0573779614077246 -13.0527901877641 -3.26553027331346 0.025763583779678 3.30423581683671 13.0123860942648
"etap[140]" -0.0742247433268095 6.63882016677037 0.0312956983933423 0.0517356844091791 -13.4448250772214 -3.35355725353054 -0.0396273943783269 3.3070078404101 13.0232812533077
"etap[141]" -0.0213259183662756 6.52386793123181 0.0307538083582631 0.051917273895978 -13.2384081664475 -3.30362239663127 0.0167172362111831 3.33165729406384 12.9965434893503
"etap[142]" 0.0339043278057265 6.637020241219 0.0312872134629222 0.0519175370426307 -12.9892434202689 -3.28493707177758 -0.0171940551449185 3.31546108251429 13.5093729692208
"etap[143]" -0.0100285714337882 6.65200063549845 0.0313578317187879 0.05792980935689 -13.0762862470731 -3.34906011962697 -0.0209834814734712 3.23978142976921 13.0021517867248
"etap[144]" 0.0556542413913061 6.61006958748839 0.0311601668628534 0.0561438967403167 -13.0589956625024 -3.25928608795362 0.0598506873665561 3.36635274711641 13.0850566260807
"etap[145]" -0.0595595985825659 6.91435244052693 0.032594569988069 0.102345675331976 -13.4325740926032 -3.29978109682768 0.0184496208465844 3.28821795120241 12.9727327484306
"etap[146]" -0.0819587345996308 6.66221460491115 0.0314059808323515 0.0597371835589101 -13.5669790702987 -3.31533628230771 0.0224408229813626 3.31204829747793 12.6355467008576
"etap[147]" 0.0897858373282516 6.86140921590645 0.0323449932337555 0.0613166089466537 -12.7953735417062 -3.27955640935639 0.00820645506998287 3.39428399432769 13.5134925482632
"etap[148]" -0.0082010573555795 6.56366698322205 0.0309414228885771 0.0499111289684061 -13.0432599197201 -3.34204293586094 -0.00658267480739434 3.37768465127623 12.9237537285391
"etap[149]" -0.0954347338702738 6.94502722384127 0.0327391723033557 0.0844469905928683 -13.5082703071022 -3.36315380568071 -0.0515734593375471 3.28967195849046 12.8776410392526
"etap[150]" 0.089731631405697 6.62112923128092 0.0312123025236748 0.0583272227924494 -12.9745763536708 -3.19591236627301 0.0262704214056501 3.34348707365556 13.4234652326895
"etap[151]" -0.129339005694624 6.78739374532943 0.0319960809593706 0.0600657521615265 -13.4337476716324 -3.3677643763202 -0.0270806219622892 3.28274011845202 12.953211890956
"etap[152]" 0.0270589712527384 6.75812277011301 0.0318580962589208 0.0589630236562406 -13.0456047705856 -3.27983532341904 0.0284471540204129 3.32492635797295 13.0982152276545
"etap[153]" 0.108622066511824 6.72020145991756 0.0316793334883163 0.0610931849514323 -12.8742715791143 -3.28756310131541 -0.00351141567606428 3.34378656072429 13.6320431379481
"etap[154]" -0.000852987723488571 6.91238227101654 0.0325852825199298 0.0707542135148906 -12.9849905367923 -3.35312996578684 -0.00732826417467047 3.31389047959809 13.3692237621109
"etap[155]" -0.110253275679046 6.73788118089276 0.0317626764922566 0.0562146014555134 -13.5003517939129 -3.3751731719412 -0.0164075842780105 3.32348098803633 12.7719878374225
"etap[156]" 0.0566756562517387 6.56420234281978 0.0309439465979233 0.0623586048013371 -12.7852385227816 -3.27583605202071 -0.0226248209867854 3.29330581154166 13.1105395645798
"etap[157]" 0.00544421725179151 6.68935437937915 0.0315339189561262 0.0607921760018091 -13.0517070539299 -3.37916457352923 -0.029545025915995 3.30685898581839 13.2570359178652
"etap[158]" -0.0615825118966285 6.66921904129584 0.0314390000621249 0.0650719443563543 -13.1052627383101 -3.39423789223236 -0.0561194960376668 3.2442444463184 13.2983013648289
"etap[159]" -0.0450034484748371 6.82669286387585 0.0321813387808295 0.0572129924857639 -13.3205064435487 -3.37000575943936 -0.0247896896898089 3.31956470596459 13.0408090495637
"etap[160]" -0.0927872025374974 6.66623128940337 0.0314249156646338 0.0742409244442553 -13.1876003264271 -3.36408954406555 -0.0481314945231463 3.26634657634167 12.8883744940364
"etap[161]" 0.102385644050702 6.63672697943547 0.0312858310136169 0.0684224210046679 -12.6931753318846 -3.29839349476473 0.034412433243801 3.40203920549797 13.4738746405784
"etap[162]" -0.0453272235814906 6.57986736960886 0.0310177922423901 0.0526109843037124 -13.0935954958223 -3.33144600719712 -0.00547721663458683 3.27224161263242 13.0134804199608
"etap[163]" -0.0245031155210096 6.78079816304498 0.0319649890863093 0.0727719224506798 -13.2733110253771 -3.34067268548797 -0.0453800102443055 3.32372733035022 13.0727256748488
"etap[164]" -0.0196762328905908 6.53664407178119 0.0308140356623955 0.0604425403189085 -13.055913748079 -3.41564596596135 -0.0143960851588083 3.28474109240276 13.019361577372
"etap[165]" 0.0145326595747283 6.49553074444211 0.0306202255786715 0.054264537145264 -13.0503668757666 -3.31160686384715 0.033669164829403 3.3468182945248 12.9019353411482
"etap[166]" -0.0222464742530607 6.67167775978636 0.0314505905722427 0.0680750624850517 -13.4107095899828 -3.29564929426411 0.0162217208651071 3.36439740415444 13.0357751803314
"etap[167]" 0.0564715079275017 6.67957484815827 0.0314878178038388 0.0546473434003057 -13.0703655003603 -3.3095684497054 0.0323554985040501 3.40362761887036 13.1161014724166
"etap[168]" 0.0718724842733881 6.73605043692281 0.0317540462824182 0.059367230021609 -12.7810141678647 -3.28913151471483 0.0206084343301574 3.29913305327938 13.6064838196621
"etap[169]" -0.10871088999342 6.68198584315123 0.0314991833432316 0.0605425227770559 -13.3601503962765 -3.42217748417144 -0.0414098355977294 3.25508566943272 12.6868352644631
"etap[170]" -0.0319286847659047 6.81252640343698 0.0321145574458846 0.0781964897587514 -13.1294603826671 -3.29872877235273 0.0000420604498525464 3.30766623093995 13.1025762348924
"etap[171]" 0.0458940780743814 6.59672714285546 0.0310972699756697 0.0740181115752885 -13.0089989333356 -3.28669413884189 0.0297093156848535 3.33588141636883 13.185678765311
"etap[172]" 0.0283901557096783 6.82804163144469 0.032187696932124 0.0665136674661877 -13.0224184711724 -3.32362151875613 0.0318419402478187 3.29719187175291 13.0962403474182
"etap[173]" -0.0260260183374606 6.83059051538671 0.0321997124862564 0.0647352237130606 -13.1916289728536 -3.31515727978127 0.0323306711956768 3.33269377928942 13.3674138910483
"etap[174]" -0.110604350211263 6.87327425796973 0.0324009255784355 0.0624649175113233 -13.6282350703488 -3.34610885876381 0.00707961387519998 3.29304831965197 12.9251930865737
"etap[175]" 0.0142044275734929 6.59402404568203 0.0310845274533928 0.0570622219737773 -12.9508615805846 -3.35263768816857 0.0170808886388182 3.32988526849437 13.058664301671
"etap[176]" -0.0536902446578151 6.63469409261912 0.0312762478932621 0.0576911067378066 -13.0727072673753 -3.38068772944737 -0.0666047630395477 3.26884635792228 13.1648397898994
"etap[177]" -0.0110790583211071 6.76076418791279 0.031870548021842 0.0564387521911397 -13.2866438959758 -3.30286810625223 -0.00418886005901723 3.33427062926794 13.2491144028051
"etap[178]" 0.0330224705108223 6.71248268021306 0.0316429468118394 0.0632965304203235 -13.1591325639795 -3.25105912034324 -0.0284989367818747 3.27814298310386 13.319105412005
"etap[179]" 0.0609752816208588 6.65845254004989 0.0313882462885204 0.0630662949489367 -12.8466474745476 -3.24121488765322 0.0185245742767756 3.38951465268285 13.3094524490146
"etap[180]" 0.0393498640032054 6.74438617211681 0.0317933413149639 0.0675385559904208 -13.1948858634225 -3.32486625829856 0.0242381921621833 3.34305610396894 12.9929113309736
"etap[181]" 0.115456008447014 6.53836693206506 0.0308221573036606 0.0650917500406974 -12.7837585625955 -3.24172704079987 0.054905343136577 3.34244437129488 13.1491320235563
"etap[182]" 0.0111667731351879 6.63729804500678 0.0312885230425367 0.0615398803706534 -13.3385827186959 -3.32056858315317 -0.0254140896848938 3.28085262391017 13.2265297419461
"etap[183]" 0.0908981901058627 6.72950974697782 0.0317232131743266 0.051993291860514 -13.0992662116592 -3.25734006950744 0.0188553818223601 3.37348730550014 13.5951732795788
"etap[184]" 0.0904840886632379 6.60821632015061 0.0311514304768407 0.0597652153427454 -12.9220688528452 -3.2999331386078 0.00316587443071846 3.38299609820439 13.5020963487566
"etap[185]" 0.0621324506232577 6.70627163281923 0.0316136676536364 0.0503330188445777 -13.0571360591577 -3.29922881253549 0.00578355047562744 3.34802200111639 13.2099056495403
"etap[186]" 0.00731399690387118 6.70131920793478 0.0315903216988423 0.059989809270151 -13.260715986802 -3.37073607218148 0.0189132070342257 3.34321032398414 13.3110349542415
"etap[187]" -0.0283592074365025 6.69657679475257 0.0315679657487068 0.0585235393721547 -13.449024210466 -3.38120566362025 0.0523727192127774 3.33126843292645 13.0718036885231
"etap[188]" -0.046131117849577 6.73946255601027 0.0317701311660512 0.0577353458270567 -13.1086390779028 -3.37047879429116 -0.00910616321592403 3.35895783314749 12.892906033848
"etap[189]" 0.0163902753272672 6.66780080219822 0.0314323144189031 0.0624885404648545 -13.1008178047806 -3.32251699108811 -0.00646345065367776 3.28604806826672 13.2126444766152
"etap[190]" 0.0221419482559448 6.81151011133561 0.0321097665989743 0.0557785230925775 -12.9452656276758 -3.37361144672819 0.0304592419138852 3.38723439200871 13.3046567748536
"etap[191]" -0.0152590411319687 6.60495526360872 0.0311360577088767 0.057379356921449 -13.0055236688855 -3.29422929805135 -0.0171003947773598 3.22894586175916 13.1774234963786
"etap[192]" 0.0821299256398845 6.68554460761021 0.0315159595197756 0.0569762869050255 -12.9420625733498 -3.29049029025262 0.0243504386151594 3.33662691239458 13.6957555207698
"etap[193]" 0.0274658873288982 6.68568375435293 0.0315166154638113 0.0616832911749148 -13.3768862323516 -3.29725792176071 0.0103659595877611 3.36578726519938 13.2706804593855
"etap[194]" -0.0100195855756614 6.64190116898723 0.0313102223770782 0.0573145061816135 -13.0928737961426 -3.35863668038194 -0.0034967802110911 3.38520885825771 12.9401149968138
"etap[195]" -0.0154022177986369 6.73698741118667 0.0317584632214567 0.056566380498865 -13.1262729967551 -3.3278789685268 -0.0275514246883939 3.33244491721536 13.31266812899
"etap[196]" -0.0769144356423532 6.78715036161397 0.0319949336375331 0.0655662092311483 -13.3821931569036 -3.33454197872541 -0.00624529139969613 3.24118938335692 12.930341464457
"etap[197]" -0.0462799613115136 6.7604695238708 0.0318691589622269 0.0697746869662721 -13.2078518767752 -3.30344674690172 0.00544167809374291 3.27874975019858 12.8514733862683
"etap[198]" -0.0375310412540907 6.71075943848963 0.031634823372451 0.0610546866671633 -13.2648865133657 -3.30290439251541 0.00201460652054615 3.29500449559884 13.1220793781792
"etap[199]" -0.0628156288962152 6.56581598862572 0.030951553397202 0.0597229521209997 -13.1924700242155 -3.38328134154813 -0.0594561367582405 3.2996757081375 12.8318632905916
"etap[200]" -0.100092909897277 6.59057495375354 0.0310682682781156 0.0576546797790847 -13.3089945274723 -3.37780095157599 -0.0504511148622224 3.26191143095918 12.6287753174928
"etap[201]" -0.0089791530514739 6.63498161780433 0.0312776032999835 0.067752334537028 -13.035330937969 -3.24061187010487 0.0441601710948029 3.2943097550045 12.7917759762338
"etap[202]" -0.0193972008969584 6.60430933772595 0.0311330127850644 0.0523177534538218 -13.0782079989662 -3.29669847282648 0.00603529208842185 3.3131205244779 12.9686867807765
"etap[203]" 0.0295282761711916 6.70822237197589 0.0316228635262097 0.0578124024637954 -13.1586422091061 -3.27586827278343 0.0539177252286117 3.36049887011101 13.1792167224693
"etap[204]" 0.103964539648994 6.61851894990897 0.031199997539282 0.0498637159350853 -12.9315728139247 -3.2176965694214 0.0467519716428611 3.38715357759904 13.4844349263966
"etap[205]" -0.0475790410322021 6.68161346163461 0.0314974279199277 0.0590290335087009 -13.2745431817 -3.37538707521742 -0.0262993010864971 3.32031486824492 13.0804782882061
"etap[206]" -0.00741419271292625 6.63141339716649 0.031260782546585 0.0637842684679178 -13.3154710754346 -3.29257131049463 0.0277409610156824 3.30782224384358 12.9729663651653
"etap[207]" -0.0483868432585345 6.57674694874172 0.0310030824373547 0.0472003897150854 -13.2309209471789 -3.3023277536463 -0.0068074016352605 3.27278879951288 12.8104454315949
"etap[208]" -0.0160677376835563 6.65414615842484 0.0313679458108574 0.0613102221928259 -13.3599240840374 -3.28304568766265 0.0205729199531413 3.32475575052178 12.9196338321008
"etap[209]" 0.141914757293139 6.727799169132 0.0317151494330297 0.0654575664600855 -12.9801672744947 -3.24629457250842 0.0637094897161315 3.35037094670489 13.4684183810687
"etap[210]" 0.044396202233741 6.72995359104613 0.0317253054753298 0.0718884648173389 -13.1268393769536 -3.30811818875654 0.000898947191216303 3.29880729010617 13.1645964369817
"etap[211]" -0.0859044625739254 6.67698194572516 0.0314755947445494 0.0596277972383329 -13.3873436271878 -3.39600774360856 -0.0438082027966085 3.27589454766936 12.8056439642047
"etap[212]" -0.109687930373025 6.72344309012515 0.0316946146796622 0.054668311210584 -12.8732891589956 -3.4249017782235 -0.130532157643447 3.20309961205749 12.8719585203472
"etap[213]" 0.0448463894669395 6.7417064469121 0.0317807089692041 0.0479788169841396 -12.977311883452 -3.30266426150427 0.0392031555328858 3.34760027193784 13.247527666553
"etap[214]" 0.0193909202744653 6.64945975859162 0.0313458539101813 0.0525041827567374 -12.9773499761606 -3.2947900529443 0.0371443978160086 3.331749796582 13.4442375022087
"etap[215]" -0.0169614976432134 6.71520854397028 0.0316557966568215 0.0642431857339248 -13.2146911640344 -3.37139253172122 -0.00865702073669202 3.29865518440334 13.1352741714328
"etap[216]" -0.0409353942871507 6.83030606896294 0.0321983715929555 0.070250522616729 -13.5096831952201 -3.34499700336085 0.0360930236807902 3.32228181756797 12.8409965882746
"etap[217]" 0.00741101177727004 6.71688765068213 0.0316637120417701 0.0694794181385771 -12.8667849080343 -3.32473148963658 -0.035291950579985 3.27376277928376 13.2251487594061
"etap[218]" -0.0372314183491105 6.84907688879727 0.0322868580862441 0.0759593594278743 -12.9165687256925 -3.2801421451404 -0.0212271549979514 3.24716376975967 13.1338730218789
"etap[219]" -0.0507362892000408 6.78006449739826 0.0319615305532831 0.0728658852066627 -12.934790467176 -3.33333305930512 -0.00188068698153576 3.30641335118751 13.080324709205
"etap[220]" 0.180952443718284 6.94761359813223 0.0327513645886878 0.10370248966531 -12.9505964381053 -3.30196182636667 0.0306928802285436 3.40030671849027 13.9868716963094
"etap[221]" -0.12175035895702 6.66817786362786 0.0314340919035286 0.061534962480979 -13.5957204392353 -3.39994791781521 -0.050966805542483 3.25294062160019 12.8764501096972
"etap[222]" 0.0422284225823811 6.67254902536516 0.0314546977575693 0.0559736087234137 -13.0045119727007 -3.31139839733916 0.00666259062028466 3.37273313952205 13.4016500207332
"etap[223]" 0.105775237823154 6.69070273996583 0.0315402751888884 0.0495953078541474 -12.974045165167 -3.26985025741646 0.0616877322298446 3.38210196962224 13.286819163611
"etap[224]" 0.112719760907227 6.66369105756716 0.0314129408969193 0.0560646094339215 -12.6748991147682 -3.26316176336001 0.0292642703186518 3.36348552337001 13.3504002126643
"etap[225]" 0.0552584161739804 6.71461997620471 0.0316530221217667 0.0561404898512885 -13.0410018195859 -3.24531496745896 0.042300472510905 3.36122932700472 12.8555855012124
"etap[226]" -0.102993899841923 6.76799548914629 0.0319046367027687 0.0607411987471991 -13.0768533325932 -3.3485184889 -0.0610865732379817 3.23824749787755 12.634342055063
"etap[227]" -0.0669707619080454 6.80817338623299 0.0320940371259942 0.0577448764140056 -13.2382108360772 -3.3413842327585 -0.00883561139889802 3.28807551853064 12.8040921578972
"etap[228]" -0.034960576368267 6.61417465417462 0.0311795183327937 0.0633019272664734 -12.9552597600579 -3.33619057109471 -0.0297094398500957 3.27369343372999 12.8447204973489
"etap[229]" -0.0836806768902713 6.82810590368196 0.0321879999143561 0.0602496417081355 -13.651932475177 -3.33567275890743 -0.0586816448850172 3.19437945443944 12.9486657445973
"etap[230]" 0.0228343969607425 6.51953635209017 0.0307333890983678 0.0591872518068091 -12.9427982121604 -3.25778494675212 0.0648457789403229 3.34622946399524 12.8247436154243
"etap[231]" -0.0590587244703099 6.82596216562081 0.0321778942362219 0.0816801929258789 -13.4563549301643 -3.32538597357936 -0.012493399770517 3.31423643588542 13.2402699924208
"etap[232]" -0.0468936643475489 6.73063194187915 0.0317285032518235 0.0642218496020497 -13.5911556296533 -3.27171836756811 0.0380742346897719 3.34251584957409 12.7983094294537
"etap[233]" 0.0338341258490027 6.69330881034437 0.0315525603224678 0.0611442876145742 -13.2095641259496 -3.25170972306854 0.0207970924823773 3.32858986047524 13.2967032479304
"etap[234]" -0.0461772900874596 6.81514269441513 0.0321268907598326 0.0646491464122098 -13.2297058200692 -3.32680732560767 -0.0244074632582582 3.32062382497956 13.0170155769915
"etap[235]" -0.0566504812843972 6.82033594150779 0.0321513719614033 0.0704174526144235 -13.2364748677858 -3.32523442491894 -0.0207533146789427 3.27699065383392 12.6924704396074
"etap[236]" -0.0858022070924875 6.56927368590696 0.030967853138501 0.0626406101643044 -13.2425286295202 -3.34879993731674 -0.0470828921823061 3.27586832889601 12.7296162083765
"etap[237]" 0.115656841553934 6.72041911624357 0.0316803595300769 0.0626950197850137 -12.770198775674 -3.3394483825371 0.00581322279823447 3.37086522899847 13.6890148154427
"etap[238]" 0.0470120151304644 6.63047068056153 0.0312563385378909 0.0656688258721518 -12.8588587762507 -3.28402737437913 0.022867604646858 3.35836048507747 13.0264629907384
"etap[239]" 0.0198650055034771 6.63187092454578 0.0312629393513348 0.0583747021588392 -13.1281321605226 -3.32783557793048 0.0143813638251383 3.32025711036142 13.13355848607
"etap[240]" -0.0392743565183976 6.76711465742621 0.0319004844222197 0.0584811213105114 -13.6256321034246 -3.34293706737286 0.0153879310387516 3.34791902065145 12.8583477138414
"etap[241]" -0.0439004173098341 6.80132773706421 0.0320617664263351 0.0685722424012678 -13.2354469353215 -3.36300856761563 -0.00949152362127366 3.31900107413993 13.0863978505652
"etap[242]" -0.0144398241651415 6.76611450462069 0.0318957696566797 0.0555238048974796 -13.3369370450851 -3.31387587476721 -0.0135808300568549 3.34659874159955 13.1584329678434
"etap[243]" -0.000589053064709333 6.77722192920857 0.0319481305583303 0.0691966860082474 -13.2876652003628 -3.31109300268049 -0.0192077513649381 3.32528807576547 13.3087880631068
"etap[244]" 0.039241884620515 6.79509266081565 0.0320323739950246 0.0660443518931362 -13.0724361869258 -3.33085385492678 -0.000166537951734739 3.33807389455235 13.5491403314695
"etap[245]" 0.0291242937744067 6.79281333056078 0.0320216291291594 0.0682379126112112 -13.2568886824148 -3.3230835348672 0.0220938926669528 3.31559655685828 13.194446188902
"etap[246]" -0.106200272008928 6.76278955415586 0.0318800956898744 0.0620975022100441 -13.5381092518984 -3.4195662998369 -0.0613903233450631 3.28990133768496 12.8903539841505
"etap[247]" -0.0966218428851263 6.56756193992804 0.030959783890572 0.0560881520224913 -13.4267816652835 -3.34529375746821 -0.0600717465708376 3.25705000818243 12.7262217984462
"etap[248]" 0.00358717662667219 6.75111131173528 0.0318250439271548 0.0730450552606377 -13.0868595750027 -3.32595951639721 -0.0467362671107008 3.26615853239294 13.5664773329337
"etap[249]" 0.0652274710308441 6.63750111901342 0.0312894803425846 0.0683388032420854 -12.7465519824351 -3.29162996510927 0.00556821806725707 3.3466261467163 13.1094839527116
"etap[250]" 0.0281810082766789 6.6108399941722 0.0311637985947893 0.059374681887211 -12.7982749019818 -3.33938370382908 -0.0162936590967611 3.31892083725429 13.1724540941834
"etap[251]" -0.0188279726724362 6.66708932271982 0.0314289604724774 0.0636629667207894 -13.047877909419 -3.38256048522596 -0.0246657552112814 3.35096448492256 12.9387337264749
"etap[252]" 0.0923636686450612 6.59360121211095 0.0310825341968233 0.0516473361981215 -13.235148750047 -3.25423919843931 0.0790401313324004 3.38451826491866 13.4726338622858
"etap[253]" 0.0729279737420055 6.8651278193151 0.0323625228983342 0.0570703349444842 -12.9041737954007 -3.32704013300597 0.00464697992188807 3.36773453612091 13.6112939437953
"etap[254]" -0.103277372741696 6.8309881688529 0.0322015870426731 0.0676974790818159 -13.6643310843689 -3.37488212291382 -0.0226933744761036 3.30290768197029 13.0982823214665
"etap[255]" -0.0815091241119956 6.53863005568131 0.0308233976802829 0.0585039309767887 -13.2764929303181 -3.30667635091845 -0.0311942041507366 3.28624719713358 12.6390961108329
"etap[256]" 0.0387391078814379 6.54949356692072 0.0308746087633821 0.0505258755769978 -13.1274217643868 -3.25078180995714 0.0626214866974673 3.36940966549711 13.1384337711338
"etap[257]" -0.0229400239205587 6.73254844603966 0.0317375377390773 0.0685922949099707 -13.2517576197204 -3.32920914767581 -0.016708113410503 3.32696657568449 13.0713261091121
"etap[258]" 0.0990200254542296 6.72771103697143 0.0317147339740405 0.0580272503527199 -13.0535251733312 -3.24432930878086 0.0445594729868507 3.30656985480176 13.4908876811835
"etap[259]" 0.00370758349914442 6.66991330850866 0.0314422728691525 0.0518710699068985 -13.0384236894727 -3.30539623202688 0.00419778680465952 3.35326074399087 13.0793528536987
"etap[260]" 0.115399904213798 6.83319743293492 0.032212001613432 0.0719073087509696 -12.9448870996702 -3.31458663742945 0.0635546755435391 3.38355528191867 13.7175004467491
"etap[261]" 0.0134757201536845 6.58009037263855 0.0310188434887536 0.0564631509832578 -12.8461790439683 -3.25415677330339 0.00695585023903065 3.34662597233438 12.7896138475115
"etap[262]" 0.0641728301258715 6.66195336840779 0.0314047493516647 0.0583136040647893 -13.0335625857308 -3.24814520204714 0.0233165761056155 3.33199823427425 13.4444510483093
"etap[263]" 0.106381565216853 6.78942226337683 0.0320056434851512 0.0606164153227788 -12.8231236094498 -3.23233668626167 0.0777473561903131 3.37148892641837 13.2682070440407
"etap[264]" 0.0106445486977865 6.68349150197454 0.0315062810869924 0.0649209003261741 -13.0510979477257 -3.31452545881827 -0.00540299426042302 3.28110604232891 12.800416004985
"etap[265]" 0.0940825369912623 6.62952256561323 0.0312518690811623 0.0662883327503255 -12.7328162378018 -3.28991665771019 0.0221171965582008 3.31733608934573 13.2039189740428
"etap[266]" 0.0288681270544046 6.55581634110177 0.0309044146067109 0.0549295138649296 -13.0781741987846 -3.30357181990958 0.0414392700116054 3.38785425896852 13.0424077919212
"etap[267]" -0.00540191145199516 6.76656056818856 0.0318978724205042 0.0688480486453926 -13.4781420316393 -3.32239501987283 0.0111791308711569 3.29805586445841 13.2853757801523
"etap[268]" -0.0631209443780528 6.83618944274351 0.0322261060829321 0.0647008162887132 -13.3247349705118 -3.34811697503849 -0.0664881883549715 3.26455176395855 12.9508277786627
"etap[269]" -0.0171609352696647 6.75281503513055 0.0318330753562619 0.0656828627642056 -13.2121184260347 -3.32540433712037 -0.00467043048274034 3.34352497242534 13.1423304284857
"etap[270]" 0.0881374304345105 6.6882731441269 0.0315288219642667 0.0530930219073095 -12.8686817635573 -3.31572040630562 0.0351099923542959 3.32680615713534 13.3488167240787
"etap[271]" 0.00225711755294577 6.63939082309584 0.0312983884930587 0.0575345173677078 -13.3494396331894 -3.38358570169545 0.0497309371749153 3.33843003962525 13.1439374615974
"etap[272]" 0.120041004367715 6.71393350283768 0.0316497860552805 0.0631519361193817 -12.7561598600018 -3.27699366063545 0.065670530852129 3.38134787853736 13.5034003481203
"etap[273]" -0.0264422355110641 6.67281633102749 0.0314559578485459 0.0511818274803118 -13.1751343140091 -3.345396794749 -0.00356797622047461 3.2853362660363 12.9430071898552
"etap[274]" -0.016198954099127 6.54605774716627 0.0308584121537334 0.0489953460879409 -13.2016547540623 -3.28769087224738 -0.0153619112255411 3.27020480353984 13.0178008719567
"etap[275]" 0.0295501437264808 6.70750836122847 0.0316194976472674 0.0622803313569667 -13.1406239374276 -3.2946617286956 0.00365141348530227 3.30289904667985 13.2807973964121
"etap[276]" 0.0777172896587407 6.482458468554 0.0305586022791647 0.0488308032576955 -12.7465289906895 -3.26064615208933 0.0236776013812962 3.36358366263051 13.1859866519204
"etap[277]" 0.0370455656707853 6.63768160022969 0.0312903311391973 0.0588863223771173 -12.9547677440385 -3.32044541308229 0.0259096892958685 3.35765013953219 13.1793239609615
"etap[278]" -0.0663507006637517 6.7416289578337 0.0317803436821854 0.0643570847888169 -13.4810791801238 -3.31375342101624 -0.035528371967527 3.31148853686779 12.9651041302475
"etap[279]" 0.0165783483509825 6.5720019014263 0.0309807140697962 0.0522167459524149 -12.872578058958 -3.29680831133348 -0.00155163149439399 3.31875852857541 12.8119455946562
"etap[280]" 0.00899552493203113 6.64665979163568 0.0313326547393703 0.0501118509334062 -12.8334757212282 -3.35183203472111 -0.0243796293466741 3.32714745701095 13.1536890413265
"etap[281]" 0.00105012690893844 6.86322645041865 0.0323535597593994 0.0630259577284037 -13.5224392925693 -3.27919097887604 0.056727000600934 3.39128292163099 13.1858578887603
"etap[282]" -0.0628279459917476 6.66215610115827 0.0314057050430156 0.0690883891968124 -13.3115891781698 -3.33905093647301 -0.0491408834184446 3.28349685159192 13.0644572084125
"etap[283]" -0.040513058950397 6.67140033496915 0.0314492827791126 0.062413517455776 -13.3271208875345 -3.34056140645119 0.0140033327148753 3.33651089041722 12.9979246244173
"etap[284]" 0.0236421680466108 6.71756402255417 0.0316669004893522 0.0607632996966619 -13.2488661666106 -3.26614400102214 0.0398482649491604 3.33343487700754 13.2118166014325
"etap[285]" 0.0686859425889886 6.8953159072828 0.0325048309097543 0.0582233851426903 -13.1228073919247 -3.3328824700507 0.0392329048505029 3.33238755561798 13.295532982003
"etap[286]" -0.0465431459252058 6.5683643726345 0.0309635665946265 0.0499774064860061 -13.0712825249564 -3.3217160011334 -0.0109804087091102 3.27376822272287 12.8617047356288
"etap[287]" -0.07616282685463 6.60274690149967 0.0311256473900592 0.0475549760128224 -13.2866962432623 -3.35345256998133 -0.0297026285846634 3.23799744557956 12.8415238583844
"etap[288]" 0.0648432248024701 6.62606438879509 0.0312355670793047 0.0626944984028616 -12.9525185295448 -3.26365403293238 0.0353337540934454 3.32791772692898 13.25920348429
"etap[289]" 0.00212503597319504 6.75731335574707 0.0318542806430078 0.0545487020766096 -13.3122758562401 -3.29409993814277 0.000596459450395033 3.30455945747667 13.2478237577008
"etap[290]" -0.00682615432554557 6.64750638508067 0.0313366456191428 0.065334084132897 -13.2095770957817 -3.29497219872629 0.0137293355310197 3.30570765283944 13.0665691562031
"etap[291]" 0.0419586795013545 6.67024478254036 0.0314438354527232 0.0598849992821616 -13.0004956212559 -3.38095567746473 0.00540818712116088 3.33675716477096 13.1715468636808
"etap[292]" -0.0150250705016622 6.72552710651856 0.0317044388271548 0.0703682489505923 -13.6712000250482 -3.33765006864233 -0.0379057914766322 3.35353546480378 13.3187418694623
"etap[293]" 0.0123549862000763 6.78082074520023 0.03196509553961 0.0598730491880633 -13.3173266803294 -3.28607277207474 0.0286225142916266 3.35891695789668 13.2523032467017
"etap[294]" -0.00895395956023058 6.71685204550847 0.0316635441973718 0.0636296690807794 -13.1374690282405 -3.32694386044024 0.0156629876109245 3.34954921941806 13.2474219009137
"etap[295]" -0.0771327530400083 6.81085677489641 0.0321066867414639 0.06631499835544 -13.3882888164848 -3.38008159642443 -0.08706831374487 3.27034632154352 13.2542374424281
"etap[296]" 0.0866998903348755 6.59450918839867 0.0310868144380913 0.0577937214957094 -12.7582347770155 -3.2866020602985 0.030695433876307 3.36493262333375 13.1844339241507
"etap[297]" -0.0855991060163822 6.57336200462562 0.0309871256577652 0.0582073010211337 -13.4157007032902 -3.34942015728476 -0.0203516546592276 3.27420861122437 12.7748608795893
"etap[298]" 0.0124618702285202 6.54461189718017 0.030851596351535 0.0565821233848373 -12.9200862900975 -3.30608027344871 0.015131050763347 3.32178487852798 13.1657681229654
"etap[299]" -0.00000544161831219483 6.82789763355755 0.0321870181195742 0.0678764165280523 -13.206098586551 -3.30675237490771 -0.00883521398317109 3.3146341197896 13.0317258114952
"etap[300]" 0.0292028070891478 6.70379318553136 0.0316019841410759 0.0558098503829932 -13.3555993503032 -3.28109155784879 0.0316254792933802 3.33980699212097 13.3668255133286
"mean.p0" 0.346531338906747 0.245739263104696 0.0011584259956341 0.00413902379830533 -0.118363266448825 0.187642456243449 0.336120666235341 0.501338819641405 0.849946860272691
"mumup0" 0.848959531547696 0.0530987227257223 0.00025030977941135 0.000995163392300236 0.733151426836213 0.816666214723751 0.853927104433731 0.886601169681457 0.938434002041667
"mupsi" 13.7886848259318 1.45271668263523 0.00684817211622796 0.00895638713311393 11.0403467661885 12.7884499635645 13.7623305595302 14.7551820448837 16.7283376805824
"ppo[1]" 0.541040574083855 0.106408814398748 0.000501615961595836 0.00135542471649279 0.299162250797559 0.481141252987879 0.552668546502755 0.610593226594521 0.729880880621171
"ppo[2]" 0.541871373087062 0.107567964151036 0.00050708024593086 0.001418595672887 0.297095915259518 0.481904245966369 0.553323325240686 0.612313360539791 0.73378008823378
"ppo[3]" 0.540911859516187 0.10690536329911 0.00050395671556008 0.00137114920067469 0.29662422580796 0.480336643186512 0.552840744679594 0.610978636579585 0.731014771662977
"ppo[4]" 0.540259616338387 0.10684575681461 0.000503675727897464 0.00144146004932396 0.295990271547127 0.480285843845831 0.551953811807624 0.609966194403638 0.729886612724068
"ppo[5]" 0.651235026433087 0.107474912892866 0.000506641598093195 0.0021748548191398 0.463420357144225 0.573444193853326 0.63923712020644 0.722771843799046 0.8800221852335
"ppo[6]" 0.684685394380365 0.116640070180407 0.00054984656388427 0.00295100279653198 0.494876944067423 0.593407457928746 0.669267869855533 0.768436929224127 0.924966686916642
"ppo[7]" 0.578821873087386 0.101205205222962 0.000477085912696883 0.00105219316081216 0.367559649765625 0.519783238911026 0.579364225213453 0.642014806472738 0.78097050908172
"ppo[8]" 0.578033347134957 0.101394252356292 0.000477977089429828 0.00110275061113281 0.359303697166432 0.519586859449758 0.579161527455684 0.641868256887836 0.776196723128451
"ppo[9]" 0.539567522585775 0.10611534698781 0.000500232542953625 0.00135014235870933 0.29949308000618 0.479176071162328 0.551161384858905 0.609694027147549 0.726300303859927
"ppo[10]" 0.580524833941257 0.100842923232244 0.000475378099014628 0.00104730988478201 0.366150000577798 0.522493077804627 0.580389677491037 0.643134469214644 0.780436525277077
"ppo[11]" 0.652042549487892 0.107320952035936 0.000505915819653377 0.00218672152244027 0.465264520947966 0.574099317678873 0.640652976879261 0.72184709612129 0.880561889473188
"ppo[12]" 0.578333750088612 0.100867330824291 0.000475493157506955 0.00112288926424163 0.362512401340532 0.520263153502553 0.579498895135395 0.641242838633106 0.776290700471742
"ppo[13]" 0.541470729160752 0.106608851581075 0.000502558945916587 0.00138346350085559 0.297938738939028 0.481752459185849 0.552863555836498 0.611767592988323 0.730302728734662
"ppo[14]" 0.541312059354037 0.106637668467638 0.000502694790022596 0.0013657989407355 0.298371728102373 0.481154541114005 0.552667053362929 0.611136310054514 0.731562164380159
"ppo[15]" 0.540077507280685 0.107057685904417 0.000504674771207683 0.0013911751804623 0.296516836187577 0.479179176895538 0.551520728940614 0.611035229944963 0.728430135485758
"ppo[16]" 0.651580376916117 0.107830359645915 0.000508317190156072 0.00211097519539997 0.463540699713075 0.573548737530218 0.639137620404821 0.722389158628679 0.881781494155677
"psi0" 0.999997222079428 0.00000618336254185631 0.0000000291486505592099 0.0000000386458082961808 0.999983959003072 0.999997207163345 0.999998945381652 0.99999960924397 0.999999945678064
"sdeps" 0.475969300588829 0.321750737387653 0.00151674752172387 0.0104236223409351 0.0270978289641435 0.225275264022199 0.427631547560238 0.667747865949516 1.21756484107532
