"Mean" "SD" "Naive SE" "Time-series SE" "2.5%" "25%" "50%" "75%" "97.5%"
"N" 10.2994888888889 0.759815263566366 0.00358180350211214 0.0166347235296428 10 10 10 10 13
"betapsi[1]" 0.183669987956481 2.1761133975619 0.0102582969336461 0.0179140903597784 -4.14719149928324 -0.833634437373103 0.0254756113243519 1.04529270915051 5.3109045921928
"betapsi[2]" 0.216663222696548 2.1628391144765 0.0101957213630789 0.0171249230925191 -4.08872650456649 -0.792241522605649 0.0359930540603243 1.07993330202796 5.3199587001355
"betapsi[3]" 0.170892951637345 2.15356773281864 0.010152015650804 0.0174321299640139 -4.10092674402292 -0.851174309534114 0.0228635821606596 1.03408105965642 5.22462880710911
"betapsi[4]" -0.554899962421506 2.76070925965793 0.0130141082559241 0.0404502707702472 -7.47982435233736 -1.48856831028235 -0.111482483269396 0.686063368595442 4.63216576928683
"betapsi[5]" 0.210937995839787 2.15675547510862 0.0101670428120701 0.0176809786381581 -4.07259411840886 -0.792618266204933 0.0357851147976954 1.07901363573096 5.40849264345992
"betapsi[6]" 0.182479948694936 2.17610308053799 0.010258248298729 0.018354378617231 -4.21743134905244 -0.828750822328309 0.0283101865841469 1.05248986840995 5.28645294734532
"betapsi[7]" 0.217955085796669 2.19623468179444 0.0103531495771595 0.0190052324856105 -4.13304085734674 -0.817374908022313 0.0333434731952829 1.08015962102942 5.4587251012363
"betapsi[8]" 0.221968544650834 2.21641191911405 0.0104482659860549 0.019056748361721 -4.14848043088496 -0.820318698000323 0.0350024419105633 1.08477117397011 5.48911985693958
"betapsi[9]" -0.548656461360158 2.75215143761405 0.012973766295928 0.0376525345790617 -7.35833020886428 -1.51662931473119 -0.113427998168954 0.685263840842764 4.76282893080201
"betapsi[10]" 0.213821237513542 2.18648854688133 0.0103072058565767 0.0189515247492709 -4.09728426113259 -0.808641352072888 0.0326294935149924 1.05844464056552 5.49698172808551
"betapsi[11]" 0.19031843383396 2.17844989400967 0.010269311283529 0.0179611385673289 -4.14073021718 -0.811292739285334 0.0255157673363754 1.05839479253896 5.46968331597855
"betapsi[12]" 0.223169497604874 2.19576006486397 0.0103509122114928 0.0199093293035527 -4.07644974277716 -0.804671632075771 0.0344343019376887 1.06533664368543 5.63452398162313
"betapsi[13]" 0.2222157945249 2.20528592035112 0.0103958175249033 0.0188965945557781 -4.05216145734492 -0.801363842495674 0.0343044933360233 1.05894923586496 5.5214377106442
"betapsi[14]" 0.212843187741364 2.1607421236226 0.0101858360533931 0.0189841306119936 -3.99633493538099 -0.806713941189747 0.0342081915827493 1.07217936200807 5.34354556524493
"betapsi[15]" 0.228342028269339 2.21581787837899 0.0104454656511745 0.0196179662790982 -4.16537443311118 -0.813897997103552 0.0402058557913115 1.10182910573763 5.58446951042755
"betapsi[16]" 0.237319768219429 2.20042215582999 0.0103728895190701 0.0183501250277994 -4.15081359375288 -0.792176845962568 0.0465633124232788 1.09186547542811 5.50806325404989
"etap[1]" -0.417771183608528 6.45103697915124 0.0304104799576202 0.17608808054114 -13.1324534692125 -3.69638042887231 -0.325504813840458 3.00569870978062 11.7468316448865
"etap[2]" -0.437502783561254 6.2905498697219 0.0296539364684834 0.154919802593342 -13.0499401990441 -3.70616358116109 -0.376501241033846 2.97814871898768 11.71377890018
"etap[3]" -0.363673906787425 6.23752278500307 0.0294039643938751 0.137420224161903 -12.7137376398849 -3.63830483182822 -0.379075036745608 2.96167383870801 12.0853695151214
"etap[4]" 0.610405875976502 7.38199717991309 0.0347990684307768 0.217077110324103 -13.3922243876161 -3.82966214385031 0.831401284061679 4.84121365495313 14.7697666596884
"etap[5]" 0.0288115829681688 4.49797941696736 0.0212036783158342 0.0436227054579449 -8.8373417572287 -2.17137184769488 0.0476719581401785 2.25242449384041 8.93023632347819
"etap[6]" -0.326535610975809 6.22968660194417 0.029367024272678 0.147640736338815 -12.716234137629 -3.60532242012952 -0.335996241657605 3.00382565628208 11.8140068585002
"etap[7]" 0.147671753676763 4.7071329607775 0.0221896375767499 0.0620086104694891 -8.73934492790274 -2.14570689253626 0.0822600058326677 2.30698860889305 9.46368943082542
"etap[8]" -0.310241674549813 6.28505661065152 0.0296280409968869 0.154141548068794 -12.7648169758957 -3.65599607894703 -0.354565210338024 3.00919120330228 11.9032824443698
"etap[9]" 0.108037658961357 4.60798736657476 0.021722260763513 0.0501174853514307 -8.92584805725419 -2.15014453131905 0.0692158070089581 2.31892434940171 9.42565025716314
"etap[10]" 0.104153887214639 4.527975728371 0.0213450822838615 0.0523731830248361 -8.60596130829079 -2.15860579771571 0.0494169901059991 2.27405440506688 9.31780387477319
"etap[11]" 0.193707292812829 6.88425803955719 0.0324527036213927 0.108229811174362 -13.5262198143793 -3.64782810912303 0.173988489023049 4.02837219969515 13.8151683176425
"etap[12]" 0.0959921072884207 6.38740386101427 0.0301105105620022 0.0633702083807472 -12.281399333849 -3.37002798624089 0.0659809750310657 3.51912318621795 12.7590744986067
"etap[13]" 0.128057752336965 6.23567114387154 0.0293952356738723 0.0587823277470745 -12.0262480183311 -3.25569275516768 0.0929821839474839 3.36959468953482 12.4680695486327
"etap[14]" -0.0695654326034564 6.35246156450556 0.0299457909965919 0.0607076008192204 -12.6761984167697 -3.2590688508109 0.0149112974584198 3.26975054808688 12.1807191806729
"etap[15]" 0.0243891371369317 6.1659154635741 0.0290664042434416 0.0504885766491327 -12.1954136497504 -3.18673117878063 0.0180476507720819 3.24920755411961 12.3334215207144
"etap[16]" 0.0101224458127194 6.15173718341439 0.0289995671897983 0.0430989817014981 -11.8944073336439 -3.1999711724176 0.0185765720044724 3.20605409588302 12.1514023332543
"etap[17]" -0.0790040430708309 6.34719252730533 0.0299209525170279 0.0707835100308594 -12.3718011961953 -3.32275592384029 -0.0604540006007423 3.19894604807705 12.2013501963202
"etap[18]" 0.0193261229565344 6.19008439262578 0.029180337667618 0.0565131395716782 -12.2278606645401 -3.27665007583282 -0.0294820188172492 3.27016456657998 12.3374443014724
"etap[19]" 0.0147994686816089 6.12813262323059 0.0288882942259791 0.0479795252087873 -12.1210897027417 -3.24836637037232 -0.000699170039883755 3.26682098754518 12.1814737815711
"etap[20]" 0.00143321895143989 6.09809496945687 0.0287466953681502 0.0532843679130119 -12.035162388865 -3.2249229345062 0.0102836906392462 3.27827896028222 12.0846376243133
"etap[21]" -0.134315927842048 6.29254622340411 0.0296633473699923 0.0535844758905015 -12.7821965424305 -3.33840218858501 -0.0602302450155786 3.20890989865185 12.0659400584137
"etap[22]" -0.0323675472017984 6.20264112940226 0.0292395306924462 0.0689614768569122 -12.1262837645682 -3.28366588883717 -0.02181351277422 3.24443605570514 11.9648526710856
"etap[23]" 0.0387459470668493 6.24486297650498 0.0294385663884499 0.0510126167321901 -12.2355868561167 -3.1683271811287 0.0773360276673861 3.26893233415729 12.3540609653382
"etap[24]" 0.0652672819704231 6.2385682602253 0.0294088928113365 0.0547816615056263 -12.0829750933912 -3.17611470584015 -0.00128542715021398 3.22502590441169 12.5064337709479
"etap[25]" -0.109063566591312 6.34205135738669 0.0298967168096098 0.0705374865333039 -12.3822682113954 -3.3722535710056 -0.0411849790679277 3.23691859888957 12.0720743816699
"etap[26]" 0.0181805647781212 6.07255453654574 0.0286262966127775 0.0495742160476038 -12.1575953569977 -3.22861417516306 0.0174006351160118 3.27451783862958 12.1488165502054
"etap[27]" -0.0295287629492053 6.19148602754437 0.0291869450379892 0.0445021962660545 -12.4920293824421 -3.28256756549816 -0.0266840725039379 3.2464820656289 12.2189646833323
"etap[28]" -0.0248618113362121 6.18238955010745 0.0291440638321188 0.0482920981546218 -12.1768520106586 -3.26958085395056 -0.0322132871115097 3.19241266878885 12.0101675707296
"etap[29]" -0.0309289196643642 6.12611091698913 0.0288787638113597 0.0518898254222418 -12.2688677083926 -3.27357536136881 -0.0532541564225544 3.19194525086689 12.0677954369143
"etap[30]" -0.00741986271380402 6.21114187184868 0.0292796035766394 0.0464360213519251 -12.2400164006725 -3.26864688530459 -0.0371961216694989 3.26393562475695 12.20548475402
"etap[31]" -0.0827355064499387 6.17852832157409 0.0291258618262545 0.0504856024314434 -12.4339988906991 -3.33438965172228 -0.0479498153566769 3.20933860099254 12.037775289075
"etap[32]" -0.0257911129468575 6.40920020390249 0.0302132595077444 0.059204276619297 -12.4132727633007 -3.23702899292399 -0.00333621300100424 3.22103886529899 12.195799997328
"etap[33]" 0.0180712145378471 6.25523488514353 0.0294874600346643 0.0651392566545392 -12.1341501537696 -3.24098053180441 0.0325511607143888 3.27050492943104 12.110326774309
"etap[34]" -0.0120741129314877 6.16277213333175 0.0290515864425758 0.0480569252093314 -12.3717773358722 -3.17136762611294 0.00120438500553524 3.21225651291491 12.0808661849743
"etap[35]" 0.0203599925735603 6.20415826102721 0.0292466825195125 0.0458050142506819 -12.3113433698776 -3.23643297306664 0.00840953724890738 3.31581684787619 12.3081081647351
"etap[36]" -0.0561471840128785 6.25073628950968 0.0294662534514742 0.0559854028631223 -12.3249812902513 -3.27761514879541 -0.0768889519586956 3.16210468486021 12.2073159858472
"etap[37]" -0.0250578049327816 6.12713039287243 0.0288835696667619 0.0484320629843994 -12.2175420308935 -3.27210121883803 0.0103767903315264 3.27131028566669 11.7827269761793
"etap[38]" -0.066322211235891 6.26753357928583 0.0295454366348494 0.0593953361490401 -12.2633508947501 -3.21362267272482 -0.0293889733785492 3.23012282608921 11.8383186943071
"etap[39]" 0.0645986245375957 6.26678187248484 0.0295418930550064 0.0624774855161988 -12.09121780826 -3.19519886810949 -0.00110498096414634 3.27950479062802 12.4487104315863
"etap[40]" 0.0720847112654296 6.17767131753084 0.0291218218704512 0.0499324057871644 -12.1218521871509 -3.20487776968929 0.0638415866802097 3.30471245417211 12.3022234835203
"etap[41]" 0.132170214882123 6.53767059632979 0.0308188747455246 0.0754609221510571 -11.9862183083927 -3.18662513257867 0.0287349692511013 3.28621372999683 12.6968738101196
"etap[42]" -0.0648895175963733 6.17293692528973 0.0290995037313947 0.0526915547106515 -12.1489856044274 -3.2201323153445 -0.00393209868314629 3.20893327635162 11.9216354331723
"etap[43]" -0.0000994185747644114 6.01622302942941 0.0283607473416014 0.0489150943175345 -12.006640176651 -3.22262465894073 -0.0288392720864261 3.22023299762739 11.9830585955959
"etap[44]" -0.098026090744258 6.44756642643023 0.0303941196151969 0.0748842688642358 -12.6244222778459 -3.31229508890751 -0.0421343662440588 3.19481932821252 12.274637061041
"etap[45]" 0.0231845256621953 6.37670473552132 0.0300600744007433 0.0519947850309363 -12.4930201377834 -3.27266761546099 0.0423721831731891 3.32351967943334 12.280731744757
"etap[46]" -0.0953611294330007 6.30694532004254 0.0297312253624989 0.0623174517525267 -12.7152621688124 -3.29085869958743 -0.0386867095835183 3.24257311976889 12.2485041350569
"etap[47]" 0.00718498273118255 6.40011523085633 0.0301704325340921 0.0663650237640811 -12.1493630732052 -3.29635033669912 -0.0273460625014408 3.19840238352191 12.3560710972331
"etap[48]" 0.0343152277762402 6.25308700614215 0.0294773348359506 0.0494863341352829 -12.3884519119132 -3.21234562366054 0.0344754749480659 3.28467540668593 12.2501215766376
"etap[49]" 0.0497100857029556 6.19996782736603 0.029226928625793 0.0476670270989491 -12.3417392450969 -3.20831662022646 0.0471394222218229 3.34246259833406 12.5200702424784
"etap[50]" 0.100794025963024 6.08167779411653 0.0286693040614096 0.0468403592215627 -11.8383576356351 -3.2153825442871 0.0225149353565712 3.30310298959975 12.3731521949661
"etap[51]" -0.0126768796199574 6.35566384775309 0.0299608867045893 0.0583225097972854 -12.300564992473 -3.31913800197935 -0.00452486317843073 3.23837938557584 12.2153509247577
"etap[52]" -0.176498007076422 6.23806568604929 0.0294065236539505 0.0519616935094261 -12.4928370294903 -3.31908983732177 -0.0787692645557767 3.11623767851987 11.8481655931362
"etap[53]" -0.0574738702362235 6.15756844404453 0.0290270560160279 0.0544339206528738 -12.3875054946401 -3.2845907543379 -0.022010831054561 3.24926518813019 11.9778134420445
"etap[54]" -0.0541294698439674 6.23835735980749 0.0294078986172325 0.0507213686416733 -12.2578343031561 -3.21581080341497 -0.0269951897203219 3.20769494244047 11.9738008493788
"etap[55]" 0.00553168197998806 6.4903694079995 0.0305958948053478 0.0733727407227469 -12.2812428415972 -3.27275838645121 0.0449489070515098 3.29844895974666 12.4466993270024
"etap[56]" -0.0839585894797495 6.21075495056743 0.0292777796122277 0.0544071599468549 -12.3775760728439 -3.2767821780809 -0.0299309476816439 3.20336419925024 11.7406014030372
"etap[57]" 0.00353959246391118 6.14929209968896 0.0289880409545795 0.0447076146287561 -12.0768828067863 -3.24362127419978 -0.0226631587968201 3.22257609292254 12.2166585614012
"etap[58]" -0.0330405030026297 6.18008623266506 0.0291332058895672 0.0437411823811622 -12.3032815631901 -3.28999123580877 -0.028496959498738 3.25248900430346 11.9643200153733
"etap[59]" 0.041371238131692 6.31856230197492 0.0297859883405077 0.0618756452621929 -12.2531977154837 -3.23687751365898 0.0163457442620502 3.27515492725198 12.3509010192317
"etap[60]" 0.0306375232150901 6.20429353297187 0.029247320197575 0.0626100528437042 -12.2194884640307 -3.22298720856663 0.040210162207948 3.26680730152753 12.1403996282103
"etap[61]" -0.0248237460461614 6.1484353275897 0.0289840020921707 0.0557896115362538 -12.0258884038355 -3.2672525755368 -0.0300319651542701 3.14656935000831 11.9767771219507
"etap[62]" -0.0310324255757013 6.23967458005105 0.0294141080530095 0.0534767117263921 -12.357210551165 -3.26269094263123 -0.0513939656873528 3.22632832646011 12.1414724058663
"etap[63]" -0.059619445343748 6.03719802926242 0.0284596244390501 0.0474408059649005 -12.1419555198557 -3.2274523917674 -0.0328943263721267 3.17134351047352 11.7130276141303
"etap[64]" 0.0699291876039569 6.28666947667855 0.0296356441202526 0.0530841057358129 -12.0724102295271 -3.18420387998403 0.0462850366804074 3.28234352942145 12.2089782763333
"etap[65]" -0.0135109440871031 6.26325054915826 0.0295252462372012 0.0570845212343943 -12.3550683157093 -3.24389384497697 -0.0141387135411837 3.22505394873202 12.1659838018302
"etap[66]" 0.0605311714878559 6.130438150427 0.028899162585411 0.0527010759925162 -11.8585635162912 -3.1879527542186 0.0109754020751708 3.25011884810096 12.3062266978651
"etap[67]" 0.0536559484381258 6.45192324336707 0.0304146578471997 0.0657007868280683 -12.2091075490546 -3.22409159841303 0.048584813942837 3.24726086649537 12.5703947901047
"etap[68]" -0.03587723391823 6.28698102320457 0.0296371127646606 0.0494173629969532 -12.2776386512828 -3.24876584146788 -0.0331924209030118 3.22398647297854 12.3129223795889
"etap[69]" 0.024734482334695 6.33020993088594 0.0298408957897591 0.0533070238324276 -12.1903427345936 -3.20152288553604 0.0253072169700576 3.31455868161068 12.3724736233395
"etap[70]" 0.0289313785531761 6.2169834614927 0.0293071410943073 0.0456876458629148 -12.1285869707864 -3.24065989222205 0.00929501717056882 3.26279638052062 12.4273304342742
"etap[71]" -0.00624425480410445 6.17566161539857 0.0291123480437453 0.0524897230879389 -12.3794839397998 -3.25429063795409 0.0488437520891034 3.26786979620846 12.1058894985993
"etap[72]" -0.0450360974974604 6.27115280854297 0.0295624978451853 0.0511365909664267 -12.3910424087887 -3.22575827397946 -0.0109311593913516 3.2174483390354 12.2172639438859
"etap[73]" 0.000862870150113849 6.17195207823679 0.0290948611178643 0.0475900621006264 -12.1131030845236 -3.259919830617 0.0334418848250964 3.2597854474841 12.1711902515834
"etap[74]" 0.0227862183624171 6.27792649616294 0.0295944293148501 0.0478362087547411 -12.2655818969811 -3.23251277611415 0.0172335446084873 3.24370584856186 12.5331291810216
"etap[75]" 0.0616402877761072 6.17739272805031 0.0291205085870456 0.0570786318194779 -11.895850474991 -3.18178875337331 0.00290157033396903 3.22672882989604 12.5960001420846
"etap[76]" -0.0670368248974031 6.24219707870263 0.0294259992256899 0.049432144713205 -12.5141742320114 -3.29643327521622 -0.0483275345062924 3.18098002571976 12.1204069447403
"etap[77]" -0.0218731076834769 6.28038130505915 0.0296060013949636 0.0556748764025629 -12.2911955075884 -3.20549950350051 -0.0126107278118745 3.20247877578782 12.5375303739015
"etap[78]" -0.0133417965604582 6.28613484989654 0.0296331238654328 0.0514384919683205 -12.250602128445 -3.22683526261735 0.00336040632492828 3.251073386629 12.1431530826621
"etap[79]" -0.146328945416995 6.3292816555121 0.0298365198576815 0.0709492674604398 -12.6508562251928 -3.27082594278703 -0.019447728688291 3.17691004010624 11.8504910799882
"etap[80]" -0.0637695868226685 6.23229305173833 0.0293793111948398 0.0629385992626769 -12.532873693992 -3.20186077190848 -0.0337330110810955 3.1521201142714 12.1634582956901
"etap[81]" 0.0192076154817665 6.22488827824174 0.0293444047578226 0.0468320719985814 -12.2520124381015 -3.20573582223287 0.0221425904373058 3.2410444336489 12.3336811296718
"etap[82]" 0.00482925204696889 6.33679072857469 0.0298719179675681 0.0587060786890532 -12.2538326517227 -3.2241430673796 -0.0194937325649134 3.19416857539573 12.3473597706449
"etap[83]" -0.0871206823747449 6.28667456712188 0.0296356681168325 0.0511974534452749 -12.5322969070706 -3.28465731771759 -0.0371036531152066 3.21034960355785 11.9325184440132
"etap[84]" 0.00700634569930706 6.22056523778592 0.0293240257496782 0.0447848775250383 -12.2687922005322 -3.25351575843348 0.00258673898677184 3.2682538579533 12.304756755058
"etap[85]" -0.0669121120016856 6.07934067572596 0.0286582867796602 0.04886988353549 -12.2897783287888 -3.21593536983441 -0.0141492524472051 3.23083964849475 11.8729531697751
"etap[86]" -0.0272308655836092 6.30879265462571 0.0297399337812381 0.0822593160775048 -12.1390156364304 -3.30620979386945 -0.0152355035290192 3.23381808569743 12.0106017941102
"etap[87]" 0.0312267459594086 6.22263464399177 0.0293337810240861 0.0470170824402752 -12.2368625724541 -3.1967681010588 0.0231601176292053 3.24318785221931 12.3332626597466
"etap[88]" 0.0567031859169085 6.31504645046459 0.0297694144575436 0.0703027371808575 -12.2388319910198 -3.26243736595492 0.026631953001115 3.28788682252695 12.3239203504288
"etap[89]" -0.022531793442089 6.25572935834326 0.0294897910036819 0.0550716927336827 -12.1985991275027 -3.26836864373682 0.0236507708360663 3.24550633646748 11.8795264619398
"etap[90]" 0.0193247257602895 6.16937613435209 0.0290827180019388 0.0497414053612383 -12.1753688505893 -3.22470200864636 0.0155129721340868 3.31915928902584 12.0187117028305
"etap[91]" -0.00927396999545287 6.17015738296186 0.0290864008432038 0.0475140282640368 -12.1142303284457 -3.25911995825491 -0.00394355105005008 3.24286475736946 12.2706798241831
"etap[92]" 0.0922393397639516 6.43851610247536 0.0303514559789274 0.0658454624335524 -12.0364212202475 -3.20242554445879 -0.00261580389467084 3.26061447420025 12.3362107338907
"etap[93]" 0.0465001312590172 6.21882342667017 0.0293158147733349 0.0532499378780629 -11.8125606719501 -3.24654823593405 -0.0167898715986076 3.25956293448356 12.3658819750993
"etap[94]" -0.0988642482289339 6.32037413048278 0.0297945293820027 0.0614038585241018 -12.4337199335663 -3.23904200046562 -0.038283913885704 3.20033958037855 11.9347304789305
"etap[95]" 0.0211495028591295 6.29559794589743 0.0296777333277878 0.0602182815314327 -12.1639731961567 -3.22408298400518 -0.0121035247885519 3.24195451940153 12.2751849956453
"etap[96]" 0.0334334301574121 6.17839340311015 0.0291252258145161 0.044147558752879 -12.1275028018818 -3.21341710834034 0.0178747661382479 3.32645386373647 12.25568413554
"etap[97]" 0.035872813781323 6.1191855181847 0.0288461171683128 0.0505566994608094 -11.9969910100381 -3.22545300395543 0.0283229724475226 3.23842846701122 12.128545534399
"etap[98]" -0.0256997143253272 6.28567837252805 0.0296309720104814 0.053197603663484 -12.242403864055 -3.32944761379262 -0.0513296009205369 3.19175614665095 12.2531230663591
"etap[99]" 0.00387437116271563 6.15356628513817 0.0290081896580141 0.0546384707929414 -12.2108852966123 -3.23738394691667 0.0181677805543711 3.21269712809672 12.0730802083719
"etap[100]" -0.0269802870272254 6.29149372164052 0.0296583858290974 0.0672097712549823 -12.2894829743525 -3.23124379696585 0.0252652576286865 3.24457240526135 12.1727184284
"etap[101]" 0.0413651564851896 6.16096224723171 0.029043054557679 0.0443768459584739 -12.2016115964253 -3.20705181003553 0.00625422749541712 3.24496592502145 12.3823565853468
"etap[102]" -0.0274742151784414 6.13666383354435 0.0289285107370763 0.0455246769093107 -12.2581121021302 -3.25633682552011 -0.0288160347441028 3.20713479556147 12.1097627685408
"etap[103]" -0.103122438621765 6.25357327038125 0.0294796271075568 0.0504105162988916 -12.5134428292879 -3.33898188639802 -0.0420808788682979 3.20617156514648 12.0827699075062
"etap[104]" 0.0938907238578238 6.22334844850511 0.0293371459308316 0.0665403212768169 -12.0355912889394 -3.18140958193959 0.0157825003619546 3.26744173741437 12.8206684636931
"etap[105]" -0.00747961375863987 6.31927637568854 0.0297893545162755 0.0511629837116264 -12.2975996256813 -3.27009297934015 -0.0360311123303139 3.25864741395549 12.3354862651013
"etap[106]" 0.0309767214531739 6.31518515791938 0.0297700683307562 0.0635249176988677 -12.3866250354741 -3.22251210158351 0.0164061843231652 3.2436693778786 12.1439470045782
"etap[107]" -0.0938626317654542 6.26474640312118 0.0295322977604068 0.0473726310474029 -12.1989799114084 -3.29531946020072 -0.0532193967712003 3.16844861498597 11.876391926027
"etap[108]" -0.0163145979526662 6.25705868877488 0.0294960575274328 0.0571569414494712 -12.3819774771147 -3.24652269199085 -0.0181912095803196 3.20256342983104 12.2818548155374
"etap[109]" -0.014820914763239 6.22056154714695 0.0293240083518393 0.0632315900072333 -12.1604765106506 -3.22670240114012 0.0280890072015905 3.23968413051466 12.1536279156267
"etap[110]" -0.149429591493877 6.26440921410167 0.0295307082361252 0.0592912773352474 -12.4638740567418 -3.32060620557811 -0.0681062083812865 3.15748732850028 11.8155197066742
"etap[111]" -0.0160084249310792 6.34401904578366 0.0299059925816683 0.0669858133703544 -12.634730798495 -3.29595679580845 -0.0310116043322119 3.25906103145261 12.2593910154249
"etap[112]" -0.140956679944291 6.30281034535496 0.0297117329048881 0.0774362280926815 -12.6145464581152 -3.26963143832125 -0.0677187810286387 3.15912255861029 12.0388918921895
"etap[113]" -0.0847386594742934 6.25814672527046 0.0295011865806609 0.0537197260421831 -12.5269641566619 -3.3203728870637 -0.0385751037042453 3.20705509865529 12.2107240542078
"etap[114]" -0.0669219167851401 6.17874341129762 0.029126875768935 0.0611150754391085 -12.2553190684486 -3.29258287256197 -0.0667090078277424 3.1907947926583 12.0098974883251
"etap[115]" 0.0808745326181175 6.26270683036823 0.0295226831222446 0.053410976967238 -12.1812734723847 -3.22262970285283 0.0415272110242643 3.30594520442664 12.5047538391736
"etap[116]" -0.0803597960581012 6.36914298969025 0.0300244279890449 0.0532820655229077 -12.5516847738447 -3.31701662161272 -0.0395875054768232 3.17086695604133 12.2182301087777
"etap[117]" -0.028946149622052 6.23385112844472 0.0293866560388712 0.05439305496586 -12.3772061500067 -3.338848946692 0.00994668624664484 3.25321592079393 12.0494885529422
"etap[118]" -0.00041094769813668 6.24007639457043 0.029416002224819 0.056570532813992 -12.4539424789041 -3.29739312924774 -0.0392276674925252 3.21082521666324 12.3072561047333
"etap[119]" 0.0334071353764004 6.09872324872929 0.0287496571050435 0.041575700392809 -11.8871223239609 -3.19156341930647 0.0247526993575988 3.25138601822669 12.1244917860702
"etap[120]" -0.11401398330846 6.28969833354889 0.0296499222884677 0.0536026820048418 -12.6434417849564 -3.35374869613981 -0.0497450383148216 3.18107277370869 12.1671263720296
"etap[121]" -0.0210494755569966 6.29088020849515 0.0296554937003944 0.0527278020993255 -12.2738596601585 -3.32012195772676 -0.0293395544702346 3.19797054865136 12.2731848714084
"etap[122]" 0.0119792829033083 6.17652266676636 0.0291164070788194 0.0509418807245988 -12.1974756620458 -3.20498679645747 0.0258597558475262 3.24878297866581 12.299345505086
"etap[123]" -0.0454772557411844 6.44863499197729 0.0303991568814933 0.0542584601813481 -12.2423756700499 -3.28571545575026 -0.0299393170080255 3.18968273454579 12.3350285262193
"etap[124]" -0.0227928460223733 6.15407932659581 0.0290106081586389 0.0507687329722451 -12.0560207100763 -3.25900589358667 -0.0233441746229826 3.20147867496238 12.0313802187075
"etap[125]" 0.0386650919665953 6.18606263233921 0.0291613789078117 0.0454860600714072 -11.9492397399217 -3.22650622474271 0.00803394999371717 3.2361777401069 12.2560639719706
"etap[126]" 0.0689127791679308 6.0789656580074 0.0286565189291812 0.0438707181655473 -12.1109899628349 -3.12481867759741 0.0815260869225755 3.27401265250545 12.0563741139648
"etap[127]" 0.0190600076376042 6.27892031385203 0.0295991142163649 0.0515075660199197 -12.162029964051 -3.22389354822857 0.0160594836706565 3.26620840347026 12.3100480555582
"etap[128]" 0.00913882209720886 6.13288113167046 0.0289106789094347 0.0469112308451741 -12.2057952511223 -3.23494171425339 -0.0156817924352156 3.22336938933198 12.1992927759633
"etap[129]" -0.0327066571878242 6.09026373652495 0.0287097785820754 0.0473792471226438 -12.1188252785852 -3.24843421502829 -0.0303444675626192 3.20363952259777 12.1972416826447
"etap[130]" -0.0494232614408419 6.14895388013048 0.0289864465722906 0.0445630634229432 -12.2892530572763 -3.27599166692359 -0.0338114466621389 3.19741025128631 12.0738141896056
"etap[131]" 0.0262444110284749 6.21972783501409 0.0293200781951546 0.0536679034334366 -12.0620367899766 -3.21097489856623 0.0145435556642882 3.25647947784633 12.2890078112977
"etap[132]" -0.0206857280139192 6.32954747605558 0.0298377729477406 0.0524623628902207 -12.4564805195445 -3.24933322950661 0.0138079136908848 3.26580880030493 12.3324198723786
"etap[133]" 0.100719214382756 6.34895697369768 0.0299292701970883 0.0515448288969868 -11.9465021215214 -3.15035336733524 0.035441949843101 3.2540765082434 12.3506587908879
"etap[134]" -0.0732458699897772 6.14665127962902 0.028975592009431 0.0472434280971961 -12.5505497876361 -3.27424152785787 -0.0180103919051405 3.21383551632233 11.9836209601556
"etap[135]" 0.0672449120917531 6.1589412961875 0.0290335277030936 0.0492886498275504 -12.0352549149087 -3.2112742546693 -0.0105488426708608 3.30704833775255 12.2633383123337
"etap[136]" -0.0998281203570231 6.30560840058997 0.0297249230637602 0.0530146194359611 -12.6396552736834 -3.24496189353628 -0.024253663712393 3.18155042796159 12.002429443668
"etap[137]" -0.0513681624916679 6.16755937372803 0.029074153710225 0.0500081090731264 -12.2777900691629 -3.25523077879823 -0.0297704583817655 3.19780305211157 12.0159471824148
"etap[138]" 0.0063341193434137 6.14643214719383 0.028974559009225 0.0464776573208372 -12.017131926196 -3.26980543606747 -0.0418855221549198 3.21382735994744 12.2800609523793
"etap[139]" 0.0895703291608033 6.06692229510808 0.0285997459720185 0.0475268687601715 -11.8305206648646 -3.19140672952599 0.0182149156986593 3.19278098085004 12.3540457635821
"etap[140]" 0.0427520015125079 6.17710690674754 0.029119161212503 0.0557963485104873 -11.917935242269 -3.19367769307305 0.00611651689875451 3.21347904854421 12.1404397012998
"etap[141]" -0.0455577514033447 6.21975221404818 0.0293201931190234 0.0512513307391284 -12.2463409085776 -3.26898503843264 -0.0151230675223015 3.20835871069033 11.960560539549
"etap[142]" 0.0745003233344314 6.24497960124517 0.0294391161627475 0.0606548938834987 -11.9789459259643 -3.17077268595754 0.0144319572410506 3.20087132219206 12.4118446838422
"etap[143]" -0.104842496099032 6.22020822531319 0.029322342776742 0.0652462386625909 -12.2747780133108 -3.33269470035627 -0.0537035736314077 3.18049290538486 12.1502433528154
"etap[144]" 0.0376348718863425 6.10816622205676 0.0287941717082063 0.0445558704811565 -11.990233090367 -3.21579902072769 0.0353096269607578 3.2801306110948 12.2479749910522
"etap[145]" 0.0053164738759093 6.34321226140288 0.0299021893636242 0.0619696874829952 -12.0730900751066 -3.26529836134553 -0.000786099141197093 3.23992662676763 12.4257916513517
"etap[146]" -0.00888156946225891 6.21402136812507 0.0292931776522623 0.0538479890726398 -12.3298616324426 -3.22237863672603 -0.0292045144530102 3.2314033891176 12.215764632398
"etap[147]" 0.106173118179646 6.2006323761265 0.0292300613386927 0.0506159486752642 -12.0344576742252 -3.20665050057298 0.0727754455917128 3.31080493078047 12.6263536913424
"etap[148]" 0.050668318821876 6.1758091872386 0.0291130437040706 0.0453042967264107 -12.1902679908055 -3.2275571507562 0.0148466822011192 3.27330198911131 12.210599706675
"etap[149]" 0.0118387437175056 6.18160515712175 0.0291403661681235 0.0452845965238297 -12.193277138865 -3.20904158798632 0.0464268935210171 3.27851939084962 12.3192407795657
"etap[150]" -0.0332777478171035 6.26146444914392 0.0295168264809877 0.0637568935242659 -12.1189559659212 -3.28477685822612 -0.040252502373449 3.19589933656761 11.9863218223865
"etap[151]" -0.0128728054587771 6.14018557132736 0.0289451123681958 0.0540821662370465 -12.3490933582036 -3.20595683779767 0.0229596577849688 3.24096084110828 12.0075454106527
"etap[152]" 0.0104740527458202 6.24330466252745 0.0294312204259117 0.0473893313933693 -12.4372688866393 -3.29381593511614 0.00754819074232124 3.28820285896567 12.4769845880948
"etap[153]" -0.0403830974742136 6.32416267214995 0.0298123887386938 0.0657053673273542 -12.4735660509485 -3.27391301080345 -0.0522875021896228 3.1724296073724 12.3017396669455
"etap[154]" 0.102329948773489 6.28748318733353 0.0296394799890663 0.0471634557384434 -12.1626964887184 -3.17045973431771 0.0891623216788438 3.35703720695834 12.4865226967905
"etap[155]" 0.0533653625704778 6.28186753394215 0.0296130075451074 0.0597363650027373 -12.1248926892943 -3.2392619115341 -0.0271362003246814 3.21892442993571 12.6119121929878
"etap[156]" 0.0435497495466294 6.20575035848993 0.0292541877389272 0.0538187893794566 -12.3297039460639 -3.17365034076163 0.0127433161647222 3.25384831913432 12.52332567634
"etap[157]" -0.0482687104430815 6.26146050106327 0.029516807869557 0.0533501024753159 -12.5102065363513 -3.27013384683429 -0.0135329901820243 3.17781993314737 12.3500656292916
"etap[158]" -0.0173361113768081 6.24834961359063 0.0294550025532952 0.0499420333123217 -12.3935802053731 -3.23854674104805 -0.0150021077287961 3.21431534183431 12.0514264177431
"etap[159]" -0.0084075405922807 6.19089577268095 0.0291841625498789 0.0519573487250199 -12.1578933087303 -3.21007028522505 -0.0106495374906724 3.19842105506797 12.2779946001346
"etap[160]" -0.0646780007232571 6.38356822486349 0.0300924291997863 0.0538572360568492 -12.6906890484232 -3.33170360506616 -0.0482950407089586 3.19488229212971 12.2048016556444
"etap[161]" -0.0903200396032772 6.2745284154056 0.0295784106085399 0.0578999975004346 -12.7339907747826 -3.2854216428426 -0.0200734409309529 3.19269180569445 12.1850910380789
"etap[162]" -0.0468297337703311 6.31752531912171 0.0297810999564578 0.0483241453134452 -12.3702350046787 -3.26895135866787 -0.00521925857740629 3.21619717509686 12.2449981943376
"etap[163]" 0.0283981029948348 6.11332961338653 0.028818512168361 0.0485572395055699 -12.1619192422278 -3.1726034374776 0.0556450274365985 3.31425569078503 12.0588699202153
"etap[164]" 0.0912796400514117 6.30582319517729 0.0297259356151552 0.0642643950090279 -12.040198534299 -3.18064019029953 0.0471022381599896 3.30711736942841 12.4412756031492
"etap[165]" 0.0654383848678128 6.25719042838038 0.0294966785538888 0.0510913878012311 -12.1310159964943 -3.17333103724662 0.0297689275939325 3.28027909558185 12.4621684658562
"etap[166]" 0.0387350558650067 6.33320610873264 0.0298550199075795 0.0594692263147 -12.3819570927747 -3.24946675858569 0.0342721825064965 3.29185269430696 12.6054173571055
"etap[167]" 0.157620995523211 6.3097123135962 0.0297442690952009 0.0636943101608681 -11.8585332670577 -3.13796550068967 0.0621709409462378 3.3369532085123 12.4674056422395
"etap[168]" -0.00498503808821305 6.2806621984736 0.0296073255392179 0.0482724931008443 -12.1968696287636 -3.2248514113844 -0.026013588869087 3.21557434360331 12.3184595057272
"etap[169]" -0.0549879442809903 6.23991780555297 0.0294152546290213 0.0470866677318992 -12.3736385921216 -3.29974070041988 -0.0403989580376058 3.20901376371755 12.2239258624148
"etap[170]" 0.0473993283184611 6.30117714034433 0.0297040339026342 0.058046596103601 -12.0838314596197 -3.29460329568821 0.026731105624987 3.27560950341006 12.6206513535927
"etap[171]" -0.0413624907018965 6.23052630019185 0.0293709826481786 0.059432124384113 -12.1762688344124 -3.27220789630255 -0.0221288786339692 3.22461551111238 12.3174983971344
"etap[172]" -0.108513922953581 6.20588608782973 0.029254827573171 0.0518426243721715 -12.7670591200115 -3.33796154339165 -0.0529980430111755 3.18602777357188 11.9486917372282
"etap[173]" -0.019508992204868 6.22029488476913 0.029322751293335 0.0581533155125472 -12.1923649769383 -3.2418153214846 0.0118151865311233 3.22833826404013 12.0338845926374
"etap[174]" 0.0277981595428778 6.11773836839816 0.0288392952387964 0.0510341949854941 -12.07279012079 -3.1945934974414 0.0289719182082298 3.21585669357295 12.1989721517458
"etap[175]" -0.111640159492347 6.31375808978044 0.0297633410670345 0.0490347229243563 -12.5041853745104 -3.2994415293852 -0.0795018056774312 3.17087835350604 12.1963294038125
"etap[176]" -0.0476411507706639 6.3322464588101 0.0298504960744608 0.0649992614190729 -12.3574610291203 -3.29106787727941 -0.0184131884726324 3.21486858269979 12.0996769713298
"etap[177]" -0.042664659053032 6.2188135566729 0.0293157682457216 0.0546642818819908 -12.5726031774416 -3.31800514257464 -0.0129914292532431 3.2791248186022 12.2450470426938
"etap[178]" 0.0191907042796509 6.19283755543515 0.0291933162015661 0.0480733325336038 -11.9716318634346 -3.25745108595074 -0.00429811374513662 3.2788377071637 12.3277703322456
"etap[179]" -0.0969732985723841 6.31166385743164 0.0297534687610664 0.0693831662869236 -12.4331955828876 -3.25857474170399 0.0030939476299737 3.20959360344725 11.8740710366087
"etap[180]" 0.108202935380252 6.4286696900579 0.0303050395456557 0.0692729340291675 -11.8544719393764 -3.22230827516632 0.00674288502147948 3.23363827397943 12.6916753017232
"etap[181]" -0.0492605226625701 6.23034970484228 0.0293701501697172 0.0547788165268943 -12.282461529194 -3.23928540972841 0.0134141096454887 3.21688924129762 11.9331984550886
"etap[182]" 0.0339606918881079 6.25202531420632 0.0294723299721683 0.0530884096166429 -12.3044078696884 -3.22140410770564 0.0271037733702064 3.30882518982123 12.4549783133543
"etap[183]" -0.06289450641289 6.13356264947003 0.0289138916151519 0.045811303890634 -12.3416328190104 -3.27556496286587 -0.0520032692623774 3.17644949464897 12.1300237723483
"etap[184]" -0.0290164335749771 6.17764724632004 0.0291217083976754 0.0430913351473054 -12.1243353768834 -3.2807488855149 -0.0534760643213582 3.19683669704563 12.2017126559823
"etap[185]" 0.036465309119415 6.30586102935115 0.0297261139671612 0.0569097924774413 -12.1213708015693 -3.25100483778074 -0.0189217338806852 3.26088598153077 12.3024118256731
"etap[186]" -0.00580882546912371 6.17928189599445 0.0291294142101396 0.0477832062714791 -12.0608226696192 -3.22490125060876 -0.0282535848383746 3.19549626082853 12.213074942948
"etap[187]" -0.0729577682664348 6.03809975272519 0.0284638752042186 0.0454618916928774 -12.331547777222 -3.19539184848974 -0.0220633568139156 3.15459681507623 11.701687722917
"etap[188]" -0.00605103803897404 6.19674809625366 0.029211750667772 0.0492056338510843 -12.2704713285398 -3.25482623423211 -0.00379088076382194 3.21249563996003 12.117356022634
"etap[189]" 0.00866790442375773 6.25110977515616 0.0294680140796963 0.0462640266457427 -12.0746538734839 -3.23737290217804 -0.00960180753466794 3.22832988622043 12.56266017075
"etap[190]" 0.0181420234552902 6.30933598623509 0.0297424950710076 0.0705750013405889 -11.996475695525 -3.20403725446681 0.0209735788227935 3.26497142810056 12.3044391303733
"etap[191]" -0.136273033582968 6.2504474474831 0.029464891837103 0.0543224150155832 -12.7711678652879 -3.39008938128728 -0.0648805709242479 3.20837017810458 12.1769215382169
"etap[192]" 0.0390366534681883 6.10869539472862 0.0287966662521043 0.0440267513147401 -11.9298944324032 -3.22504077493372 -0.0133330279450857 3.28060704588526 12.226486122229
"etap[193]" 0.0701734315501725 6.28835558244658 0.0296435924990684 0.0579452963018969 -12.1163812321454 -3.14370425431555 0.0417781671063731 3.26709913378305 12.3277094378745
"etap[194]" -0.0348477781229982 6.24392788206272 0.0294341583109754 0.0485003739792775 -12.076775775604 -3.21757131501648 0.0145765455538332 3.17649666672365 12.1963718038609
"etap[195]" -0.0237980426932562 6.1593525507816 0.0290354663758422 0.0423034427189378 -12.2375815318088 -3.22004451945683 -0.0434064243266343 3.18536077758956 12.0885129195133
"etap[196]" 0.0492812337174301 6.14205926629685 0.0289539450509878 0.0496907953951603 -12.1689995557324 -3.23270574743132 -0.0168966027356102 3.21887557859493 12.5028447821587
"etap[197]" 0.0171551461097823 6.45338249662954 0.0304215368330488 0.0672349771961829 -12.0921689242006 -3.22277756289941 0.0511417753243868 3.28885358454448 12.404209805025
"etap[198]" -0.0305435268839491 6.26499250054128 0.0295334578747707 0.0578829350641457 -12.3015521841372 -3.22274080991053 0.0140322818726051 3.21687557661624 11.9641236051485
"etap[199]" 0.0719489336809051 6.11729069868084 0.0288371849035108 0.0444016897015338 -12.0362750302965 -3.19957323529929 0.050114113135146 3.29624996110063 12.3345165937075
"etap[200]" -0.00970362907589897 6.06965223720691 0.0286126150424873 0.0460361609437099 -12.1009895346743 -3.23642211659191 -0.022387064185367 3.18847990468619 12.1370297729373
"etap[201]" 0.00838217928602945 6.26238578483763 0.0295211696990995 0.0515149709687816 -12.228094218084 -3.24521284793206 -0.0100149455283998 3.21542858862891 12.1779206179812
"etap[202]" -0.0117573377996007 6.50420079978791 0.0306610966115266 0.0695935581262316 -12.3953639197331 -3.19902781366395 0.0052617783475286 3.2716041179549 12.4336310720152
"etap[203]" -0.0518844341882757 6.17077763891632 0.0290893247578136 0.0499817757508759 -12.3924791429188 -3.26531415752335 -0.0197811404473127 3.2284496869727 12.1930713795185
"etap[204]" 0.0399625112173925 6.27544228629602 0.0295827186372315 0.0490209145128675 -12.1693251879632 -3.21750295715945 0.0337452320546578 3.30120990435296 12.2475223057521
"etap[205]" -0.0482898974395067 6.17057240818518 0.029088357290869 0.0504297851400855 -12.2597160493606 -3.33267844373507 -0.0485463429946404 3.23218152184926 12.1015429069926
"etap[206]" -0.0554936705472289 6.14701540389049 0.0289773085076608 0.0548441307219332 -12.2395081992939 -3.258341405064 -0.00939271754925857 3.24003842254611 11.8215610082002
"etap[207]" -0.0104433332026144 6.16151599453567 0.0290456649475036 0.0536746998915053 -12.1894997181164 -3.24124471612018 -0.0221176722846349 3.21363897488043 12.5195400189298
"etap[208]" 0.0417320300104233 6.38701589587678 0.030108681676805 0.0583575305381295 -12.0951823878592 -3.25672291194205 -0.0117222364276892 3.21866129818889 12.3058429061143
"etap[209]" 0.133621103351912 6.20016330203384 0.029227850102214 0.0543615312398761 -11.9421614217829 -3.14488888636469 0.0493862892396576 3.27403909370093 12.6024448653318
"etap[210]" 0.0535715111060351 6.22046396204694 0.0293235483312662 0.0538725732077462 -12.0919759087847 -3.20377187035026 0.0336499657751209 3.28462427795284 12.3843008644286
"etap[211]" 0.0685442927404703 6.06638929220998 0.0285972333722609 0.05200267436512 -12.0161790784429 -3.16019644358725 0.0829118142462804 3.30100893445011 12.1970806916567
"etap[212]" 0.0237231888775167 6.24326665922539 0.0294310412766277 0.0526828544653435 -11.9634708220731 -3.1976474201127 -0.00659580083227153 3.23985315968713 12.0891415126343
"etap[213]" 0.0321082304026269 6.15436657974761 0.0290119622829826 0.0521036861324282 -12.013642523447 -3.26294015534026 -0.00365900532468357 3.23399227100629 12.3197838385456
"etap[214]" 0.0103857486802106 6.36538190309974 0.0300066980568264 0.0593752661413616 -12.189898977226 -3.23000222222704 -0.0606408972174812 3.21967006610934 12.5264703916988
"etap[215]" -0.0265063629151426 6.27679060462311 0.0295890746707801 0.0551956037358286 -12.2046519687196 -3.26871313032689 -0.0133877356719336 3.19400841928429 12.2541035453097
"etap[216]" -0.0350318159227297 6.13551097295118 0.0289230761001217 0.0470292276104529 -12.2292333472482 -3.26905803649257 -0.0242982920619053 3.26552098448603 12.1028630274477
"etap[217]" -0.0276134311257054 6.2182390912647 0.0293130601898169 0.0536660265693069 -12.1871790862466 -3.30228685070928 -0.0330987359213822 3.23692757698055 12.1794599205303
"etap[218]" 0.0412787822176353 6.34344038715702 0.0299032647587423 0.0564653301608124 -12.2813096901862 -3.26187839718593 0.0164488499465772 3.25225572875371 12.4501115974151
"etap[219]" 0.00774036950304941 6.30977240988929 0.0297445523918434 0.0537895342398705 -12.186003383068 -3.20272993902147 -0.0038649522870819 3.2487049158842 12.067529413206
"etap[220]" 0.0990675688991152 6.24932599485683 0.0294596052587242 0.0482010298068971 -12.1061720076155 -3.15280462221462 0.0377072334428651 3.30044799086975 12.4520614406323
"etap[221]" 0.0116463594724641 6.25686599548476 0.0294951491625519 0.0485192252163349 -12.3647671483284 -3.20072483600187 -0.00382034737294206 3.28523201111035 12.5115955202821
"etap[222]" 0.0647589172819434 6.14604198815211 0.0289727197818641 0.0457207621760069 -12.2995540587663 -3.14569139016109 0.0655032763332175 3.28659580791084 12.1749859213965
"etap[223]" 0.0340745144173294 6.17795093956899 0.0291231400213802 0.0527984053589161 -11.9345395010118 -3.23387000976147 0.0313364787000277 3.18305873953976 12.15811940979
"etap[224]" -0.000241393137650186 6.24669972498574 0.0294472249038237 0.0590631210594708 -12.3542149624679 -3.26661124275456 -0.0279726728087161 3.22977135081399 12.2095378710404
"etap[225]" 0.00556901436366704 6.20450609276112 0.0292483222140309 0.0482666001080966 -12.2522742514715 -3.25889830068613 0.0106005599728917 3.29076823972311 12.4298997235388
"etap[226]" 0.0219424345668296 6.28205532174053 0.0296138927852785 0.0593128708784332 -12.2234390561413 -3.21610889352837 0.0123879480296116 3.281526453522 12.4983437390062
"etap[227]" -0.0226774855851616 6.22060077925313 0.0293241932937614 0.0654527478239365 -12.1721335683423 -3.28807322464099 -0.0312013834814136 3.2085193180649 12.1805788074681
"etap[228]" -0.0412870161809816 6.21797279409629 0.0293118048529263 0.0521941474946946 -12.3180029524852 -3.2395609948585 -0.0424170419306065 3.19820342159404 12.0781140969734
"etap[229]" -0.0202838624816664 6.13984421035878 0.0289435031771577 0.0491551297978884 -12.2425650331276 -3.26908730414859 0.0251170921801415 3.25411177327808 12.2318585030542
"etap[230]" -0.064090082488399 6.21287980414861 0.0292877962680696 0.0510785277698722 -12.3958408902252 -3.28139980236331 -0.0182921455592724 3.22201924913765 12.1499135683154
"etap[231]" 0.00702114823408009 6.08623672156428 0.0286907950514979 0.0436436608703263 -12.2136060224237 -3.18930037385058 0.0261303516950865 3.22860361333374 12.0511624361692
"etap[232]" -0.0305609243596338 6.21211926505355 0.0292842110523931 0.046462336877865 -12.1383665383412 -3.30156568451764 -0.0134484712355389 3.24204936346936 12.1945912024771
"etap[233]" -0.0772580514033657 6.44231724200083 0.030369374722492 0.0957763271282311 -12.6621217879141 -3.26263233443103 0.0025513251677396 3.26493320510787 12.119380826851
"etap[234]" -0.0121643462482867 6.30249647071034 0.0297102532856238 0.0540145745895417 -12.5482703228873 -3.29720115952579 -0.0151717290143924 3.23243796002348 12.3434681945122
"etap[235]" -0.0463454252064503 6.26108733306031 0.029515048738721 0.0485910057636195 -12.3367377726448 -3.31677573318937 -0.0450564725261413 3.22776367194759 12.2943909986357
"etap[236]" -0.0854891408359551 6.14544897868917 0.028969924308447 0.0531426085721615 -12.1630357460294 -3.2698325429024 -0.0819101193348226 3.14846941391715 12.0829004070722
"etap[237]" -0.0607285698573868 6.28681923638465 0.0296363500942775 0.0426368330028524 -12.4694620462422 -3.30752693728579 -0.0435523308803345 3.22269063550181 12.0558066862431
"etap[238]" 0.0757341821444427 6.19383856493002 0.0291980350055785 0.0521630606736456 -12.180035288371 -3.15838015207834 0.0535910816555724 3.25822595680017 12.3632991027659
"etap[239]" 0.0288150812394685 6.09959708177325 0.0287537763935169 0.0500466802412696 -12.01118515683 -3.23730962881114 0.00562605704015617 3.22639445532285 12.0819556362401
"etap[240]" -0.0483911866255559 6.08376564153315 0.0286791462685188 0.0472996791630107 -12.2325353691208 -3.27181993944619 -0.00133716664294128 3.21350913314045 11.8996038734232
"etap[241]" -0.0162901646543857 6.3069661695187 0.0297313236478721 0.0629700942258464 -12.1372175267831 -3.26924282582104 -0.0139816399932144 3.22363363283578 12.1812220297436
"etap[242]" 0.0646225968729657 6.31442074965024 0.0297664648756182 0.076789598870001 -12.0471945715325 -3.21198601287401 0.0111202111268678 3.23462743398957 12.4524971001185
"etap[243]" -0.0551712321395847 6.18584229845659 0.0291603402439282 0.0480764716101883 -12.3687243895296 -3.30844947708297 -0.0632484703615261 3.23529088418227 12.2164306927715
"etap[244]" -0.0250613623448811 6.19151143492705 0.0291870648095398 0.0451029882890669 -12.2447354013102 -3.27923128568239 -0.032882495345105 3.22294600866273 12.3284665473788
"etap[245]" -0.033722360863027 6.36713642601789 0.0300149689571809 0.0440503746303394 -12.5322874479239 -3.23166860791596 -0.0301950701891486 3.25060387337041 12.1389574192617
"etap[246]" 0.0716152282082185 6.17405665931145 0.0291047822081939 0.0471425010132966 -12.0026225622689 -3.1920152351615 0.0640861780669321 3.35381572064011 12.2733357134486
"etap[247]" 0.0649353095966861 6.23035888979005 0.0293701934679762 0.0565276057758893 -12.1935227260865 -3.21844452947258 0.0438359108290825 3.2856876385888 12.4770450455518
"etap[248]" -0.036903626795215 6.23920999060963 0.0294119179573795 0.0520942258287024 -12.3557736330895 -3.28270302352332 -0.0502308612221059 3.1692691291028 12.1532020878126
"etap[249]" 0.0249898481296126 6.22041794824136 0.0293233314201065 0.0528271437053729 -12.1837143553351 -3.22069713686378 0.000704757157285667 3.31401985142443 12.2893860126329
"etap[250]" -0.0613784730232317 6.28170194883443 0.0296122269694238 0.0612079254660129 -12.3604759509336 -3.24403344353174 0.0062355397824525 3.20913029513722 12.1584333438219
"etap[251]" -0.0434266043405123 6.19267337144081 0.0291925422307944 0.0492453710217576 -12.4006537533973 -3.28591171354985 -0.00817503914866539 3.23162087338729 12.1431232706026
"etap[252]" -0.0312016731146897 6.29407008252713 0.0296705309107887 0.0639746090062064 -12.2952542343691 -3.26327909534845 -0.0153066160048105 3.24248216773179 12.1734806821647
"etap[253]" -0.0525729845555719 6.34625807921499 0.0299165474864855 0.0502151457674635 -12.3048364112374 -3.30791750039221 -0.0347659039387477 3.21268533858761 12.1678773934188
"etap[254]" 0.0647270286971421 6.13664202109373 0.028928407912198 0.0460815690689131 -11.9779091205226 -3.17456457440975 0.0763729964891728 3.29678215758651 12.1934254709912
"etap[255]" 0.026466318529252 6.12994268844747 0.0288968269552407 0.0497291037496633 -12.2136220700681 -3.19814911433646 0.0401771376459159 3.33367023915948 12.0493023766605
"etap[256]" -0.0744952405886498 6.24790387136293 0.0294529013042827 0.0490020289092945 -12.3882676804896 -3.29843354729446 -0.0415952986043944 3.20347964848868 12.0449683808828
"etap[257]" 0.0817287016905215 6.30846053238501 0.0297383681419809 0.0490724870922661 -12.09604742458 -3.21992114312033 0.0315643255347349 3.30148411692088 12.362625668872
"etap[258]" -0.0255377648645558 6.2410137365947 0.0294204208974967 0.0533339166904919 -12.4237284444936 -3.24083323208312 0.0408955992428259 3.29079203490707 12.1428452252226
"etap[259]" 0.0657791192806581 6.19724041826937 0.0292140714960109 0.0508031171734461 -11.9930323485067 -3.19794614567983 0.0214397571929931 3.27258092952752 12.5927096810522
"etap[260]" 0.0493145578994 6.15698942321826 0.0290243264856765 0.0493064014324115 -12.0059725491062 -3.22197256726858 0.0322254456506368 3.32090210800011 12.4524448920014
"mean.p0" -1.42816641004988 0.26806550807381 0.00126367292374139 0.00742585108218118 -1.99473101843892 -1.59082927813691 -1.41371531680073 -1.24856851172561 -0.927400041922671
"mumup0" 0.843257970571712 0.106253976512018 0.000500886048797896 0.00207984225200775 0.549612492095427 0.808787819378772 0.865058256999782 0.909795613466686 0.969402360811344
"mupsi" 5.57825489003108 1.2739245326828 0.00600533783853275 0.0107744266478337 3.28228344823196 4.68296138837577 5.5077319825045 6.40275695594197 8.25409272910548
"ppo[1]" 0.214106241326498 0.0702772303521582 0.000331290040966801 0.00109729237438683 0.0998268501579715 0.170362456501066 0.204819204180141 0.245794787564882 0.387795991732372
"ppo[2]" 0.215029636070341 0.070913395178737 0.000334288950718976 0.00111611899431572 0.100166724825449 0.170683636529253 0.205672497644759 0.247240937551239 0.391040459240296
"ppo[3]" 0.236238370804224 0.0815408583757611 0.00038438729267515 0.0016680570928767 0.118800479013209 0.18475259599249 0.220105211729889 0.270699790805562 0.451202206504458
"ppo[4]" 0.179753629780173 0.0669774843257151 0.000315734889023526 0.00154989790895809 0.0477391566615541 0.137954094306227 0.182103232651256 0.218752153150522 0.315661757254326
"ppo[5]" 0.194058016569844 0.0632499416760571 0.000298163084458624 0.00107504204545818 0.0753387071430416 0.154108979409371 0.192921908082609 0.228824362657099 0.333560980010074
"ppo[6]" 0.193878079916145 0.064544767973497 0.000304266954161147 0.00115302493908552 0.0714757485161078 0.153845992996229 0.192993527529238 0.228602555972694 0.335896645115557
"ppo[7]" 0.19508494363826 0.0649312653542417 0.000306088920286716 0.00115189493436393 0.0751154158899087 0.154790827176017 0.19348254469886 0.229581742491771 0.338924197358225
"ppo[8]" 0.214011148679928 0.0698087204823232 0.000329081464260046 0.00113373884270449 0.0983151626882382 0.17066297978406 0.204908686412973 0.246510040343397 0.384981530989364
"ppo[9]" 0.180040073734171 0.0671498313866488 0.000316547340860217 0.00154086888476176 0.0490023379795126 0.138403308871178 0.182386170634633 0.218804904660083 0.315618843553004
"ppo[10]" 0.214205512801375 0.0697582294711248 0.000328843447350664 0.00108477483380632 0.0990652272291048 0.170964979843819 0.205397450363553 0.246689148944626 0.386164315404233
"ppo[11]" 0.193856279730892 0.0630984374275224 0.000297448886581841 0.00108914050524255 0.0756876328940979 0.154248740337493 0.192758849944917 0.228109650037428 0.331776827780301
"ppo[12]" 0.2368511404463 0.0823230235258027 0.000388074454552498 0.00162972945203892 0.120680307699124 0.184740790130538 0.219554492517381 0.271097377293358 0.45255091164556
"ppo[13]" 0.193557623881988 0.0635204200759007 0.00029943813186325 0.00119541438496126 0.0721337999135716 0.154053391148154 0.192797373686253 0.228611717439456 0.332563982771871
"ppo[14]" 0.194769382184071 0.064028231245844 0.000301831976675445 0.00109939532953206 0.0756089513066644 0.154627281312948 0.193335239941747 0.229009221218499 0.334220398023729
"ppo[15]" 0.194052238790161 0.0634031576199558 0.000298885351344735 0.00116793548738866 0.0750823744675209 0.154225710398267 0.193026545704414 0.228676846674894 0.333718712101386
"ppo[16]" 0.194058482674827 0.0639818168738256 0.000301613177227453 0.00118376554951195 0.0730461939490089 0.154011167324397 0.192824596892941 0.228859108400189 0.333781716111539
"psi0" 0.992459427775703 0.0103599233642889 0.0000488371470897442 0.0000854288049362664 0.963816002544407 0.990833231283705 0.995961084548455 0.998345758307761 0.999739876196731
"sdeps" 0.359814321082312 0.281226835887892 0.0013257160180531 0.0115587820584645 0.0165457287689377 0.139957369881218 0.295979593440035 0.516187529654297 1.05271180544844
