"Mean" "SD" "Naive SE" "Time-series SE" "2.5%" "25%" "50%" "75%" "97.5%"
"N" 25.4291555555556 0.755111737204012 0.00355963086620341 0.012890576679081 25 25 25 26 27
"betapsi[1]" 0.0723132028644762 2.5557139368946 0.0120477510370076 0.0174919467614568 -5.34916233985978 -1.07101139146469 0.00257637083859192 1.15155028294547 5.89416565968694
"betapsi[2]" 0.04887767828783 2.56563951565422 0.0120945406639951 0.0174222106290868 -5.43481072469694 -1.10761488454025 0.000674977126215937 1.13195481655595 5.90093251326615
"betapsi[3]" 0.0708620024535741 2.57980023350423 0.0121612949281165 0.0182981714143959 -5.38172252667492 -1.08165796655615 0.00214493802559937 1.15288934725066 5.94286449640428
"betapsi[4]" 0.0818802469730516 2.56598057205226 0.0120961484192739 0.0188358873889876 -5.31757268215823 -1.07450523195 0.00156467391294231 1.16685872825334 5.98904090459425
"betapsi[5]" 0.0511940794996281 2.56279289822318 0.0120811215807356 0.0176038140994522 -5.42990467892214 -1.09425746946753 0.000381280478043115 1.13790126334021 5.83503408626019
"betapsi[6]" 0.072918456647276 2.51389810223268 0.0118506293020048 0.0171354651974826 -5.26013747845991 -1.06216111820614 0.00179271271906222 1.11943437390051 5.81953889102748
"betapsi[7]" 0.089350017345513 2.57285640568865 0.0121285614098779 0.0179879343934468 -5.36455478715581 -1.05856027192533 0.00324587335548302 1.16743884390391 5.89243761176336
"betapsi[8]" 0.0564233456947402 2.54128694073413 0.0119797415248928 0.0171735542529113 -5.40836452111051 -1.08995622000661 0.000923978656793422 1.13160533537488 5.86391003544187
"betapsi[9]" 0.0529688300964581 2.56991586582129 0.0121146995720076 0.0169632213265403 -5.42864293692826 -1.10444737047253 0.000932300711736138 1.1299587248006 5.84818782747289
"betapsi[10]" 0.0646585965043509 2.57006096015503 0.0121153835532562 0.0172981718108715 -5.45031557853087 -1.06951007240749 0.000957923375576691 1.1596148119021 5.95984583895045
"betapsi[11]" 0.055782020420369 2.53417500172068 0.0119462155228675 0.0167316299856796 -5.36999635945605 -1.07959521692063 0.00201640636653398 1.12922351299025 5.74244658263965
"betapsi[12]" 0.0732548566641406 2.56570674952444 0.0120948576074988 0.0178961902618067 -5.31047883293921 -1.09301253790905 0.00179938914471714 1.14386522137999 5.93917853943096
"betapsi[13]" 0.0475740962963265 2.56164317385645 0.0120757017280942 0.0177779821001522 -5.49053991487058 -1.08903855771434 0.000401886540559268 1.13279451592052 5.82443363390103
"betapsi[14]" 0.0723708527626022 2.54758068817178 0.012009410534841 0.0159772145897127 -5.351006800286 -1.06156264545857 0.00249145104647805 1.16422678023566 5.83150191758241
"betapsi[15]" 0.0559496251140675 2.57121314145959 0.0121208149880136 0.0166888286912866 -5.45688928099606 -1.0817736503632 0.000879013210708859 1.13800033470048 5.87479180534471
"betapsi[16]" 0.0393173612994125 2.53045019084843 0.0119286565960248 0.0164576150733077 -5.38997818974486 -1.09585271620392 0.000143498149893077 1.13011487190161 5.75383329580841
"etap[1]" 0.514231619163168 4.11399809481505 0.0193935730042151 0.190700699096425 -7.59537775194454 -1.96565416924068 0.509990858518601 2.91476739806649 9.04560483357091
"etap[2]" -0.0354737503172145 3.60601759637421 0.0169989299698281 0.0308208437533941 -7.5480396333015 -1.94815047143385 -0.0162709276775141 1.93389310029746 7.25208640490093
"etap[3]" 1.54284895062952 7.78611902144729 0.036704117061273 0.900007829853804 -12.9583606166112 -4.78333712108003 3.125852986516 6.81260765224089 16.1760866182445
"etap[4]" -0.846501079160373 5.85095608868741 0.0275816715115706 0.418822427897795 -13.0212046231266 -4.15387008316042 -0.783390541762084 2.64092479719915 10.6817024285112
"etap[5]" 0.531029337522706 4.11705002964858 0.0194079599629919 0.207827789573067 -7.64707644403093 -1.95168378866132 0.519528526379547 2.91299455215426 8.92541854134725
"etap[6]" -0.0420019696015323 3.61081693858601 0.0170215542859828 0.0307306652542958 -7.5973116066835 -1.94586350501363 -0.0110375952633589 1.93998787315711 7.22475304355396
"etap[7]" 0.999011498773497 5.68454818168269 0.0267972171149966 0.558916331138724 -9.87689277064343 -3.07906524721384 1.54007151965375 4.67784059261781 12.1732542449023
"etap[8]" -0.872538035446276 5.7973610345631 0.0273290220035082 0.424754720303611 -12.8760918685253 -4.14465033555442 -0.836779295683103 2.5703250936475 10.4109949965691
"etap[9]" 1.04448193730624 5.75152726078038 0.0271129595218473 0.582203363286868 -9.92671949803453 -3.0914483804921 1.60281368544386 4.68585988562262 12.4008855210645
"etap[10]" -0.851365333773819 5.74533721120685 0.0270837793483185 0.404724848542649 -12.86005723674 -4.15415868365597 -0.790250439456655 2.59601430712959 10.4770357754203
"etap[11]" -0.849857952081107 5.77345158515747 0.0272163117781138 0.404627728818604 -12.9728378931398 -4.18322471475079 -0.793799766155503 2.66757704741108 10.5491063778827
"etap[12]" -0.872066124604968 5.83966252393136 0.0275284331367521 0.419881468244804 -13.1066965315183 -4.21647100109584 -0.791020381865276 2.61835335734879 10.6232479314584
"etap[13]" -0.0273770188172602 3.59137370369411 0.0169298979977143 0.031624968810645 -7.52015352188403 -1.98232851287614 -0.0174870781786317 1.94859216678001 7.43203375205097
"etap[14]" 1.00496980102159 5.7641919090343 0.0271726612462586 0.51940736336552 -10.011865636177 -3.101577539641 1.55992958050215 4.69693541485435 12.1127126347257
"etap[15]" -0.0727948901840952 3.59347656862792 0.0169398109980784 0.0300581243517038 -7.57142158804261 -2.00748567167789 -0.036714941174335 1.88018130429315 7.27791420250655
"etap[16]" -0.886195368932545 5.85014796815985 0.0275778619948702 0.415323750956539 -13.1551810213994 -4.22396200075035 -0.826594564355601 2.60703331007068 10.6407849033009
"etap[17]" 0.477208623673937 4.08846694556431 0.0192732180124372 0.202062506577829 -7.60652493676073 -1.98881750975111 0.469655006925132 2.88023352317394 8.81124917644797
"etap[18]" 0.546775198230815 4.1164532603968 0.0194051467657603 0.212415930631432 -7.48554901300366 -1.95929128833551 0.509874514190738 2.90266707704079 9.12112388819143
"etap[19]" -0.858221618344619 5.7891577219148 0.0272903512168295 0.410734711851736 -12.8841703265647 -4.19128773288002 -0.788892066073603 2.62183740466558 10.6274415409245
"etap[20]" -0.866777452355484 5.87174482656178 0.0276796705617258 0.418768477858054 -12.9758079827281 -4.18633650532642 -0.805361507429752 2.57722879441194 10.6599693710955
"etap[21]" -0.0483437703659643 3.64329174007817 0.0171746419683347 0.03193340185015 -7.68709655105397 -1.97060956099743 0.00275185826364356 1.93122899915111 7.20285828439673
"etap[22]" -0.846206881992442 5.80856019369952 0.0273818153459679 0.413739919461637 -12.9833320871661 -4.1509391079387 -0.809180242683252 2.61636728481791 10.5249384574409
"etap[23]" 1.00964683026784 5.70170523733838 0.0268780962509921 0.535651537741257 -9.93585191591262 -3.07736351431102 1.54597475913348 4.7029643903832 12.1638045878896
"etap[24]" -0.886125849446095 5.81142893966885 0.0273953387441573 0.399463585336409 -12.9320237871284 -4.1821478429836 -0.783834198328108 2.60505950351498 10.5458101610335
"etap[25]" -0.860210961422033 5.79652267923627 0.0273250699585972 0.400633881881194 -13.048125838619 -4.1946356160896 -0.815885022942829 2.62413948310119 10.5690409684403
"etap[26]" 0.656939058043984 7.21033881109805 0.0339898631198666 0.186160371436793 -13.2974302126447 -3.89353759580739 0.516906238634123 5.12762997105467 15.2490654516619
"etap[27]" 0.227597144152407 6.0183909993156 0.0283709672496543 0.0641795371827211 -11.7563879619818 -3.33047180362922 0.138263343309132 3.66788727653032 12.6564766532999
"etap[28]" 0.129746878756977 5.68128347487831 0.0267818271395302 0.0417122220757455 -11.2644577728281 -3.16816119631179 0.060881638437955 3.34990362821524 11.7478141013292
"etap[29]" 0.0645380670459704 5.59715770484705 0.0263852544564525 0.039919297043475 -11.1700958063585 -3.13446384860925 0.066369198295799 3.19158692859952 11.524969352934
"etap[30]" 0.00562807241322558 5.51222255050346 0.025984866299136 0.0383300068532091 -11.1741159658064 -3.14780547569747 -0.00760439548599604 3.09006912289967 11.3697633711647
"etap[31]" 0.0467194390503786 5.53079815806732 0.0260724325529565 0.0388963173061975 -11.0204181638986 -3.14165435061955 0.0119729581207209 3.19527147410488 11.2216456454491
"etap[32]" -0.0013446221646886 5.5616332959086 0.0262177907867324 0.0385892317103682 -11.5553372412807 -3.10866947076443 0.00958674012999635 3.16060972467572 11.3165085857558
"etap[33]" 0.0126754382278624 5.5085019646922 0.0259673272894218 0.038528656847515 -11.2985154740748 -3.09048039959915 0.00277784593639801 3.1401076588342 11.039763598096
"etap[34]" -0.0259350977469358 5.55650543305373 0.0261936178094146 0.0372026812078737 -11.2998110367341 -3.18807639967072 -0.0111336055529819 3.17462706700548 11.1823925429864
"etap[35]" 0.0328116002776242 5.59648924047214 0.0263821032851693 0.0403733990750947 -11.4515537443291 -3.15340841512416 0.0210497220744421 3.17519969266093 11.4889409114639
"etap[36]" -0.0116365490506118 5.57037486148335 0.0262589989220397 0.0388597868553186 -11.3460118467087 -3.1577934699224 0.0172489901882241 3.15545834509091 11.3463943310238
"etap[37]" 0.0168891694387831 5.55214218834048 0.0261730492765831 0.0373745228606119 -11.3141796915368 -3.13201044538029 0.0264986294717383 3.15819682655641 11.3304122973172
"etap[38]" -0.0697322959937545 5.62264254341566 0.0265053911375813 0.0446667075308948 -11.4281085992228 -3.21074411276591 -0.041551898079767 3.1245822843545 11.2180975794119
"etap[39]" 0.0081563962736982 5.54596472666176 0.0261439284429595 0.0361295536838357 -11.4004323547017 -3.13849364918118 0.010685705634276 3.1554234253795 11.2797032826324
"etap[40]" 0.071751979491252 5.44449269373546 0.0256655846924064 0.0346753156929838 -10.7538587450244 -3.07597178397108 0.0179443385225734 3.19697448374 11.2208564770767
"etap[41]" 0.0460990522036282 5.56570211032203 0.0262369713618199 0.0392328767582519 -11.2505295324347 -3.11088288340363 0.0112621592337332 3.12287321867497 11.4893001987407
"etap[42]" 0.0383017490730067 5.61181882319934 0.0264543676311638 0.0408467213775868 -11.256700984766 -3.16930869632031 -0.0115285188793285 3.21849270420093 11.4951718568067
"etap[43]" -0.0113872118768952 5.49733985659323 0.0259147086072277 0.0354529773980062 -11.0508388464847 -3.16804756748426 -0.0210095659917958 3.1299668373978 11.0437906779424
"etap[44]" -0.0038128826600755 5.58450559449774 0.0263256118362904 0.0377016417426652 -11.3785067212694 -3.15990842333937 0.0143227913731492 3.16582588951108 11.2771474748333
"etap[45]" -0.0306440879012299 5.54286702816597 0.0261293257522099 0.0371132071902745 -11.3278067720815 -3.1953008582504 -0.0466664384747258 3.1144602884444 11.3212180004642
"etap[46]" 0.0530516453505547 5.57686702389637 0.0262896032691518 0.0365558228198253 -11.0687063345476 -3.10571591216357 0.0225582042213015 3.18044662354067 11.4942437351732
"etap[47]" -0.019059376193646 5.57231045595973 0.0262681234019055 0.0394482695008017 -11.3850652379121 -3.20132521425485 -0.0403445721161164 3.14921274744631 11.3312076702406
"etap[48]" -0.0381215133823601 5.63381462809529 0.0265580568498277 0.0441818722388964 -11.6322470864035 -3.20359214272613 0.00218432392682624 3.16207234136232 11.2364614890095
"etap[49]" 0.00905054485359618 5.46110811125283 0.0257439105217316 0.0385028977799156 -11.1617379065318 -3.07472524340177 0.015660546405001 3.15243379386424 11.0486199587712
"etap[50]" 0.0529851960997458 5.55315583739991 0.0261778276640742 0.0360765598543157 -11.2431181502868 -3.0766465685613 0.028812766005151 3.19311246340991 11.3395648681827
"etap[51]" -0.00849948642268307 5.59321372385263 0.0263666623517457 0.040096196581365 -11.3059929542053 -3.142585839023 -0.0196706231177565 3.16413392882515 11.1938963521362
"etap[52]" 0.00556706841374944 5.54570662782923 0.0261427117533949 0.038561656424482 -11.3456330435589 -3.14042514085225 -0.0167185028288429 3.16622087994264 11.3930909596824
"etap[53]" -0.00535138367767525 5.59466888344822 0.026373522039864 0.0378862638457599 -11.4775635662731 -3.18706335794185 -0.00510199262874568 3.15769584485556 11.4442076654728
"etap[54]" 0.0204719892118716 5.4787200441248 0.0258269339694887 0.0362594746275945 -11.054526184748 -3.12611482314887 0.0239388409224849 3.16434642790874 11.1818054992429
"etap[55]" 0.0411971338438621 5.62200697431974 0.0265023950361304 0.0385168714365657 -11.4997307183334 -3.13716906505637 0.0321257350745103 3.20690240905728 11.448837190979
"etap[56]" -0.0292845277010785 5.58432794641663 0.026324774395205 0.0390008296861953 -11.5366566993923 -3.18537340942133 -0.00954660949161887 3.18028563983848 11.2923636938654
"etap[57]" -0.0427050875873244 5.5339952009139 0.0260875035574669 0.0382043053614278 -11.5212982778586 -3.15289897598356 -0.0234617162901537 3.10728817832887 11.090439072844
"etap[58]" -0.0367792855685073 5.54783328234715 0.0261527368989339 0.0394810703498334 -11.2831064095356 -3.17206297367603 -0.0366343406808822 3.09497577979062 11.2409556937024
"etap[59]" 0.0393533673563655 5.52166408981135 0.0260293741422657 0.0359549764497403 -11.3362243871609 -3.09020053417281 0.0213969268809719 3.19629740538414 11.2378428144826
"etap[60]" 0.00443981817485607 5.52930974347154 0.0260654160992638 0.0379305862145924 -11.2704348354395 -3.13824105367034 -0.0133200474901282 3.15707252821712 11.2303683143907
"etap[61]" -0.000930368356059821 5.63211565649202 0.0265500478208829 0.0398323644835257 -11.3626395298137 -3.17647423779011 0.0126295724671973 3.18836795014872 11.392946179186
"etap[62]" -0.0144776268957396 5.59340609936613 0.0263675692186132 0.0401207668813468 -11.5226955707588 -3.14010769850224 0.0252665591186095 3.14130518447944 11.3211642185866
"etap[63]" -0.0149153834639817 5.60381918294495 0.0264166569653575 0.0368732757663409 -11.5599129411238 -3.18268549722612 0.0117641326889862 3.14381199168437 11.3374142696525
"etap[64]" -0.0640516922698916 5.59855350563153 0.0263918343244518 0.0394246983229759 -11.6524049988341 -3.19801148422639 -0.0456849121853417 3.08615031147171 11.394577836708
"etap[65]" -0.0544306930844208 5.55352742080081 0.0261795793250246 0.0395281309240345 -11.4901695766981 -3.21865851693913 -0.0260745487791836 3.15259443650772 11.063679878591
"etap[66]" -0.10546667197454 5.59058425129257 0.0263542668992246 0.03938879763909 -11.6165408861315 -3.25466274408722 -0.0983840080651724 3.12551498012424 11.2882769581331
"etap[67]" -0.010175046707357 5.42909155621074 0.0255929830338616 0.0366910626789023 -11.0624983377414 -3.13613216809322 0.00529805582964061 3.09750453997002 11.0903238452798
"etap[68]" 0.0353008356553309 5.54254143553169 0.0261277908938125 0.0390242566879357 -11.1239802415189 -3.16739570069876 -0.00214589402692939 3.21306297836396 11.2052777201287
"etap[69]" -0.0422989790261965 5.55011587477521 0.026163497142831 0.0397819184185068 -11.4196949386954 -3.15779454755025 -0.0103245435716804 3.13519596587092 11.1021085490783
"etap[70]" -0.0434463008183476 5.57511322375808 0.0262813357760142 0.0393867394508803 -11.4421194523634 -3.18173537432555 -0.0628446539616755 3.10379272127312 11.2566160225696
"etap[71]" -0.0554051125519263 5.61658510182688 0.0264768360840875 0.0392381805646847 -11.5669004042913 -3.13593736353819 -0.0450244609130194 3.07249453797876 11.1983144172717
"etap[72]" 0.058716085187988 5.56371466971696 0.0262276024769595 0.0382482045250907 -11.0658510978548 -3.10225746445601 0.0307638936348617 3.15799192191554 11.3499439639456
"etap[73]" 0.0423195366790567 5.57819628245691 0.0262958694540992 0.0404331830458658 -11.0567427723744 -3.13166325301899 0.0286844660970227 3.11813600128891 11.6235285544332
"etap[74]" 0.0255636650805197 5.5596153085028 0.0262082779028725 0.0389058722102375 -11.3505726495704 -3.11136412886044 0.0645892433615401 3.21213710754052 11.2031297344265
"etap[75]" -0.0335557246535587 5.49725646662706 0.0259143155031573 0.0379842331963411 -11.2919345172904 -3.13999865689141 -0.0242883296796851 3.14408254447474 11.1496245694056
"etap[76]" -0.0254644452526351 5.51259430573778 0.0259866187701169 0.0386800887545251 -11.300126207639 -3.14178625919965 -0.0152824975236598 3.10307597521567 11.0381288434091
"etap[77]" -0.0360417390714463 5.55153911198587 0.0261702063473837 0.0405584093080397 -11.1073605924797 -3.22725828559839 -0.0587533382743998 3.10980889863454 11.2902066665823
"etap[78]" -0.00785417605540921 5.56677577954213 0.0262420326870618 0.0374897706568676 -11.2878758010308 -3.18262989885767 -0.0201065062687335 3.13285940188726 11.3900337088842
"etap[79]" -0.0203290079394228 5.5749730434169 0.0262806749595486 0.0378419216464402 -11.3135271479673 -3.22035153779063 -0.0464801889068509 3.14531338823264 11.5460003669256
"etap[80]" -0.0936452488114056 5.46583581409343 0.0257661971266517 0.0363870927338379 -11.3167751387469 -3.17778826638858 -0.041393333102371 3.0425775161483 10.8088457984859
"etap[81]" -0.0134957232030629 5.57329215935521 0.0262727511960926 0.0383962248595959 -11.546107416264 -3.14262315441078 0.0318419182643305 3.14044803366491 11.2066704270798
"etap[82]" -0.0117100504984288 5.55794443737017 0.0262004013408167 0.0412842042096198 -11.2280360987797 -3.20387915780092 -0.00780658162398521 3.20544439887285 11.1774450865702
"etap[83]" -0.0030447008133842 5.55382206105758 0.0261809682725151 0.0387713951589907 -11.3051150162146 -3.15302159505412 0.00689865956988974 3.12907428300689 11.350010218442
"etap[84]" 0.00124250411642626 5.6113823365007 0.0264523100131337 0.0406513634308553 -11.152920154751 -3.19249536957041 -0.0298711227911931 3.13617832373871 11.4690841778439
"etap[85]" -0.00978680424394656 5.55037869566754 0.0261647360923991 0.0390268373976929 -11.3696621062739 -3.18887170638085 0.0225287283501006 3.1642925066972 11.218407314694
"etap[86]" -0.00574414301947084 5.57514870842277 0.0262815030523277 0.0377585956434876 -11.3675855579478 -3.17124744624835 -0.00747190894999365 3.16433535543701 11.3600757764436
"etap[87]" -0.0761965913413778 5.52396697092403 0.0260402300279393 0.0356229490931866 -11.1556702806933 -3.20259425793635 -0.0655221882761092 3.07518802332155 11.1027055128532
"etap[88]" 0.0117892447979429 5.44903428222823 0.025686993945877 0.0363745904332148 -11.1365857775301 -3.11779338722967 0.040537309921306 3.15542377514536 11.192787986638
"etap[89]" -0.0153262155369195 5.57787342865658 0.0262943475066888 0.0407242913787057 -11.509827554577 -3.09417945261813 0.0179054219447622 3.12079684191461 11.1638352007938
"etap[90]" 0.0464137862959174 5.54767593470626 0.0261519951550414 0.037423006070388 -11.3797588328003 -3.1196815212702 0.01717774464953 3.21127938889583 11.487016842024
"etap[91]" 0.00696343693725584 5.59767121244036 0.026387675154462 0.0394047891567681 -11.5277048628833 -3.13596746630797 0.00156781749637079 3.19988601738536 11.5371131987868
"etap[92]" -0.022234528506578 5.53998078316105 0.0261157198627756 0.0402843655710564 -11.2468413544005 -3.15445508736253 0.0275357472478934 3.14285596672756 11.1370914798929
"etap[93]" 0.0619681092450517 5.4967100984732 0.0259117398989798 0.036608826014634 -11.1594826236626 -3.11295285053086 0.0811279940338595 3.25292687481569 11.2531589636823
"etap[94]" 0.00000820615853622263 5.5667392674778 0.0262418605675399 0.0368315464721205 -11.3749903074691 -3.14533035546486 0.0246818248186577 3.19074959006882 11.0712932201654
"etap[95]" -0.000573407836175678 5.56126421733079 0.0262160509336313 0.0396092528426275 -11.4134198081029 -3.11093282995896 -0.0191141485879507 3.12974711217918 11.4729640505097
"etap[96]" -0.040127416816751 5.55654566693929 0.02619380747377 0.0401551347591257 -11.3462531121865 -3.22057722848489 -0.0404817070316498 3.11811662600438 11.2062706374658
"etap[97]" -0.0230602200490124 5.57371299750875 0.0262747350461736 0.0386819410492412 -11.4449545106798 -3.15956943006127 -0.0418929020437815 3.16010208906656 11.1611745021192
"etap[98]" -0.0642702736247327 5.56122409130054 0.0262158617777107 0.0402297835520771 -11.4946431105502 -3.18754051897447 -0.00156223408812639 3.17258956854489 10.9672271562535
"etap[99]" 0.00514664847640563 5.55853148066882 0.0262031686894655 0.0373733028237192 -11.3248634607663 -3.18640658931646 -0.0178384774932626 3.14049054229583 11.3735029833631
"etap[100]" -0.00417135443694741 5.54835488964661 0.0261551957793244 0.0384559797049094 -11.4504094113936 -3.08740096176647 -0.00305778427618149 3.13231750197717 11.2660362753606
"etap[101]" 0.014927020038567 5.4999780372236 0.0259271451099859 0.0364047254439052 -11.0370777592548 -3.1436433463965 -0.00116069454599156 3.18436557682772 11.1725886084427
"etap[102]" 0.0509624900201387 5.57002600356629 0.0262573543900475 0.0407100351108004 -11.2215142221339 -3.07078130099674 0.0193225770280512 3.16718472352786 11.3661148130709
"etap[103]" -0.0374675036515005 5.61904690642589 0.0264884411422602 0.0390258555182173 -11.5784291423452 -3.11170035797386 0.0125778896980946 3.08879568831371 11.2697761704448
"etap[104]" -0.0259877869267712 5.57989343977962 0.0263038699304434 0.0382135530266903 -11.6580889390692 -3.14946113595234 0.00383715536017047 3.15599872991571 11.3375697710107
"etap[105]" 0.0165958044804898 5.4826952117765 0.0258456730895078 0.0361761166135664 -11.2415412310427 -3.10239442477641 0.00326147188568598 3.13736962339775 11.3768038857973
"etap[106]" 0.036595011099653 5.53983794886865 0.026115046535464 0.0382397781354698 -11.2016186850308 -3.12963049623545 0.00422489747250858 3.1997052267467 11.4149688725991
"etap[107]" 0.0344763825186896 5.51510103060519 0.0259984355844656 0.0375279653567714 -11.0262551346129 -3.11067245000804 0.0249151237016422 3.14348509659725 11.3251706613385
"etap[108]" -0.0292235322037286 5.53111824017794 0.0260739414344961 0.0357197160282602 -11.2164435637457 -3.17424147853426 -0.00382113477791108 3.08455626685695 11.1384541206949
"etap[109]" -0.0208566060997279 5.59346669033428 0.0263678548471763 0.0423193806833747 -11.3120844343684 -3.15478956745597 -0.0278838631679077 3.11901019280857 11.3072592798476
"etap[110]" -0.00446498644167321 5.56858889359075 0.0262505797886541 0.0429231075239928 -11.2512286688655 -3.17891986318939 -0.0170164569445849 3.1632002676079 11.3631026586618
"etap[111]" 0.0765260650166305 5.61075646001701 0.026449359603095 0.0406449174140179 -11.2008420477854 -3.12885145348482 0.0479815325096827 3.21734266573981 11.5444293817531
"etap[112]" -0.0256487113620691 5.50579918680369 0.0259545862722684 0.0356204051543616 -11.1325027129159 -3.14976841233762 -0.0167294667312061 3.1267499107166 11.2118753267192
"etap[113]" 0.00714861832610052 5.51809243976263 0.0260125372224692 0.038201158864174 -11.3663672548338 -3.17808902020163 0.0466364692070254 3.1734218942275 11.1704955593717
"etap[114]" 0.0614819847705947 5.55172601253768 0.0261710874050343 0.0387891671606064 -11.1978676962544 -3.10920595803989 0.0316427032717219 3.18124397298071 11.4070437670198
"etap[115]" 0.0277312973695753 5.60206158021095 0.0264083715466119 0.0398115232209175 -11.176316551313 -3.16502282073068 0.0050361323910705 3.16521630071196 11.5217367303647
"etap[116]" 0.0414588750879638 5.52843381738494 0.0260612869440928 0.0375357741325642 -11.3067327003122 -3.0483266960749 0.0279028753468463 3.17102130545298 11.2164372444673
"etap[117]" 0.0166325251255487 5.48808953894734 0.0258711021916574 0.037706231894497 -11.151339534349 -3.09849312368596 0.00797200385772583 3.13966594997686 11.1568618445066
"etap[118]" 0.0199449592403471 5.62732335312699 0.0265274566861701 0.039674809305705 -11.4749900274395 -3.1118529389977 0.0041225799858769 3.14961413908975 11.5526462589502
"etap[119]" -0.0021726981846357 5.49945040523309 0.0259246578289295 0.0374301592273417 -11.2410374922057 -3.11614753588267 -0.0182110800417987 3.13972905745255 11.236200727014
"etap[120]" 0.0482693091735389 5.55700597154135 0.0261959773704735 0.0387271668944499 -11.1228757738585 -3.11794516549929 0.0475737202559829 3.21021921905386 11.3311027235843
"etap[121]" 0.0243256310031875 5.58288696759858 0.026317981555913 0.0384256380123615 -11.2565146448111 -3.16037257809401 -0.0233754808211342 3.1816800744445 11.4947436043744
"etap[122]" 0.0289070515598455 5.3740321206816 0.0253334303656552 0.0363334711409506 -10.7952077633733 -3.08980679291437 -0.0008231218011677 3.13217894324783 11.0790638339858
"etap[123]" 0.0306897671445083 5.44901942425709 0.0256869239047294 0.0365101288735907 -10.9600158835281 -3.0852753697955 -0.0294982061298034 3.12479293362047 11.2474421562654
"etap[124]" -0.000882486559971786 5.40935224835509 0.0254999310442572 0.0361093844004406 -11.0454297582148 -3.16359299786923 -0.0261627044012338 3.17778726535128 10.9202380366818
"etap[125]" -0.0432619657946574 5.49777902729713 0.0259167788777799 0.0369683039057756 -11.2362169385623 -3.16978809872413 -0.0672731624016799 3.10982280501539 11.0344801375052
"etap[126]" -0.0444963097378384 5.45321648893518 0.0257067090573624 0.0371116563979929 -11.1234892003082 -3.14536389535377 -0.0203727504914173 3.04938522823041 10.9982758755806
"etap[127]" 0.0125694153780955 5.51570824020435 0.0260012979979668 0.0364780472944327 -11.1294203429033 -3.15617277104409 -0.0102725903437837 3.19015866051251 11.2968540955522
"etap[128]" 0.0129674824768237 5.56697040282674 0.026242950150024 0.039744609167887 -11.2720888588146 -3.13122092175743 0.0417484161807359 3.18989350182557 11.1450650954912
"etap[129]" 0.0540772121440817 5.54575872055415 0.0261429573208551 0.0380096081715243 -11.1745849668958 -3.11847863303242 0.0260839760095181 3.17015059685557 11.6163910455787
"etap[130]" -0.0375688577473674 5.61952470439297 0.0264906935034773 0.0403561731013927 -11.3821899846637 -3.20976020415787 -0.0278689845326124 3.149282082605 11.2495186217403
"etap[131]" 0.0441362912698166 5.55685360711373 0.0261952591176736 0.0395049186636698 -11.1650741905034 -3.12025724693775 0.0298149077295322 3.19781648938434 11.3873550278019
"etap[132]" 0.0719008241700656 5.56607555928691 0.0262387318171232 0.0417919816950292 -11.1681448642493 -3.0828582790403 0.0600811562085774 3.18056661762966 11.4412937934718
"etap[133]" 0.0579300766456917 5.53936218807051 0.0261128037775534 0.0401270903702324 -11.183819163716 -3.11987404443468 0.0309821498541109 3.19517244236381 11.3850053907381
"etap[134]" -0.0101095327640009 5.54333149975915 0.0261315152922979 0.0392380104325599 -11.3917109832792 -3.15093102955741 0.00394562099840503 3.1297043538476 11.2672393052907
"etap[135]" 0.032397477209701 5.53065172316126 0.0260717422521893 0.039166763031599 -11.0051770126964 -3.17174377248598 -0.00183270424793659 3.19493195869 11.256737886619
"etap[136]" 0.028614351372043 5.60683578873964 0.0264308773814482 0.0381718691282696 -11.3375923675123 -3.14061342547993 0.0078682148507817 3.20518041876102 11.5929603282351
"etap[137]" 0.00762653818050966 5.51087182216832 0.0259784989047006 0.035263630825637 -11.3464902848417 -3.11821051598124 0.00634189956119931 3.11241590485905 11.3475512051381
"etap[138]" -0.00845467764222669 5.4836853412592 0.025850340604651 0.0401835838877397 -11.0215836729635 -3.13872631969281 -0.00279190559884302 3.09210310120614 11.0535640244174
"etap[139]" 0.0047494310699778 5.61522102122504 0.0264704057464632 0.0423435759524795 -11.3783514622624 -3.14981955731659 0.00492934354174136 3.14356720654042 11.2149751886547
"etap[140]" -0.01209004454229 5.5260453753111 0.0260500277201802 0.0375294418689217 -11.2786308790443 -3.15785741867825 0.0109692260983745 3.17737948141496 11.150373348098
"etap[141]" -0.000818322003282868 5.51627581535268 0.0260039735728749 0.0380526587302418 -11.2025837238055 -3.16517118925118 0.0217899438983637 3.14269594232256 11.1628688092673
"etap[142]" 0.0198572361351201 5.48185703729182 0.0258417218970949 0.0371249473054549 -11.1980084688018 -3.12512273883362 0.024251837187261 3.12723447564709 11.342700738222
"etap[143]" -0.00591902007311007 5.53678733102084 0.0261006657850174 0.0384055727104458 -11.3998111840429 -3.14216544567192 0.0042705409004859 3.12591735045616 11.1056272466874
"etap[144]" 0.0283837647293526 5.53927262278809 0.026112381562763 0.0376819575640084 -11.0337734619485 -3.16359041729792 0.0273095900974436 3.17377569648552 11.3430102246682
"etap[145]" 0.00142097211727528 5.60212486131911 0.0264086698566166 0.0378670903689681 -11.2044295800635 -3.17787461830926 -0.0317959278646764 3.16976233082508 11.2659665342438
"etap[146]" 0.0433868715070901 5.54275595198709 0.0261288021340811 0.0396642804641996 -11.1184577475253 -3.09954744138281 0.00998420427567724 3.14604427241255 11.2692337733404
"etap[147]" -0.00401054696131256 5.5817706372223 0.0263127191240523 0.0404552426270755 -11.4734803549017 -3.14564250163962 0.0280907942887897 3.21589022496959 11.1128597604068
"etap[148]" -0.0135799345327098 5.53461558417992 0.0260904280722291 0.0395527569997905 -11.442024264133 -3.10533177139278 0.00666591353813125 3.15459024337008 11.1137434071848
"etap[149]" -0.0434576741356095 5.60685282721221 0.0264309577015782 0.0409511086203964 -11.3827319234756 -3.17595936323558 -0.0386870655738239 3.10043654716964 11.2396644429725
"etap[150]" 0.0158446242473214 5.52282592251316 0.026034851074146 0.0355263659703956 -11.1102934952592 -3.14793395708949 -0.0502628589315214 3.16462080970217 11.4349827943558
"etap[151]" -0.0404851147246699 5.58156223321082 0.0263117366981207 0.0356252287030401 -11.4830286398538 -3.1754933298085 -0.0152967632036721 3.1489406743483 11.3287178282866
"etap[152]" 0.0494454496897705 5.54122624103857 0.0261215910075148 0.0373822108626598 -11.1587859502482 -3.14930863392474 0.0288480146034996 3.20104856054366 11.3454603261389
"etap[153]" -0.00696630719588606 5.5327429492677 0.026081600386595 0.0404544373104338 -11.125775088199 -3.14650863009803 0.0185376152232108 3.17864987216959 11.1040663903778
"etap[154]" 0.0606615017050426 5.53559769935658 0.0260950578075713 0.0390452617797725 -11.1959570379805 -3.11207119328228 0.0433934707842111 3.20288996577514 11.4866057819158
"etap[155]" -0.00505054654939112 5.4481940934057 0.0256830332577844 0.0373336610859045 -11.0638553490893 -3.11968142394038 0.0236215058644702 3.14195275669434 11.0371883830352
"etap[156]" -0.0223731272321363 5.49945358484648 0.0259246728177707 0.0376610108761168 -11.2033210325186 -3.16124126920239 -0.0162984573866282 3.05080963010419 11.289861909774
"etap[157]" 0.00561194166181735 5.4939606966457 0.0258987790944703 0.036037301697162 -11.1993680990277 -3.14300042395872 -0.0241865790721975 3.16246202807245 11.2157644886506
"etap[158]" 0.0256304299671315 5.62572854654061 0.026519938695824 0.0411066419302236 -11.2333605757899 -3.15848552030618 0.00880489882846535 3.16307657457328 11.4777242987018
"etap[159]" 0.055454016905093 5.57431714102591 0.0262775830060255 0.0378797477911062 -11.2571852204695 -3.08961337376264 0.022871754977351 3.19630695889304 11.4526779822756
"etap[160]" 0.0197139296279743 5.51975060204109 0.0260203538744119 0.0389472794531642 -11.1104383269256 -3.16413972670949 0.0111741011392772 3.13912093262454 11.3110058981977
"etap[161]" 0.00358462602745838 5.53463717473132 0.0260905298510645 0.0363990821605371 -11.1368451301759 -3.17940922981269 0.0129319388978728 3.17505062938921 11.2401790765002
"etap[162]" -0.0354378658255123 5.53048917860699 0.0260709760098121 0.037006714249882 -11.2353339099872 -3.19434872970374 -0.0500732151507885 3.15005206383753 11.2176086592177
"etap[163]" -0.0487069699047601 5.51525087274807 0.0259991419471012 0.0376430934831906 -11.4439029213676 -3.20832187282027 -0.0233367158466348 3.08121009415222 11.2078337553341
"etap[164]" -0.0118300691094958 5.48336741306561 0.0258488418767735 0.0360353646152491 -11.1564705735274 -3.16006641876553 0.00403721427843265 3.15197673216845 11.123920418994
"etap[165]" 0.0870629558268581 5.56265625299617 0.0262226130526889 0.0400519430607253 -10.9839499044867 -3.13823789458914 0.0236337665349495 3.22519639280579 11.665668374831
"etap[166]" -0.010076004806809 5.49435629739973 0.025900643974309 0.0386940450908014 -11.0581921118227 -3.17023828088052 -0.0253098215596597 3.12264249478689 11.1429370903077
"etap[167]" -0.0174875033389799 5.55884688187514 0.0262046555050107 0.0396741026666658 -11.2704597635209 -3.1723876103487 0.00582759560669359 3.15525365190937 11.3733089633679
"etap[168]" -0.0408884135201096 5.53747173901531 0.0261038921152439 0.0399478346421222 -11.355324265416 -3.18698505097515 -0.0295744543062397 3.15076678345884 11.1462950347715
"etap[169]" -0.0254137478087875 5.54358900729953 0.0261327291944846 0.0372686657307665 -11.2489703250752 -3.146122859645 -0.00591936823167312 3.10125509009763 11.1353514405099
"etap[170]" -0.035238117932633 5.50021448690397 0.0259282597444686 0.0371273479126942 -11.3179335326567 -3.16256062847869 0.0122556198990987 3.13367330911088 11.0624513979396
"etap[171]" 0.0211856275055653 5.62791459119798 0.0265302438091654 0.0416095159932652 -11.2977082671614 -3.15471388831536 0.00801830099371102 3.15903463879253 11.5620285747144
"etap[172]" 0.0177077302705846 5.58812452459115 0.026342671636355 0.0388033961089744 -11.1704483574177 -3.15789765009661 -0.00830494482006991 3.1596754203705 11.4084823642485
"etap[173]" -0.0039647165374483 5.51069911996371 0.0259776847787005 0.0382710873335034 -11.0074350569318 -3.1499229007858 -0.0484039022356358 3.11036534048643 11.1123625158101
"etap[174]" -0.00262606732065017 5.60513677700801 0.0264228681633365 0.0380788483100251 -11.2995645784409 -3.17528948187375 -0.0637788114886253 3.15256067574902 11.5424061140181
"etap[175]" 0.00381985615876326 5.54375633720283 0.0261335179952134 0.0392758471759594 -11.5398158834155 -3.09479168408551 0.056373880049053 3.16729042223784 11.1230679629956
"etap[176]" 0.0248892440227991 5.53088132829205 0.0260728246211558 0.0379307679108736 -11.2965651034734 -3.11766528919866 0.0209147941912035 3.14984129173828 11.3035261260153
"etap[177]" 0.0593578746074638 5.61272120392588 0.0264586214947034 0.0412532057771913 -11.3919886288024 -3.08160959207179 0.054299821674397 3.20360321483794 11.4706437325536
"etap[178]" -0.0600235245025666 5.58748137687259 0.0263396398089344 0.037898146894334 -11.5556061732905 -3.19098904328486 0.0079904763019421 3.10123627619721 11.373031149042
"etap[179]" 0.0451958888248761 5.48377696722044 0.0258507725335745 0.0364843394615697 -11.0296779825748 -3.13970828383981 0.0214231520309657 3.19071665234639 11.2637385284561
"etap[180]" -0.0455959142704569 5.53390993366296 0.0260871016037912 0.0375159030922521 -11.4966028547443 -3.13624820513629 -0.00311886908132318 3.11704021946864 10.9649618367141
"etap[181]" -0.0484881774959889 5.58227222780297 0.0263150836447255 0.0389486191253132 -11.3557948107407 -3.25162438849518 -0.0750911767890782 3.13326301641973 11.3371608217398
"etap[182]" -0.0203381574763979 5.54708006463816 0.0261491861966024 0.0375603501857046 -11.3649395575216 -3.16337904930914 -0.00168538317969923 3.14796943704195 11.1582116909551
"etap[183]" -0.0755214096319013 5.51049348685009 0.0259767154149067 0.039266037076123 -11.2741632557009 -3.18044678916096 -0.0268912830439398 3.07531459925689 11.0220742691069
"etap[184]" 0.0623130181860175 5.55101460172244 0.0261677337822899 0.0376066602195361 -11.1319270536077 -3.10422779606804 0.0195370879930987 3.17467652883182 11.4919026076599
"etap[185]" -0.00124294004418633 5.57104012401413 0.0262621349996849 0.0386121751113617 -11.4774440421986 -3.15348523046646 0.0156415610656812 3.15103222607073 11.2696730953252
"etap[186]" 0.0198710874988564 5.51637957187409 0.0260044626858074 0.0387181481228339 -11.1857818121969 -3.13826766040174 0.0269147733813573 3.1890953691301 11.21007290083
"etap[187]" -0.00115745886658664 5.5656853963859 0.0262368925715694 0.0379281242204045 -11.2282800461549 -3.18150397738414 -0.00710859452993033 3.11957561299608 11.3715144533454
"etap[188]" 0.0312189534744079 5.56180859741273 0.0262186171659479 0.0386682256269662 -11.2758799751003 -3.16924964471301 0.0529326673704997 3.23805878215752 11.2321894055822
"etap[189]" 0.070739155014796 5.57531109394659 0.0262822685450282 0.038944318500349 -11.02298709279 -3.08275761070714 0.0300375968154387 3.23161727304046 11.4414986261093
"etap[190]" 0.0349248978692763 5.45493752906291 0.0257148221183292 0.0375244273172629 -11.0636207405643 -3.09311381680213 0.0169106437100629 3.14740274356159 11.2428971525104
"etap[191]" -0.0314878280506628 5.5713028853909 0.0262633736686939 0.0370123168200297 -11.4208607575705 -3.16186990721973 -0.020263842567995 3.12146589180834 11.1586173976588
"etap[192]" 0.0251870143956669 5.57735191776437 0.0262918890807666 0.0391249947269136 -11.2787655048784 -3.13898060251408 0.0266115600179237 3.19699785641304 11.3218834655151
"etap[193]" -0.0165733411784726 5.50665943285359 0.0259586415110376 0.0380514959410753 -11.2446346959231 -3.17409883696167 0.00888200018521279 3.17594191362694 10.9824268070252
"etap[194]" 0.0602316394604264 5.59258543165573 0.0263637005539258 0.0421974696294638 -11.1516416731121 -3.13822573725054 0.02541145597348 3.18579949628375 11.4332727539914
"etap[195]" -0.0369544099513562 5.50032572227135 0.0259287841130191 0.0379690766112442 -11.4055960614494 -3.20098574255816 -0.0235924962116768 3.15294792588119 11.0149143796249
"etap[196]" 0.0167088240208805 5.55274318138274 0.026175882384954 0.0383555459195772 -11.2174474659851 -3.17715873376415 0.0273671767335777 3.17647107959794 11.3240826085974
"etap[197]" -0.0492903593663121 5.4859682796263 0.0258611024793204 0.0384991481939338 -11.1574919775076 -3.22080637600779 -0.0366178894934434 3.09806892056642 11.0659824831645
"etap[198]" 0.0248815533996075 5.57295212482725 0.0262711482579555 0.0390910244403176 -11.2314262556605 -3.1322883689105 0.025845454400496 3.17786024024115 11.360603018641
"etap[199]" 0.023853693968698 5.52930553399628 0.0260653962556072 0.0375161151358525 -10.9439801806285 -3.21766234060587 -0.0156652901640944 3.22260845094485 11.3454944119142
"etap[200]" 0.072240005635907 5.43282030639639 0.0256105605308058 0.035984254597107 -10.9336915964968 -3.03279572789569 0.0595042742002038 3.15298914659343 11.2139846293116
"etap[201]" -0.0219234882425794 5.49474938310956 0.0259024969981158 0.037012150964208 -11.3318735402667 -3.15896907861988 0.0250783783843087 3.17175405811282 11.0577992532699
"etap[202]" 0.0122107733581882 5.50053948628191 0.0259297918062287 0.0354589330535783 -11.1317727307413 -3.10757779307756 0.0375599950071959 3.14949220188758 11.1188963845382
"etap[203]" -0.0229207137018301 5.55669650474731 0.0261945185300161 0.038680015121199 -11.3724352095268 -3.15397067374028 0.00668480356824448 3.11543021502461 11.1496657332827
"etap[204]" 0.0512709021722485 5.59076150243779 0.0263551024691363 0.0380652094146115 -11.2630444786489 -3.14079721551416 0.0165335221690522 3.22226469546614 11.4040588708864
"etap[205]" -0.00847093046833843 5.53385800067771 0.0260868567893509 0.0356692926859565 -11.2722179180478 -3.16108785908133 -0.0195252872901248 3.13120968945033 11.3524102413388
"etap[206]" 0.00234815988572454 5.51370447246272 0.0259918521462465 0.0383436035595383 -11.060110295138 -3.17018325830741 -0.0207587457843607 3.11761757365357 11.3084066699434
"etap[207]" 0.050913094113519 5.50294432798017 0.0259411283387122 0.0379921473254419 -11.1892406453317 -3.11611938138416 0.0360065692793308 3.19907478887302 11.3330743942747
"etap[208]" 0.00651813957279706 5.50938924128139 0.0259715099513752 0.0379455676609561 -11.0765993913345 -3.16387337534082 -0.00440488513130087 3.14232958087395 11.2729685452845
"etap[209]" -0.058348135277808 5.47772711069106 0.0258222532363936 0.0371506159649125 -11.0728798997474 -3.17083032229823 -0.0618962838354639 3.06180871189136 11.0038798232761
"etap[210]" -0.0329685289060748 5.61079158645901 0.0264495251907306 0.0412760235879051 -11.5222839082614 -3.19393295903667 -0.0116795908256103 3.12183515148637 11.3282611556417
"etap[211]" -0.0256218454586764 5.53951261012889 0.0261135128739369 0.0371294177656607 -11.4973756188601 -3.15798351556521 -0.0173026063166634 3.11627766072662 11.2549803388833
"etap[212]" -0.00871180619344124 5.58334474431713 0.0263201395360594 0.0383563979758769 -11.3805791953616 -3.2070189376349 -0.0139592976465142 3.12330412083381 11.4733880498581
"etap[213]" 0.0310791072590249 5.57394403430595 0.0262758241640802 0.0386031256993042 -11.3228182060776 -3.14455766365676 0.00788602844500225 3.17013966449301 11.357876147291
"etap[214]" 0.0886744651695196 5.43035809539701 0.0255989535568433 0.036231879036117 -10.9417114732656 -3.03548892940726 0.0543332357743006 3.18405199485267 11.1258359987397
"etap[215]" 0.0241550310331743 5.52149986068723 0.0260285999587501 0.0366312584698063 -11.2138439362608 -3.14345568093852 -0.013604448854145 3.17777182731584 11.3202689582219
"etap[216]" -0.00127565788993252 5.53091929397581 0.0260730035931054 0.0389973339779109 -11.2706579016057 -3.111644206001 0.0168602153102317 3.1341399577489 11.0849215164862
"etap[217]" 0.0140536679878333 5.52424443448609 0.0260415380037144 0.0366820150454739 -11.2857848835175 -3.11542886157318 0.0203854478186111 3.17799856086188 11.2681572299002
"etap[218]" -0.0396553739488433 5.51573425258246 0.0260014206214931 0.0373908653600946 -11.2142311947288 -3.16146742817495 -0.0496415476851421 3.09946694392785 11.0928303159858
"etap[219]" 0.0223174670897335 5.57481056234825 0.0262799090164456 0.0363670524859989 -11.1115218000737 -3.1661740970395 -0.00810637888234764 3.16457480534519 11.4805065965981
"etap[220]" -0.0572269560509339 5.49949108069796 0.0259248495749098 0.0362676921390051 -11.3212550249951 -3.18560857628443 -0.0169357474703996 3.08897148301239 11.1249239734805
"etap[221]" 0.078100948693593 5.55535104762186 0.0261881759843014 0.0379577357955877 -11.332196526616 -3.06696056606914 0.0910729105064372 3.21021530046214 11.2114244190966
"etap[222]" -0.0266528694074033 5.53532021237366 0.0260937497213892 0.039358607485839 -11.3756774220453 -3.19039765992918 -0.00827516293635926 3.11995592444641 11.3787310412932
"etap[223]" -0.0014655583931022 5.60383061051739 0.0264167108354506 0.0424168709947012 -11.2085128980696 -3.17801317518337 0.00857880291429888 3.17122724159006 11.2262887770962
"etap[224]" -0.0115214446838749 5.58779044934769 0.0263410967905545 0.0386071061894982 -11.3258516962633 -3.22468201224697 -0.0241252531615951 3.14717080281588 11.3710392300257
"etap[225]" -0.0247501223278022 5.49745031477055 0.0259152293120692 0.0374566065077835 -11.1166846386492 -3.15993625961437 -0.0345877307800574 3.1458696975712 11.0415416814643
"etap[226]" -0.0422970842635084 5.48079880196925 0.0258367333279437 0.038311121483211 -11.1607775247483 -3.20182974091541 -0.0192198569869316 3.14690843685048 10.9047822415627
"etap[227]" 0.0715869086517615 5.5598673238178 0.0262094659144604 0.0384248971943328 -11.219237990229 -3.13699312756503 0.0786350780476166 3.22294506735514 11.3401935786377
"etap[228]" -0.00191673769629039 5.60237346531227 0.0264098417870792 0.0376648180283438 -11.3928729924284 -3.16209669936233 0.0298977747453039 3.17985885601305 11.4678039248785
"etap[229]" 0.00593519505178601 5.52477209002367 0.0260440253957728 0.0376754619711228 -11.2209406723625 -3.12619468622832 0.0576421744712111 3.15849347831648 11.079307415843
"etap[230]" 0.00170604511772329 5.54288167873971 0.0261293948156768 0.0358998203937607 -11.2774496215378 -3.14409778568233 -0.0144249510303448 3.1003790548709 11.5031405572339
"etap[231]" -0.0275494071948826 5.60687570174806 0.0264310655331743 0.0372543070061384 -11.4521773730246 -3.19070513389359 -0.00146008663649813 3.15281534609622 11.3108376717268
"etap[232]" -0.00654362338571268 5.55991621706802 0.0262096963994524 0.042618320618024 -11.2878449639912 -3.13972526669585 0.0233117517950753 3.15689794934645 11.1217622777881
"etap[233]" -0.021788956988298 5.54688313558514 0.0261482578641437 0.0401598643888665 -11.3810245866875 -3.16137961002728 0.00281641812883148 3.15598590712081 11.1636709489856
"etap[234]" -0.109182982434772 5.59760291517567 0.0263873531980687 0.0406263256474808 -11.6448329144448 -3.25023545873651 -0.0224411543692994 3.15126521405666 10.8090834398326
"etap[235]" -0.00334508822778897 5.60371682788191 0.0264161744589631 0.038145039729499 -11.2719875077336 -3.18054933737004 0.0016069143941081 3.20415724652462 11.3972926535817
"etap[236]" 0.043765961863172 5.49853167101008 0.0259203268742682 0.0370265568147302 -11.2294626561051 -3.06345344794684 0.0500598283912498 3.17572357883168 11.2722704285444
"etap[237]" 0.0687554634630416 5.63685447410414 0.0265723868213384 0.0414963156010094 -11.1710050335562 -3.12790750851771 0.0360701539612402 3.24167473904965 11.4154083793751
"etap[238]" 0.0613560857917794 5.56469268395287 0.0262322128802816 0.0374229110186085 -11.2389141466119 -3.09745272935174 0.0208839733495261 3.24186644903254 11.3047691421601
"etap[239]" -0.0293528760342564 5.55248384765781 0.0261746598740507 0.0382588084140477 -11.2606376434596 -3.16230434516539 -0.00545146657256495 3.13691662856136 11.1374681832805
"etap[240]" 0.0224166614652268 5.57443930539851 0.0262781588944008 0.0397491290673366 -11.2552627422346 -3.14996456396602 0.0244766033700087 3.16479775215475 11.353848508553
"etap[241]" -0.0102874601802338 5.52753672948166 0.0260570580311613 0.0406452984101024 -11.3309850546889 -3.15770251787731 0.0159036891428107 3.16827634712361 11.256267582116
"etap[242]" -0.0045321816228141 5.54401842312113 0.0261347534800807 0.0372031266534091 -11.2635981869059 -3.13760557560472 0.0000932085105180686 3.13130302392283 11.2135062300218
"etap[243]" 0.0170417041684316 5.52415345516237 0.0260411091230694 0.0380542872811766 -11.227995334778 -3.13904209065967 0.00652076508428815 3.1759586442527 11.2257688970277
"etap[244]" -0.034018328685074 5.59761928557146 0.0263874303688545 0.0419351691792035 -11.4966346998008 -3.20497333423849 -0.000651991376915787 3.1392820321366 11.2624133004135
"etap[245]" 0.0144136762244247 5.59350871164588 0.0263680529375389 0.0392745118290846 -11.3146409189541 -3.18052501725723 0.0168737466071763 3.16192555651202 11.2780073303764
"etap[246]" 0.0521317949827532 5.54736375543371 0.0261505235278377 0.0403639113079258 -11.1358734799769 -3.10506592954107 0.0611854253841573 3.20863811955338 11.0432985082098
"etap[247]" -0.0765257253636065 5.60752862656605 0.0264341434502836 0.0395559531541773 -11.5328589976585 -3.22162750687437 -0.0302880224408823 3.10381610441394 11.2806857183544
"etap[248]" -0.00136703471740387 5.47223349326465 0.0257963560754905 0.0362110794676467 -11.2363597874479 -3.14168383403938 0.0539220477867231 3.13875079379745 11.0421521204826
"etap[249]" -0.0270389240543191 5.50641253799863 0.0259574776375297 0.0375636876278038 -11.1478501703146 -3.1440627019626 0.0102246708089894 3.13017533069821 11.1619612518035
"etap[250]" -0.0656268309053013 5.64081245324428 0.026591044913937 0.0395937884442016 -11.5661647411344 -3.19433376381489 -0.0394845967128175 3.13273638962538 11.2182863591636
"etap[251]" 0.0101165482787857 5.56309621259679 0.026224687042136 0.0397825597141221 -11.1500492847478 -3.17030183835445 -0.0394854743743394 3.20761350687484 11.3505707352946
"etap[252]" 0.0140128117394559 5.5387386757902 0.0261098645124763 0.0401798212807565 -11.2334335553208 -3.1245732271795 0.0119773565036894 3.14941171605347 11.2200506772926
"etap[253]" 0.0363913362010874 5.5420428363383 0.0261254404746743 0.038731725161998 -11.1972092162069 -3.08157118647737 0.030614293102866 3.12582804102316 11.4637690179948
"etap[254]" -0.0290289608871708 5.55425924594539 0.0261830291818404 0.0399484132677387 -11.4946420368904 -3.21123239544264 0.00909476087720217 3.14385505314113 11.334381183083
"etap[255]" 0.0887490805226165 5.50187875262927 0.0259361051683356 0.0381535041505808 -11.0200496939179 -3.05609898818892 0.0742787607810632 3.21794744056023 11.2703155064552
"etap[256]" 0.0176484433772283 5.54439174058124 0.0261365133154645 0.0382933241891788 -11.2094651793538 -3.11817007911083 -0.00718832465596819 3.13835800930872 11.3835983722596
"etap[257]" -0.0800199092524075 5.56786380132759 0.0262471616709457 0.0369784409765466 -11.3614217274375 -3.2448611231736 -0.0667846745838041 3.06321804716657 11.3730443469567
"etap[258]" -0.0161944159510213 5.56059556223115 0.0262128988632631 0.0370118467113511 -11.4387618298813 -3.14502321507331 -0.00687900666396137 3.13489807046184 11.2447167363075
"etap[259]" -0.011455171424791 5.54638908844768 0.0261459289036029 0.0372927748155939 -11.3979325094438 -3.16784451657463 -0.0119418370853229 3.14139316117039 11.3376370074903
"etap[260]" 0.00531967966840372 5.53843005184769 0.0261084096452591 0.0377321583442572 -11.3100244895083 -3.13598401512929 -0.0184758010321948 3.14349485344168 11.3359267767561
"etap[261]" -0.0120782772549108 5.52036872102897 0.0260232677152646 0.0382334108088154 -11.3768309064332 -3.13436883627685 0.00628982185389856 3.13795618626545 11.1638229722004
"etap[262]" 0.0162520466869564 5.63258163715219 0.0265522444747809 0.0385574707600925 -11.3666402470447 -3.20575051391625 0.00608406766181043 3.22623011480416 11.565069151839
"etap[263]" 0.00730591731238679 5.50337637174104 0.0259431650125327 0.0374564993443179 -11.2648695815211 -3.15605162110432 0.0206021594408179 3.13344578968835 11.2327670282639
"etap[264]" 0.0427584702603591 5.55332496564644 0.0261786249422743 0.0368652584870505 -11.17772944459 -3.14596939276713 0.0119566872698657 3.22034537635984 11.3441832773936
"etap[265]" -0.0495911303200889 5.54583221570306 0.0261433037803097 0.0399387384630827 -11.1915673227863 -3.23074393001365 -0.0329301268496179 3.10038347383106 11.2031761196691
"etap[266]" 0.00619781225708914 5.62153894585478 0.0265001887287879 0.0380208949623714 -11.3226758052475 -3.16543314028923 -0.0146704588720054 3.18605339545111 11.2510371462505
"etap[267]" -0.0243810781540531 5.58665966048872 0.0263357662007527 0.0362464280524492 -11.3542112018801 -3.21378633625536 -0.0316743725168901 3.12916403344658 11.4088319282617
"etap[268]" -0.0104576308508421 5.60765436109536 0.026434736168539 0.0417287863476465 -11.5075917530483 -3.13045196420414 -0.0104474687121009 3.16933376320133 11.0953469541586
"etap[269]" 0.0221450240321035 5.56070841243805 0.0262134308442402 0.03963035687425 -11.1990121286336 -3.17460128004567 0.00918085628169397 3.20074582149825 11.2559529887792
"etap[270]" 0.0293121915201479 5.52491462989739 0.0260446973351814 0.0392895925740752 -11.1187128126926 -3.13716595433449 0.0265260871763067 3.14045021102456 11.3026515851667
"etap[271]" 0.0240774037659994 5.57336892205952 0.026273113058951 0.0400913185747528 -11.325015386568 -3.12568277022587 0.0553763838627507 3.21569824218728 11.243350176745
"etap[272]" -0.0358348267647444 5.52781652788767 0.0260583770134963 0.0377321848028538 -11.2318466465212 -3.15308417752213 -0.0275274993010303 3.14352731769786 11.0897359965118
"etap[273]" -0.0277731830839909 5.49897549579897 0.0259224190843874 0.0373156327518331 -11.2721040124729 -3.15430179663206 -0.0125227037341349 3.12576552494347 11.144434412418
"etap[274]" -0.00421042092899292 5.57505378670596 0.0262810555870635 0.0397828488923148 -11.3881105104852 -3.19411467529093 -0.0103519270972795 3.15193329430652 11.4225181039069
"etap[275]" 0.0907711629195543 5.45616059429919 0.0257205877031452 0.0370604330596242 -10.7281094609267 -3.10522711387198 0.0610818477691596 3.21309716348234 11.1367518001943
"mean.p0" -0.109907841598323 0.229198355370631 0.00108045140879585 0.00418046064133148 -0.569790692473216 -0.25466806996336 -0.108906043381667 0.0366453790179389 0.344222711041762
"mumup0" 0.810384932136887 0.067495887051742 0.000318178662909921 0.0010070257189242 0.664973406964326 0.768927776992536 0.814633823469642 0.857828776705785 0.927315560341034
"mupsi" 9.30200703417669 1.38639789877355 0.00653554237097041 0.00925607293234222 6.71472535993067 8.34730539171112 9.26034469729344 10.2104029876197 12.1352654978887
"ppo[1]" 0.464446068058388 0.094723289478335 0.000446529868842847 0.00112823149162468 0.263464267618489 0.409743499144679 0.466141263351064 0.52228115712301 0.653769628655952
"ppo[2]" 0.432463440014083 0.0996897055429894 0.000469941778692919 0.00155696124340211 0.209489998847298 0.374795898669448 0.442339070554259 0.496508896591626 0.613637165551227
"ppo[3]" 0.495867579688248 0.0972803539378683 0.000458583986304627 0.00131364608702494 0.308824241837565 0.435477578947579 0.488969012018671 0.551619019941691 0.711303689332028
"ppo[4]" 0.433267759092302 0.0999387886430901 0.000471115967687321 0.001607799297279 0.210434027068451 0.376245515593243 0.443838877783176 0.497511056151845 0.614924862678845
"ppo[5]" 0.433159277298938 0.0987930567553286 0.000465714935772269 0.00156780886437297 0.208869362290701 0.376811886107666 0.443818961971952 0.497501536345052 0.609324815864697
"ppo[6]" 0.433367378353497 0.0990319302000507 0.000466840995989658 0.00163942856486077 0.210915750720094 0.376445333695471 0.443499127842329 0.497139003068042 0.612293446548405
"ppo[7]" 0.494409149839313 0.0958607820521942 0.000451892060259681 0.00117575898889881 0.307925019502236 0.436168525350487 0.48813326889938 0.548687908073405 0.706478820009302
"ppo[8]" 0.464159220291027 0.0949742889114943 0.00044771309151792 0.00110116836992752 0.264112217891393 0.408491634723972 0.466028449689843 0.52138195316542 0.657837912438742
"ppo[9]" 0.463789131424409 0.094790916394678 0.00044684866518376 0.00112949006704671 0.262960390576248 0.408112915155281 0.466041803805776 0.521294953002195 0.654386498506601
"ppo[10]" 0.527014567558659 0.104248824726492 0.000491433672632201 0.00184337084594146 0.350689808709579 0.456127175377248 0.512568719184961 0.585547132649153 0.767492024498225
"ppo[11]" 0.525637654914672 0.103826060877642 0.000489440744736451 0.00191646827054404 0.347408283475463 0.455735682157919 0.511093301434993 0.585335430641234 0.763240711199894
"ppo[12]" 0.556773977082282 0.115200922307797 0.000543062355751921 0.00264637336944436 0.377903056775991 0.47346067575974 0.536137270489097 0.624978582861047 0.823749410324584
"ppo[13]" 0.403774547077195 0.107532789406485 0.000506914430594872 0.00237254729169288 0.160417072819999 0.339399802319728 0.420856778453243 0.478823412806696 0.580012634517898
"ppo[14]" 0.463814018336611 0.0948721482980599 0.000447231596048626 0.00111446682703669 0.262639832399991 0.408171012692419 0.465787526846256 0.522144624915607 0.654805793102088
"ppo[15]" 0.49550877818996 0.0968751474465275 0.000456673824585908 0.0012334547176231 0.310323136375897 0.435175044904059 0.489010738470032 0.551052064380827 0.707002880672542
"ppo[16]" 0.494915756360805 0.0963461655922565 0.000454180180210711 0.00122762282650878 0.310888526359282 0.435933439978122 0.487904053811659 0.549071446416446 0.711059139933119
"psi0" 0.999779269760145 0.000406904752461453 0.00000191816739841684 0.00000273668473722515 0.998788550306263 0.999763021798534 0.99990488651595 0.999963215712429 0.999994633157783
"sdeps" 0.403598430881055 0.287534972670705 0.00135545286002496 0.0100921650773741 0.0287975439031629 0.177536750928059 0.352221797114819 0.566420967152395 1.08600903229709
