"Mean" "SD" "Naive SE" "Time-series SE" "2.5%" "25%" "50%" "75%" "97.5%"
"N" 18.0903111111111 1.24481614181614 0.0058681195680578 0.0219471759172738 17 17 18 19 21
"betapsi[1]" 0.121209503427955 2.42732683509918 0.0114425284350314 0.0199248485225919 -4.86577667563859 -1.04602139380523 0.0251822991087967 1.17597989367607 5.72637674012013
"betapsi[2]" 0.0893037124096039 2.40593030082338 0.0113416642051627 0.0182730076355082 -4.95565445148611 -1.05303336432162 0.020787671112248 1.17077910463773 5.53092149239841
"betapsi[3]" 0.0909379152644511 2.41946951187214 0.011405488658126 0.0194171350104099 -4.93512740941632 -1.08756535988327 0.0111476874366413 1.15034501492275 5.66359611097854
"betapsi[4]" 0.0938743697089102 2.40954974558924 0.0113587264314165 0.0188053437653003 -4.89992308046976 -1.06624401090548 0.0149289474251311 1.17410733191281 5.57144227316222
"betapsi[5]" 0.0734552895443558 2.41967331952162 0.0114064494165993 0.0189206878903279 -5.03034505478391 -1.07172133629383 0.0111882761082756 1.13933325213818 5.5371096592506
"betapsi[6]" 0.0630377182089621 2.39860820867757 0.0113071475317708 0.0188032186247974 -4.89645923992507 -1.09273040647418 0.00664164687929658 1.13731586144559 5.50162447999247
"betapsi[7]" 0.114868202947548 2.43720960732837 0.0114891162700993 0.0194091033941609 -4.90487412970136 -1.06286418208723 0.0151647612506703 1.18312255036615 5.59538533946471
"betapsi[8]" 0.0814306826939222 2.40215970033893 0.011323889424018 0.0196061605030794 -4.94409886046608 -1.07162214201879 0.0150842758298848 1.13855296779379 5.52093100602851
"betapsi[9]" 0.105576604165556 2.41359579981319 0.0113777997139418 0.0192588115463379 -4.89025130012502 -1.07010157013656 0.0139371904558802 1.18218381627331 5.59175633979901
"betapsi[10]" 0.103474929856142 2.40787311177267 0.0113508227038081 0.0183254622890412 -4.86516621331783 -1.06010341146034 0.0209216971381701 1.16976028108998 5.58303710738204
"betapsi[11]" 0.0695461681554636 2.41218442810475 0.0113711464439031 0.018583522083856 -4.94297865191307 -1.08475920394641 0.00389916492758642 1.14955867768883 5.55485238152428
"betapsi[12]" 0.0892584799366224 2.41271074861155 0.011373627542566 0.0179059485258172 -5.00192994360703 -1.06879588690801 0.0229875924754955 1.17776725603957 5.54313331136997
"betapsi[13]" 0.107653209716467 2.41586669549989 0.0113885048188714 0.0194721270199627 -4.87227381462775 -1.05093374413857 0.0166456546272185 1.1517869423294 5.62243700690152
"betapsi[14]" 0.0666655892726917 2.43115884590919 0.011460592707227 0.0187239807596718 -5.07894062287245 -1.0889474093078 0.00818300059742744 1.16891368537279 5.5047948386601
"betapsi[15]" 0.056515811112696 2.39945951403986 0.0113111606237344 0.018339244143548 -4.98190551377657 -1.11300396631648 0.0077331526677316 1.14564707798478 5.4612214536717
"betapsi[16]" 0.0688019013485697 2.40994446129707 0.0113605871391074 0.0188991497841408 -4.98094005098452 -1.0972693909765 0.0115703889787115 1.15433653153835 5.48053338148754
"etap[1]" 0.56679683363883 3.82127225862548 0.0180136501788941 0.0523101608855948 -6.86761667348943 -1.43018662423501 0.444243878947578 2.43933460512572 8.77262508914525
"etap[2]" -0.246118636599047 3.14663807145081 0.0148333941217509 0.0431919354717954 -6.93220392564005 -1.88377833775856 -0.214635017753744 1.43449930724064 6.10859610662877
"etap[3]" 1.9731290853048 7.00757108890387 0.0330340069107382 0.136550840599013 -11.9284158912372 -2.54136371728277 2.43247276731119 5.96081197484895 16.3392007218844
"etap[4]" -0.995563557937847 4.26357405677733 0.0200986808509219 0.07357801403666 -10.1248250776072 -3.27818117235867 -1.04025823782658 1.47546090540673 7.43996675667848
"etap[5]" 0.573752223508817 3.73501880760984 0.0176070475114681 0.0453949010865167 -6.86303900426439 -1.40763759401437 0.468486720416178 2.44978750742828 8.55073717750357
"etap[6]" -0.341704577762082 3.29547641914608 0.015535024821457 0.0474609139217333 -7.22851123265678 -1.94619156907364 -0.269191947053581 1.39523811693132 5.99748555457882
"etap[7]" 1.96198357585426 7.01289490031383 0.0330591035984031 0.149696006333003 -11.7814071018858 -2.53687553181867 2.33960532388628 5.91788932421336 16.531547451565
"etap[8]" -1.78656689166516 6.16684156184664 0.0290707699125653 0.136014642206873 -14.2317508640277 -5.30628730410561 -2.43646594929367 2.47132555929807 10.3247207007177
"etap[9]" 1.98573319308304 6.99835615041204 0.0329905672740996 0.150368346534566 -11.6649367371739 -2.51745945171049 2.38721829421007 5.94267128015537 16.4001933032807
"etap[10]" -1.74874650369328 6.04117025016896 0.0284783496679793 0.130514722613493 -13.9584898057487 -5.25386657274346 -2.46437944510086 2.4944447414363 10.2319155830545
"etap[11]" 1.96048858511214 7.0709991627587 0.0333330097183405 0.160638810927855 -11.8059147184524 -2.5535210189246 2.37453545508957 5.92163004951467 16.6057534626046
"etap[12]" 1.93180579810467 6.98903524086787 0.0329466280851295 0.136275428157002 -11.7601237709058 -2.58127461517733 2.34829695929029 5.89764243499548 16.2390840741568
"etap[13]" 0.551568683361614 3.79724844073364 0.0179004008152853 0.0499620102359398 -6.79110349112732 -1.475385374448 0.425194797294844 2.37770109502293 8.88294444896988
"etap[14]" 1.94008799423294 7.09595916637204 0.0334506723037634 0.150631606693719 -12.1278665740774 -2.58148825885079 2.3795303406701 5.86549282320733 16.7338656094055
"etap[15]" -1.74466071714225 6.11170677705052 0.028810862044508 0.131241142001572 -14.2090468912843 -5.26265767340757 -2.43188450063711 2.52417337943452 10.4413908563654
"etap[16]" -0.314212285046629 3.21977463679958 0.0151781631971562 0.0446961698923788 -7.1124247684965 -1.92358147569551 -0.240108253829095 1.40867933369473 5.98035168165645
"etap[17]" -1.75107142167724 6.17263496251235 0.029098080265211 0.121463249699558 -13.9694792322645 -5.28181798404155 -2.45523005218784 2.54849741560476 10.4044706925496
"etap[18]" -1.5899248056332 8.02528735478548 0.0378315673969298 0.112359689984895 -17.4681395541599 -6.56080367616096 -2.21165801226951 3.9557734128959 14.0419413020849
"etap[19]" -0.740145284980778 7.06052804888635 0.0332836484141691 0.0825221717109502 -15.1365731147474 -4.94446648849149 -0.751337260000721 3.6194063418813 13.1314183866689
"etap[20]" -0.376239567789921 6.52044442194904 0.0307376697807345 0.0600500949631319 -13.8410186216721 -4.07699302243529 -0.286489762223938 3.42058959380857 12.4498427471288
"etap[21]" -0.0829636042274132 6.31326340741716 0.0297610091120104 0.0534937312137687 -13.0491696373274 -3.55994597238384 -0.0991111331507049 3.41535789097354 12.5497268372367
"etap[22]" -0.00994885431891532 6.23092853353604 0.0293728787943472 0.0487985708529805 -12.4659336609143 -3.53474988198994 -0.023145685735092 3.43238195674324 12.6655460737407
"etap[23]" 0.0590235823797494 6.31072943719947 0.0297490638618487 0.049320740770584 -12.5331184048326 -3.42404620595997 0.0440313434165836 3.4660112163966 12.9604651043007
"etap[24]" -0.00272629560182523 6.16008410651351 0.0290389149626345 0.0457453629977037 -12.6007838776894 -3.43618833971939 0.0153493835088953 3.43907347697163 12.6120765379935
"etap[25]" 0.0206123059989802 6.12391767750971 0.0288684247813019 0.0426615203964837 -12.2293596296189 -3.4075442538465 0.0290499198373535 3.44042694388346 12.5270908417592
"etap[26]" 0.00915259589356904 6.20805007276195 0.0292650286959708 0.048157998421474 -12.36142497012 -3.45814826846252 -0.010136337638945 3.40297706660477 12.8255022589574
"etap[27]" -0.00340414508040964 6.13644611692336 0.0289274844110824 0.0459507491848923 -12.3033928547815 -3.34752945662425 -0.00820372981059633 3.38602127286136 12.3494847602018
"etap[28]" -0.0388644677935304 6.19575228260275 0.0292070563572029 0.0445521050008396 -12.6529228231937 -3.45373772958346 -0.0300261857809851 3.37377138958402 12.5258975754393
"etap[29]" 0.0214600197444657 6.16791006649939 0.0290758068918033 0.0440699305752037 -12.7305843546983 -3.34992417336676 0.0123231130687474 3.41722066108028 12.6093645706511
"etap[30]" 0.0206201965756994 6.31449833831643 0.0297668306320982 0.0534078371899569 -12.6410247680589 -3.41851904810918 0.0487604433569064 3.42927817406607 12.7464651116768
"etap[31]" -0.0604659433004102 6.21489440061275 0.0292972931668772 0.0506482174877827 -12.7191681511264 -3.48118174043265 -0.0349937198458937 3.39553292715308 12.7255005132043
"etap[32]" 0.0292531917465826 6.19647100627954 0.0292104444531073 0.0451329352704538 -12.5622935002269 -3.42246676429686 0.0594601831160682 3.46589211296228 12.574576652404
"etap[33]" -0.0376901064318499 6.14199023028478 0.028953619612106 0.04294170444578 -12.4896432848876 -3.44576486903067 -0.00104959303494418 3.38823319065144 12.4484015452077
"etap[34]" -0.044461220829006 6.08212301049833 0.0286714028315607 0.0433235277541687 -12.4739408258045 -3.45505516871914 -0.0225600377870036 3.36252311038369 12.3199931806329
"etap[35]" 0.041424580393535 6.19690974630947 0.0292125126934429 0.0465889148639733 -12.7584852694755 -3.42735226166621 0.0331240819612345 3.43275436685702 12.7215597150697
"etap[36]" -0.0559155504262665 6.12638881691867 0.0288800738441908 0.0446961803433689 -12.6082515166858 -3.44465709373084 -0.0283927810798063 3.3832855684289 12.227903800747
"etap[37]" -0.0170512595942423 6.1056542487712 0.0287823301525772 0.0487512534184958 -12.1720948981007 -3.44697162578139 -0.00775269731183958 3.39465471358076 12.1850311670107
"etap[38]" 0.0326439539676431 6.16798950059124 0.0290761813477033 0.046896303175536 -12.4150066131857 -3.40793807791265 0.0200998209192327 3.42659921495657 12.6528855574792
"etap[39]" -0.0767691724651717 6.12850037121001 0.0288900278065791 0.0457904546510128 -12.7672349266497 -3.43595871062359 -0.0150361175757322 3.355135692962 12.1219606962864
"etap[40]" 0.0598401336822495 6.10468639683028 0.0287777676547731 0.0420996484932239 -12.3566466238467 -3.38967098188485 0.0255524100956409 3.45684715121764 12.5936690273089
"etap[41]" -0.0390441981897103 6.18906890174302 0.0291755505976885 0.0472667428667701 -12.6738080361451 -3.4566283719101 -0.0317314747031909 3.36554638592488 12.6432340590901
"etap[42]" -0.028170158198061 6.21494045364529 0.0292975102629545 0.04461329183382 -12.8181603007949 -3.4343516995404 -0.0226270325993973 3.40440638081953 12.5426388636113
"etap[43]" 0.00416489782780978 6.16027385579597 0.0290398094493302 0.0468793344416527 -12.670721095831 -3.3805580315854 0.0174909588411704 3.43795121337737 12.3257903850164
"etap[44]" -0.0223755083675987 6.21839514856844 0.0293137958510018 0.0442416271607289 -12.8906813157046 -3.4913382049963 -0.00785971718611611 3.46836063649764 12.540697353622
"etap[45]" -0.0455310962247379 6.2610278103498 0.0295147681459727 0.048758644422776 -12.5162160639909 -3.4521425130041 -0.0337841607149127 3.39013998048822 12.2920818689855
"etap[46]" 0.0598928192299582 6.23657227017959 0.0293994836240265 0.0470511156495141 -12.5103742688925 -3.35761198532531 0.0511313189377034 3.463939918955 12.5985802045352
"etap[47]" 0.045979425349112 6.23100145896234 0.0293732225681036 0.0507852701148564 -12.5729142025108 -3.37703728588956 0.034108166449139 3.46800271559716 12.5739754426743
"etap[48]" 0.0538022915129177 6.1490816662788 0.0289870489619708 0.0444312182429076 -12.2436550157302 -3.40135769943491 0.0230178425092637 3.47699800474662 12.4739578262589
"etap[49]" 0.0391810681415347 6.20194596284161 0.0292362536458522 0.0455490624789505 -12.3992766010745 -3.42538088642846 0.0319243019301433 3.49041567940177 12.7551892568712
"etap[50]" 0.00325550944565723 6.20935577646977 0.0292711838422776 0.0473883341600122 -12.4148430007681 -3.44166714869134 -0.000951115043533407 3.39271293204515 12.5373414657677
"etap[51]" 0.0407186593253451 6.11243432230716 0.0288142917257386 0.0459542941452036 -12.1823770335189 -3.39016906656415 -0.00337271130231824 3.40636279409447 12.398639988695
"etap[52]" -0.025281790878972 6.23085684763983 0.0293725408637917 0.0487185777777483 -12.6266191179002 -3.45440818168333 -0.0429864622161252 3.43768968588466 12.6104724133545
"etap[53]" 0.0394085114388058 6.20385569229756 0.0292452561968425 0.046403795523153 -12.4872630799799 -3.40328068449928 -0.0145020471964065 3.45134789203085 12.496421355874
"etap[54]" 0.00512690269258049 6.18002091782601 0.0291328979924632 0.04105628228625 -12.5393024729989 -3.4254902780196 0.0108587279053401 3.36512353587648 12.5883577165664
"etap[55]" 0.0362374014059874 6.2332453731572 0.0293838004810609 0.0491457357124169 -12.4901696413712 -3.4494996908489 -0.00927370415810193 3.47408271220437 12.791968307933
"etap[56]" -0.0626966082920373 6.27926308272593 0.0296007300443323 0.0484122045352536 -12.8306943051369 -3.47444428372345 -0.0163875987487942 3.39582761804199 12.5949290083694
"etap[57]" -0.0318134699408407 6.16403333455189 0.0290575318021438 0.045565786768927 -12.515321094233 -3.47389902447548 -0.0334737655734262 3.39485689266149 12.389881611477
"etap[58]" -0.0626515291557924 6.25179195225361 0.0294712298933734 0.0483357101440666 -12.6410961602263 -3.50648832980783 -0.00779756179000079 3.40749506184379 12.6177843949973
"etap[59]" -0.0333049628772854 6.16949185123551 0.0290832634965585 0.0439343348103969 -12.6408836764519 -3.46704495821051 -0.00431921691896688 3.42852389189746 12.3624000767543
"etap[60]" -0.0336668913158103 6.2028504139591 0.0292405172693084 0.0462868778932777 -12.5379605332829 -3.46078013716322 -0.0469942409733709 3.40833907101152 12.6281981858689
"etap[61]" -0.0240909266897272 6.17516471085879 0.0291100056132808 0.0435338607910614 -12.624933236178 -3.40333398773939 -0.0325376721720223 3.36615747528145 12.5369864016681
"etap[62]" 0.00127489086279639 6.18032069172655 0.0291343111401825 0.046222421308368 -12.3719017734572 -3.4804156412911 0.00567248895678537 3.48711022484042 12.555387134773
"etap[63]" -0.0666459705001699 6.21111975189326 0.0292794993021696 0.0477906347379656 -12.6534135095206 -3.45757504333272 -0.0544834448290521 3.3253389395139 12.2651758113797
"etap[64]" 0.0511510338417682 6.22351638397546 0.0293379375862309 0.0469210200401177 -12.6560935646449 -3.32080567060602 0.0531753798798464 3.43824497763446 12.681516136302
"etap[65]" -0.0135292420393399 6.074748490957 0.0286366390130563 0.0417931346446973 -12.2666612365343 -3.42265476941438 -0.00414632166139836 3.39534343676624 12.1742202050025
"etap[66]" 0.0181857373903431 6.22263270014599 0.0293337718607093 0.0461369482831969 -12.75005353846 -3.4511816032194 0.0157828895180833 3.48073154528815 12.524953699263
"etap[67]" 0.0647046559920686 6.12052446630975 0.0288524290303053 0.0434270322041431 -12.1092427280846 -3.37775286810613 0.0119166509104338 3.44531716133729 12.8067687815418
"etap[68]" 0.0476460305900394 6.19891630436224 0.0292219716988159 0.0484121029535297 -12.5461250822493 -3.39350448512256 0.00930042297766727 3.46859375830848 12.6552472189808
"etap[69]" -0.0225176683875197 6.18965720425472 0.0291783238823245 0.044970817874071 -12.4831061957477 -3.4758426149206 -0.0246295814486259 3.42148137171663 12.4538551887277
"etap[70]" -0.00885428172789716 6.14204515979636 0.0289538785523068 0.0457121620889209 -12.5773646015702 -3.43549637745336 -0.0266672246527368 3.41110987913018 12.4687659700911
"etap[71]" -0.02904683034101 6.26901962305387 0.0295524419123528 0.0489315972010675 -12.8002376424108 -3.44772498439631 -0.0201019525366745 3.45550624160607 12.569292361132
"etap[72]" 0.0325447734865404 6.22919975297807 0.0293647292446424 0.0458617950569894 -12.6034720587214 -3.35056851346199 0.0210073161210662 3.39704424388366 12.7527684130503
"etap[73]" 0.0956604733780296 6.17645941905661 0.0291161089262564 0.0458809110471625 -12.2658242792995 -3.35780431516954 0.0779812420026809 3.4758486000746 12.97134528343
"etap[74]" -0.0815393787073355 6.1306312748114 0.0289000729824898 0.0462242359560746 -12.5316624263066 -3.46440360683102 -0.0437069156007275 3.35534800653362 12.235556021845
"etap[75]" -0.00685374189622755 6.21969416125622 0.0293199194555376 0.0441390542479759 -12.529196029085 -3.49392885302658 -0.018793390690258 3.45052210161957 12.5530306493784
"etap[76]" 0.0711217866998849 6.29541706673627 0.0296768806552449 0.0584630807154508 -12.3031084438605 -3.38612817595409 0.00508733249043763 3.42940003818114 12.7706129149931
"etap[77]" -0.0377543542596999 6.18428251944296 0.0291529873751436 0.0462171335286552 -12.621306278624 -3.44370824242972 -0.0282780487367266 3.35011576938115 12.5692899256634
"etap[78]" -0.0258295586575731 6.23381405108756 0.0293864812545333 0.0472752734910117 -12.714800004215 -3.39998803759545 -0.0286053368241642 3.38472237261692 12.5609403529675
"etap[79]" -0.0283564359776873 6.18405701188613 0.029151924322326 0.0458028819519215 -12.3730432923967 -3.46102410402887 -0.0627032325731189 3.36090066160139 12.4606330731604
"etap[80]" 0.0590889569897118 6.20565866865555 0.0292537555089028 0.0448654291164925 -12.6045755325727 -3.38440832779907 0.0633746594189985 3.47254157482693 12.6657204783502
"etap[81]" -0.0549926746253073 6.26557667352217 0.0295362116926119 0.0536266831369328 -12.88432185414 -3.48245419161104 -0.0148743781141544 3.40762167216357 12.55562564061
"etap[82]" 0.015510919097746 6.13601871945581 0.0289254696400986 0.0463829001824543 -12.4513343993354 -3.41144912075089 0.00587493509320812 3.41564130690855 12.4748564295733
"etap[83]" -0.00233374684725578 6.1241902204635 0.0288697095611072 0.0452932831919694 -12.433722113975 -3.39375604442528 -0.00751496311174579 3.35579619783518 12.4902947229484
"etap[84]" -0.0138206615857746 6.19270660586638 0.029192698899379 0.0481382713820101 -12.694817562327 -3.40454177745243 0.0223314612412576 3.44544221591104 12.419074552289
"etap[85]" 0.0932091035930215 6.225992273725 0.02934960904244 0.0496951185755645 -12.3836110606921 -3.36914348959379 0.0531526886550443 3.50566537209643 12.6282170720887
"etap[86]" -0.0146705531047784 6.23046327351731 0.0293706855375855 0.0449541219799007 -12.7539095714485 -3.47392861027968 -0.019345458691534 3.39338468323314 12.6346010570471
"etap[87]" 0.0413275292264315 6.23765781975058 0.0294046009537795 0.0478433245617084 -12.3881146655593 -3.41211709120818 0.0339570895141131 3.49038175667837 12.5413178910695
"etap[88]" -0.0798386319271145 6.27791295501118 0.0295943654812485 0.0434034708107636 -12.9101124574131 -3.46250879503936 -0.0354355216772247 3.37222614174823 12.3878468704928
"etap[89]" -0.0259956215104497 6.1258220524578 0.0288774020909 0.0445930443749305 -12.6517760602434 -3.38615213795465 -0.0220068482583286 3.39858117199711 12.197061241859
"etap[90]" 0.0504622641439351 6.15002370811881 0.0289914897897923 0.0434968756963349 -12.1862518530878 -3.39364208342383 -0.026528113581912 3.40371449919135 12.8747533332945
"etap[91]" 0.0354947462547838 6.22555505022825 0.0293475479511104 0.0501843242953262 -12.3953353726968 -3.37240034118549 -0.0103731011004353 3.41272844088821 12.6989488412719
"etap[92]" 0.0265468455658473 6.15039836289534 0.0289932559293462 0.0443636253063425 -12.4148730149905 -3.41052316957493 0.0245895866389465 3.44851494864204 12.5081901048612
"etap[93]" -0.0310650456812699 6.18353948849038 0.0291494846936423 0.0470433658919466 -12.5137065479502 -3.50444760365691 -0.0383715644786876 3.39261935369798 12.6061504295641
"etap[94]" -0.0646074426360899 6.18856972958333 0.0291731974775612 0.0484390036870081 -12.7969827027048 -3.4407181827321 -0.0701681058154399 3.40438184838251 12.2173104534736
"etap[95]" 0.0196463047999603 6.18778601107473 0.0291695029930813 0.0448214138914418 -12.4646609000248 -3.43762857726949 -0.00561299610633387 3.43663824001545 12.6191002738697
"etap[96]" 0.0227470559155647 6.18422409897339 0.029152711978409 0.0442183815456749 -12.4298847608758 -3.41472789452287 -0.0361304122136607 3.44572967720183 12.7934525084833
"etap[97]" -0.047142356416824 6.14887281935411 0.0289860644481262 0.0405316588682803 -12.5851178285324 -3.46382641907686 -0.0503716373856457 3.39443191649089 12.3473943037726
"etap[98]" 0.107184243438117 6.13974736748035 0.0289430466554507 0.0440449554331549 -12.2039058687157 -3.37159997152117 0.0621778914689031 3.48481039560092 12.7748138752733
"etap[99]" -0.015583316349828 6.18239940506851 0.0291441102888508 0.0457745588716181 -12.5453288413342 -3.4582633781986 0.0170427745600816 3.42336259193997 12.4589806741804
"etap[100]" -0.0563790497817562 6.1613766720918 0.0290450081752048 0.0475378780365277 -12.4279301538961 -3.46120962384701 -0.000432389199070796 3.39685631934729 12.3308020060128
"etap[101]" 0.000351682753680471 6.2018158551919 0.0292356403125096 0.0495443508135002 -12.3654512198143 -3.40901354641715 -0.031130779042945 3.42169575937194 12.5103386694598
"etap[102]" -0.123726840442962 6.18413689118714 0.0291523008769622 0.0466267473756031 -12.8041633656168 -3.55187736075548 -0.0620295524846731 3.36873360921007 12.1920120313768
"etap[103]" -0.0134254855218533 6.21031251294686 0.0292756939412826 0.047530758189035 -12.7486380859485 -3.41644096855727 -0.002761322476924 3.44547063136272 12.5299872272945
"etap[104]" -0.0311886215279922 6.23437187336305 0.0293891108539579 0.0451087858200705 -12.6326495159685 -3.42597618114128 -0.0205624682048812 3.38940288714736 12.6257508092479
"etap[105]" 0.0197500690338101 6.16534828369374 0.0290637305318446 0.0447438268589767 -12.6031794076996 -3.42559888369943 0.0368684947589849 3.42908329742792 12.6591592070861
"etap[106]" 0.00742972424959136 6.2093987115578 0.0292713862402235 0.0453849847962749 -12.4378176568227 -3.49723120890901 -0.0526185180385368 3.42645269398048 12.6047146369286
"etap[107]" -0.0304521712308261 6.17364782339985 0.029102854937224 0.0495284172234654 -12.4660529890509 -3.41208773424949 -0.00432227461912939 3.35205558740985 12.3214631170391
"etap[108]" 0.107087253413812 6.21504063318696 0.0292979825138429 0.0431449374993085 -12.4146527043198 -3.34536444395334 0.131453865346626 3.50416682666151 12.5672830934993
"etap[109]" -0.049284315331263 6.23938389553097 0.0294127377530406 0.0442857171989358 -12.8441272164049 -3.47212287977356 -0.0103847380370335 3.39623400428772 12.4960932934839
"etap[110]" -0.0591376424161536 6.2260330778714 0.0293498013950308 0.046730844155917 -12.8246145144651 -3.46534719682024 -0.0398721206195987 3.33909875875188 12.6604124817036
"etap[111]" -0.00741787214002522 6.13951316565899 0.0289419426174771 0.0448041728781334 -12.5113178415573 -3.36383990374218 -0.00338219188792662 3.40113371545978 12.3528218099807
"etap[112]" 0.017857717090209 6.23763734267778 0.0294045044239326 0.0448037286370196 -12.5782000055804 -3.44482531657824 0.0119772243008207 3.40575573210778 12.7641711824197
"etap[113]" -0.0289567239680474 6.20947263139623 0.0292717347016837 0.0466429274220715 -12.6171231992271 -3.45240834517134 -0.0396707540473665 3.42121673920034 12.6264135517323
"etap[114]" 0.000139597741648839 6.21100995757565 0.0292789817267927 0.0484236171080525 -12.7439243365697 -3.45303711984399 0.020885788111638 3.46546272383059 12.556267242137
"etap[115]" 0.0566247861168682 6.1515131846062 0.02899851124929 0.0474226678097044 -12.246814637113 -3.40077161551576 -0.0112569396245371 3.40565969415649 12.746488905324
"etap[116]" 0.0172771213638389 6.24020926226388 0.0294166285691326 0.0467003850669282 -12.5429135988114 -3.43506638411818 -0.00851520404257727 3.46306400028794 12.5574264227446
"etap[117]" -0.0554869008865035 6.17535938267144 0.0291109233050063 0.0467394304168728 -12.5706063550971 -3.44130151901859 -0.00930353514896261 3.37704028135277 12.3576090476595
"etap[118]" 0.0129144467028957 6.23619043655799 0.0293976836430723 0.0515013733897251 -12.5352440425115 -3.38083090764313 0.00692779685608896 3.40289992684182 12.5077632421042
"etap[119]" -0.0219384457763517 6.13501835786153 0.028920753890319 0.0451325618933086 -12.3619434504515 -3.44518776033537 -0.0269789022544968 3.37773205558467 12.4596705187275
"etap[120]" 0.0251439028815717 6.21024489441731 0.0292753751844774 0.048054216116145 -12.4987892183163 -3.44505994327732 0.0217449100560146 3.4610769330476 12.7397097627391
"etap[121]" 0.0273373783517935 6.20783784920467 0.0292640282645276 0.0450609120778227 -12.4699726571254 -3.42612766503389 0.0296725936193286 3.47958553340725 12.6710377524244
"etap[122]" -0.0590595404164519 6.23328145162063 0.0293839705565685 0.0514663913599954 -12.5735339091461 -3.46866663918318 -0.0516537005983278 3.42930006555815 12.4310252393881
"etap[123]" 0.0417033303853191 6.16739239206814 0.0290733665511314 0.0486118081541715 -12.3468943951564 -3.36850429562448 0.0341005333257182 3.42261499365727 12.5459812964544
"etap[124]" 0.0225041417300735 6.23177904143888 0.0293768881270509 0.0451693880211262 -12.5785684051106 -3.40951959119656 -0.00980207980619751 3.44944443513293 12.6148451290003
"etap[125]" -0.0620345542036234 6.21458580889798 0.029295838451583 0.0474248146903116 -12.7819239868357 -3.45159958751535 -0.0311242837294002 3.37510920599122 12.3938192534754
"etap[126]" -0.047875279085805 6.14170906171374 0.028952294170751 0.0451134183467417 -12.5835228157681 -3.44987483465731 -0.0521189124333704 3.31990891941469 12.4070234455426
"etap[127]" -0.00455173321317018 6.25725331809159 0.0294969750188306 0.0457124270796998 -12.6816334763599 -3.50145431561041 0.02280651307097 3.48360864836453 12.5843019082438
"etap[128]" 0.027967231670605 6.17276917778893 0.0290987129620924 0.0455660168385037 -12.628687969485 -3.32261065666868 0.0314560360288869 3.4345546340986 12.6161997916728
"etap[129]" 0.0029110347246812 6.1503933949536 0.0289932325102443 0.0418988967615554 -12.589188681096 -3.40954626194909 0.0321384285633826 3.39525632386162 12.5004821839689
"etap[130]" 0.0320054196326114 6.17891752647745 0.0291276965557641 0.0468775970436791 -12.4985016334821 -3.41401704920474 0.04776720971613 3.4541920698067 12.533055023274
"etap[131]" 0.0178295130008826 6.1664619795127 0.029068980544283 0.0460181832401198 -12.4699929826497 -3.42037834111985 0.0326867692982209 3.41724339637077 12.4310192754356
"etap[132]" -0.0182839043326439 6.19942704392254 0.0292243793481927 0.0462720309986577 -12.5859740407701 -3.47606868309113 -0.0407029134016615 3.36411888107063 12.7979431583577
"etap[133]" 0.00627407590827418 6.13648152846279 0.0289276513426802 0.0445282639952699 -12.5998197319856 -3.40601972424125 0.0419109765342002 3.46297501653947 12.3523183154142
"etap[134]" 0.00648611167726604 6.11665009665236 0.0288341650765882 0.0491072538649321 -12.2461469462663 -3.41205493785483 0.0165165235827845 3.3967313537991 12.2939351224091
"etap[135]" -0.0139579411850901 6.15394604416043 0.0290099798592131 0.0456970415832358 -12.5878579853945 -3.43468019885299 -0.0189453730685817 3.43550782959067 12.5060706845826
"etap[136]" -0.046925389843868 6.17117083039715 0.0290911782802296 0.041852203498869 -12.6277244880553 -3.45030232181613 -0.031945651607563 3.3785516298542 12.4682484483822
"etap[137]" -0.0066730360480646 6.10902145015904 0.0287982032921436 0.042707149451813 -12.4708632124634 -3.36307920599856 0.0342280766226158 3.43159185156028 12.2570874573526
"etap[138]" -0.064995773709836 6.24395881160542 0.0294343041142379 0.0444647209190981 -12.8495057907436 -3.48134515904267 -0.0478014606422913 3.34669221522291 12.7041223514543
"etap[139]" -0.00434376526358291 6.19982117008484 0.0292262372767394 0.0489602226016274 -12.4903948452268 -3.39585917182155 -0.0102612795072933 3.43051083524054 12.4089334037722
"etap[140]" -0.0208326883737748 6.26329155873618 0.0295254395582054 0.0484421049799307 -12.697466403847 -3.43806867943616 -0.0160478728010718 3.42999920337112 12.7808098922795
"etap[141]" 0.0383171410668813 6.21582812821799 0.0293016948010202 0.0462688973601665 -12.5606667410858 -3.4138059434925 -0.0265201325622138 3.43957736688007 12.9090373448708
"etap[142]" -0.0331120617922845 6.16806139661173 0.0290765202687941 0.0452958363877773 -12.6534945072414 -3.46747136752819 -0.0517462006926009 3.4256600221782 12.5045900963782
"etap[143]" 0.000236705116709792 6.21534383829207 0.0292994118364156 0.0451780035194569 -12.5879249588221 -3.4334647110006 0.0190586547874482 3.46898610558824 12.2849830029307
"etap[144]" -0.0145540991540773 6.13456707022957 0.0289186265000201 0.0437039866738305 -12.592995630149 -3.41210288642669 0.0075272452864595 3.37229038844624 12.6266228536458
"etap[145]" 0.0490396773542427 6.10071925355457 0.0287590663620251 0.0420484874882646 -12.4243304447249 -3.35308628521994 0.0593450412912047 3.45250575023967 12.4695903522642
"etap[146]" -0.0358592805101393 6.12719901841666 0.0288838931706799 0.049143245317142 -12.5528188104689 -3.45191466450014 -0.0130553014535796 3.45398548655495 12.2784900936663
"etap[147]" 0.0383893267192874 6.13310581434153 0.0289117380737036 0.0435280095432475 -12.5439509871664 -3.36439787267459 0.0759739309058095 3.44280642223449 12.3852759709853
"etap[148]" 0.0113535785256281 6.22429797146882 0.0293416220250085 0.0484103783857114 -12.5018433510876 -3.39992088375333 -0.00580481491862772 3.42360995554915 12.5996514303367
"etap[149]" -0.0654321112629631 6.09503463284356 0.0287322688030036 0.0435110473061702 -12.6397047639717 -3.4972732218361 -0.0147572912264555 3.40899240918642 12.2171723699894
"etap[150]" -0.00229675641318787 6.18245648109059 0.0291443793477992 0.0520251508668663 -12.472938355278 -3.4376870298254 -0.045399439868497 3.42897595682079 12.5271944821084
"etap[151]" -0.00635339461207736 6.14212600915731 0.0289542596798493 0.0474967768285932 -12.4085047245737 -3.44033920468206 -0.0152994800022332 3.44158811379833 12.4249601439643
"etap[152]" -0.0557850418981238 6.13480002550447 0.0289197246617174 0.0447132929641117 -12.7437127990469 -3.45979313984176 -0.0618710522140219 3.40344865097632 12.3321641408033
"etap[153]" -0.0390348734298729 6.12018035524663 0.0288508068751972 0.0421777079312478 -12.444261003658 -3.43124367167504 -0.026464848438116 3.32875772131065 12.4376912204987
"etap[154]" -0.0259549499890561 6.13658269671743 0.0289281282544062 0.0432608974307106 -12.65736450059 -3.4433113565493 -0.0135969217792265 3.42649711644603 12.5131472748671
"etap[155]" -0.004243646977986 6.21212293225181 0.0292842283397314 0.0451511276155095 -12.5973186973197 -3.44898659558674 -0.0170796911554888 3.41050138395525 12.5292250072789
"etap[156]" -0.0232415198142125 6.19075985316668 0.029183521819144 0.04804730935846 -12.6326172698216 -3.44273504103859 0.00289928667122097 3.43918864364618 12.4333228828454
"etap[157]" -0.0012832937021627 6.17473755559034 0.0291079919840345 0.0483096048385331 -12.6871717725928 -3.40176071479184 0.00412020531018873 3.42805032951487 12.5249236478954
"etap[158]" -0.00738852793920792 6.18285606704008 0.0291462630140295 0.0507855421325123 -12.5495160278499 -3.38486135976445 0.00538641455031157 3.41398033584223 12.5002363972552
"etap[159]" -0.00804026480002477 6.30926662708985 0.0297421681088614 0.0499292292710051 -12.5765914372156 -3.43637488253247 0.000649843403621387 3.42342775781452 12.5351644526969
"etap[160]" -0.00461005557064406 6.15874064152433 0.0290325818079403 0.0478172755915958 -12.3949453921503 -3.40383138075087 0.00381286411670859 3.41577213070301 12.3368341991141
"etap[161]" -0.0255121850366588 6.17646336668762 0.0291161275355674 0.0483046287228432 -12.576079427787 -3.43670754102221 -0.00765811863742397 3.37905921143291 12.5162215329483
"etap[162]" 0.0982346149208087 6.19226226415038 0.029190604252442 0.0473184805588114 -12.469612612034 -3.35745206240415 0.0922689618843599 3.49895228132396 12.7451283507841
"etap[163]" -0.0159516183223026 6.14543138875289 0.0289698413886922 0.0448223594317384 -12.6767686116533 -3.40871660081714 0.0288217945904338 3.40292668189885 12.4765125691655
"etap[164]" 0.0417647023104461 6.16848630777617 0.0290785233192327 0.0470477775054901 -12.462078996885 -3.32583000750904 0.04095526826301 3.43933742751324 12.5493532492216
"etap[165]" -0.0824775574253334 6.21295947425428 0.0292881718365494 0.0455378962352057 -12.8642725551871 -3.46103385834414 -0.0410770722216757 3.42101690803331 12.2258206372342
"etap[166]" -0.0227333300970984 6.28182238260754 0.0296127946996748 0.0414753838146927 -12.7421097024937 -3.450394102311 -0.039536680603371 3.35846533469876 12.8506232554327
"etap[167]" -0.031056095192615 6.22669635516091 0.0293529281141589 0.0451034638018277 -12.7380563697521 -3.40067977483703 0.0210708963919682 3.46033000512273 12.3974697383017
"etap[168]" 0.0195117776103403 6.20802034560728 0.0292648885608198 0.0457392833385867 -12.6796395589398 -3.38998133843487 0.0115272202896666 3.47572412008498 12.6485102190839
"etap[169]" 0.0792341554880914 6.10431694761843 0.0287760260544864 0.0444609833800481 -12.3932527812415 -3.3430934334841 0.0452620476844951 3.47017167171026 12.5529146972831
"etap[170]" 0.0252074199845807 6.27001449138422 0.029557131766638 0.0447327124211387 -12.71719017971 -3.42073374097764 0.0387512929136327 3.45502686761072 12.7828092242155
"etap[171]" -0.0704935645467526 6.26135993760091 0.0295163338088492 0.0475565534521397 -13.1376393679078 -3.48955235938582 -0.00388776317911182 3.44763109345658 12.3250956744603
"etap[172]" -0.089234725550649 6.24118005019331 0.0294212049073193 0.0474383875285617 -12.6200016211597 -3.50562756994153 -0.0580750532886054 3.38919417919697 12.2518609731901
"etap[173]" 0.0122873975404146 6.29351510924592 0.0296679147416519 0.0511968209616495 -12.5812770877959 -3.406790051826 0.0451456833097757 3.46363703213772 12.5423945547783
"etap[174]" 0.0437109643356292 6.28665289181763 0.0296355659384684 0.0464264459507132 -12.6524360060709 -3.43017977765128 0.0390330710566224 3.517497364842 12.9052689313953
"etap[175]" 0.0286067349016079 6.11723635685037 0.0288369287336653 0.0412419089233516 -12.3772197688795 -3.40501095233005 0.0215678192770515 3.42959861049461 12.6503981728205
"etap[176]" 0.0181643849709166 6.15265692056534 0.0290039028723073 0.0465400391211163 -12.3992747696819 -3.41741272463915 0.015697997283669 3.42280081974808 12.5754434454313
"etap[177]" 0.027629954738807 6.17088908230291 0.0290898501069761 0.0464208603641657 -12.4943641520962 -3.38813831323624 0.0225675491506027 3.42608167587095 12.5528406623057
"etap[178]" 0.0918030463526854 6.27039642329993 0.029558932210955 0.049535687343815 -12.2258146117917 -3.42180500488129 0.0206293454496563 3.48712442807863 12.8418092563499
"etap[179]" 0.0337633986519107 6.19000922499065 0.0291799833239878 0.0455566813356066 -12.6760097628413 -3.38850199209141 0.030981696200714 3.46769707088794 12.6120391289664
"etap[180]" 0.00196596876259087 6.33294912559252 0.0298538084774393 0.0498179680957073 -12.8464350371754 -3.48524815162574 -0.0285528221728889 3.490793164653 12.5866133234997
"etap[181]" 0.0223879533181284 6.21782973700161 0.0293111304753147 0.0466701892466318 -12.7679035114284 -3.46606158525127 0.0386030382773725 3.50863606250629 12.69135362785
"etap[182]" 0.0807180066930423 6.16106908890682 0.0290435582141656 0.0446001071526755 -12.3928562497799 -3.3199871025306 0.0342868391578756 3.40844966081108 12.7245924666668
"etap[183]" 0.0957728754118596 6.08417344025727 0.02868106865014 0.0435436844798166 -12.0787010894196 -3.32045287102029 0.0515422564594831 3.48238046723892 12.4347424208383
"etap[184]" 0.00000329853591935841 6.20184359466321 0.0292357710776314 0.0472697640089124 -12.6684073424313 -3.41380628660483 0.0270198666323356 3.39575890276816 12.5757939857109
"etap[185]" 0.0733523732071444 6.23939971115887 0.0294128123086255 0.0478894770884899 -12.4571155469535 -3.37338097919079 0.0307471746643451 3.47700292013352 12.7812470102467
"etap[186]" -0.0373732507730795 6.18733668367259 0.0291673848433945 0.0452866757012314 -12.7890047104924 -3.50701895824794 -0.0249943846355817 3.41784064626475 12.546169588039
"etap[187]" 0.0792896844364009 6.12808909220795 0.0288880890187704 0.0458027696864644 -12.2531694958417 -3.33503113898591 0.0772245322768409 3.50776843244784 12.4690337555962
"etap[188]" 0.0301192888486078 6.170329010656 0.0290872099039129 0.0453731297961819 -12.3458130527182 -3.35495666930659 0.0586548062399742 3.41856565943375 12.5545769982921
"etap[189]" 0.00472312121719128 6.04584322892984 0.0285003783011138 0.0435182142096016 -12.4507356712375 -3.35506928579357 0.0332402450607762 3.39109156838786 12.2195111313028
"etap[190]" -0.0685267098688567 6.16304774485948 0.0290528856877773 0.0457399331070274 -12.7152181670252 -3.38170899175155 -0.0325440064886971 3.3387555777436 12.1967165822192
"etap[191]" 0.0192808013526946 6.13170793689123 0.0289051484162077 0.0467090463782911 -12.2419940302923 -3.35870704294244 -0.0151149257305388 3.42351391693564 12.417362233463
"etap[192]" 0.0396809540840409 6.08350092980359 0.0286778984054586 0.0456152810059398 -12.1328785886779 -3.41857925786993 0.0391701810733603 3.47722838858013 12.5209048740068
"etap[193]" -0.00690868310094732 6.1359769661047 0.028925272812914 0.0455634641397708 -12.3793174615108 -3.42936880650853 -0.052256251421253 3.38264873932787 12.6086301805407
"etap[194]" -0.0405496701241451 6.12530380232126 0.0288749590363274 0.0440198558234639 -12.6826322245175 -3.38630965026659 0.00437840089762994 3.390873991064 12.2089438418354
"etap[195]" 0.0538695584760092 6.14896306881009 0.0289864898881417 0.0457315547996698 -12.4772319344757 -3.35045445821081 0.0392128534004125 3.45635666485589 12.6512448285159
"etap[196]" -0.0523680652485127 6.14440662236955 0.0289650105936336 0.0444059786288962 -12.6474236449694 -3.413720802712 -0.0384193981265679 3.37960469957582 12.4873274938964
"etap[197]" 0.0985455210800718 6.10654310618499 0.0287865202666091 0.0420196629446182 -12.1598992430789 -3.31259849915204 0.0991179183710261 3.51065689678554 12.5212703478531
"etap[198]" 0.0362958304931234 6.1835426461294 0.0291494995788954 0.0483866673678471 -12.3946587565634 -3.40466119238985 0.00950507364620457 3.40969657697962 12.7469014990783
"etap[199]" 0.0113014731262852 6.15250486522659 0.0290031860765663 0.044979216866438 -12.4233758305818 -3.35509416465612 0.0342898503559294 3.36350024520901 12.4414168923635
"etap[200]" 0.0768254602211927 6.2085177688635 0.029267233436537 0.0454203858955077 -12.2317879011236 -3.39565493421705 0.0241669891772853 3.47985079909298 12.7251568607594
"etap[201]" -0.00383372988846348 6.1640952197977 0.0290578235319902 0.0465235379764459 -12.4149299606503 -3.50385081033412 -0.0346954622159599 3.45637619091144 12.7039165820059
"etap[202]" 0.046815472191459 6.12631544457281 0.0288797279636354 0.0447153491709374 -12.2697449248086 -3.36767265081756 0.00847752522422558 3.44278288760852 12.4105244351988
"etap[203]" 0.0383398464194072 6.20907830571062 0.0292698758325751 0.0460422545304818 -12.5151941477803 -3.3665469772729 0.0269627054545485 3.44313411859046 12.7211607859036
"etap[204]" 0.033497626203615 6.13657441281938 0.0289280892037363 0.047841760853044 -12.4483378961947 -3.39150383439406 0.0133406102167989 3.45028178148994 12.5407612839811
"etap[205]" -0.0420772276388824 6.0923938316899 0.0287198199469802 0.0438858680879557 -12.6297396771669 -3.4575974343628 -0.0182484172793675 3.35861347829664 12.2882932400245
"etap[206]" -0.0678092122304935 6.14456426492393 0.0289657537277617 0.0456053980639026 -12.5135590793899 -3.45713915820444 -0.0384380962687638 3.38800359047875 12.3060400384822
"etap[207]" 0.0659558024794617 6.24115239173443 0.0294210745240937 0.0456189552419527 -12.543705213306 -3.37776652279859 0.0264514921440139 3.44264286066082 12.9659189888232
"etap[208]" -0.0320138380659185 6.15063040406082 0.0289943497818904 0.0447071621223075 -12.6276707562809 -3.43655078953513 0.00826794981550326 3.40746557401638 12.2896674094333
"etap[209]" 0.0659946040137763 6.25140250137186 0.0294693940043106 0.0485731600403933 -12.2526655459249 -3.46798952435146 -0.00062776092572471 3.44292771009731 12.7782016664713
"etap[210]" -0.00690418378897856 6.15643168277096 0.0290216972719937 0.0429515106710109 -12.5146739537949 -3.43503961604558 -0.016789952929182 3.42249454566649 12.4583190158537
"etap[211]" -0.0305266152728223 6.13271894825743 0.0289099143694937 0.0407098282934462 -12.6869044831952 -3.41647555638848 0.0193920400088236 3.40180802822684 12.5822581670725
"etap[212]" 0.0605800516109166 6.11377749853205 0.0288206235191849 0.0425836732492646 -12.2464869775045 -3.3547581963722 0.0229181920482752 3.40564697069476 12.985764209488
"etap[213]" 0.010893729767814 6.23024590897067 0.029369660871286 0.0495151560543602 -12.4780569960486 -3.47679221180239 -0.00775782653286257 3.44043055623844 12.8660424290394
"etap[214]" 0.0249240566377496 6.10285415038786 0.0287691303622115 0.042978872724676 -12.1574955426772 -3.38111670741046 -0.000483639236834817 3.38571178787176 12.4491651966895
"etap[215]" 0.0299947090373818 6.18020412177023 0.0291337616241385 0.0493562071695998 -12.3377203556514 -3.4160609818942 0.0252345005480493 3.45314087137221 12.6122864551848
"etap[216]" -0.0406837293256604 6.20427806285548 0.029247247270747 0.0442507395597053 -12.9004950339149 -3.45192900921253 -0.0387326912216487 3.41523090572431 12.5324618915012
"etap[217]" 0.0278811733086582 6.23615505478992 0.0293975168518181 0.0489228084353497 -12.5206992938952 -3.41263284504949 0.0503832250095944 3.42234023687606 12.8527312858169
"etap[218]" -0.0106127983918445 6.20960272043377 0.0292723479472877 0.0461556743978995 -12.8052990479079 -3.43517960583772 0.0183876661741023 3.43863483381777 12.3752826870614
"etap[219]" 0.0201479860393934 6.16358983487254 0.0290554411246056 0.0470227908174636 -12.3474389776446 -3.36734440497987 -0.00495644121209633 3.44663352353037 12.7830936544462
"etap[220]" 0.0477964683099137 6.12899946810032 0.0288923805718832 0.0457948764144131 -12.4250452718457 -3.37685957168197 0.0337109794298206 3.4787767345864 12.5553486536431
"etap[221]" 0.0163037749430329 6.1484022257594 0.0289838460486462 0.0445834718815312 -12.5879802182147 -3.4320700553894 0.0100870121933699 3.40895400620273 12.6769550443951
"etap[222]" -0.0111119318689803 6.14060989403117 0.0289471126446043 0.0439915495973103 -12.6019256489196 -3.42725068298139 -0.0228773880407589 3.3828036848608 12.5773475248046
"etap[223]" 0.00639925533139105 6.2456021565341 0.0294420509165239 0.0481629478786041 -12.8518795341178 -3.47590149901336 0.0293959393425826 3.48007716536619 12.6735327121949
"etap[224]" 0.0246368408756031 6.17236337496439 0.029096799989232 0.0404745911324556 -12.4793438181513 -3.39475242881389 0.021904051569429 3.43216503923194 12.6318055142517
"etap[225]" 0.0218309631535622 6.20998212730673 0.029274136488439 0.0509729836796182 -12.283726779807 -3.37147109887177 -0.0189611016506559 3.344320517883 12.8043273547437
"etap[226]" 0.064446292848264 6.25640912904428 0.0294929954734975 0.049377545301197 -12.4610489863228 -3.40055809727488 0.00285905712172181 3.43858909106599 12.8560870555876
"etap[227]" -0.0115781661814639 6.37707378954291 0.0300618141380853 0.0542363448488503 -12.8581088839006 -3.43765458708477 0.0412819848243867 3.43666584334563 12.5837581261944
"etap[228]" 0.0878819919797293 6.22422611368641 0.0293412832841737 0.0577688390560354 -12.3112537152336 -3.37966040199554 0.0157013051830517 3.45458683550249 12.9159169602419
"etap[229]" 0.0799361272363134 6.10303728176731 0.0287699936518132 0.0418962861538812 -12.0537849202151 -3.34124019571123 0.0772045899511414 3.43580256824386 12.4875199337977
"etap[230]" 0.00646318924320872 6.18471209331108 0.0291550124057781 0.0439813898365058 -12.5217720147584 -3.41585907608004 0.00539721788855092 3.41240964518303 12.5778741335628
"etap[231]" 0.0230797386874795 6.10131238765553 0.0287618624229914 0.0441816658223289 -12.3575692305176 -3.40528774565912 0.0299688280634958 3.46518881020452 12.2671049228158
"etap[232]" 0.0600048986200672 6.14581044674202 0.0289716282851894 0.0419380781455925 -12.2134315688125 -3.3770690507746 0.0916390952223727 3.45460585778202 12.5234009760518
"etap[233]" 0.0571522332774478 6.22453620385079 0.0293427450632271 0.0451180066511708 -12.6484771475684 -3.38411991963429 0.0507044133962117 3.50245689454847 12.643950844551
"etap[234]" -0.0181510651544125 6.18504151174341 0.0291565652991604 0.042533015696262 -12.5755583079786 -3.44358769225276 -0.00160579864111786 3.3673327609387 12.5771691009672
"etap[235]" -0.000875061923906935 6.20798360201282 0.0292647153498543 0.0462295591342308 -12.3766891621642 -3.42512509649712 0.00959594922700672 3.3928729249814 12.6089544273413
"etap[236]" 0.0618456310310197 6.12741305027553 0.0288849021265385 0.0431004791047447 -12.1656483678217 -3.38942636917007 0.0173126522451217 3.46910958643491 12.5225568656567
"etap[237]" 0.0349542786109664 6.25815830004594 0.0295012411446758 0.0490708715642371 -12.5207072405146 -3.39206503172635 0.0269203335968045 3.46988759110792 12.680932360455
"etap[238]" -0.0702939200661349 6.24659364820479 0.0294467248530828 0.0499023562562684 -12.7493163236113 -3.47757482889417 -0.00489289221430815 3.42600659659226 12.3199365245028
"etap[239]" 0.00944019271199432 6.12756802159519 0.0288856326683453 0.0466858701935285 -12.4972109926388 -3.3421656735758 -0.00348205669788321 3.39433436385501 12.456754186039
"etap[240]" 0.051541350443924 6.2989179552047 0.029693384001753 0.0463684296095241 -12.8311071472645 -3.37609170456602 0.0680318642731056 3.52372547188773 12.7945662412004
"etap[241]" 0.006933626558037 6.17556779105857 0.029111905751565 0.0460521018693935 -12.6046843013538 -3.39416084562031 0.0220574059778406 3.42457823024931 12.4105112687162
"etap[242]" -0.0102897763139353 6.21496960635722 0.0292976476901565 0.0449989693014684 -12.6706499874227 -3.42607848324677 -0.0141241318571173 3.39005643516183 12.5843929861967
"etap[243]" 0.0620583049772257 6.1917865488147 0.0291883617088435 0.0443974114244575 -12.4907157266736 -3.37959609541434 0.0486522759402672 3.46120058056721 12.8943866193887
"etap[244]" -0.0393518720971475 6.18876391387012 0.0291741128710677 0.0457638070104702 -12.5064248026156 -3.4405315487925 -0.00399027297264103 3.37747810378031 12.2981630897402
"etap[245]" 0.00859392735113849 6.1685129034806 0.0290786486925857 0.0457963739006081 -12.6555984841686 -3.40669545644446 0.009965375438696 3.45223347820608 12.3549049905474
"etap[246]" -0.054283677787547 6.28182047043176 0.0296127856855918 0.0507398088433104 -12.7434376329177 -3.45477801108645 -0.011355634092977 3.41415158889146 12.4781033616528
"etap[247]" 0.00549452723437203 6.06881381608678 0.0286086626874238 0.0438266545648033 -12.1934367198472 -3.45683838950389 0.00468985165876325 3.39714217389509 12.420662429076
"etap[248]" -0.00490585328179433 6.09313296740884 0.028723304266174 0.0433127684448278 -12.3195606413552 -3.41896471424863 -0.036707902944615 3.36248859140111 12.4350491303915
"etap[249]" 0.00589163796155129 6.24585258361642 0.0294432314411112 0.0441450376651802 -12.650314829759 -3.42011572996894 0.0143126327084353 3.46573151490045 12.5221926181071
"etap[250]" 0.01745294649843 6.20560133459528 0.0292534852335507 0.0456677340811564 -12.547819864265 -3.44750270667445 -0.0044032897002678 3.42900407994719 12.6693224522115
"etap[251]" -0.0295867940864747 6.10378311852981 0.0287735095600294 0.0438147646801072 -12.4755004094602 -3.44812978640868 -0.0335052207265373 3.40493691934052 12.2114117760543
"etap[252]" -0.0398870094669914 6.13196023066005 0.0289063377404396 0.0430833926586419 -12.4033973148627 -3.46364479847314 -0.0582709723738676 3.42041784790348 12.2514052685857
"etap[253]" -0.0390026885804273 6.15943781844353 0.0290358683314553 0.0435015279089988 -12.584364907751 -3.42929156933267 -0.00280058054302593 3.39401775557601 12.3241229473362
"etap[254]" 0.00338537112158365 6.24197633041971 0.0294249586083047 0.0454530435481957 -12.4408895183423 -3.4796477980797 0.0103236326133931 3.43151384256611 12.6675073981447
"etap[255]" 0.0434312232050699 6.21550267000065 0.0293001605762704 0.0490467432140018 -12.5210749582385 -3.34797874211066 0.0179495417306765 3.44892830475434 12.6127809379859
"etap[256]" 0.0319973178901551 6.19886358877463 0.0292217231951528 0.0470642784354649 -12.5802286688446 -3.43195923028173 0.010639170031983 3.44800820442731 12.702320863332
"etap[257]" 0.050070764465663 6.15814543318973 0.0290297759689429 0.0449106383646824 -12.5908251829655 -3.359831003009 0.0495658105653385 3.50955200894972 12.4979308364744
"etap[258]" 0.00535126346428086 6.21304097631555 0.0292885560409508 0.047536232130973 -12.7038411899402 -3.44259627386016 -0.0140055396676202 3.46059423979192 12.7969819726937
"etap[259]" 0.0269763714517329 6.29890776037872 0.0296933359428824 0.0492438640519797 -12.5994263412792 -3.41915199019817 0.0560798149790629 3.49189702528871 12.665684249942
"etap[260]" -0.0317819409619904 6.26848588405963 0.0295499258426048 0.0488210705114711 -13.0019383431819 -3.4541414764689 0.00723741862792355 3.4682008776348 12.4769209982518
"etap[261]" -0.0982497519788251 6.18143819220253 0.0291395790879462 0.0485524749643047 -12.6886093939229 -3.48430446048344 -0.0591356419427837 3.36108748574853 12.2326325274329
"etap[262]" -0.0768913402859765 6.17898382809407 0.0291280091045822 0.0456582337755381 -12.8990586985815 -3.41938611206858 -0.00123659952200436 3.35276395077688 12.4695535322336
"etap[263]" -0.0124899969828706 6.18418568641226 0.0291525308998593 0.0404514285164939 -12.553617847058 -3.47081902892733 -0.00583850402101241 3.43411823775017 12.5009863810238
"etap[264]" -0.03541975478285 6.16642444459438 0.0290688036029812 0.0462815831052249 -12.7378736824604 -3.43244541974614 0.0256811525586928 3.41931052489484 12.2197896713598
"etap[265]" -0.00577400547411407 6.21247322315532 0.0292858796268865 0.0449233909131059 -12.5747134205736 -3.44968047731176 0.0277782831389939 3.49207770218384 12.4166903685859
"etap[266]" 0.0000365932572666602 6.1768855297461 0.0291181176313102 0.0442737278128649 -12.2500665001738 -3.39168197852569 0.00870624876347692 3.39962191347096 12.4597699900187
"etap[267]" 0.0340711396962521 6.18479481037842 0.029155402337773 0.0490929060966692 -12.5941692532369 -3.38505137539533 0.0201154892723636 3.49975111767435 12.6373313934493
"mean.p0" 0.30161169683605 0.234986562776791 0.00110773728018125 0.00451045464914485 -0.167777606448067 0.158258516434806 0.300969407036917 0.444030500544873 0.78217759137066
"mumup0" 0.684367996750099 0.131421651124356 0.000619527604698434 0.00261866907548569 0.38391020151614 0.60729384591434 0.699873185857526 0.777457988392688 0.899867674322355
"mupsi" 7.72684066783034 1.36217169551279 0.00642133895358314 0.011298410428306 5.22801437507666 6.7738668862067 7.6671883682931 8.6162473834291 10.5777373081564
"ppo[1]" 0.53723966399156 0.102524934684093 0.000483307177038867 0.00144581254188203 0.300651927993858 0.480250102311316 0.551847480511814 0.602660615751821 0.718448722223492
"ppo[2]" 0.536377402724944 0.101719769513628 0.000479511592025462 0.00153332510239516 0.303677271313469 0.478875948422616 0.550307658305406 0.60215628860157 0.717447517903588
"ppo[3]" 0.470774793368492 0.126646797134646 0.000597018727129767 0.00335901168789729 0.179016814171449 0.390894304799071 0.496072509370307 0.567250332765097 0.657384263551605
"ppo[4]" 0.537299186322695 0.103214083658084 0.000486555856457247 0.00159094305468744 0.29875437583826 0.480284310454707 0.551652481225794 0.603157575922984 0.720667493395466
"ppo[5]" 0.604289105369917 0.0985679359649726 0.00046465370618929 0.00142740941476496 0.412754707924083 0.545984628947346 0.597014480290415 0.661764848607643 0.816276850840162
"ppo[6]" 0.605038956327617 0.0981190035806008 0.000462537418634066 0.00148872753137981 0.417605320899304 0.546303877874328 0.597348296645281 0.663131325609565 0.819230144664914
"ppo[7]" 0.605234584837234 0.0973544591676447 0.000458933321707936 0.00151866932144158 0.417245671313808 0.546337839257861 0.59784313752125 0.663243720413657 0.813389684902952
"ppo[8]" 0.604879390898995 0.0981947750742978 0.000462894608880825 0.00155345309822041 0.417455553105639 0.544764395815922 0.597018775304697 0.663130781304099 0.816744963655462
"ppo[9]" 0.571936787197748 0.0957264236578634 0.000451258688714744 0.00110324088402182 0.367607699374423 0.517182802309252 0.574282445592902 0.629018481504195 0.762487981941552
"ppo[10]" 0.605445230867137 0.097734883945556 0.000460726661309219 0.00150016184684286 0.415690691846258 0.546303384553623 0.598143195653929 0.6632019626278 0.815523700967213
"ppo[11]" 0.606572997299139 0.098977999401154 0.00046658676376556 0.00155963437132263 0.417698955451514 0.546074152865041 0.598371903502825 0.665108030006041 0.820586217172677
"ppo[12]" 0.605478004538787 0.0994424151715522 0.000468776040702484 0.00150627129061815 0.413821598742198 0.544916795029921 0.598399268843389 0.664347259258487 0.819476438932426
"ppo[13]" 0.570643269243197 0.0966604492054787 0.000455661727371546 0.00110764842523322 0.361159391851275 0.516141935533701 0.573749367674209 0.627682560619405 0.762453380787399
"ppo[14]" 0.636656731283723 0.104302320756704 0.000491685855337064 0.00229070325995492 0.455904026326637 0.566312518569251 0.62129284691932 0.701721531555057 0.86790631614631
"ppo[15]" 0.537457643300435 0.101526421967664 0.000478600142952946 0.00156208083604261 0.302365056587681 0.480198615554471 0.551478850697364 0.603041325481201 0.718213527598992
"ppo[16]" 0.503276678587203 0.112856291838358 0.00053200966172314 0.00245756369313436 0.235580916531851 0.437434069671619 0.524130231694483 0.581833519333843 0.68283268332579
"psi0" 0.9989939425585 0.00166752309014887 0.0000078607792321961 0.0000127499475950566 0.994664454792916 0.998858040346871 0.999532287228486 0.999818894080227 0.999974523721272
"sdeps" 0.430406552836941 0.307219938293455 0.00144824867788676 0.0118488323271975 0.0117626479919334 0.18554191924871 0.388078258817894 0.618171654996889 1.12902408639036
