"Mean" "SD" "Naive SE" "Time-series SE" "2.5%" "25%" "50%" "75%" "97.5%"
"N" 9.11091111111111 1.39571877679446 0.00657948141133838 0.0347473009053249 8 8 9 10 13
"betapsi[1]" -0.437059178110719 2.80119395553109 0.0132049549424987 0.0377841056443829 -7.23810651042882 -1.48823760889831 -0.0923062472853246 0.801697400802353 5.14569846604152
"betapsi[2]" 0.287996343403654 2.26511503903763 0.010677854695141 0.0202271376130988 -4.01909403300199 -0.814337036412059 0.0487847362041567 1.18298886462766 5.81567877422988
"betapsi[3]" -0.452542904011411 2.7868794442038 0.0131374756889727 0.0379365985644289 -7.17110146995628 -1.49378143157213 -0.0919969130430127 0.79018362558618 5.04138341808416
"betapsi[4]" 0.27199842401318 2.25332684362179 0.010622284609031 0.020030936401837 -4.09395874256723 -0.822542216849395 0.0543342574701571 1.18937954510337 5.66851948338678
"betapsi[5]" 0.299130321852756 2.28646384193097 0.0107784939171149 0.0225140929180705 -4.0989345559405 -0.789610712342586 0.0522005025934258 1.20344679245338 5.86876449584594
"betapsi[6]" 0.313472812983505 2.29706918762663 0.0108284879961698 0.0199448606964906 -4.11090024045 -0.787840677781214 0.0580379280495795 1.22805306996151 5.81047445231401
"betapsi[7]" 0.288561679917158 2.26778186974459 0.0106904262556554 0.0212673931789192 -4.03517760634201 -0.816129944796734 0.0479823907142875 1.19580775032729 5.77369763669831
"betapsi[8]" -0.408863632801168 2.78507529304496 0.013128970838848 0.0380611721641161 -7.00592167836572 -1.45858681601049 -0.086006643765405 0.819864609532716 5.204399889816
"betapsi[9]" 0.274396368030712 2.29899842446899 0.0108375825058614 0.0212544699132229 -4.12594917996571 -0.828061834796237 0.05503886431052 1.19849212761398 5.74393622379789
"betapsi[10]" 0.271591469311128 2.25885108454311 0.0106483261304735 0.0206034856619667 -4.10485049359762 -0.8126278611523 0.0519649885704802 1.1564929771237 5.69628206973712
"betapsi[11]" 0.272161906419776 2.26917355767533 0.0106969867354762 0.0211838691738004 -4.08665314464076 -0.826165184685898 0.0479832558856222 1.15282772759392 5.75666503426584
"betapsi[12]" 0.288113567274073 2.28480334106394 0.01077066624096 0.01987054368984 -4.08898805952209 -0.811645465778182 0.0525534289465156 1.19222644050742 5.95434080653839
"betapsi[13]" 0.271565634852484 2.26757912785676 0.0106894705212306 0.0207549461717492 -4.10879126478662 -0.828272855927013 0.0504146100502318 1.18897912615193 5.66848626436539
"betapsi[14]" 0.260431480381698 2.2603522930981 0.0106554028954682 0.0191886162355933 -4.12675342212872 -0.842104069360313 0.0389679649390277 1.18703494904119 5.71649520655372
"betapsi[15]" -0.425417355711718 2.82589175811887 0.0133213815004335 0.0441544284700598 -7.23644775107273 -1.4682490264974 -0.0912728743690175 0.804157011528891 5.18816040457767
"betapsi[16]" 0.282401305203528 2.28470319750219 0.0107701941596826 0.0210374431281607 -4.15073860965265 -0.799665829169912 0.0473277424623142 1.18231815276509 5.9040029878309
"etap[1]" -0.468553178687069 8.00657571156957 0.0377433598648957 0.543040889181302 -17.1330719562933 -4.46292867640623 -0.137492815044827 3.73988863141014 14.085903284361
"etap[2]" -0.425891193428087 7.80650960306852 0.036800239184851 0.579755986695797 -16.8798479869595 -4.42309116788218 -0.15601316755066 3.71856780357921 14.1489089377953
"etap[3]" -0.436743973459994 8.23453104773766 0.0388179516249764 0.625300911382424 -17.343243918275 -4.42769383110166 -0.115613339805198 3.75846573886929 14.013468611002
"etap[4]" -0.427391720343405 7.93266392495814 0.037394936361412 0.632056437959094 -17.3012886523351 -4.35516417792179 -0.101245244728339 3.7133798243567 14.2593911659084
"etap[5]" 0.126012393341477 5.49904565222481 0.0259227498049504 0.304187180337464 -10.6331396247007 -2.66483608964883 -0.0377914294229756 2.78686710686585 11.9425024820579
"etap[6]" -0.0832207475403932 3.29888381564547 0.0155510874425964 0.0704960609091497 -6.9075352102214 -1.61323075149508 -0.0545145600926468 1.46049390902902 6.65614568907861
"etap[7]" -0.432070096152149 8.10442575059085 0.0382046293724377 0.566493449350212 -17.0378177586614 -4.38310032758904 -0.126271118794229 3.72617735465204 14.5500103992641
"etap[8]" -0.423941837730438 7.86509170264558 0.0370763978506316 0.573918729495574 -16.9928710018294 -4.39368960981466 -0.0918844974043848 3.76337574729575 14.4441528685711
"etap[9]" 0.350107316790694 8.8976142152328 0.0419437556531529 0.428313956931138 -16.233814102759 -5.02858676317089 0.213378875227656 5.63353443708376 17.97895343338
"etap[10]" 0.393970223852608 8.13582327156066 0.0383526387057057 0.222019939510178 -14.8629807850534 -4.24449590399569 0.186500759538924 4.70360683282664 17.160600192294
"etap[11]" 0.130005658948942 7.82125901490009 0.0368697685790151 0.117860204539872 -15.1809135859003 -4.00238951441815 0.0588792041210208 4.22310419525884 15.902074474104
"etap[12]" 0.0702935017162613 7.74748564254148 0.0365219975665766 0.09112471455474 -15.1485635060262 -3.88981692712083 0.00189379684992794 3.98228716869977 15.7159214922091
"etap[13]" 0.0265433501416684 7.6938255525623 0.0362690414765543 0.0701454510205479 -15.0537564500709 -3.88916140664226 -0.0034233302958657 3.92178823093645 15.448630097361
"etap[14]" 0.0413730865793737 7.68221455581895 0.0362143067129972 0.0738894579294801 -15.1943322731069 -3.83615765186225 -0.010450723002923 3.83595179126623 15.5683840301645
"etap[15]" 0.0657660968835795 7.6129244445349 0.0358876699959431 0.0584348628379297 -15.2406676946042 -3.78183050003173 0.0748473925787355 3.86832245101016 15.2854409908943
"etap[16]" -0.0667825210088477 7.68036014537059 0.0362055649383096 0.0793093357926177 -15.3822489664867 -3.80065913769017 0.000566055537403399 3.81835647716384 15.0632907275973
"etap[17]" 0.0263261972170989 7.51192046147488 0.0354115326536191 0.062129064321092 -15.0544260815352 -3.75142681534374 0.00937236032511473 3.79346921194987 15.1083754156973
"etap[18]" -0.0687945499379284 7.52544439526038 0.0354752850888727 0.0647348163754227 -15.2415790126209 -3.87607460329354 0.0138590384033997 3.82968336005335 14.6491047016412
"etap[19]" 0.0319976112242016 7.64166546409639 0.0360231564614774 0.0795434990983655 -14.962126438909 -3.75696293405242 0.00176468206096028 3.79730695540023 15.1741828896208
"etap[20]" -0.0273210524268125 7.64612938562393 0.0360441995893627 0.0695616249441245 -15.4686140611865 -3.82560338433099 0.022933947524221 3.85425642246943 15.3239700286377
"etap[21]" 0.11390199466507 7.63570549911699 0.0359950609171269 0.0676896044483519 -14.9314616043239 -3.7767414020655 0.0572501831465732 3.88559311116911 15.5327639908392
"etap[22]" 0.0637663529289377 7.5350066469925 0.0355203619758274 0.0588182414576812 -14.8881773405105 -3.7365259474298 0.00970290279452801 3.82856312873075 15.1481859780544
"etap[23]" -0.0762721213906708 7.76426772077877 0.0366011090420699 0.0753659873230691 -15.3783360462822 -3.88705082444468 -0.0594145050762078 3.8196407103736 15.1802167384282
"etap[24]" -0.0417458502178244 7.81403237028424 0.0368357018495945 0.0763976296035172 -15.5488775144531 -3.82810708967459 0.0137839199548581 3.83840975224283 15.4489683324014
"etap[25]" -0.0510447873193779 7.61174512050234 0.0358821106091388 0.0612540099085703 -15.4522352343087 -3.78612205752258 -0.0515498972193158 3.69862956555351 15.4492505753217
"etap[26]" 0.0721516074975481 7.47407595907598 0.0352331319584398 0.0691490851220903 -14.7589307548538 -3.78807752091569 0.0498226381511428 3.88431572042365 15.159347036321
"etap[27]" 0.00115613209847474 7.66534307622843 0.0361347737954832 0.0574487287518327 -15.3306868570135 -3.85610942857613 -0.0172065764561236 3.81815770683956 15.2140123235743
"etap[28]" -0.0183170133158879 7.6952274960873 0.0362756503017101 0.0728016483561971 -15.222029821566 -3.88216039365918 -0.0379070290308071 3.75008591741768 15.3303326454672
"etap[29]" 0.0271977636138896 7.51217972047592 0.0354127548122706 0.0628178187702532 -15.141728535516 -3.74157752940453 0.0163749469452706 3.83702345788182 15.3029251782691
"etap[30]" 0.0792300872052675 7.90264153919513 0.0372534094776758 0.0740096886239567 -15.0400612985861 -3.82593475899774 0.002985324879657 3.83878801339405 15.336978038799
"etap[31]" -0.0270575892741366 7.5290426520747 0.0354922474341651 0.0655346576430117 -14.949405790235 -3.81563261593274 -0.0416546462753521 3.74853167426977 14.9417168396014
"etap[32]" -0.0289132459171695 7.6743705457142 0.0361773296947521 0.0773956184690891 -15.1077875943939 -3.83167998807973 -0.0695324363039348 3.76808044955967 15.4973171278631
"etap[33]" 0.00524220832157946 7.66321629710003 0.0361247480625246 0.0728119292888543 -15.3841500372486 -3.82896870787866 0.024841591840833 3.79938646343378 15.3720056557865
"etap[34]" -0.128987758346018 7.59039627289224 0.035781471176368 0.0633954281015055 -15.5373478368898 -3.89031953899963 -0.0497969973583773 3.74398485406466 14.9921787470975
"etap[35]" 0.0342968309594574 7.51006478428559 0.0354027849074575 0.0675989785918214 -14.9658812088088 -3.74906715229512 0.0172787587534072 3.81047535634964 15.1543846354329
"etap[36]" 0.148656944524664 7.57248133049156 0.0356970193279941 0.062612185308199 -14.9638536080742 -3.72191308238007 0.138261678141941 3.93678035700916 15.5853879085785
"etap[37]" 0.0661209448556099 7.31589894091098 0.0344874783439576 0.0550031314625086 -14.655041854059 -3.7710844004722 0.0417822394685085 3.84497425321138 15.1094176560043
"etap[38]" 0.0187053583088976 7.78620574152473 0.0367045258636384 0.0781995929361459 -15.1884721368488 -3.85380357683792 0.00698535731383516 3.84317618912927 15.5417733914816
"etap[39]" 0.0381706427682666 7.44126521401073 0.035078460622897 0.0636089928643275 -14.5813864379974 -3.76344436372914 -0.0547737866359905 3.77254973695907 15.1377083036039
"etap[40]" 0.0666053137735562 7.57031974569035 0.0356868295195204 0.0636272535984068 -15.0006827514848 -3.73446465001637 0.0500014111447162 3.8246997839738 15.0840094380098
"etap[41]" 0.039209975650056 7.8227664509407 0.0368768747006586 0.0689514984885631 -15.1648365237753 -3.80406386008419 0.00407312909518764 3.84521875278287 15.4454323376
"etap[42]" 0.00479906434076812 7.75914789905838 0.0365769739710236 0.0785913447554922 -15.2634797671073 -3.79094119300512 0.0139182486874535 3.80542120532437 15.2629438148135
"etap[43]" 0.0733033078435526 7.55060865989137 0.0355939105699671 0.0635121482793648 -14.9054376485463 -3.75642476816327 0.015072799982935 3.88171044865865 15.3455058679263
"etap[44]" 0.0894009127129428 7.69706390190192 0.0362843072017403 0.068231412216922 -14.822788809664 -3.7824921010444 -0.0142203896898734 3.78976418994388 15.6790976567041
"etap[45]" -0.129561456198842 7.63457383329081 0.0359897261932621 0.0693399304646247 -15.3199684395716 -3.92196538183274 -0.105421767387379 3.72282369047193 14.9221628661146
"etap[46]" -0.0728843969812581 7.61986933087174 0.0359204085040987 0.0645526727665134 -15.5912428751219 -3.83663357442762 -0.0511272179882761 3.79114867854536 14.8680857834266
"etap[47]" -0.0336485390764584 7.64147692998786 0.0360222677031665 0.0608637729690083 -15.509073162284 -3.7801037458043 -0.0421631846068454 3.71198759968541 15.4798713603101
"etap[48]" -0.166406675470818 7.74748517545537 0.0365219953647116 0.066612709286176 -15.8781488358806 -3.90407948525406 -0.0648151652037446 3.73976361291782 14.8575007573127
"etap[49]" -0.0228759744625151 7.57915821592619 0.0357284944677809 0.0603047842495765 -15.0839072775688 -3.87689141816845 -0.0195779784241039 3.78669549013008 15.2201157868451
"etap[50]" 0.0755388880510643 7.69437470563746 0.0362716302089766 0.0618559080573194 -15.1173916098489 -3.81282129821204 0.0379844808512919 3.86266713396253 15.4817408774255
"etap[51]" -0.0597385054899819 7.4231965975056 0.0349932843478475 0.0629158770732992 -15.2915242619215 -3.80067786039663 0.0293506973505392 3.74653391240093 14.7004354930771
"etap[52]" -0.0579645845590648 7.68287661637031 0.0362174276963667 0.0602053337687051 -15.3691382942195 -3.85983766966058 -0.0325824405565042 3.82995282487821 14.9322066804736
"etap[53]" -0.0807394630287337 7.61224426610003 0.0358844636040516 0.0660005668596424 -15.319499407323 -3.89221098985209 -0.0990097361420772 3.75831461155903 15.0092268334795
"etap[54]" 0.115406251971569 7.58921839787038 0.0357759186202657 0.0661673183949608 -14.8334371173384 -3.73589778085091 0.019306548048007 3.82871230101454 15.4614840262805
"etap[55]" -0.036875812651386 7.76119394015098 0.0365866191012313 0.066706220583888 -15.407290987519 -3.79514100197558 -0.0466193538775146 3.77986908658926 15.3499973650054
"etap[56]" -0.00513102700705079 7.76053607099094 0.03658351787627 0.0693897376955498 -15.1681270230912 -3.81455176869341 0.0077870928206996 3.79509099703179 15.0930566841209
"etap[57]" -0.0274823194497096 7.49213841813367 0.0353182792070038 0.0691688930368185 -15.0892409006732 -3.81664767906808 -0.000631145561294217 3.74668700276073 15.1803451549187
"etap[58]" -0.00304343105632423 7.45728724195464 0.035153989186947 0.0593486414599341 -15.0430672890316 -3.81965102772578 -0.0245910946862288 3.82005368245331 14.7201582381284
"etap[59]" 0.069184978758949 7.5569224322926 0.0356236739784989 0.0575376230835833 -15.0246436845752 -3.78476254469962 0.00617262505502617 3.85728250009938 15.5886068385469
"etap[60]" -0.0701282916433567 7.73948860030215 0.0364842991479309 0.0819523537160728 -15.4766370198124 -3.76082019465032 -0.00563073351823078 3.72145281300968 15.1584208566449
"etap[61]" -0.0441933163518392 7.64103487057362 0.0360201838151032 0.0699156940648119 -15.1763162595475 -3.78708312620733 -0.0126633736268666 3.79402164107515 14.9322823107914
"etap[62]" -0.0148404763906426 7.6091392969289 0.0358698266390098 0.0605073180710208 -15.1743932720749 -3.81588408860647 -0.00576669566249396 3.80363317777626 14.9222003712107
"etap[63]" 0.0513606158282108 7.53446433429301 0.0355178054892451 0.0611855556401838 -14.9286348982078 -3.82218326811379 0.0317264300629923 3.81823214851126 15.345917888461
"etap[64]" 0.0110271967015275 7.69635066141849 0.0362809449538573 0.0716759605007216 -15.3564657868377 -3.7949857670136 0.0285659701050711 3.87675506801336 15.2755089247298
"etap[65]" 0.0964007093149553 7.39634221733342 0.0348666915856854 0.0620590035690736 -14.6929312862502 -3.74039745652954 0.0498721698969303 3.86450867848054 15.2929996255383
"etap[66]" 0.0186390961207749 7.49793703408153 0.0353456141447254 0.0640515914320939 -15.0126942282789 -3.80783190747256 0.038545043545265 3.87894953140186 15.079246374681
"etap[67]" 0.00838265178226625 7.56426350692721 0.0356582801362011 0.0697099737786702 -15.1458896446141 -3.82317507572758 -0.0228003785218215 3.74650012509496 15.1362661709215
"etap[68]" 0.118976793508351 7.75464475604658 0.0365557459512882 0.0748859002638171 -15.1754721795603 -3.77390745641396 0.0189220511603396 3.9506396785921 15.6258037065561
"etap[69]" 0.0817099772628118 7.72827661956971 0.0364314453638879 0.0736090273502306 -14.8218295496996 -3.80292951631996 0.0195137667795051 3.89842777089752 15.5103104113233
"etap[70]" -0.0331413862824914 7.76812549612147 0.0366192947694374 0.0844023353487187 -15.0454226202835 -3.81221719257664 -0.0270705098030544 3.79779242960259 15.0921653519932
"etap[71]" 0.0592164243963447 7.51442504160485 0.0354233393575786 0.0630628783192471 -14.8331806908807 -3.78128628220407 0.00357737422559896 3.82575026905402 14.931533569294
"etap[72]" 0.00204345003774261 7.58105517648261 0.0357374368256015 0.0537356362098047 -15.1418763832927 -3.80876446603972 0.0544561097196732 3.84834223140237 15.2292671359666
"etap[73]" 0.158649061786223 7.6513151593766 0.0360686455612708 0.0735025981219554 -14.9025444089406 -3.69918394541508 0.0745754843213004 3.86705141599331 15.8760703661527
"etap[74]" -0.0056399604637683 7.54548433562407 0.035569754273711 0.0584693699219871 -14.9934324128211 -3.82965074527972 0.0125368224498665 3.75873185705461 15.2794556034055
"etap[75]" 0.0275406152258307 7.62953700084631 0.035965982337414 0.0701053575158739 -15.034350868038 -3.79436526439768 -0.00468765094255616 3.81670974191608 15.3169489053405
"etap[76]" 0.103853824848334 7.54830849946181 0.0355830675097167 0.0626825478931936 -14.935298991564 -3.73326689169392 0.0733114282032735 3.8946456891662 15.5713104375226
"etap[77]" -0.00949737157956716 7.71575247087267 0.0363724059607395 0.061734215781587 -15.0234997684124 -3.85041533000812 -0.0661523670971535 3.73497066431677 15.4528925677029
"etap[78]" 0.0958021794272135 7.72089339611884 0.0363966405147604 0.0685722770538731 -14.974159270518 -3.78033289868141 0.0154394593408407 3.87626835428003 15.5132476501418
"etap[79]" -0.0448739162622984 7.68979444152709 0.0362500386368962 0.0700104265562571 -15.1730870618174 -3.88501896154988 0.00915437097833905 3.83853238961925 15.0049462849763
"etap[80]" 0.110601546161098 7.58815848282547 0.0357709221328274 0.0622973323268408 -14.7584668658884 -3.73558763275413 0.054059529418188 3.90420117645487 15.535040268559
"etap[81]" -0.0724118731540474 7.74062466060929 0.0364896545875776 0.0608380448781404 -15.450757380249 -3.89840153783617 -0.0686496321230193 3.78517654923895 15.2561890446159
"etap[82]" -0.0115355467558697 7.59534444805066 0.0358047970977614 0.0668527709215166 -15.1602217992366 -3.80971287857154 -0.0223397037485658 3.80096889622591 15.3912171968963
"etap[83]" 0.0747187115577991 7.64613688184332 0.0360442349268798 0.0536777882819197 -15.111924624112 -3.7917746200437 0.0261129044784624 3.92691729477111 15.2519728736046
"etap[84]" -0.0595507770854872 7.56731484482679 0.0356726642810044 0.0595533100836175 -15.2583369588092 -3.87296091487891 -0.0604862834820262 3.69029310639114 15.122737331772
"etap[85]" 0.0466787455654514 7.54355807603612 0.0355606737989312 0.0590617961507728 -15.0850645536147 -3.76622535315372 0.00676430326495889 3.85404287798588 15.2799718464736
"etap[86]" 0.0853448554252746 7.67534647571062 0.036181930272875 0.0717029056266533 -14.9197203455867 -3.74258106795447 0.00867845113659417 3.80980443089315 15.6702262292447
"etap[87]" 0.100066059165027 7.74906061637109 0.0365294220644107 0.0690813435866879 -15.1029711299084 -3.67143280859105 0.0609094287918035 3.8909289588981 15.6451149685256
"etap[88]" 0.0450328859922325 7.70626600082044 0.0363276863120498 0.0606680814921942 -15.06859058718 -3.76430959823516 0.0203129227875806 3.87744764783382 15.3737478084771
"etap[89]" 0.0108184853690065 7.54354855305049 0.0355606289071465 0.0628200681915829 -15.3864666226513 -3.76436685607192 -0.00168455928611684 3.84598774609464 15.2602256454685
"etap[90]" -0.0646154299882191 7.72654510510653 0.0364232829264304 0.0810128805955101 -15.4724676654391 -3.73701579978002 0.000651458356404844 3.76346292147184 15.1507981406603
"etap[91]" 0.0700703845226188 7.62506639674934 0.0359449077075942 0.0765600044833889 -15.0380651346298 -3.79177831939274 0.0175048699435303 3.87434987039068 15.3539072273644
"etap[92]" 0.0787445779227289 7.66241402330109 0.0361209661075673 0.0646213832562344 -14.909807666339 -3.77526356111399 0.0458040190568477 3.85743775226766 15.2840471429633
"etap[93]" -0.0335441320969302 7.81561670025575 0.0368431704527045 0.0637425572376662 -15.3745985610269 -3.8765875856451 0.0143744849740124 3.83556588737104 15.0405465170407
"etap[94]" -0.0415679832158272 7.60952354252908 0.0358716379901399 0.0673879992877381 -15.0909167945443 -3.79742357839293 0.00751400895256321 3.76651753806609 14.9446298340512
"etap[95]" 0.0555542043356676 7.48707868504401 0.0352944273964792 0.066512539109682 -14.8925899961516 -3.7422148446953 0.008236413275919 3.78846343861017 15.0619211673519
"etap[96]" 0.0294612955545556 7.5490436891794 0.0355865332272818 0.0681924512876455 -15.272976179893 -3.73011731765594 0.0933918514185132 3.89845506056016 14.8111713197477
"etap[97]" -0.041581518437463 7.66146722120706 0.0361165028396931 0.0639508535963897 -15.4757885572009 -3.85339312687927 -0.0207629359128179 3.8072153324602 15.0516139868321
"etap[98]" 0.0811716449506855 7.60817772173745 0.0358652937300865 0.0649211521483801 -14.7840749349057 -3.78099480842508 0.0581244852952331 3.84382467483103 15.6460714199813
"etap[99]" 0.0485799677976885 7.6635037961839 0.0361261033462032 0.0705809887066293 -15.1488115747659 -3.8209104935242 -0.00864933500809234 3.84434176393716 15.5596799354452
"etap[100]" -0.104735593069356 7.54047352112199 0.0355461330676198 0.0746820424498121 -15.2406004391092 -3.89340525175876 0.00591211184237457 3.80401802008617 14.6483636965252
"etap[101]" -0.0200121726383924 7.626373139555 0.0359510677522552 0.0589952740871647 -15.3490494338827 -3.75349742183255 0.0470461164405964 3.77739474492563 14.9313336416188
"etap[102]" 0.0353926242175249 7.83912036131129 0.0369539677734717 0.0647811385564745 -15.4980161314091 -3.73369047433662 0.0328789163609416 3.84024953700687 15.460295075306
"etap[103]" -0.0923729160656362 7.52869144670147 0.0354905918361584 0.0649601250535561 -15.4469080298027 -3.91112405320549 -0.0885095348042159 3.75347637031923 15.117760393741
"etap[104]" 0.000169138421574362 7.57120864714968 0.0356910198411851 0.0518644654265399 -15.2393678471377 -3.81130702212065 -0.000146080678633481 3.78931429634062 15.1639202225011
"etap[105]" -0.12905229920976 7.61148679171049 0.0358808928355355 0.0546709490241459 -15.7132776402093 -3.92043040860745 -0.100029863413969 3.69105765831271 14.8713959335818
"etap[106]" -0.0742935580120113 7.83166460770545 0.0369188210139147 0.0711742650159747 -15.362515152648 -3.84775727439821 0.00192596946505519 3.75470510193112 15.1646815237501
"etap[107]" -0.0440164615148469 7.59411475365641 0.0357990002627951 0.0708006431873452 -15.1785646803528 -3.82530690491337 -0.0304983302075149 3.81944005203449 14.9419885702063
"etap[108]" -0.18132431517362 7.90044197933527 0.0372430406530589 0.094299868501192 -16.0322432579869 -3.96473447401748 -0.0391490071101809 3.76772085918706 15.1399574095697
"etap[109]" -0.0819640487241002 7.52995000007944 0.0354965247136788 0.065428009849724 -15.2775298478038 -3.82230323432274 -0.0412050439703401 3.72246453404929 15.0393655033584
"etap[110]" -0.0215158674559601 7.80314232772251 0.0367843656966425 0.0797371031393673 -15.5801870267958 -3.84800420735625 -0.00204971471853204 3.78015221257647 15.2222151501817
"etap[111]" -0.0324813720762665 7.74447397152264 0.0365078004132425 0.0629117112251381 -15.9775959566326 -3.79668694058047 0.00442257306420295 3.76815515430537 15.324200369086
"etap[112]" 0.0201193947244709 7.71555910777742 0.0363714944383669 0.0819322116023051 -15.1793285075244 -3.81833857611039 0.010360107324913 3.84920051899618 15.1969920634727
"etap[113]" -0.0618649250511139 7.66256079855942 0.0361216580127705 0.0859566107965089 -15.2671152523225 -3.85570291885614 -0.0220263659845887 3.79085915197412 15.0645537104856
"etap[114]" -0.00710294067651758 7.57682891579399 0.035717514041655 0.0667526476000865 -15.0916313327505 -3.84800342854593 -0.0129849270967425 3.84056892645096 15.203340962868
"etap[115]" 0.0776547179815014 7.75867235137001 0.0365747322177221 0.0619374499230388 -15.0359904319073 -3.77489204765109 0.0528110021522781 3.85564896759591 15.2899155962116
"etap[116]" 0.0294379325291152 7.57726975858194 0.035719592194487 0.0669575283002471 -15.2257876197418 -3.75725643812494 0.018957459079288 3.89023356665859 15.0870677289584
"etap[117]" -0.0489779837832937 7.70765756398584 0.0363342462037212 0.0724043197805499 -15.3447848314596 -3.78433295991765 0.0184182683714928 3.8376309156804 14.8246352047773
"etap[118]" 0.00657809097251667 7.54221963891283 0.0355543643458241 0.0607323307610853 -15.2544705870413 -3.78882785773766 0.0346949047642301 3.86068227726344 15.0815986863455
"etap[119]" -0.0228752858118165 7.59618471940292 0.0358087581749029 0.0624076027749063 -15.5725938338191 -3.71593409344702 0.103832157479723 3.86189756248671 14.8214197166497
"etap[120]" -0.0151293002192252 7.48292256032798 0.0352748352366781 0.0586899235767877 -15.1818127917737 -3.81510407254503 0.00564202015707482 3.77338556798599 14.9635649726475
"etap[121]" -0.0597467895557905 7.64694243245722 0.036048032328891 0.0726882594022306 -15.3939355568135 -3.80921747092137 -0.0550761345877381 3.72070472992598 15.2584020811945
"etap[122]" -0.0583419602577752 7.51540462660722 0.0354279571655648 0.0606735636955885 -15.2526138533469 -3.87200214041871 -0.0830866863352447 3.73751342034589 14.9757103285263
"etap[123]" -0.0570594965127973 7.6572706188824 0.0360967198666151 0.072809949250228 -15.341481485754 -3.84671195547264 -0.0408613869784591 3.78999489868126 14.9745554008197
"etap[124]" -0.00211990968514834 7.57031393204888 0.0356868021137517 0.0591863231565161 -15.1651386123529 -3.78725131332486 -0.0211173418027852 3.76243849729727 15.2012038673382
"etap[125]" -0.0317093194668874 7.64794045797818 0.0360527370663155 0.0647077163582567 -15.2929467346197 -3.84021289918718 0.00140188013370502 3.78481376019132 15.2960283344319
"etap[126]" 0.0299572612247284 7.51649753233668 0.0354331091725814 0.0626270779632288 -14.5095522871266 -3.80231338671007 0.0121918882361441 3.8299349942619 15.1167703751278
"etap[127]" 0.0555033337815029 7.71120258189553 0.0363509575784103 0.0712733434219609 -14.958992378451 -3.85913728702143 0.0178168857263208 3.85610350767337 15.2844077461211
"etap[128]" 0.0585037057786097 7.4890753672491 0.0353038398466598 0.0624461804850677 -15.0416597030164 -3.78610972377541 0.0160806470577643 3.89528048720067 15.2965679478323
"etap[129]" -0.0835257560616378 7.5618838112079 0.0356470621429992 0.0689204870945107 -15.7251667649963 -3.80171769742496 -0.0136911885819396 3.81477064492465 14.5874814435757
"etap[130]" -0.0841621221403747 7.54960637984784 0.0355891857765309 0.0571992022322977 -15.4070626482795 -3.8463830215482 -0.0279720271644421 3.7729640366554 14.8524538192554
"etap[131]" -0.075054820153773 7.85743477970327 0.037040302769728 0.0833109813454251 -15.3790254355122 -3.83801247098524 -0.030879167179445 3.8435252880351 15.097527308767
"etap[132]" -0.0172943552263628 7.58844822520149 0.0357722879914866 0.0631115855453022 -15.2258766198061 -3.79997595673226 -0.00619482848114201 3.85672104834689 14.9594082187058
"etap[133]" 0.00452112208703338 7.60673961778724 0.0358585144430515 0.0670719919860264 -15.2850537006605 -3.79942125898881 0.0480360240075269 3.87810468876708 15.0357397147507
"etap[134]" -0.0461441674806831 7.46507062202541 0.035190680392471 0.0584553133644267 -15.0061573490508 -3.7926669425863 -0.0113721740327583 3.75138290469457 14.6462751841563
"etap[135]" -0.0106213034081729 7.7843159175415 0.0366956171479465 0.076816402509208 -15.3748081479372 -3.79841217368877 0.0148133413985589 3.91877906986588 15.1214034455506
"etap[136]" -0.0363681198750984 7.47847456036722 0.0352538671637783 0.064468944941417 -15.4076594781917 -3.82612497121117 0.0114745320419259 3.81524123006345 15.1141376386451
"etap[137]" 0.0205256885529663 7.67965150965564 0.0362022243975134 0.0608535971558442 -15.024498144509 -3.86917426158821 -0.0271079517705904 3.87081453200494 15.2385674007243
"etap[138]" 0.0306258398580227 7.68153672225306 0.0362111113749241 0.0668215438307568 -15.1197703575804 -3.81423279190358 0.0337277227046603 3.78640759422551 15.3601170488684
"etap[139]" -0.0307319533820795 7.80334733774861 0.0367853321231736 0.0734388862165671 -15.1905729043973 -3.75620328627841 -0.0184958452104323 3.83969631669929 15.3051915323546
"etap[140]" 0.00439851968312805 7.68864563657306 0.0362446231184078 0.0724222103401946 -15.1079118412615 -3.84943372082978 -0.0214111697930895 3.78916551833648 15.0765187308892
"etap[141]" 0.0241936211740816 7.67601632539644 0.0361850879745765 0.0598547462186119 -15.3113238578358 -3.79369987033266 0.0291285358581514 3.85092763003833 15.4946370342678
"etap[142]" -0.0481520124157399 7.73562560769155 0.0364660888261267 0.0649434100753924 -15.7693308162052 -3.91166597948415 -0.0691394530078315 3.77798799338618 15.713213099689
"etap[143]" 0.0410710787665006 7.64457573366309 0.036036875603782 0.0675734032433673 -15.2961170409413 -3.76233793840325 0.0126946763988062 3.78324362263292 15.0853229091287
"etap[144]" -0.0294377339972426 7.68566479526643 0.0362305712977307 0.0833220979783621 -15.3194300123699 -3.85963326138468 -0.0404860160729324 3.80945682188086 15.1111514883826
"etap[145]" -0.0770196127356016 7.66841944589049 0.0361492759411464 0.0682149052134588 -15.1575034688944 -3.9113417419369 -0.0539440762983605 3.70183201885206 15.3864596176881
"etap[146]" 0.0907316556131988 7.67128484075038 0.0361627835420544 0.0727777980921971 -15.2290658591061 -3.75115878846895 0.0666073899038623 3.889772590961 15.3812424499718
"etap[147]" 0.0809216469104873 7.54250922552899 0.0355557294702243 0.076874638334023 -14.5517190773674 -3.82960855585796 0.016344776603887 3.79090439370872 15.4034902500716
"etap[148]" -0.0593660807294262 7.59952544695204 0.0358245065155968 0.0617249583242098 -15.7140390149978 -3.76424713666633 0.0224368553276931 3.82031637286693 14.704111526096
"etap[149]" -0.0931457621920452 7.52619409270719 0.0354788191965293 0.0595649460768099 -15.3949513595043 -3.80959459042033 -0.0392228434867816 3.77207462109771 14.857838909371
"etap[150]" -0.0610109998110439 7.65845019047175 0.0361022804204132 0.0601386303281555 -15.559958496258 -3.91364348600315 -0.0734315864440929 3.80434705880622 15.1657960726379
"etap[151]" -0.0182670695978449 7.68407991120321 0.0362231000826074 0.0720603117267896 -15.2576344759503 -3.80237998804414 -0.0120653856521863 3.83137846780286 15.416092826318
"etap[152]" 0.107305178281992 7.68078774066825 0.0362075806418735 0.0641601867609596 -14.9500829239497 -3.71627467092073 0.0590835120892985 3.85591524353153 15.4855167839708
"etap[153]" -0.0367554373196698 7.82726020179616 0.0368980584453443 0.0682961361443898 -15.3464609639667 -3.84766561303404 -0.03890357456532 3.82778987149169 15.2858340971607
"etap[154]" 0.0165619459724835 7.57326736778167 0.0357007247433148 0.0570635791994951 -15.1242544292591 -3.83629937440472 -0.00370735696607627 3.78392555468236 15.3036217814262
"etap[155]" -0.0509439969712206 7.5333483212234 0.0355125445531824 0.062013475699037 -15.0296504047438 -3.89296315601512 -0.0498632272507122 3.7660510880726 15.1150103412762
"etap[156]" -0.0187512648566401 7.69279271083731 0.03626417261397 0.0622694475509975 -15.3738694979736 -3.7964772404978 0.0232280070717564 3.83430447193648 15.1608326119231
"etap[157]" 0.0319756879981572 7.64965361879222 0.0360608129838413 0.0741951372489355 -14.9347858079825 -3.84956722902281 0.00729821562620207 3.82689228062707 15.1956146953305
"etap[158]" -0.0591167992220559 7.61581486847183 0.0359012955850518 0.063542813661376 -15.474132764188 -3.8235574262657 -0.0284380802523474 3.82936017462231 15.157240439602
"etap[159]" -0.0405769847275994 7.73355154751694 0.0364563116126997 0.0723687695874992 -15.6231964283215 -3.8506720485603 0.000416972085335922 3.76568955225241 14.9662333063379
"etap[160]" 0.00142066157839634 7.65584608557569 0.036090004552207 0.0591969131612399 -14.9171601414196 -3.83228216623565 -0.0248697748463226 3.83756864183247 15.0782119272296
"etap[161]" 0.0662265470263072 7.8218571106091 0.0368725880292261 0.0613490164936891 -14.8757984872823 -3.85353368622165 0.0159711730174381 3.83313224944451 15.5342976099946
"etap[162]" 0.0301395493058122 7.90369341468881 0.0372583680663061 0.077147810819926 -15.1471347686759 -3.93336226425185 -0.00688955715563362 3.88684224705087 15.1575826534931
"etap[163]" 0.0103750627530979 7.59404512342806 0.0357986720227508 0.0550355058352298 -15.4134822031429 -3.72526702148005 0.0317674404057396 3.83230219474347 15.1412454395144
"etap[164]" -0.0602310748934538 7.68607765861191 0.036232517554206 0.0734391972014047 -15.3932498789523 -3.85097925039502 0.030247245797027 3.81421734327651 15.2743866542149
"etap[165]" -0.0356186005232864 7.74737191871132 0.0365214614673 0.0627326199413437 -14.7582256780574 -3.85831432720615 -0.0574154221067062 3.72268225995878 15.1762243169402
"etap[166]" -0.00735929777596303 7.52591799315066 0.0354775176507379 0.0603554677383534 -15.1764938485229 -3.80662553785696 0.015814450623411 3.78771908779908 15.0814944844656
"etap[167]" 0.0580734817342951 7.60538186506385 0.0358521139353323 0.0622288382617275 -15.1424372053037 -3.79086764330608 0.0729949821551427 3.83051034549528 15.3204495358419
"etap[168]" -0.0422021310615177 7.44066809910455 0.035075645796235 0.0583578277347173 -15.2467912742737 -3.83388529914846 0.0256572061853019 3.82756619227154 14.7241551671661
"etap[169]" 0.000870345704258109 7.55677679312579 0.0356229874288825 0.068158805549876 -15.0912847254771 -3.84146603925851 -0.0246680386145016 3.79486787737367 15.1588338154842
"etap[170]" 0.0133150562361412 7.65681937865523 0.0360945926997845 0.0687062341005301 -15.1911360919693 -3.75673813591472 0.0242575946381544 3.85872107605514 14.9390587203336
"etap[171]" 0.0641391952250197 7.50693330741247 0.0353880229839101 0.0577364887139575 -14.8703102968326 -3.81091279855931 0.0220408440871506 3.82120379230466 15.3734434042905
"etap[172]" -0.0721085521464497 7.58287053861063 0.0357459945247418 0.0652096059659925 -15.3977215826209 -3.78777395655164 -0.0452464932158914 3.75654513311926 14.9687497233072
"etap[173]" 0.138818723956476 7.75161947837099 0.036541484655559 0.0759674337077966 -14.995886562271 -3.74209169037857 0.0816781267713137 3.89601925879297 15.3470592632799
"etap[174]" -0.0204846295526718 7.65871522513353 0.0361035298057905 0.0606215924103838 -15.2770876862649 -3.83519915960246 -0.0624272958726365 3.83414556548964 15.0774080133151
"etap[175]" 0.0296255844585462 7.45331913824633 0.0351352833666764 0.0572404177995181 -14.8780371477135 -3.77156673304297 0.0533954636013585 3.88618078166111 15.0702572485973
"etap[176]" -0.0838510877464751 7.71320586709909 0.0363604011554242 0.0626836419765253 -15.6580375981146 -3.84472760640297 0.00835288971885416 3.86108935023732 14.5606605833655
"etap[177]" 0.0437404160429632 7.5702570691942 0.0356865340596841 0.0586732233091165 -15.0839787575184 -3.76212147762395 0.0362717003014056 3.8718005813984 15.4562709760314
"etap[178]" -0.0743285280712191 7.60316606457148 0.0358416685516395 0.0609190705893972 -15.4590085310736 -3.87908036133964 -0.0311876614538925 3.72863687293462 15.1874690291817
"etap[179]" -0.0712275332399609 7.81699564573875 0.0368496708640506 0.0744935862702964 -15.2113689036408 -3.95477310735918 -0.0676186003401637 3.76849300956358 15.1732561418765
"etap[180]" 0.109558808065613 7.83254617503789 0.0369229767621736 0.0849654760354176 -14.8402991266305 -3.77546262132012 0.0191657031064688 3.8676731992717 15.5179327007468
"etap[181]" 0.15807039732476 7.6526590272058 0.0360749806149711 0.0754253101963494 -14.9764217561223 -3.70468159567841 0.0847509526642299 3.89317034762068 15.4850285185948
"etap[182]" -0.0615178975275105 7.55456146252819 0.035612544260295 0.0606188673704764 -15.36810662074 -3.82209796580977 -0.0361700601018374 3.78240124408106 14.7727418164577
"etap[183]" 0.0752862959872055 7.64100152904615 0.0360200266416354 0.0623981342329174 -15.1702704555518 -3.85329948576352 0.0213232202981467 3.93269972576538 15.4784501127359
"etap[184]" 0.00486300156264155 7.67553129436997 0.0361828015163904 0.0731376039830882 -15.2748796380545 -3.87083365803437 -0.0424488855197085 3.80697093547785 15.5182576715196
"etap[185]" 0.0722423180132284 7.55428468394661 0.0356112395135488 0.0563289160005405 -15.00798529235 -3.718022370166 0.068912448234765 3.89612203930431 15.2572491009077
"etap[186]" -0.072561679676015 7.62775683244097 0.0359575905430735 0.0619206404782944 -15.5081319347777 -3.90074487919857 -0.00374407794687858 3.80045213656104 14.9939519020091
"etap[187]" -0.0157201357493718 7.51015922241593 0.0354032300930733 0.0687543437688082 -15.2933585600844 -3.78011464757245 0.0244196525663553 3.83695701242822 14.8643883880029
"etap[188]" 0.0480979365097889 7.53616839793513 0.0355258385222913 0.0646742857971641 -15.2018103941715 -3.78926215019156 0.0169371541616464 3.85480609415094 15.2902511997678
"etap[189]" -0.125944222024237 7.6552807225154 0.0360873394051819 0.0679272324263619 -15.6178897476979 -3.88075151662148 -0.0363373023395635 3.78973762326821 14.9143421424108
"etap[190]" -0.0757443597566771 7.60199823401743 0.0358361633456126 0.0716727425022604 -15.2352193667086 -3.83748099032527 -0.013221402255486 3.77413464421242 14.6542512061161
"etap[191]" -0.0977700024385176 7.65086486303802 0.0360665228439738 0.0666670963136144 -15.2567413887529 -3.84304886342342 -0.0868492425251083 3.72200546200574 14.9282659726836
"etap[192]" -0.0221457798505029 7.82463731912328 0.0368856940578493 0.0853771944824406 -15.1150431448359 -3.86644372799036 -0.0305314957899939 3.77170347048901 15.426236939375
"etap[193]" -0.0408313226419634 7.64766620883876 0.036051444243474 0.058308800903141 -15.3757635166104 -3.81434456543411 -0.047701339129386 3.81607955671549 15.4044401067255
"etap[194]" 0.00666378360100391 7.44179253836921 0.0350809464537621 0.0584092382231582 -14.8768090419987 -3.76979526700215 0.0277932004538319 3.84770644407466 14.7021070377918
"etap[195]" 0.094427507541071 7.64823175939316 0.0360541102743548 0.0671844181514266 -14.9970575122313 -3.73478287332084 0.0492041936662035 3.85630630766197 15.6600313065557
"etap[196]" -0.0557757651314472 7.53407220024737 0.0355159569516265 0.0557611571536524 -14.9573015230186 -3.86524259061248 -0.0436899674773051 3.73433523847152 14.9222289473716
"etap[197]" 0.12751793071694 7.69480094422025 0.0362736395169253 0.0753228428315864 -14.9523262192216 -3.76258550127997 0.0235012223313065 3.88450158861855 15.4875156598525
"etap[198]" -0.0277288525170611 7.66969735349874 0.0361553000553832 0.075354971659236 -15.3598989074763 -3.83137430338414 -0.00725293682882396 3.83078412349707 15.3048085623763
"etap[199]" -0.166313820755343 7.55292105943651 0.0356048113259616 0.0645963321975916 -15.5066773365183 -3.91088840461036 -0.053363977071016 3.73575784556457 14.5394974627822
"etap[200]" -0.0123605896158623 7.50341974769454 0.0353714599045591 0.0570221542650329 -15.093347650132 -3.83350562878963 -0.0472719252649066 3.82188256584167 15.2561158848743
"etap[201]" 0.15644914869925 7.64847918003263 0.0360552766264347 0.0648478394680389 -14.5480782293024 -3.7597426487479 0.0457512490396354 3.83487222473329 15.7311939015749
"etap[202]" -0.0191970692444011 7.64098489427898 0.0360199482245909 0.0662888369960412 -15.5606204122158 -3.83748951411185 0.00601933662837671 3.86927067877016 15.0958973044524
"etap[203]" 0.00680180083119162 7.65730183332338 0.036096867012901 0.0675696630882818 -15.4598384541879 -3.79168697093328 0.107845240410698 3.83092956774741 14.9787906700268
"etap[204]" 0.0447252319347512 7.68573688803457 0.0362309111462989 0.0694562340767606 -15.3253031665159 -3.81565034923809 0.0455435109078207 3.81459028543698 15.1648925583468
"etap[205]" 0.125523553289593 7.57373538130851 0.0357029309802382 0.0653626416551325 -14.5797212573246 -3.7433895184962 0.0361717875175226 3.85292138513175 15.2834163493324
"etap[206]" -0.0115739414088572 7.47946312036656 0.0352585272803059 0.0663414857213361 -15.0660550592292 -3.83314522459543 0.0104177078338118 3.83210999248427 14.9712179851913
"etap[207]" -0.0630763729704428 7.72905140587856 0.0364350977415743 0.0695671336959624 -15.5205699054044 -3.83445073940823 -0.0141876221846436 3.74358170171013 15.0299807785367
"etap[208]" -0.029467155769732 7.62862161170287 0.035961667151609 0.06088113517468 -15.4363664544491 -3.84131694203966 -0.011014454202172 3.83198702371057 15.1810276480102
"etap[209]" 0.10866727647924 7.73072482146622 0.0364429862983062 0.0576364273605313 -15.1481007332893 -3.83261015980678 0.00559658980761483 3.86454145867366 15.7218053110228
"etap[210]" -0.0229511829365133 7.57451183606468 0.0357065912230607 0.0756217654030369 -15.0523361089271 -3.82150510129191 -0.069688221259682 3.78306307551408 14.9265551201911
"etap[211]" -0.0187951131928417 7.5976831117534 0.0358158216641822 0.0799497274039499 -14.974589778308 -3.80857475592703 -0.0268131706276654 3.7936907103252 15.0184275384519
"etap[212]" -0.154772394126043 7.74848451902111 0.0365267063154588 0.0711968551060429 -15.3999046768352 -3.9701200443501 -0.12995217763962 3.72989636556029 14.8379247546353
"etap[213]" -0.123702066463242 7.46441137446612 0.0351875726696733 0.06243236505441 -15.4402238807303 -3.92840730297444 -0.0822776998977084 3.67056241834601 14.877977957845
"etap[214]" 0.0636259862482209 7.6352582669655 0.0359929526445463 0.0619365749589179 -15.4883235001294 -3.79663334445023 0.0514851271644625 3.87454530387931 15.5118952851069
"etap[215]" -0.0662358289755034 7.69862586549189 0.0362916703687164 0.0612475193113991 -15.6942444943582 -3.90098427423863 -0.000391788416208913 3.87112346698045 14.9661889278694
"etap[216]" 0.0770918173289464 7.62228142243633 0.0359317792127798 0.0634034832827772 -14.9140618714317 -3.74050967151906 0.0611694437754422 3.89362259269805 15.2901571390859
"etap[217]" 0.045773852253497 7.85736471221662 0.0370399724684284 0.0668836870702334 -15.3254563966052 -3.79934455963884 0.0289004809009882 3.8046492791659 15.532409748437
"etap[218]" 0.066185604396603 7.74437512020161 0.0365073344236463 0.0701167271199192 -15.1103971173749 -3.79328420701433 0.0394578626160574 3.87223702820756 15.3839804917709
"etap[219]" 0.0685624083657388 7.55970747456489 0.0356368027936764 0.0683279271248398 -14.7439129851133 -3.7531753830403 0.00299528185379012 3.81086559010124 15.2787474811165
"etap[220]" 0.0635475683445602 7.53575513352409 0.0355238903751748 0.0569930587170753 -15.1969367361119 -3.76819826032284 0.0599392513815452 3.9317180360592 15.2912087359717
"etap[221]" 0.0971256529101908 7.63482572983807 0.0359909136449735 0.0714819775082441 -14.9427691424306 -3.82007166102099 0.0563592956873124 3.95543390906404 15.2538947324196
"etap[222]" 0.0911470005527873 7.63379794388027 0.0359860686155044 0.0654881751159676 -14.6669509846002 -3.82989863140337 -0.0124941789361384 3.78843155528796 15.7555890188399
"etap[223]" 0.036206618896777 7.52101553088345 0.0354544072219802 0.0578302839465538 -15.25449372172 -3.80916920366285 0.0109604828362691 3.83458589319278 15.3986626132381
"etap[224]" -0.051430613871897 7.76364345087303 0.0365981662055123 0.0777773200416608 -15.5101305970987 -3.82920275524169 0.00758745747813166 3.82054140691944 15.1929033470453
"etap[225]" -0.144665762627468 7.70665043831465 0.0363294985677771 0.0758920518652883 -15.5889184614495 -3.90804647426361 -0.0770332413281884 3.74561510074031 14.8926647407819
"etap[226]" -0.0574820921935406 7.63328230564742 0.0359836378735638 0.0671913164338037 -15.6010702102396 -3.88620309336764 -0.0325979379790885 3.81134884636467 15.1736531520663
"etap[227]" -0.0119695967596199 7.58235852123985 0.0357435808517087 0.0591440528371816 -15.2245920742431 -3.77924205521381 0.0425059861606173 3.81866992077009 15.0244337836763
"etap[228]" 0.0740967292076269 7.52778439926673 0.0354863159735454 0.072266337268757 -14.9843216121152 -3.75717000118051 0.0420011623108643 3.87209634602512 15.1793718883025
"etap[229]" 0.0226736916088756 7.63462021239134 0.0359899448264386 0.0681167527585707 -15.2154067950584 -3.81274793305429 0.0131383853272862 3.88816360619969 15.2144191333325
"etap[230]" 0.0434183549792728 7.65515539310091 0.0360867485966562 0.0848693735350396 -15.3221950224118 -3.84662603707915 -0.0222448869885423 3.82669391471259 15.5389169467525
"etap[231]" 0.00386206407493313 7.5590612347693 0.0356337563900648 0.0658409031134262 -15.3893311924725 -3.85745158376359 0.0177337316584107 3.86071141094097 15.1365330042575
"etap[232]" 0.0439437897601763 7.689188077804 0.0362471802108931 0.0661975812088809 -15.1167676677403 -3.77212717322835 0.0192142343255192 3.86785732633772 15.1312517424779
"etap[233]" -0.111196776376221 7.79490902138047 0.0367455535183355 0.0730983072093151 -15.1328767073054 -3.83120928197015 -0.100238973404482 3.68064042085447 14.8169342810894
"etap[234]" 0.0207033367219221 7.60443741598209 0.0358476617596643 0.0629110010562774 -15.2309218390782 -3.82154398951166 -0.0431344869098271 3.84394691138779 15.6966175511728
"etap[235]" -0.0571820464800908 7.62584614200177 0.0359485834619648 0.0573420067804113 -15.1398113306418 -3.81175949707776 -0.043402362442701 3.70603415179703 14.9094901937631
"etap[236]" 0.0210220376411456 7.67964148605137 0.0362021771457897 0.0549301239631714 -15.1397769572898 -3.78176373808102 0.0323690709001498 3.84989674286773 15.3197488844416
"etap[237]" -0.0935712814167664 7.67586132308566 0.0361843572866761 0.074373551029731 -15.2508545153393 -3.83692700967589 -0.0211093033255907 3.77549545243212 15.0121733517553
"etap[238]" 0.0271833546274497 7.60617536179899 0.035855854514814 0.0747069542717758 -14.8667780003608 -3.74748315937781 0.0160194685370589 3.78877849761279 15.3562165965282
"etap[239]" -0.0318891553670003 7.61226647749496 0.0358845683095715 0.0628051597907928 -15.0002982077686 -3.82593469367654 -0.0463689186960898 3.82004100992366 15.1639503373965
"etap[240]" -0.0628311614467204 7.53139459419007 0.0355033345956234 0.0673089283678697 -14.9808247690389 -3.85946161534564 -0.0322881533967352 3.86124269695984 14.7879327374393
"etap[241]" -0.0652344524702012 7.7344796645892 0.0364606867985365 0.0722520486668567 -15.6228827567312 -3.91414402865272 -0.063139622715887 3.82022268927259 15.3413352326265
"etap[242]" -0.0860042919098874 7.54869197541752 0.035584875232708 0.0601221362211414 -15.24738246728 -3.86144373447401 -0.0246667739956816 3.75911865510773 14.8895696384714
"etap[243]" -0.0739717834930762 7.58771260824236 0.0357688202598856 0.07331573070513 -15.2777086617305 -3.810851355252 -0.0013082639302436 3.70526307147006 15.0594459112817
"etap[244]" 0.0789258464797514 7.63030644018991 0.0359696095092645 0.0593977114773059 -14.8153875024 -3.78231916252464 0.0400860640987669 3.86977816501026 15.2969519173313
"etap[245]" -0.0643445742296916 7.541203687048 0.0355495751028042 0.0668244208112573 -15.1346323622954 -3.86525389691862 -0.00641130848662167 3.77791763592127 14.8347377569757
"etap[246]" -0.00295694038708795 7.80319014621706 0.0367845911151875 0.0722418186353568 -15.3289421197354 -3.77599342088931 0.00213763554625308 3.83345863835264 15.3967356813651
"etap[247]" -0.0727099150879935 7.77079278111976 0.0366318684715017 0.0719588542010584 -15.5776298140591 -3.85238065845177 -0.00237901211597081 3.80642120858419 15.1259941269086
"etap[248]" 0.0293366979521334 7.84333179265433 0.0369738206512128 0.0671029982217841 -15.5535998863526 -3.78176344067944 0.00311073229708731 3.84890734682369 15.6157443406773
"etap[249]" 0.00757670204537473 7.64491776159103 0.0360384879388967 0.0604344693675899 -15.2153574232903 -3.82521948355143 0.00658313921433736 3.8458168021762 15.3450653377983
"etap[250]" -0.0446734097892841 7.69615229108082 0.0362800098271175 0.0641699393613936 -15.3274497592996 -3.82969588371461 -0.0348815399376267 3.74818496994888 14.9066781801626
"etap[251]" 0.0709366570566801 7.63790888805346 0.036005447792184 0.0614430844172386 -15.0166623571553 -3.75448462626656 0.0467431578861646 3.83215937004977 15.4496575423074
"etap[252]" -0.0511661957482702 7.62764591312223 0.0359570676643906 0.0705320924960342 -15.1755874293602 -3.82498236826572 -0.0362060425746618 3.73686960488937 15.141973238726
"etap[253]" 0.0548177053185919 7.66211029416726 0.0361195343146995 0.0710338458586405 -14.8589447135336 -3.76588276753663 0.00451054797035803 3.80336131121863 15.5040991340535
"etap[254]" 0.0597439574080609 7.60240180435365 0.0358380657944221 0.0608810612734401 -14.7013878638514 -3.82431975324858 -0.00553337762252718 3.84126896154782 15.3863446314904
"etap[255]" 0.147448981206609 7.86984862885686 0.0370988222158423 0.066259498352448 -15.5454405608664 -3.73368760317435 0.063810398775001 3.90506580407722 15.972428461936
"etap[256]" -0.049343481262036 7.61067585208157 0.0358770700294639 0.0687782320138485 -15.3310542939789 -3.83034916956049 0.0163161403384221 3.8456969289839 14.8711586639224
"etap[257]" -0.0165149205767149 7.60396697373213 0.0358454440736302 0.0590991436831766 -15.3657381199379 -3.87181181603976 -0.0071806603480326 3.77952723288398 15.3415954173771
"etap[258]" -0.0276960970097968 7.60160771731642 0.0358343224322295 0.0681568481990155 -15.0745811002837 -3.80470809481005 -0.0228804910009424 3.82807415175445 15.1002640386366
"mean.p0" -1.71551642767475 0.469716236538989 0.00221426357393429 0.00611833474683595 -2.73143523477528 -1.99476484499421 -1.6847762905855 -1.40685222388992 -0.875901874360215
"mumup0" 0.790484375363148 0.207810632867672 0.00097962871802266 0.00502629356225449 0.22211964021828 0.703419437472166 0.867394701314922 0.942658796110518 0.993390388742569
"mupsi" 5.15548294274197 1.32509184908255 0.0062465428812086 0.0157896121985695 2.78254420064497 4.22639814953654 5.0711683273404 5.99954267716482 7.95924839662537
"ppo[1]" 0.116822320142128 0.11299793457975 0.000532677372009435 0.00141403714741314 0.00463742178796427 0.041274213391938 0.0873038548005702 0.156777027305376 0.415803239956208
"ppo[2]" 0.239486970143162 0.123246435057779 0.000580989266576151 0.000821656660785848 0.0569422855681602 0.148074141953651 0.219680486574619 0.310659641943056 0.532627276661425
"ppo[3]" 0.115058201238041 0.111560643181579 0.000525901915381517 0.00135571682502672 0.00442168017366304 0.0396062798554578 0.0860136650495264 0.155227487289305 0.404544308960232
"ppo[4]" 0.161689891676488 0.0994605165752302 0.000468861371537748 0.000711520175925009 0.023656185206685 0.0870385332256552 0.143882483338131 0.216638499376702 0.402027761694175
"ppo[5]" 0.163376187074864 0.100190433252352 0.000472302231751707 0.000711610076610651 0.0238171138268896 0.0881937288673286 0.145980049831176 0.218665725125095 0.405665162092901
"ppo[6]" 0.161245868636449 0.0987426788217323 0.000465477451915815 0.000706542957116771 0.0230715596708335 0.0872008426981175 0.144044045267717 0.215648004573665 0.398775025700231
"ppo[7]" 0.240922962317161 0.123690739163776 0.000583083736217882 0.000878457225563885 0.057293845191609 0.149751013592579 0.221006190136669 0.312599822536791 0.533862388857428
"ppo[8]" 0.115170412658203 0.111057744160444 0.000523531226660871 0.00132284193092488 0.00475705924707702 0.0402192123938561 0.0864627177280025 0.155164964962106 0.39821067062017
"ppo[9]" 0.162256230286082 0.100348013745179 0.000473045073318782 0.00075516039424588 0.0229091715428585 0.08739463785873 0.144972077352611 0.21686176356944 0.406381963037285
"ppo[10]" 0.161888541120329 0.099945179244828 0.000471146093272819 0.000729000964576581 0.0231219252146667 0.0871083351321225 0.144300415710845 0.216107296014041 0.405240345277554
"ppo[11]" 0.162826123363992 0.100728895308554 0.000474840566227388 0.000722279281649018 0.023107078387796 0.0875827400810851 0.144267787337774 0.218594318899323 0.408815185246535
"ppo[12]" 0.591197564581031 0.187054965698203 0.000881785564665443 0.00297619837251449 0.221116584405881 0.4559110743489 0.602217439184814 0.735980398837766 0.913734023290475
"ppo[13]" 0.161740702151045 0.100054707496384 0.000471662414402198 0.000714206852508791 0.0230627065063344 0.0871223558664126 0.143877913194168 0.215963441932973 0.40364779521989
"ppo[14]" 0.162154715323705 0.101226340217879 0.000477185544018392 0.000746255738796892 0.0220994588737694 0.0869524702739838 0.143685113778343 0.217503716251241 0.410366035348731
"ppo[15]" 0.114821952431873 0.1112463441652 0.000524420295609502 0.00131356598116231 0.00481397800018537 0.0407527365698323 0.0859130684851298 0.154812766194461 0.396807071368456
"ppo[16]" 0.323701197773473 0.143749899104417 0.00067764352301077 0.00126947410835313 0.100381515059837 0.214851640068555 0.30358656580295 0.41431056302148 0.647868951495883
"psi0" 0.988096051204737 0.0167337873251986 0.0000788838299505428 0.000174887600669948 0.941725224189107 0.985605332001044 0.993764046630512 0.997526248594103 0.999650706406665
"sdeps" 1.21319173351006 0.533072547273432 0.00251292808694287 0.0110639238600069 0.344375380624235 0.846050302618581 1.14618999894797 1.50638060368632 2.4601567507664
