"Mean" "SD" "Naive SE" "Time-series SE" "2.5%" "25%" "50%" "75%" "97.5%"
"N" 50.0562 0.259184077716812 0.00122180545952759 0.00506840844665866 50 50 50 50 51
"betapsi[1]" -0.00158516286366523 2.87580273994842 0.0135566641251492 0.0203995634355875 -6.29934584562064 -1.30930767408614 0.000550810241417446 1.30621101405936 6.21897657652554
"betapsi[2]" 0.0420301348418616 2.90072647172883 0.0136741557235119 0.0221645235421569 -6.15836716081474 -1.31049044287522 0.00413270685444255 1.35213110410769 6.43555660082756
"betapsi[3]" 0.0328201649940518 2.85059353355664 0.0134378267865628 0.0206605303784715 -6.22534650843587 -1.25824452553403 0.0130986034024787 1.34084018254692 6.22263820188096
"betapsi[4]" 0.00814099301503365 2.88293895875857 0.0135903045832338 0.0205239487428777 -6.25232506605127 -1.33141904673864 0.00304004607263308 1.32396945361208 6.31677008278293
"betapsi[5]" 0.0306024171103917 2.88469600138768 0.0135985873616196 0.0203306413671508 -6.18205964693598 -1.30422686117833 -0.00019418929300401 1.32266738450289 6.40651365160296
"betapsi[6]" 0.0174518515868388 2.84947105285574 0.0134325353617938 0.0197209821315576 -6.1864177348269 -1.27969444579179 0.00901159052279311 1.33864579208022 6.17383199554108
"betapsi[7]" -0.0120787768968343 2.86604442325241 0.0135106629790911 0.0208024738184311 -6.24417709025557 -1.33047642467841 -0.000130019370171198 1.3038940359109 6.24332384912913
"betapsi[8]" 0.013873564600251 2.85051514552977 0.0134374572618604 0.0201568629237298 -6.1698722104836 -1.30751539888921 -0.001189283168879 1.31572054096133 6.19749135109063
"betapsi[9]" 0.0281306174576918 2.89566474246147 0.0136502945029154 0.0215452618464393 -6.29719475253714 -1.27712308856154 0.00341699375994915 1.32807537397045 6.37748626558145
"betapsi[10]" 0.00364036318220367 2.85832778942468 0.0134742864183743 0.0199278893692878 -6.3412828620444 -1.2920930881675 0.00293611166955614 1.30646669731407 6.22293694551472
"betapsi[11]" 0.023502897429344 2.85162808079022 0.0134427036889916 0.0200075986497793 -6.13046066980394 -1.31153491348704 0.00747993307121318 1.33980546861268 6.25746864035392
"betapsi[12]" 0.0443367189411596 2.88121543688804 0.0135821798232193 0.0209723163248834 -6.18140873696087 -1.28591589030997 0.0091043344472144 1.35707124313883 6.35894260064786
"betapsi[13]" 0.00438450055628956 2.84515941000476 0.0134122100824739 0.0196787901655967 -6.12831955522212 -1.31338936902146 0.00486277401901618 1.31412483640398 6.22666702598072
"betapsi[14]" -0.0193716238290733 2.86056388800174 0.0134848274881559 0.0205634191757085 -6.24861944842118 -1.34346836537022 -0.00580514503755283 1.31369216013446 6.13415301805601
"betapsi[15]" -0.0125569998264061 2.85491423534113 0.0134581947701048 0.0196221712919507 -6.2367107577727 -1.33532199616783 -0.00452117766971741 1.32791982923773 6.18148117728374
"betapsi[16]" 0.0261408020753663 2.88166538139059 0.0135843008819454 0.0205250835324835 -6.21222410445614 -1.29233660930742 0.00614467693047754 1.32346244060718 6.33608589224763
"etap[1]" -0.383925371552176 7.75300184873928 0.0365480012119692 0.13672580000483 -13.755503980436 -3.43480774772043 -0.214973640208569 2.90942769955041 12.3743545630529
"etap[2]" -0.295138138868866 7.19580167136501 0.0339213343859713 0.105804275731169 -13.2696975433774 -3.44482788585457 -0.248216853955802 2.90043480614201 12.5169447329286
"etap[3]" -0.213746065541001 7.63987052157506 0.0360146950212862 0.16687806020213 -12.9484671228068 -3.41230085327824 -0.223744055376342 2.89473711153143 12.3604506382672
"etap[4]" -0.356805441642424 7.44729508445399 0.0351068857047644 0.149321609717207 -13.3161484315478 -3.43815095658168 -0.249188254872973 2.88884553490637 12.5244893969876
"etap[5]" -0.435504899217364 7.95772710319056 0.0375130853166535 0.191511567286195 -13.6723120837625 -3.46626560203154 -0.239122914786106 2.84977034294241 12.2770577546793
"etap[6]" 0.753137011180864 8.20141710004146 0.0386618509785242 0.422668136249699 -13.1924582395636 -3.47444314363575 1.09082967728975 4.70562440878809 14.4305280859307
"etap[7]" -0.348706038579426 7.34056356763631 0.034603748509377 0.151659741790052 -13.4145675288189 -3.41427299294053 -0.249469546801104 2.85386957835852 12.5048033951293
"etap[8]" 0.618849413720224 8.1856398728562 0.0385874764163174 0.409956310368062 -13.6191982827948 -3.47883927305571 1.07767608861338 4.68113898498952 14.1949234924686
"etap[9]" -0.390250250993982 7.19241109280721 0.0339053510453688 0.134436538472219 -13.5489521721927 -3.44702267270449 -0.240317055719232 2.89912783548728 12.3411364451903
"etap[10]" -0.416282573175934 7.75406900022397 0.0365530318123117 0.152404001098932 -13.7679744149282 -3.43786604920626 -0.251990469323399 2.9077464855593 12.2340788156085
"etap[11]" -0.370144301349519 7.7324489488174 0.0364511139125838 0.163528690093681 -13.9000218345817 -3.47589717886206 -0.269093193438011 2.91326858275459 12.5122064185139
"etap[12]" 1.86804886534342 15.0384563270452 0.0708919629828759 1.43269852098752 -23.0847600969961 -8.16511130914354 5.30253680716926 9.97215306439726 26.305982477628
"etap[13]" -0.260402037532987 7.44831259434667 0.035111682292398 0.143932691729274 -13.1526574716172 -3.39263417044452 -0.210770526897382 2.9148485407149 12.339890821517
"etap[14]" 1.22124939819124 11.837145665645 0.0558008398004703 0.947641598955669 -18.6363027501595 -5.97883414629323 3.27178036121011 7.51789629334176 19.8644662021309
"etap[15]" -0.243406280685582 7.58206111288938 0.0357421788552994 0.179265303323755 -13.5706979794788 -3.3945826945573 -0.199285913663324 2.93244741851643 12.629992499251
"etap[16]" -0.462422815402577 8.00224098239527 0.037722925755604 0.286347552067731 -13.5944579973959 -3.40373509638997 -0.217658065526627 2.91376383978199 12.3251277726891
"etap[17]" 0.616555879087071 8.3976742743454 0.0395870161705697 0.401376529685036 -13.6462259481495 -3.49008891401472 1.0844265799272 4.75826436887768 14.4365381304695
"etap[18]" -0.31661798182316 7.60260147472692 0.0358390070495883 0.144891351913034 -13.6284616371576 -3.46007041057792 -0.209223067662845 2.94047476657233 12.7951098634957
"etap[19]" -0.260907236275491 7.55344590375691 0.0356072854658151 0.123308428617062 -13.0652847248344 -3.48365697621752 -0.251150630126551 2.91087096353179 13.0455840347504
"etap[20]" -0.45226239235619 7.37901019982218 0.0347849876715931 0.126803518646011 -13.8100743606093 -3.47932931899154 -0.271345878023516 2.8761701757596 12.066249697574
"etap[21]" -0.456020575456848 7.73814427377674 0.0364779619319159 0.178049159050717 -13.9891348516244 -3.40854675922459 -0.254394521975922 2.87847956733329 11.9694911525708
"etap[22]" -0.390265637424772 7.54377741819887 0.0355617077878024 0.139241002016138 -13.4525873400448 -3.45481467086662 -0.296389064744266 2.8704648040123 12.6833782773202
"etap[23]" -0.403836490932341 7.16598214326291 0.0337807637824194 0.113420850250804 -13.42117375714 -3.39990690352287 -0.246732784532129 2.82327121768982 12.1616139929422
"etap[24]" -0.303217846977748 7.43976098207914 0.0350713696055683 0.131301373042891 -13.1491765743672 -3.39714480083282 -0.206868575310672 2.91732915011537 12.3964733112939
"etap[25]" -0.185386555545234 7.29229707613374 0.0343762180864067 0.13505900590168 -12.7109378005616 -3.39844954942791 -0.24358787911423 2.95204990442815 12.7450664632248
"etap[26]" -0.23831982137428 7.52713694517367 0.0354832638456806 0.159951121564251 -12.8819245088643 -3.39715191618491 -0.201933833321024 2.89889406397031 13.0990346311524
"etap[27]" 0.665579687671121 8.35217977013148 0.0393725530209938 0.391010320630895 -13.612435905608 -3.46835962727874 1.05577730669241 4.64353632980915 14.0741536808964
"etap[28]" -0.295890788895905 7.74939411911211 0.0365309942114088 0.160862039857905 -12.9765605866398 -3.42349262621143 -0.270998022184404 2.84839627483639 12.4534948177881
"etap[29]" -0.611469287068654 8.03888790163883 0.0378956809896487 0.244549157935786 -14.1120352151188 -3.47543652781305 -0.245495062519601 2.87973962380428 11.9001474432815
"etap[30]" -0.283487261239038 7.39294919665212 0.0348506967328023 0.174970727219278 -13.4738721889639 -3.3989521668501 -0.203368766559296 2.91960387290103 12.9101985647895
"etap[31]" 0.632648608946985 7.86870748656355 0.037093442819483 0.379630606610613 -13.6291261434928 -3.52256992273837 1.0640459201534 4.68758836200339 14.1514557854725
"etap[32]" -0.401593662541514 7.3265267960512 0.0345375785335517 0.137976222780806 -13.6524588375531 -3.40195719994514 -0.239406483286649 2.91018088830693 12.5479152455474
"etap[33]" -0.229327588161652 7.27727922169253 0.034305423241645 0.113160128917563 -13.1230080648017 -3.35834235806679 -0.204181210648804 2.92615401695096 12.5099307870699
"etap[34]" -0.0826125109441816 7.64461616057496 0.0360370661780722 0.13563549920361 -12.8939885048471 -3.31233242126262 -0.159512930590074 2.93503268958893 12.6061799867928
"etap[35]" -0.298448033061231 7.31890889729774 0.0345016674144386 0.142047608990415 -13.2483231121972 -3.37946807185117 -0.222780925381451 2.91573924366128 12.3072583454802
"etap[36]" -0.42387188725386 7.76641050834502 0.0366112102395282 0.197448381364288 -13.4184595884683 -3.4816952326516 -0.258008904562401 2.87809515891772 12.4207249978137
"etap[37]" -0.205523324174104 7.55204251156199 0.0356006698115638 0.136368762934664 -12.8291518531311 -3.34085567765898 -0.200911659263349 2.8952685921406 12.5710421062013
"etap[38]" -0.127411842473575 7.71513824523383 0.0363695104733101 0.143969657713025 -12.7050459285246 -3.35892566754127 -0.174172495575672 2.89810786248351 12.6060524016186
"etap[39]" 1.54521765779682 12.7428577394866 0.0600704074619095 1.23198685220382 -18.6607828993571 -5.94950096583855 3.28359463670673 7.57802511526038 20.5730358306239
"etap[40]" 0.551648679793106 8.23175623323763 0.0388048710239797 0.390455335581798 -14.1233609861599 -3.52096132765882 1.05960502384089 4.67747123716906 14.4872875990656
"etap[41]" -0.360644477195746 8.68374768333725 0.0409355791533383 0.272093589926717 -13.2866108652278 -3.45291530569915 -0.228121970445267 2.87643598709266 12.6671311117538
"etap[42]" -0.305434032275534 7.27018466175998 0.0342719791653927 0.122042392200821 -13.3673590499391 -3.45237775238842 -0.231712756998608 2.9156854871476 12.6468313428009
"etap[43]" -0.264088656110836 7.76877271287144 0.036622345778456 0.121985781296695 -13.1385559524693 -3.41272292963331 -0.249038919166524 2.96314591516787 12.6662330309239
"etap[44]" -0.304455694893974 7.68857160359008 0.0362442741235791 0.1563117222287 -13.0357138741399 -3.43133076954751 -0.21527703391361 2.93901416290473 12.4951775595188
"etap[45]" -0.318561713488511 7.18074896567476 0.0338503752508461 0.149030909534246 -13.1966181995481 -3.40848938917584 -0.207571010441663 2.9480412363715 12.4843015586197
"etap[46]" -0.149853794765754 7.45114492349646 0.0351250340200538 0.137617035883162 -12.8225519046709 -3.33948563447771 -0.172311696030762 2.94991317028973 12.5580130850847
"etap[47]" -0.369468568983002 7.44011362583028 0.0350730319841535 0.127322875603763 -13.4095451094474 -3.43592153906355 -0.253407516125653 2.84567342645192 12.4413383907479
"etap[48]" -0.334668046382061 7.51434581974554 0.0354229659021524 0.143910619669436 -13.2555944424399 -3.36805154320539 -0.221849604277939 2.92234217928691 12.4206665804158
"etap[49]" -0.319848386592368 7.48709274821198 0.0352944936908888 0.140307226810441 -13.3167707028176 -3.44116817144083 -0.243038381323904 2.89412147374105 12.5617688621272
"etap[50]" -0.409204756786287 7.47558039535244 0.0352402239390595 0.129569831651753 -13.8702773387307 -3.47600301841923 -0.2515652870044 2.92704624451977 12.6656811719631
"etap[51]" 0.1538491441461 8.67714730470401 0.0409044646700719 0.16348781005076 -15.2831354055601 -3.6230159362232 0.121222530000879 3.93552882173748 16.135343443026
"etap[52]" -0.144047539982215 8.90393313672088 0.0419735433347129 0.157685183831087 -14.7680032496867 -3.50083725853758 0.0447502523950045 3.5487221541008 14.0729137197903
"etap[53]" -0.000953465587584531 8.07145387440346 0.0380491984575008 0.123859975867788 -14.1926160280867 -3.47208606299609 0.00528162877691071 3.50766008645071 14.1244808456118
"etap[54]" -0.0411412661309811 8.93699647644375 0.042129405412891 0.115742959225502 -14.1776346058144 -3.54641874858379 -0.00739976436788951 3.56666341082395 13.9905404962083
"etap[55]" -0.162641409648025 8.24460914204141 0.0388654602171339 0.11349770976688 -14.7823335555082 -3.59200924339367 -0.0324680733543321 3.52569367198255 13.7257904379167
"etap[56]" -0.00460153675442814 7.9779303916629 0.0376083245318606 0.108202395981498 -13.8616323156953 -3.49907239812343 -0.0196231529744589 3.45654872698449 13.9432826437241
"etap[57]" -0.0182968153921296 8.11438829423697 0.0382515932535714 0.089019630787469 -14.061993875508 -3.56356906710602 0.00779613573000351 3.50820586567165 14.1333565923397
"etap[58]" -0.12511359298796 8.21520691487878 0.038726856789076 0.130244165014193 -14.4215938833934 -3.56506881826929 -0.0162498961313577 3.52420459457809 13.6678752158457
"etap[59]" -0.204147977050416 8.3247894247673 0.0392434336946868 0.135671118703187 -14.6149069992723 -3.59480001247445 -0.040118579867022 3.48051505926456 13.7168520668011
"etap[60]" -0.182950072750498 8.2221363949695 0.038759522671491 0.0974158162309065 -14.5738269278649 -3.55106069868275 -0.0172934255611597 3.45777749175131 13.4482580268643
"etap[61]" 0.0612076285945411 8.42093861943544 0.0396966853450566 0.134960253998728 -14.24335231598 -3.54482010492191 -0.00530926233915524 3.49190150239929 14.0719229349076
"etap[62]" -0.105791464325134 8.06299658326158 0.0380093304047215 0.130519393700742 -14.5703353243851 -3.58023516435439 -0.0430352859534534 3.47502398386292 13.7901042204868
"etap[63]" -0.138797928048006 8.07884051783856 0.0380840194285886 0.0934041811548541 -14.5372428653724 -3.4984643143856 0.0000502598239246613 3.49940993246724 13.669086630435
"etap[64]" -0.0392445495298427 8.20573947921502 0.0386822268693541 0.096764241011023 -14.2397708863526 -3.54457798578345 0.0180835701261165 3.51372117514025 14.1554636932889
"etap[65]" 0.00672338968280963 8.37150695261821 0.0394636622329778 0.10350262514288 -14.2524464419522 -3.51376313911183 0.00398623771441427 3.55531157917747 14.4723046683479
"etap[66]" -0.12197720565193 8.19331972516524 0.0386236795872923 0.0939023260053298 -14.5084071430763 -3.55296736605355 -0.0573908052669572 3.4539090388897 14.0054322683288
"etap[67]" -0.0941175843756371 8.29102282975663 0.0390842564392893 0.0914573516711292 -14.3428966459545 -3.54056508640132 -0.0129478595062864 3.52331441514314 14.061961266124
"etap[68]" -0.201427059249762 8.11888796798433 0.0382728049190372 0.0974702853048206 -14.7349888362356 -3.56991970917301 -0.0613133689297457 3.43035639551261 13.7839227410683
"etap[69]" -0.117354478522049 8.13582653443593 0.0383526540870473 0.0894255103950669 -14.5024673186836 -3.55684259677106 -0.0292900873183942 3.51402633728781 13.8526889836669
"etap[70]" 0.0027181898767649 8.3715113509099 0.0394636829667236 0.119311475817238 -14.5379791494531 -3.52014208214928 0.00966752440799855 3.52726568012125 14.0859834302208
"etap[71]" 0.0368286265261497 8.39167199394791 0.0395587211494254 0.150816782619021 -13.9250591030566 -3.50170112087731 -0.0204328007470301 3.47286282874843 14.1259055657825
"etap[72]" 0.182019884478716 7.87348746307459 0.0371159758448487 0.0968662421336997 -13.4710839497961 -3.382424200802 0.0894982230124874 3.64244025610296 14.4406043681633
"etap[73]" 0.0466707227151279 8.1203075112826 0.0382794967103199 0.108248658793786 -14.196127118122 -3.53396847520876 0.0293934679973858 3.5486154030918 13.9160070722617
"etap[74]" 0.0668455573922114 7.56157500191257 0.0356456064020204 0.0731173523219275 -14.0112530896836 -3.46012706491262 0.0834803881751991 3.56089615830917 14.0160057748026
"etap[75]" 0.0357207996077497 8.01976804367023 0.0378055491148159 0.0924220790237359 -13.7072100200782 -3.54568946137325 0.0148535217436008 3.54711138698435 14.1695923673088
"etap[76]" -0.15149987511954 8.14182406828997 0.0383809267327712 0.101351812581673 -14.8990985927776 -3.55588566438315 -0.0267743939453652 3.48018562285539 13.6267600018679
"etap[77]" 0.18825086104757 8.1911592684036 0.0386134950964482 0.14143456931352 -13.5952483834701 -3.40743291537528 0.0560043481318783 3.54750768529224 14.4517349945202
"etap[78]" 0.0278017935369561 8.07880489618617 0.0380838515065088 0.0883046791846389 -14.0029816383891 -3.53785212897344 0.00764196211431208 3.51175310952089 14.1581345636017
"etap[79]" 0.0121784823293304 7.83367710605001 0.0369283080220918 0.0892804225859901 -13.9405456158709 -3.53146731509582 -0.0179023490416393 3.53213007354559 14.2773467550712
"etap[80]" 0.0650656977406833 8.10276345355771 0.0381967932290746 0.16169072509026 -13.9683284940976 -3.48335724570601 0.0204056583380377 3.52519996786674 13.9005581244108
"etap[81]" -0.193550344795132 7.89207383207538 0.0372035928285693 0.0769950888630682 -14.6433634761398 -3.56497532827665 -0.0719171038025889 3.48249310169982 13.6319539743569
"etap[82]" 0.0937412485340369 7.91599074343477 0.0373163382299511 0.109518845333917 -13.8774340859925 -3.4543632002261 -0.00874963758563123 3.46717313282164 14.1355993763869
"etap[83]" -0.0722959940039393 8.48069463006533 0.0399783778806102 0.142790906153304 -14.4362556973491 -3.56254943417437 -0.0498895169712797 3.47201368772458 14.1529611112533
"etap[84]" -0.0139087747087176 8.57774870588913 0.0404358951816556 0.122984390151586 -14.0421481357699 -3.52657710180628 0.0309934949201956 3.47211504070006 13.6771340269093
"etap[85]" -0.0822195108117062 8.1140962662699 0.0382502166205326 0.072965207379364 -14.0802266715059 -3.56510821399015 -0.0522948182901961 3.44143296348999 13.855646531852
"etap[86]" -0.0528082922898015 8.05003688716708 0.0379482378114512 0.104338721679993 -14.7027843985386 -3.55920476693479 -0.00065124896735479 3.46194338915345 13.9419576197752
"etap[87]" 0.0346210153380514 8.18577004126234 0.0385880900360686 0.138948307734096 -14.0434788547949 -3.49160978697072 0.0408867175597317 3.59359938393848 13.9984537565654
"etap[88]" -0.079392694718837 7.97042098443197 0.0375729248466894 0.114360278187416 -14.3579612728767 -3.56210966884011 -0.0433634619915921 3.47377497238806 13.9506124148625
"etap[89]" -0.0100071800852803 8.8288835606046 0.0416197562400663 0.126168525126755 -13.8551239495471 -3.59994070806667 -0.0328560671164655 3.49155813593651 14.2141630217544
"etap[90]" 0.0847643999949836 8.31301906799653 0.0391879477007561 0.153450811962642 -13.9247920700336 -3.4646141472113 0.086531296603695 3.5700414842674 14.4539978553687
"etap[91]" 0.0361367273338781 8.09979061941966 0.0381827791545522 0.124164880376287 -13.8425871122301 -3.50250211445293 0.00567882207608145 3.49167840420377 13.7598334511357
"etap[92]" -0.137930280872717 7.92891411181556 0.0373772595727366 0.104964618523709 -14.3103203863375 -3.52199244074596 -0.0499192763736186 3.39486486846448 13.8709737200245
"etap[93]" 0.106132753515395 8.51410761725013 0.0401358882127307 0.133918765449762 -13.831298856488 -3.52618476642543 0.0256105914513352 3.57899675099307 14.2290322322213
"etap[94]" 0.00487935914129076 7.96553442390525 0.0375498893794552 0.0863207207602186 -13.8481640980071 -3.56059061892032 -0.0114596624676134 3.5283324520335 14.2804634290703
"etap[95]" -0.0101864650199616 8.04030750196908 0.0379023730497827 0.138984570249312 -13.8189647331883 -3.50243748797508 -0.0512671428272205 3.45842776864697 14.1769123955243
"etap[96]" -0.124859782442169 8.33451506328831 0.0392892807943506 0.160914674092634 -14.344564856199 -3.59079625470444 -0.0738432301498065 3.41924763579462 13.8529696022536
"etap[97]" 0.236282423629737 8.2175780276141 0.0387380343217033 0.161436832611528 -13.4510264792979 -3.50100167092604 0.0154913520479787 3.53992888510984 14.2453429282145
"etap[98]" -0.0150179589580932 8.06189935966566 0.0380041580430871 0.13349666190435 -14.2199495167876 -3.53233441834363 0.0117520656557324 3.54196146517233 13.9186479428757
"etap[99]" 0.160190180828133 8.16905015957166 0.0385092717579078 0.132117481439705 -13.7279491932409 -3.47772477110069 0.0275447744805479 3.57148914448093 14.3350252738732
"etap[100]" 0.20019630223123 8.35976295823825 0.0394083005125492 0.138930150244568 -13.6996573576855 -3.50632213798558 0.00735252010961174 3.57345936701485 14.6968490089151
"etap[101]" 0.06757226274975 7.69450624270774 0.0362722502806724 0.0993757263060122 -13.728099497734 -3.43967819185447 0.0190169195296552 3.49992296794791 14.1234224002991
"etap[102]" 0.016029118107027 7.97366544044958 0.0375882193590315 0.0826196559106964 -13.9005975012556 -3.47477394841353 0.0282967764214258 3.54991539939048 13.8535495906233
"etap[103]" 0.0224056954426434 8.1105417366307 0.0382334604071206 0.0916372810912901 -14.3396857125931 -3.54905530708418 -0.0433876593447812 3.46638731060034 14.205727753229
"etap[104]" -0.0030758207709493 7.93090866589294 0.037386661990827 0.0839714778969641 -14.134984060112 -3.53391599553356 0.00828121392604353 3.5170741524636 13.9715900533795
"etap[105]" 0.0914786485105241 9.09567460223295 0.0428774212713678 0.160287524034652 -14.2050137754647 -3.57498492702784 -0.00292588534924662 3.55544004204182 14.6593389280581
"etap[106]" 0.0502857711268299 7.93171190951104 0.0373904485175557 0.100962202092829 -13.8295847632445 -3.51469808380997 0.0543323068263879 3.53687138157046 13.811325761498
"etap[107]" 0.00232097882929695 8.66506177569032 0.0408474929399398 0.114661518844311 -14.1972117853634 -3.5008948336675 0.0228513426444712 3.55369217979599 14.5928865315187
"etap[108]" 0.351354546256546 8.65162300191602 0.0407841419528289 0.166376064601444 -13.3672016432859 -3.42324115849591 0.0627002812962346 3.62065182713248 14.9472987371286
"etap[109]" 0.177411964763139 8.60890835278914 0.0405827831658047 0.123531301146295 -14.1602233760899 -3.46004959328935 0.0675543106403484 3.51622563575751 14.5239907407852
"etap[110]" -0.0752197418216184 8.75171331323121 0.0412559722052425 0.181039572266461 -14.5624917191342 -3.56965263348861 -0.0110741618821778 3.4938761899202 13.4986290800798
"etap[111]" 0.00300930976133051 8.01317811633268 0.0377744838994299 0.101048249036208 -13.774557083638 -3.52828719659451 -0.0464673233695878 3.49436449433334 14.2927423631671
"etap[112]" -0.210779650325355 8.46435854864278 0.0399013688542642 0.130692556004457 -14.6486537406063 -3.57941413761145 -0.0483173589606696 3.46607557003919 13.7458464398648
"etap[113]" 0.0323393433531339 7.97319317062752 0.0375859930577399 0.0991327628852337 -14.004716504259 -3.51461193426378 0.00132399611609575 3.50640047441162 14.0084647330651
"etap[114]" -0.0528634777098738 8.17765112232525 0.0385498170851598 0.134508861529035 -13.9035380639202 -3.4825662979761 0.00563929794534383 3.50773093138781 14.1556523387965
"etap[115]" -0.142140559669394 8.51782999666045 0.0401534356775519 0.125894508191702 -14.4144792666762 -3.53343924889593 -0.0179994868403738 3.4569512265247 13.8031940533183
"etap[116]" 0.035923933483272 7.82507352377986 0.0368877503463204 0.100275415116776 -13.8064332519309 -3.52273932983461 -0.0596828639097128 3.43744772158686 13.8603335959177
"etap[117]" 0.036713684111586 7.7800440476919 0.0366754793603532 0.0610044627114647 -13.8745928257913 -3.52295567027059 0.0260667622757208 3.51856478419372 14.0743577395717
"etap[118]" 0.171984006746509 8.04182206370685 0.0379095127622848 0.135392435636631 -13.5779972458625 -3.40727861381669 0.0678690177798147 3.5577141048762 14.114931227224
"etap[119]" 0.112934803569639 8.21105095117081 0.0387072653882742 0.100235755964866 -13.7345407472392 -3.47226725499753 0.0158284521276166 3.50331829829444 14.3832255056226
"etap[120]" -0.1233522507133 8.40440067305057 0.0396187247181523 0.106866086557421 -14.1207618470386 -3.51449141700735 -0.00338228360165023 3.47043057078114 13.6124895593841
"etap[121]" -0.0124664912778233 8.43442286191331 0.0397602506736917 0.11570051839225 -14.3828326254274 -3.50090449004059 0.0270075382014106 3.59601431980471 14.1679914568952
"etap[122]" -0.0935178699855858 7.97765347399821 0.0376070191294704 0.103391575753309 -14.125693596025 -3.5261812969695 -0.0132381321666869 3.51989847038905 13.5033684809398
"etap[123]" -0.201319450603196 7.87518955626884 0.0371239995891145 0.0990962158273755 -14.2254572184344 -3.57635041872673 -0.0601877179095758 3.44098321565493 13.739375800696
"etap[124]" 0.191019624708329 8.57175979770911 0.040407663197749 0.150816247388955 -14.1430066470769 -3.42118198788915 0.00369850117788344 3.54866738283472 14.3559911464216
"etap[125]" 0.0954865730964948 8.42825917679204 0.0397311947833826 0.151428708719324 -13.9338846445075 -3.49041101759572 -0.0261895342475755 3.44657972521823 14.2946060733051
"etap[126]" 0.0106489987095078 7.88287273663146 0.0371602184486844 0.103029075370402 -14.0709179950347 -3.52105877445706 0.0346818178197475 3.50444386747569 13.938933028706
"etap[127]" 0.0464653031919022 8.38640874640533 0.0395339099625692 0.12896447903875 -13.8720911275814 -3.55063633577356 0.00170393330708488 3.51764480634845 14.1314999418009
"etap[128]" -0.0124712595304825 7.8354882777566 0.036936845967396 0.105973121950778 -13.9078174373903 -3.54145754433053 -0.013561770026768 3.51878042615987 14.1035290255411
"etap[129]" 0.172083388619286 8.1966544373954 0.0386393995715006 0.140487206814976 -13.8279124381932 -3.44988582482329 0.0095657095343326 3.52676462519245 14.7970690411669
"etap[130]" -0.0457211137635701 7.65624467444085 0.0360918835181368 0.0825234773893194 -14.3464729173536 -3.49155344284392 0.0416073514672084 3.48860361908504 13.7450524695798
"etap[131]" -0.186621528173059 8.28263510530984 0.0390447163270556 0.137638135951994 -14.7827233856196 -3.6187475146977 -0.0793631457500996 3.43818284557267 13.6665751906175
"etap[132]" -0.0762347581256363 7.92199793024572 0.0373446563801503 0.0850123190556292 -14.1439295759258 -3.61168989507552 -0.0390163767412366 3.4855963857999 13.8341333631027
"etap[133]" -0.00517030713938037 8.00883623478346 0.0377540160735195 0.132419974445609 -14.3125110542091 -3.48425093851831 -0.0200084245174898 3.45009189802959 14.0196651475336
"etap[134]" -0.0443195982612627 7.65040754185634 0.0360643670112488 0.083490466436184 -14.0200881315512 -3.56871610685895 -0.0200298119538433 3.42473435051118 13.8039635644144
"etap[135]" -0.090871960969322 7.88888225573399 0.0371885475934116 0.0973334080674935 -14.4892773142321 -3.56987864300918 0.00151817043214377 3.47731425874298 13.8376748491037
"etap[136]" -0.0346671508675521 8.36750362104111 0.0394447903469411 0.129644960489494 -14.3008737193108 -3.46271708937122 -0.00959473813352348 3.44414229630375 13.4626188353492
"etap[137]" -0.164194621313785 8.34135387291131 0.0393215192520817 0.160590263210794 -14.9436088894922 -3.52387766572777 -0.0352432934846497 3.49778359247611 13.7746412122523
"etap[138]" -0.177496715522823 8.07291245056339 0.0380560742514579 0.149919648591717 -14.5090139807426 -3.53852241860205 0.00639795285346218 3.47589713412783 13.6436444785709
"etap[139]" -0.0273557560538453 7.90848245299258 0.0372809438093725 0.12044700945124 -13.7457457832405 -3.51793122064494 -0.0228760375241351 3.47516046242237 13.9440999520322
"etap[140]" -0.017757982529179 7.9979261515653 0.037702585448007 0.0812176858261305 -14.1886340651367 -3.57102658375935 -0.00058686114781982 3.53637924992485 13.7468770880595
"etap[141]" 0.138933270370451 8.07647968235774 0.0380728903434036 0.134914839873004 -13.7041028760145 -3.48948883841092 -0.0178151978743681 3.49700444615933 14.2013517343868
"etap[142]" 0.0742677072629784 7.88869732835703 0.0371876758373964 0.116856710965936 -13.6890936685887 -3.52966754995095 0.0177570736928978 3.56256812559216 14.413937864358
"etap[143]" 0.0427047267869795 8.00252487045758 0.0377242640167637 0.0814934390623031 -14.026677360473 -3.48575865114944 -0.00677012315907706 3.51846352317908 14.0173184434186
"etap[144]" -0.0369585005901557 8.41215878821935 0.0396552968237861 0.0981708764769712 -14.092590473696 -3.48135725464931 -0.0231421142180657 3.48588748653339 13.7419050244627
"etap[145]" -0.0401988575079359 7.67095265981374 0.0361612176261019 0.077435046624975 -13.9254953902003 -3.55024482347805 -0.0285169549480171 3.48685184866124 13.6482951842921
"etap[146]" -0.125961587034199 7.92164829132303 0.0373430081664623 0.0926047956779271 -14.4646172866709 -3.54359490664698 -0.0439499047071877 3.43572896549107 13.8055363658457
"etap[147]" 0.0275253744549132 7.94213796658412 0.0374395974219385 0.0887909047118836 -13.886712758474 -3.51423458953506 -0.0259248892033573 3.51500244883075 13.98004411546
"etap[148]" 0.219957140598859 7.68994397414271 0.0362507435404062 0.0841539549858129 -13.4719612176243 -3.47205809806592 0.0458606841392475 3.64441429439417 14.8563071401251
"etap[149]" -0.115850820512775 8.07447390662904 0.0380634350259415 0.116760596817286 -14.1036231438621 -3.55742862253334 0.00310477372548226 3.48934142284736 13.8194406499472
"etap[150]" 0.0145590574893462 7.91368529136391 0.0373054702246644 0.0752904232363485 -13.9970232513353 -3.48759443554578 -0.0323406277717408 3.48121228996879 13.8613786601376
"etap[151]" 0.104488681535189 8.27932698703398 0.0390291217079501 0.131162248263637 -13.7326848517565 -3.42993312723282 0.0698316419676625 3.57580677951229 14.1039350704984
"etap[152]" -0.090287901737371 7.72952171131197 0.0364373147826489 0.107443208764654 -14.0589069102195 -3.54274998007121 -0.0189094900673062 3.49259403668593 13.7270354865805
"etap[153]" 0.119512884275123 7.88254923191798 0.0371586934328401 0.102601077900211 -13.6210843574545 -3.50870365080467 0.0125824142471662 3.57790385141321 14.3515090708247
"etap[154]" -0.172558531517351 8.2785145571371 0.0390252918766879 0.138600326106243 -14.7927057935685 -3.62540392453742 -0.0331528310957078 3.44899113146101 13.8461236906037
"etap[155]" -0.188282513201538 7.93861154023928 0.0374229736887265 0.102052286500834 -14.5996200011232 -3.60387524664441 -0.0846216559344545 3.51689395846768 13.49369594821
"etap[156]" -0.0115924438887209 8.39670750181743 0.0395824587611671 0.139697857510662 -14.1112539546013 -3.49251593098815 0.0647406721120437 3.5215059692951 14.2178116851488
"etap[157]" 0.252130811154161 8.76437089703944 0.0413156406275374 0.298630469739501 -13.8165709131012 -3.5284625739954 -0.0324821022969731 3.57112809708816 14.5859609877654
"etap[158]" 0.107264463133635 8.51053868405309 0.0401190641002958 0.108935440908902 -13.4762109984193 -3.54652204398526 -0.0223755495531359 3.49180274259105 14.3217860417661
"etap[159]" 0.089265383224565 7.74197022091087 0.0364959976196693 0.0688101579104186 -13.6718654724991 -3.46950046478849 0.038178354565167 3.62806818463956 14.298738211907
"etap[160]" -0.153000758544887 8.03490946217017 0.0378769264461365 0.129759769431391 -14.4229146660665 -3.57175676546851 -0.0681293327804929 3.44648133440931 13.5717057478404
"etap[161]" 0.0139245814933092 7.91251813489112 0.0372999681962869 0.0812608436117883 -13.8398440846728 -3.55082790604548 0.0127094427926931 3.48221867070465 14.2299851071859
"etap[162]" -0.143136882257657 8.33488067715504 0.039291004314647 0.139702978919443 -14.2638781564464 -3.52144486806349 -0.00250166929887888 3.53584279130601 13.7151756698243
"etap[163]" 0.147615426251461 7.7429371944611 0.0365005559766999 0.0895944083571213 -13.4773519536864 -3.46045708224544 0.0759933351996145 3.5403720852294 14.3241008512497
"etap[164]" -0.0136820402572502 8.15757570236596 0.0384551806479039 0.132952321363178 -14.170091265945 -3.54579802669498 -0.00424553807953452 3.5595391232984 14.5353459870005
"etap[165]" 0.0867674020979074 8.28065767142407 0.0390353946143224 0.0932603605707118 -14.0655837399202 -3.53011419559199 0.0639308291898432 3.58713669116016 14.4149096005504
"etap[166]" 0.0398388403384287 7.57930736757849 0.0357291975754127 0.0947990281690657 -14.0164943601513 -3.45662768495713 0.0854054340493369 3.59956418315277 13.9970408404204
"etap[167]" 0.0411340018422878 7.72783436004925 0.0364293605325149 0.100331418488591 -13.6823646014405 -3.49271589055899 0.0102753092595436 3.51081645584536 14.3113013986924
"etap[168]" -0.0210379260025409 8.31322196048613 0.0391889041451244 0.145952116446958 -14.2132528704428 -3.53048674728364 0.014664674047478 3.55215257284441 14.3109423116899
"etap[169]" 0.0174200533854527 8.69563070938395 0.0409915962753292 0.158847406508307 -13.8332792673385 -3.54633253035114 -0.0119459693157188 3.48612709313396 14.4708035368923
"etap[170]" -0.108483124713191 7.89664945547347 0.0372251625241223 0.0995478553684372 -14.2642854117954 -3.55089519071523 -0.0427232331463546 3.54018808375652 13.450664274228
"etap[171]" -0.00576195199653119 7.47917434733891 0.0352571659911988 0.0769661766276828 -13.8456282018916 -3.51509938985835 -0.00874713257877348 3.44925872368251 13.9201460772509
"etap[172]" -0.0265864226494799 8.1663707995684 0.0384966411337241 0.0979050364999695 -14.1964088456204 -3.57057891158526 -0.0556525495104748 3.48581577733658 13.8742057325806
"etap[173]" -0.0356517013944121 8.72121330261404 0.0411121937763514 0.159776750075766 -14.6041865073635 -3.5899338302581 -0.0255797787416941 3.52290573907808 13.9587465026068
"etap[174]" 0.0109832571341452 8.14724698574514 0.0384064906108137 0.0925637806548981 -14.3318238149776 -3.5186325240263 0.0141252794795012 3.56787296100227 14.0757820244305
"etap[175]" 0.121282912110763 7.90907875226327 0.037283754791092 0.0831504452994312 -13.7756074571934 -3.48274952485294 0.0424782105802694 3.56115183629141 14.5361534383076
"etap[176]" 0.0477673339615609 7.84715990014406 0.0369918665229801 0.111214415771359 -13.8098433516832 -3.48620934427496 0.0754396346727973 3.58780295266475 13.7429534785941
"etap[177]" -0.138122906367654 8.05481135463379 0.037970744866933 0.132905764118208 -14.1580490976023 -3.5846553428412 -0.0937343909953912 3.43352070117898 13.596107954997
"etap[178]" -0.10297444170232 8.03293506253725 0.0378676190370085 0.100690824166845 -14.1794674799588 -3.56286371548208 -0.05147606606683 3.51078155499543 13.6476888612285
"etap[179]" -0.0549422021696897 8.5882198483852 0.0404852566207605 0.146610719000306 -13.9053109497964 -3.49300836669914 0.0416878500288962 3.53580050841832 13.9002199960989
"etap[180]" -0.0388017572637901 7.99860939757629 0.0377058063005909 0.0936616268417698 -14.2161867394785 -3.53078670319818 0.0263910211488495 3.56506376093016 14.0846615322301
"etap[181]" -0.0744240732410442 7.9245292630863 0.0373565891975971 0.10455083093801 -14.1467726027255 -3.57090873335152 -0.059410474358699 3.42456047320375 13.5605206724637
"etap[182]" -0.0865179883128505 8.42843939878534 0.0397320443580065 0.14304621977397 -14.7200964953286 -3.50408691026015 0.018894211686521 3.4867676295267 14.2073683607732
"etap[183]" -0.173766242111815 8.48394015300366 0.0399936774224648 0.157509532354783 -14.726848423607 -3.5076390440425 -0.0437005029085176 3.4512095171797 13.6543337999501
"etap[184]" 0.0824653978143563 7.89821858906364 0.0372325594908036 0.0887784454164059 -13.8620707362581 -3.54748856631731 -0.0205761876520176 3.52957929133229 14.523401109943
"etap[185]" -0.00653073289890512 8.22262710759313 0.0387618359129829 0.116734091803777 -13.6419816998056 -3.53730588609462 -0.0751824183783016 3.43628320479171 13.9810722438665
"etap[186]" 0.128980308417602 7.79918008054534 0.0367656874843243 0.0719411631617398 -13.5286144889597 -3.45293625860549 0.0724081712652418 3.5880236816847 14.2279625046391
"etap[187]" 0.173150155594049 8.2890288232392 0.0390748566024213 0.124403581860678 -13.899786684508 -3.49009066028596 0.0276732387365643 3.53043597705024 14.7591245723792
"etap[188]" -0.00659728689361845 7.76596804002555 0.0366091244238671 0.0847459257221059 -14.1069686323645 -3.50889635936666 0.0161285210672518 3.58085186617101 14.213564530141
"etap[189]" 0.0318390858146018 8.77832766979718 0.0413814334852739 0.120941931716 -13.8179256190346 -3.47928523200662 0.0505604472099221 3.59467462098143 14.5731872799195
"etap[190]" 0.0364689696055119 8.02839351014406 0.0378462099537129 0.148890801483064 -14.0787560428765 -3.53085079961668 -0.0291435849093397 3.47300330286333 14.4433843266929
"etap[191]" 0.239227926088962 8.05629486562505 0.0379777382048122 0.125313655080778 -13.6335812065603 -3.49517416363386 0.0318924776251864 3.58220853749928 14.3064390350662
"etap[192]" 0.111193550443765 8.0595656826457 0.0379931569841144 0.086604842750865 -13.6511169748367 -3.52911256408596 -0.0175948839787678 3.49507915184216 14.0595506114477
"etap[193]" 0.0785740642916109 7.79035404972015 0.036724081176008 0.0946813337848777 -13.9591677366329 -3.55541764332183 0.00296211219626018 3.53615781331522 14.1953369526884
"etap[194]" 0.145745208514773 8.21977962686714 0.0387484127601119 0.135531004478597 -13.7380752212951 -3.48231345205837 0.0355842003061205 3.60093784255455 14.4240027012634
"etap[195]" 0.28558107557001 8.02684207066648 0.0378388963978782 0.100705097604113 -13.5484067969862 -3.41986394997276 0.0398739241907528 3.57666053026891 15.0913158563983
"etap[196]" 0.0175426672044557 8.28891780117328 0.0390743332393834 0.0816991465316795 -13.7990445131489 -3.49122152894722 0.00182210361068488 3.55036158051878 14.5695969764924
"etap[197]" 0.0159005836774449 7.52630098171463 0.0354793230761425 0.0653580082443897 -13.7783581357721 -3.50649333103943 -0.0238355202443787 3.49867509742062 13.987072821653
"etap[198]" -0.0781168645629315 8.18584135867534 0.0385884262295775 0.139780443592369 -14.4041480574576 -3.50216868967802 -0.00304891116363255 3.54751323810757 14.0895227590694
"etap[199]" -0.164022695205141 7.73460445989892 0.0364612750892683 0.104860149738188 -14.242505942384 -3.52248915740626 -0.0717660056461121 3.43915810829648 13.5515991056203
"etap[200]" -0.0268069623113009 7.84020437753118 0.0369590778749383 0.0961340740725934 -14.0358783268708 -3.48434220994015 -0.0141563665689942 3.51538063836669 13.7078984880499
"etap[201]" 0.0100221814793742 8.63779268207636 0.0407189451998648 0.133127436713788 -14.2135960946694 -3.54882696706782 -0.019538326235978 3.44243963814097 13.8653366753944
"etap[202]" -0.0736608536644343 7.97104481351827 0.0375758656052042 0.123741147874512 -14.1061642782433 -3.56467613468073 -0.0664969713256506 3.4795556633943 13.755826024719
"etap[203]" 0.107610716046907 7.95957605890124 0.0375218013774611 0.0874672560971752 -13.448290679976 -3.51307540944887 -0.0142433506178611 3.51951612999043 14.0642294862241
"etap[204]" -0.108772637010249 7.9759022437459 0.0375987637508915 0.0920982418409752 -14.4191459134729 -3.58227783034811 -0.00540909322751164 3.49685208637905 13.7846690017966
"etap[205]" -0.25704534929668 8.21322050528679 0.0387174927644579 0.11191037875528 -14.9145887661736 -3.60431890215472 -0.0756131099506496 3.40675797244988 13.6258900158832
"etap[206]" -0.0585421294763632 7.86517133006762 0.0370767732178989 0.0907684926119434 -14.1184287517463 -3.52222251260078 -0.0102116852842934 3.52375711765469 13.8333346909497
"etap[207]" -0.118485813554491 8.36881264075758 0.0394509611250626 0.162876120809058 -14.2789036493488 -3.57582044427402 -0.0295578221328038 3.45682813040351 13.7747970789731
"etap[208]" 0.0907416849124224 8.39599873110121 0.0395791175839688 0.130783963573263 -14.113945673867 -3.59244076513952 -0.0363433314800565 3.50701656625516 14.4915377227298
"etap[209]" -0.066990401975724 7.81110428212547 0.0368218987096413 0.100001928575133 -13.9114264054573 -3.48206556855732 0.0156697742709989 3.47310047983281 13.9815360488263
"etap[210]" 0.0622906871665932 8.00223493124324 0.0377228972301998 0.131674560548266 -13.8974772668561 -3.48134423206114 -0.00724188806395826 3.48451690653947 14.2038996117445
"etap[211]" -0.0533135978782787 8.19308989469468 0.0386225961560639 0.115947141908 -14.0517031750509 -3.41567898942874 0.0331110875741764 3.50213260544399 13.6827272862012
"etap[212]" 0.132471522918696 8.18833224085133 0.0386001683607627 0.118185845888276 -13.455001951103 -3.49765535300335 0.0349428161262584 3.54490233367723 14.5271325243646
"etap[213]" 0.0967570070234655 8.24251584057945 0.0388555922994084 0.123825548449082 -13.7991970639439 -3.46098796296947 0.0540545993322717 3.55017671790202 14.0313869134526
"etap[214]" -0.0406784376823386 8.11088054972263 0.038235057587353 0.0902992881496926 -14.3954781493353 -3.57755768445316 -0.0270350181256438 3.56630482086435 14.0908049684147
"etap[215]" 0.00658431367563901 7.62685040103659 0.0359533175844554 0.0756081378275156 -14.0140405954778 -3.4792716755094 -0.0135080522614353 3.48845496977956 13.9110054032852
"etap[216]" 0.203533834877237 8.52898274637563 0.0402060102439018 0.145107277789095 -14.05122787334 -3.50805727468248 -0.00537324933796822 3.5152328842759 14.732141358994
"etap[217]" -0.104395611196873 8.101671492546 0.0381916456755001 0.12737970654164 -14.3587822664565 -3.56264777656623 0.0279912680368809 3.51296599468897 13.5802562184756
"etap[218]" 0.0453492933386282 8.0152516383807 0.0377842585761038 0.104355513139732 -13.7455351558507 -3.56771630528788 -0.0255653330668503 3.49952344292529 14.3903735442587
"etap[219]" -0.0310436519441141 8.17497439923195 0.0385371988914889 0.116372151829441 -13.9138531935022 -3.51232633502475 0.00399826823511051 3.55872261512405 14.1935078401422
"etap[220]" -0.166701462936296 8.55726024272663 0.040339311640067 0.201284193101425 -13.9817493282033 -3.51309908413742 -0.00995742236970311 3.47925097146973 13.8455315208194
"etap[221]" -0.0546148776545751 8.11662855432671 0.0382621539409119 0.0901855844437795 -14.1805187687611 -3.53014827871961 0.00492551197929063 3.52124012207662 13.9633180577151
"etap[222]" 0.0440409460516634 8.11870707678674 0.0382719521897541 0.108139278322042 -13.9551834332587 -3.52545131391083 -0.00993801231212798 3.49527907372812 14.2700547338156
"etap[223]" -0.00783523787138766 8.52960046172569 0.0402089221819876 0.155769732967047 -13.8424576876156 -3.48752466701031 0.0339714378727493 3.55813143267678 14.0631810198132
"etap[224]" 0.037546530432945 8.18550616729508 0.0385868461222577 0.102020228648207 -13.9639520484729 -3.51284664759896 -0.00244856258432855 3.56678298632438 13.9936233216794
"etap[225]" -0.190899165206028 8.36785679816389 0.0394464552398643 0.126661903418047 -15.0209858084546 -3.50940984942932 -0.00530349619897208 3.47395587925764 13.8057293658885
"etap[226]" 0.0217024793135065 7.87866405952388 0.0371403785545338 0.0823637912705109 -13.7926925789174 -3.5156041610224 0.0348986444727364 3.56516027311025 14.3100155552359
"etap[227]" 0.287389250660445 8.39634122281599 0.0395807321053956 0.147331191933868 -13.3200728925072 -3.53725578461601 -0.00755969201454577 3.48905805850621 15.2115821160274
"etap[228]" 0.0376432831530041 8.39642222547158 0.039581113955576 0.143150007536858 -13.9509079648159 -3.52899091527158 -0.0232633707963285 3.53532881518553 14.428128205555
"etap[229]" 0.210288132083429 8.33304707369098 0.039282360625024 0.133539607934511 -13.8913535380108 -3.48296863516701 0.0354907048611041 3.61078698675787 14.4399470117032
"etap[230]" 0.123519954759974 7.80803979474436 0.0368074525775877 0.0816239350981068 -13.7876259962614 -3.44597560457339 0.0262503975199118 3.54662508302811 14.017376010671
"etap[231]" 0.0843284911556927 7.9201298219167 0.037335850033034 0.111157978468396 -13.6782125932967 -3.5013095402067 -0.0074360240789751 3.57373563573367 14.2318202224668
"etap[232]" 0.105089329289424 7.64949377899598 0.0360600594918158 0.112582945976645 -13.9772448066527 -3.45994510189082 0.0167452550534342 3.53658191532021 14.0737489786536
"etap[233]" -0.134148570242356 8.22254222805929 0.0387614357870231 0.107168204067543 -14.3809131768692 -3.5436596105509 0.0198016159423255 3.54723642852093 13.6762419910065
"etap[234]" -0.0439466473612971 8.37725402101593 0.0394907541732176 0.109361881878122 -13.9645207918197 -3.49383457006737 -0.0171533233726921 3.47228146369082 14.0509507326399
"etap[235]" 0.0792648254943217 7.83901019250108 0.0369534484327198 0.0995511641438572 -13.7372948078298 -3.49409178267177 -0.0281473679403574 3.50536200397415 14.2074519042642
"etap[236]" -0.0208863683256731 7.97403470041974 0.0375899600672242 0.105941365503537 -14.4668906685078 -3.4519898832895 0.0467210328921075 3.50754277423383 13.8987870605149
"etap[237]" -0.0132922566972239 8.23735699602866 0.0388312732729754 0.0999993669294026 -14.0432327120082 -3.50016671258272 -0.0194513552245775 3.52222028342799 14.0042493072427
"etap[238]" -0.0098801075043295 8.12595490170516 0.0383061187640785 0.0916682004710463 -14.4325387331187 -3.48375533616896 0.0351528158223063 3.58363477035283 14.074424096959
"etap[239]" 0.0164003862574078 8.13030407462036 0.0383266209618178 0.136151828141025 -14.3054516601818 -3.45364770619414 0.0595994998371916 3.51021018247339 13.8801596454025
"etap[240]" 0.00263940831886385 8.13224417928313 0.0383357667029062 0.0862124407182187 -14.2390356501891 -3.51741549238009 -0.0486836271514987 3.45769601891229 14.1202933246974
"etap[241]" 0.00443156988475472 7.9978215448752 0.0377020923273408 0.11523371831309 -14.1303616351271 -3.543762712688 -0.0171899533155394 3.59487546335688 14.049205935386
"etap[242]" 0.0141696188959816 8.04433884403287 0.03792137697852 0.104654388873952 -14.2458795397337 -3.53710794856465 -0.0104316090356707 3.53186297337889 14.1045450193979
"etap[243]" 0.0322792790106616 8.07791295931836 0.0380796468757914 0.095082076639892 -13.8121588685335 -3.52567786717169 -0.0441671694902718 3.43482949478551 14.2519626595014
"etap[244]" -0.0887356222349171 7.87476268749756 0.0371219873104289 0.106754458749746 -14.2166409212076 -3.60561649266276 -0.056495910508254 3.47423392888141 13.6463771462571
"etap[245]" 0.0604514704518642 7.88180839106773 0.0371552010755802 0.0651293069229911 -13.7856554617794 -3.48561795045704 0.0180042757482801 3.53101586914802 14.2547983428352
"etap[246]" 0.123333945772836 7.93194862801968 0.037391564419307 0.094395086538761 -14.0029747304462 -3.47801305608449 0.036134037018795 3.5702174619414 14.6811732461432
"etap[247]" 0.134168245056204 8.60480687125416 0.0405634485964295 0.149376458305979 -13.8434885542785 -3.53014738757635 -0.0219563847960292 3.51870598118864 14.5759967647534
"etap[248]" 0.0546343928739682 8.38531100195718 0.0395287351456139 0.137571596897267 -14.1436760594132 -3.49697785194868 -0.015046363813186 3.51291369569038 14.3491464165778
"etap[249]" -0.025976725174726 7.87400744245804 0.0371184270511695 0.0960415967826076 -13.7695573932294 -3.57644887374891 -0.0176848713555126 3.47159341891756 13.8671753294401
"etap[250]" -0.0903403171455759 7.97907831509222 0.0376137358948016 0.10208362638658 -14.5755771818577 -3.56297528015045 -0.0298688481944818 3.48876366176693 14.0157705840653
"etap[251]" -0.0091702817339921 7.81901142089947 0.0368591733192872 0.108859547233095 -14.4109415328019 -3.50711806075048 -0.00432381028592848 3.49199596543392 14.1398287270003
"etap[252]" 0.076907952793026 8.28831100284259 0.0390714727646205 0.154502765049333 -13.8074812964646 -3.48725545688575 0.00313858775378371 3.54258380898283 14.1974913684377
"etap[253]" -0.0883327549430231 8.23402172782166 0.0388155506678671 0.143222872587492 -14.1811938795303 -3.54779377316599 -0.0244328790394661 3.47761102172091 13.7967962323501
"etap[254]" -0.120929983413407 8.06177965482511 0.0380035937490572 0.108959839077189 -14.3840542969726 -3.5508724443576 -0.0432946090064605 3.45955352538668 13.6833179219554
"etap[255]" -0.131117916666734 7.7300483646821 0.0364397974504446 0.0901003875709557 -14.273008783648 -3.55648247425956 -0.048545303272715 3.49998340410266 13.409260642179
"etap[256]" -0.193782064452109 7.85285673589955 0.0370187216642735 0.101107822341149 -14.5138439375968 -3.46563929581701 0.00182809175237381 3.4513020781713 13.1738006225458
"etap[257]" 0.0517738538270816 8.21103479543311 0.0387071892293963 0.103052743978072 -13.656945193562 -3.47217467440737 0.0316047952015783 3.57827827774471 14.0387641917458
"etap[258]" 0.10406844707216 8.90221503259342 0.0419654441141842 0.18991041066239 -13.7233350144227 -3.48296140071126 0.0086873331199982 3.50365627441146 14.2079680338964
"etap[259]" -0.0877613553977227 7.86569012400272 0.0370792188359625 0.0728675036141797 -14.7097866473043 -3.58200753222868 -0.0164632480986757 3.48489651240445 13.8632382754688
"etap[260]" -0.10347107406035 8.10326658013049 0.0381991649904839 0.131849738276761 -14.041637761537 -3.48724083541012 0.00177298591059695 3.47241249473689 13.4567985965516
"etap[261]" 0.230146779932655 8.33618014054302 0.039297130043804 0.101482578444272 -13.4198285280533 -3.50033777545304 0.0127008712012382 3.56587914019654 14.6100614832198
"etap[262]" 0.0453828978307127 7.77925007195654 0.0366717365228427 0.0994214944544082 -13.5885419674369 -3.55531874594188 0.000598580830686412 3.54275988784964 14.1133771381648
"etap[263]" 0.177159404901995 7.86340862910699 0.0370684637658824 0.108736394823122 -13.3963391010929 -3.40772508304828 0.0715770484225009 3.56076682537794 14.4512811411925
"etap[264]" -0.0513563357850861 7.71678746342243 0.0363772849624089 0.107746924873356 -14.2061644361703 -3.4957237009398 -0.00189342946105157 3.47914005133569 13.538748239997
"etap[265]" -0.187104162515246 8.23246517738631 0.0388082130187465 0.114756024260977 -14.6998978069853 -3.61965521734056 -0.0271500478985928 3.50800385032753 13.8509776293963
"etap[266]" -0.0539755162492031 7.80489089010547 0.0367926084987646 0.128173226713048 -13.9841120424861 -3.55441243203841 -0.00837567014597763 3.47086395862564 13.5072101531073
"etap[267]" 0.133661177181533 7.87719659158891 0.0371334608443472 0.0680662957250303 -13.9247048746999 -3.46994048875368 0.0906700834988589 3.57737482199149 14.0799598521521
"etap[268]" -0.014376229722779 7.92169049796288 0.0373432071304706 0.111891510450268 -14.0888875328721 -3.55569248802062 0.0332174620141093 3.49805788905798 14.1162608055304
"etap[269]" -0.222465452242505 8.03613112733324 0.0378826854309442 0.140084992490943 -14.4459779971503 -3.59799823416459 -0.0640248269192587 3.46767733065361 13.4640976397048
"etap[270]" 0.0156849692369314 8.42191813067846 0.0397013028053378 0.119771586927149 -13.7599256325334 -3.48199335621862 0.0014186346846493 3.52332248735203 14.0824438015201
"etap[271]" 0.0957054476519605 7.80222931882981 0.036780061731447 0.114655177969327 -13.5761743979775 -3.52500381446988 -0.00186375269926285 3.51251027995517 14.0673282305951
"etap[272]" 0.0926392225664865 8.07886376848863 0.0380841290332041 0.111808054605126 -13.8450286696868 -3.47786635156987 0.00762640039295327 3.54692187757547 14.0419901462468
"etap[273]" 0.13345739591808 8.18241551223447 0.0385722766345799 0.127294182070305 -13.817199574263 -3.47970175077954 0.00907623463419262 3.5410083369521 14.3757510158071
"etap[274]" 0.0265808222432593 7.57822185755776 0.0357240804321014 0.0739332886458447 -14.1132057469136 -3.45099513372287 0.0510298015394161 3.53181118811871 14.0111304395534
"etap[275]" -0.0647283764507793 8.33379238387067 0.039285874050905 0.122857201537999 -14.5742915242285 -3.52100707681974 -0.0189888666653974 3.41936819817237 14.0867983356093
"etap[276]" 0.232337914647142 8.16673464182595 0.0384983563025748 0.104155611911799 -13.4729548628418 -3.41759491959523 0.0936376712048667 3.58268042564262 14.4274011115626
"etap[277]" -0.176710617465898 7.95273971904389 0.0374895745623169 0.0835656740278768 -14.5821718577759 -3.57123824386375 -0.0490947580602955 3.40304269224972 13.8453587543849
"etap[278]" -0.144355567514679 8.06046043748584 0.0379973748988808 0.133175046697941 -14.2667444460488 -3.56096158316155 -0.0136755960543052 3.45867703436297 13.6354866160995
"etap[279]" -0.00658016295500691 7.73519663317074 0.0364640666208425 0.0878129504712175 -14.006174285697 -3.52195766772914 0.00958767416715066 3.57971049496448 13.9171377650602
"etap[280]" -0.028968179611563 8.82181940048495 0.0415864554699064 0.225524945880357 -14.0306550353344 -3.54259298364092 -0.000410206110640531 3.520521152119 13.9002936924664
"etap[281]" -0.113782784639177 7.79823721694602 0.0367612427826923 0.0974597645086344 -14.200518380425 -3.55899658125395 -0.0229156979171392 3.49303910431801 13.6440383845824
"etap[282]" -0.0853332983966223 7.51561357798392 0.0354289421718008 0.0820758986741455 -14.0740504585482 -3.46026778420345 0.0217163460389608 3.51037611274475 13.7155254826402
"etap[283]" -0.0804392760352114 8.18255707423195 0.0385729439642358 0.135698942540187 -14.2201028369706 -3.46928467248134 0.0162445516686261 3.54639591827344 13.8039059331654
"etap[284]" 0.171271930578824 8.15295454916969 0.038433396322824 0.0984005290220857 -13.6923255582477 -3.48407540655272 0.012210412681229 3.58174984217723 14.7711036027135
"etap[285]" 0.190675749194917 8.6218581003535 0.0406438288612542 0.0979636752620834 -13.8521641840205 -3.47083905112138 0.0627470472559365 3.55139860954274 14.2869767529096
"etap[286]" -0.112989677530966 7.78373515887439 0.0366928794253349 0.0946453930534832 -14.113306440396 -3.60254724217473 -0.0208884583616642 3.52782695152166 13.6181374181177
"etap[287]" -0.0327414454775255 7.80045003074277 0.0367716740869669 0.0943498277354631 -14.0653945561887 -3.51320028989965 -0.00716615660072862 3.52692085540439 14.2521611403466
"etap[288]" -0.00697912319055774 8.03332045624766 0.0378694358003822 0.0919669554556465 -13.6143237848847 -3.5063466255386 -0.0271041987657449 3.49801045323471 14.1961439277085
"etap[289]" 0.0390388177907606 8.19246891763669 0.0386196688421395 0.0900575752190447 -14.0323544283042 -3.51939919061334 0.0783626150115974 3.59299831295991 14.4378195236431
"etap[290]" 0.171071990076764 8.4561458606499 0.0398626538717873 0.149509459614455 -13.8534392458487 -3.45099609523495 0.0744218052465345 3.58658261241421 14.2970407181816
"etap[291]" 0.0114374494592325 8.30233583828642 0.0391375864729362 0.0929339272819707 -14.2352994030236 -3.51843237183426 -0.00170890098492524 3.54934201745163 14.2721394616991
"etap[292]" 0.0308712052412518 8.5529712232124 0.0403190930081792 0.137745718973956 -14.3866446963032 -3.49281022460086 -0.00590135208558322 3.48945536148685 14.1556343963523
"etap[293]" 0.0970587216924017 7.78915319845067 0.0367184203088357 0.0843006691740873 -13.5648239332077 -3.4582201783288 0.0227057167377678 3.49213659125157 14.1838793321847
"etap[294]" -0.217908470016097 7.99229336955131 0.0376760322589467 0.125905072297971 -15.0176085636698 -3.58110763617242 0.0107840662084934 3.54672532739188 13.612467126327
"etap[295]" -0.00394447500430267 7.96124680473019 0.0375296773488297 0.114596911587044 -14.0727467229573 -3.55729332443263 0.0229121923853925 3.54407659419461 13.8372443725148
"etap[296]" -0.226473696013376 8.33838191719878 0.039307509318497 0.141449081741991 -14.3583735968932 -3.56262071392006 -0.0644418851570014 3.4320345014481 13.7694534394158
"etap[297]" 0.0740575079629499 8.23468476097465 0.0388186762361247 0.104521223586813 -13.5304548800535 -3.5008595340743 0.0414632543360772 3.54864408953331 14.0509705860132
"etap[298]" -0.136858046096474 8.25973626840586 0.0389367701746817 0.0952321647956655 -14.7859587905688 -3.5757633606235 -0.0170707270055882 3.43691031963078 13.862143214246
"etap[299]" 0.00575262043629094 8.13056957516877 0.0383278725434058 0.120108117370569 -14.3429134904249 -3.4801475469057 0.0353979422448847 3.55589649918606 13.7758400501372
"etap[300]" -0.0557956651278589 8.0253131049653 0.0378316887844415 0.102251785842584 -14.3674346031367 -3.60205803591607 -0.0202444211955876 3.49737524349118 14.143573463491
"mean.p0" 0.609310276467682 0.294608964901497 0.00138879997920132 0.00343867794759575 0.0534536249170617 0.416705949511544 0.600166393754659 0.786603160577821 1.23194670967079
"mumup0" 0.973626918618559 0.0152982433609217 0.0000721166108049986 0.000297774045349311 0.937445215534764 0.964542789347753 0.976130317178785 0.985211913583719 0.995791773043364
"mupsi" 13.6251272502219 1.44803729736391 0.00682611328251373 0.00868236836879071 10.8820760824169 12.6289649435382 13.5868311875004 14.5811832488418 16.550003245416
"ppo[1]" 0.61099813575718 0.118248081306792 0.000557426801028874 0.000956481575111844 0.349734951493444 0.540104445081953 0.620606607355373 0.690167186894467 0.823819501211644
"ppo[2]" 0.666732744891798 0.112674646265167 0.000531153376279298 0.000970796258456703 0.429313407447149 0.59514918537469 0.668520671974564 0.742961528831043 0.87784317998314
"ppo[3]" 0.720592417729405 0.111535854773116 0.00052578506170339 0.00176403501631438 0.501737292152272 0.643946011506955 0.718451727326948 0.802418202208785 0.927504783210838
"ppo[4]" 0.610973072043823 0.118593123079251 0.000559053343542861 0.00100781858966948 0.351318509889665 0.540456194221302 0.619228440090916 0.689833258688868 0.827184024981164
"ppo[5]" 0.554101781062633 0.128792110187134 0.000607131829844318 0.00170864301434822 0.269949894666831 0.472740139362951 0.570293910590426 0.647364813068637 0.772181257738594
"ppo[6]" 0.667166692749824 0.113591726642059 0.000535476534635257 0.0010523810170846 0.428565744152539 0.595595796934812 0.669758940016201 0.7439072293408 0.881100463921508
"ppo[7]" 0.719705738500122 0.11228368371872 0.000529310361160748 0.00170148992156331 0.49903334585504 0.643039180451835 0.717078513375985 0.801966655485258 0.926765069522794
"ppo[8]" 0.719704016045185 0.111976516110804 0.000527862359170629 0.00163378717766718 0.502042372158068 0.642357273178783 0.71598255340692 0.801704848602171 0.928911380982193
"ppo[9]" 0.719306523375287 0.112480689545738 0.000530239055535535 0.00177253906698726 0.497393382611373 0.642299408884981 0.716189755044533 0.802028498090057 0.92855042031329
"ppo[10]" 0.76668817858639 0.115051253044561 0.000542356808078791 0.00228336998913341 0.550937447619415 0.679288482820066 0.768143966206804 0.85795163459353 0.965398181292208
"ppo[11]" 0.61004948550436 0.119392002995478 0.000562819299583646 0.000997497041281535 0.344451534697713 0.539827614924505 0.619239924313137 0.689296703669354 0.825776702958186
"ppo[12]" 0.553891312646568 0.128947442960545 0.000607864075560444 0.00163073858435241 0.269019124350614 0.472644422312056 0.570564025368847 0.647334520256389 0.770586128270851
"ppo[13]" 0.553302376096303 0.127925705797419 0.000603047560382867 0.00163538544949245 0.271306395999045 0.472080513091288 0.569720543845436 0.645569285863968 0.771106364478746
"ppo[14]" 0.667447778618923 0.113303587099649 0.000534118231806149 0.00105850867535201 0.427392940514322 0.596299836852804 0.669231286459965 0.744149254367273 0.879031794329574
"ppo[15]" 0.494469647418117 0.143097522609294 0.000674568190720181 0.00269749357815856 0.191552044260407 0.39533885172022 0.51061914688556 0.603846527854827 0.725543750273128
"ppo[16]" 0.4955067659547 0.143190495983543 0.000675006471409521 0.00258809698219765 0.190738011943501 0.396793325724217 0.512742989962283 0.604460783732623 0.726735235418617
"psi0" 0.99999679051544 0.00000649282331039814 0.0000000306074626121907 0.0000000410927473458405 0.999981208292471 0.999996724264779 0.999998743062617 0.999999534979206 0.999999935073067
"sdeps" 0.704271346133799 0.399171502875588 0.00188171251026502 0.0112692815669358 0.0547851435552479 0.414527016071054 0.676352284564822 0.93982166284715 1.60020556544367
