"Mean" "SD" "Naive SE" "Time-series SE" "2.5%" "25%" "50%" "75%" "97.5%"
"N" 10.1998888888889 0.628638646088016 0.00296343099709844 0.0151927566350777 10 10 10 10 12
"betapsi[1]" -0.290373250805934 2.51704550776401 0.0118654663139671 0.0290766865886221 -6.42614143662158 -1.17177151545659 -0.0417404567900949 0.760976507569205 4.81753042327315
"betapsi[2]" 0.185112319019234 2.11524040937768 0.00997133891540511 0.0179150600115129 -4.01679688033623 -0.788242836798657 0.0162027738008089 0.988824299940921 5.27012999813246
"betapsi[3]" 0.195933283395784 2.10170657501651 0.0099075398083902 0.0163798320385452 -3.94947125538974 -0.757902840108427 0.017510527149943 0.964748824121325 5.27762478823957
"betapsi[4]" 0.18532490348519 2.09772187791419 0.00988875576611001 0.0171168578685135 -3.97558502650125 -0.775016758626121 0.0183083796015312 0.997400966254115 5.17209718305633
"betapsi[5]" 0.166198137324325 2.09586647687653 0.00988000932173971 0.0162583515588861 -4.07799230859818 -0.770363493362438 0.0179649835175083 0.967228821939911 5.15331615500402
"betapsi[6]" 0.185665684300429 2.09598253539326 0.00988055642683429 0.0167882101911769 -3.98915287248023 -0.780262079232433 0.0189822901372078 0.988967901176346 5.25902134418849
"betapsi[7]" 0.172904899352863 2.08496995320562 0.00982864261654595 0.0173561792889492 -3.96942190559085 -0.783552230157655 0.0167347121788419 0.976915708152881 5.18928412851481
"betapsi[8]" 0.172035913861231 2.08875974015275 0.00984650784354308 0.0170600048822379 -4.06980050965756 -0.760688776356019 0.0205680381688813 0.988410456198078 5.12320111939377
"betapsi[9]" -0.344775825053318 2.52642367765262 0.0119096754307895 0.0298194293259164 -6.71882470426821 -1.19392371523187 -0.0371729868728169 0.755247366989091 4.62260702596094
"betapsi[10]" 0.167721756911439 2.08231388068622 0.00981612177061402 0.0168730618668719 -3.98950086532353 -0.797908100182044 0.0156694651913752 0.977886947868107 5.16103651386303
"betapsi[11]" 0.182080061379288 2.10054116016036 0.00990204599007234 0.0158665691800634 -3.98896401311999 -0.770945341317047 0.0132540812163469 0.994492836338388 5.19192386298887
"betapsi[12]" 0.17948790127406 2.08802020504896 0.00984302164163099 0.016130257754907 -3.96054056000647 -0.780658584632265 0.0130512423863412 0.973063053576197 5.20816293588911
"betapsi[13]" 0.180299735766784 2.0809410068941 0.00980964998149319 0.0165476943739243 -4.00386830728378 -0.770854882378197 0.0222749478306769 0.982990542791476 5.08563522418202
"betapsi[14]" 0.179991421215928 2.10601957640715 0.00992787149192745 0.0175426203886507 -4.02277159228841 -0.77071554904796 0.0172811442257946 0.991576912690774 5.17561147276044
"betapsi[15]" 0.169538524133448 2.07002574081683 0.00975819492374859 0.0174369937333463 -3.96705201709317 -0.773562924862791 0.011865480950635 0.970133901311264 5.08048081221258
"betapsi[16]" 0.201286740141213 2.11837673666099 0.00998612370400546 0.01648218173276 -4.01360101771509 -0.774145452449889 0.0193778883308787 1.00823107681624 5.31812486945164
"etap[1]" -0.0273563770093905 4.3514823592496 0.0205130845629268 0.0399912292759555 -8.95591132585202 -2.40789414990732 -0.0261452778056855 2.33306545679066 8.97874611216461
"etap[2]" 0.235458589697109 5.26839963358472 0.0248354740460565 0.0836873952596222 -10.4510104699155 -2.75009573779135 0.239512960283761 3.24327491844963 10.8552446122399
"etap[3]" -0.0749620772626921 4.32617072380958 0.0203937643691764 0.0419234669741881 -8.84733649796448 -2.39578953775155 -0.0552574899852624 2.26973339943707 8.66362509513704
"etap[4]" 0.237755351223539 5.23897590820625 0.0246967692744373 0.0740517610779862 -10.5741259974492 -2.77045055386151 0.272703248629141 3.24462341620719 10.9098124118354
"etap[5]" 0.250824653757378 5.23177976023547 0.0246628463075802 0.0843240643973352 -10.2237236948742 -2.80911268599456 0.212351284859299 3.27861812865431 10.9650842246683
"etap[6]" -0.289300501182104 5.39266230057014 0.0254212538758813 0.0849082521239457 -11.1045147789991 -3.52645031938953 -0.333191196622778 3.04638371299222 10.3646025066205
"etap[7]" -0.0353107573795956 4.33331932866816 0.0204274632156533 0.0422093700828459 -8.96281805690334 -2.37626773941134 -0.0242235020727982 2.31558115425521 8.82698671812086
"etap[8]" 0.160181987464367 5.19937749373348 0.024510100558451 0.0763063629863126 -10.3002235195938 -2.87033204244384 0.182082118646951 3.16900551560061 10.6561233854549
"etap[9]" 0.242046892012834 5.24931480500375 0.0247455073013406 0.0817299659183616 -10.348912779759 -2.77883207027144 0.240549134295123 3.24102864492374 10.9725355376069
"etap[10]" 0.22464195963058 5.29584165928916 0.0249648369958239 0.0885845714278368 -10.5973083536665 -2.78153358759586 0.248749680876655 3.2339432094513 10.96996653961
"etap[11]" -0.172027218132477 5.92005799447019 0.0279074210193834 0.0796516542326543 -11.9885507784801 -3.67934192066274 -0.16227968986039 3.28988811122473 11.7611935131491
"etap[12]" -0.0236477991407849 5.46409992458754 0.025758014065045 0.0510723660778731 -11.0558802967537 -3.21048848243722 -0.0599561144391968 3.11887391941319 11.1386997319301
"etap[13]" -0.0312435296451468 5.44392289030031 0.0256628986132535 0.0400761191628914 -11.062634835411 -3.16950983273537 -0.0472684363548982 3.09386869565494 11.1271196679619
"etap[14]" -0.0227991964241557 5.39033823835755 0.0254102981415451 0.0360899107589521 -10.9826743787044 -3.12915630015768 0.00492830059009154 3.06399481425307 10.8951609154737
"etap[15]" -0.0149639003138334 5.36411758601209 0.0252866928010077 0.0354272460515929 -11.0244588032796 -3.05253072869106 0.00839256825391204 3.09534600740455 10.6479725611786
"etap[16]" 0.00152610467762247 5.39908943127385 0.0254515516605757 0.0357178547698066 -10.9728030169799 -3.09571772363473 0.049700452358803 3.09948628550672 10.8846145860371
"etap[17]" -0.0187603010013012 5.27723741763247 0.0248771357595953 0.0351666103664804 -10.6377808489376 -3.05898034325117 -0.0397972654702935 3.02167139299733 10.791417412656
"etap[18]" -0.0233511505086607 5.37127612128337 0.025320438459899 0.0350128769114285 -10.9351863633706 -3.09804463669511 -0.0256708314028973 3.0967685680968 10.7731389316057
"etap[19]" -0.0244059821424371 5.36524322634441 0.0252919991204221 0.0328482776812721 -10.938347003627 -3.08197758691695 -0.0108015213619329 3.056882969282 10.723041108936
"etap[20]" -0.0238626544676431 5.33910047380592 0.0251687610030965 0.0353415754426879 -10.8144793224847 -3.06810995207282 -0.00152801017231941 3.02125663195871 10.8717018496243
"etap[21]" -0.000717510852460619 5.4000831678039 0.0254562361795031 0.0360316109949417 -10.9811276320175 -3.0972406285041 0.0198594808853656 3.10774335507547 10.8481572807766
"etap[22]" -0.0234663025386287 5.30609264614483 0.0250131606112872 0.0348520552255504 -10.8128923121578 -3.07616064458549 -0.0150723391822233 3.08085255098245 10.7442856992448
"etap[23]" -0.00944083042568695 5.36641805903516 0.0252975373348381 0.0335604302334412 -10.8301961955287 -3.13239233491562 -0.0175709997225146 3.08762320342993 10.7081400557028
"etap[24]" 0.0125209844676561 5.33843137805822 0.0251656068554934 0.0332270096796273 -10.8087580299064 -3.03864009220795 0.0250896550733241 3.090045229336 10.8081922543621
"etap[25]" 0.0129579203655704 5.28646888192671 0.0249206532996136 0.0371471284792896 -10.8382493415158 -3.009631698788 0.0169668456408729 3.09622246883131 10.6684785567293
"etap[26]" -0.0423512295443326 5.38213237262907 0.0253716153195311 0.035218077477667 -10.9646791275999 -3.12517434495335 -0.0427261583470295 3.06355541188177 10.9249132757075
"etap[27]" 0.0593817262343752 5.32125205007907 0.0250846227267582 0.0356606744554514 -10.6758574532446 -2.99629296898567 0.0521173713359694 3.1053492718514 11.0515586554312
"etap[28]" 0.0562706095930189 5.34149212266925 0.0251800353439597 0.0352805663181214 -10.7813119896617 -3.02332846590383 0.0661762446420064 3.10823311120678 10.9383080244672
"etap[29]" 0.00419127622780174 5.38307328271371 0.0253760508122066 0.0353999090942546 -11.0359479621529 -3.05339907742021 -0.0149105783949734 3.07779069675298 10.9693290882012
"etap[30]" -0.0626490961933203 5.36800081370323 0.0253049985118964 0.0336808442253278 -10.9835441501072 -3.11359026520105 -0.0355659626547219 3.00920046051251 10.6961590591845
"etap[31]" -0.0114566879325746 5.3930365619216 0.0254230181608116 0.035685068843515 -10.8705594807528 -3.13825715746119 -0.0238555335989163 3.06176770051146 11.0114429166308
"etap[32]" 0.080088495189516 5.32762378789475 0.0251146593868743 0.0342119447882708 -10.761500805323 -2.99422631104497 0.0936924797132492 3.19581451765336 10.8237858252397
"etap[33]" -0.0639756210232637 5.36028367602889 0.0252686195760239 0.034876973049176 -11.0201810304024 -3.1606476418861 -0.0285248785755777 3.02367239854763 10.6090031341471
"etap[34]" 0.0265517924074247 5.32631370960286 0.0251084836185804 0.0350925630785265 -10.6874822523798 -3.02197074529112 0.0138506660798978 3.11377578756895 10.8727752308126
"etap[35]" -0.0234421625988546 5.29310135054278 0.0249519190565098 0.0343401031711274 -10.8828020403678 -3.0343388371868 -0.0254547531201542 3.04722619744 10.6076676522972
"etap[36]" 0.00955153033767138 5.39384178583177 0.0254268140227267 0.0365722816815471 -10.8568124047014 -3.0805142855575 -0.0177874541121884 3.07362763743541 11.006981872204
"etap[37]" -0.0231837399359593 5.35747115138273 0.0252553612076935 0.0352167857056056 -10.9700661167175 -3.11045935673547 -0.0434902177491076 3.05870254305567 10.8527792444855
"etap[38]" 0.028631183912039 5.38412439629807 0.025381005809162 0.0348148020154216 -10.9166490460339 -3.06309663269174 0.000625766792060788 3.09946725423784 11.1297163293743
"etap[39]" 0.0398874949685728 5.30796759418634 0.0250219992011173 0.0338332538518813 -10.5665603002726 -3.04048066724526 0.0103723953807937 3.10357232871626 11.0046262599571
"etap[40]" 0.0192784079171123 5.33991434661274 0.0251725976363013 0.0332888005714487 -10.6191843517472 -3.09999217882879 0.0032643114998111 3.10455714493282 10.8333612190488
"etap[41]" 0.0139197363675061 5.32588550105185 0.0251064650241125 0.0355783148320705 -10.5903847719692 -3.06882863425906 -0.0153761552644768 3.05267573224045 10.8639516572277
"etap[42]" -0.0205204862259867 5.42797944741049 0.0255877405027011 0.0352951027979567 -11.0427319708892 -3.1207637552705 0.00145074366983592 3.10236146802365 10.8681615505858
"etap[43]" -0.0151894861822829 5.3451203725458 0.0251971390779033 0.0332426441460007 -10.9594158044465 -3.07452901675849 -0.00118991354369448 3.02409141353511 10.8597455709579
"etap[44]" -0.0528761920953661 5.38036187784949 0.0253632691270997 0.0342271342893023 -11.016744440574 -3.0820940728829 -0.0142180153805712 3.03481989798199 10.9074641129354
"etap[45]" -0.0365697493476059 5.36476615613255 0.0252897501898761 0.035166002480195 -11.0766610550433 -3.09714094480693 -0.0336113273178929 3.0631252121992 10.7757536903459
"etap[46]" 0.0503849044593891 5.30138991083791 0.0249909917044496 0.0349611804629027 -10.7264141143867 -3.02087180001422 0.0393999001372862 3.10524508207076 10.9093077174104
"etap[47]" 0.072030033536091 5.40660871433442 0.0254869979008543 0.0355972688280181 -10.7104817768379 -3.04577883975559 0.0610119975751092 3.16858349396077 10.8921167625627
"etap[48]" -0.0141227132704805 5.36230094472916 0.0252781290718735 0.0367213961153888 -10.83617796498 -3.08337388627645 0.021894847196592 3.07704077504698 10.7133124654791
"etap[49]" 0.0078234668418243 5.37591352178927 0.025342299375531 0.0338950067716777 -10.8805050773058 -3.11698091845508 0.0111954641778253 3.11333222229572 10.9027608267774
"etap[50]" -0.0105138642431774 5.39172223807936 0.0254168223788015 0.0356214381130285 -11.0024071324784 -3.08260230093895 -0.0459309982291615 3.06882805198354 10.9270280592259
"etap[51]" -0.058287306958973 5.27504056149045 0.0248667796804266 0.0337320157077764 -10.8436613106408 -3.09674331750583 -0.0327197590312042 3.05821266305747 10.4510219746838
"etap[52]" -0.0380014290882684 5.27146303682567 0.0248499150674244 0.0347439914278892 -10.8393730486653 -3.06499711847949 -0.0175052968454323 2.99179296573508 10.6765960922089
"etap[53]" 0.00957778501845858 5.32637852257466 0.0251087891498595 0.0333415511137066 -10.7792819137845 -3.03825092640698 -0.0335835725871549 3.00493400929038 10.8389397661545
"etap[54]" -0.0544330342897641 5.38878497015021 0.0254029759649958 0.0349398297485635 -11.0105574173987 -3.14109699328513 -0.0312647555384448 3.08545573011564 10.7273814388523
"etap[55]" 0.00488815256952744 5.35385650738602 0.0252383216124825 0.0339142275388188 -11.0001252273466 -3.07579066801054 0.0211116860365148 3.10172120828391 10.7498651128626
"etap[56]" 0.0224231995866573 5.38025948462596 0.0253627864408151 0.0355719685726157 -10.8503049080181 -3.07714305095187 0.015040947021358 3.10782303613172 10.8491369157781
"etap[57]" -0.00307386373656872 5.35776187006147 0.0252567316686879 0.0340061254153724 -10.8592681843747 -3.09463531586193 -0.00777364694680294 3.078510623643 10.8368357762729
"etap[58]" 0.0150879922847876 5.44154693578909 0.0256516982562756 0.0362972497036921 -11.008801674267 -3.14898682942247 0.018486907778406 3.10847003163237 11.1170514723502
"etap[59]" -0.035152294638839 5.30516410936358 0.0250087834469232 0.034101051941535 -10.7444224959014 -3.10528349693993 -0.0396686420510264 3.01092887695375 10.7134210588361
"etap[60]" -0.0474107380824072 5.32457098969767 0.0251002683581626 0.0350345326231915 -11.0025232164172 -3.06101759640917 -0.0288872093050155 3.0077595027872 10.6965571679537
"etap[61]" -0.0208140917757546 5.35955653428795 0.0252651917969845 0.0346849827897897 -10.9950490307279 -3.09496819605114 -0.0406269162337028 3.08551024201853 10.8403473829761
"etap[62]" 0.106819983602732 5.34984362889918 0.0252194047218817 0.0347999771767204 -10.4957931926946 -3.04428698290633 0.0654861458017907 3.18139414621729 11.0338459972543
"etap[63]" 0.0381459153772848 5.38058918925356 0.0253643406833348 0.0368040494565537 -10.8198018679795 -3.01829805049349 0.0315828524590874 3.06151102697284 10.9433484552162
"etap[64]" 0.0372749744101942 5.34862417365006 0.0252136561547084 0.0349824927828905 -10.6750251259679 -3.07427569532592 0.0433635592856119 3.09376319939355 10.9548870002017
"etap[65]" -0.0599762957272547 5.34118193061506 0.0251785730845931 0.0340298212078604 -10.91905539821 -3.13417394088863 -0.0072737302117315 3.05893093264244 10.5516121311473
"etap[66]" -0.0360271496808899 5.38631401104055 0.0253913277520459 0.0350653605410737 -11.0759055935499 -3.09441732938805 -0.0200062826482654 3.03859154387656 10.8829746707802
"etap[67]" 0.0191369332299691 5.32242282431115 0.0250901418094165 0.0341224739363874 -10.6954511955847 -3.04033014688728 -0.0403446248677993 3.08470410107393 10.9182985973395
"etap[68]" -0.0180281605209664 5.34523945073179 0.0251977004178554 0.0345676466319653 -10.7656936339909 -3.07139530893458 -0.00612775166465848 3.07330369917442 10.7573326388477
"etap[69]" 0.0707465238055996 5.3091702186467 0.0250276684271916 0.0349895534636192 -10.809424199633 -2.99800909241641 0.0669507174366201 3.14464801867575 10.9250618393724
"etap[70]" -0.00171943221530162 5.31345389874577 0.0250478618888349 0.0339652107723247 -10.7096259851261 -3.06949034775123 0.0154628084557772 3.0811109885337 10.5465763699382
"etap[71]" -0.0567803588703332 5.40725332955709 0.0254900366461557 0.036559625657987 -10.9333305936184 -3.15446062064882 -0.0528607490287883 3.04731112262334 10.8797854823883
"etap[72]" -0.096207078999559 5.37088806492938 0.025318609144703 0.0349766482711135 -10.9297832836185 -3.1321356032908 -0.0577933310924111 2.97831445413512 10.5782785619057
"etap[73]" 0.024596152451207 5.33151155897613 0.0251329865155099 0.0337184115793486 -10.7583254831867 -3.03890331107883 0.00347235802144033 3.04449289701093 11.0074457704992
"etap[74]" -0.0101025193448403 5.39608866237214 0.0254374059003146 0.0341612973223033 -11.0290195515718 -3.09365320903802 -0.00384751037876447 3.0448150417015 10.8348513042093
"etap[75]" 0.00100221555666623 5.46145480141151 0.0257455448348127 0.0370153238565593 -10.9424966527853 -3.1191037245035 0.00476355827141351 3.08289085700644 10.9832587177881
"etap[76]" 0.0203503862578359 5.36455501131167 0.0252887548436451 0.037170250594325 -10.6615535105471 -3.05079279250442 -0.0286790825833226 3.07750139657352 10.9353716683978
"etap[77]" -0.0325875339705725 5.2840308199746 0.0249091601653517 0.0327300450298548 -10.7785658280348 -3.05101669317187 -0.0112105369106809 3.04485174865961 10.5193393889002
"etap[78]" -0.0191260205616089 5.3663998441737 0.0252974514691577 0.0355886316975235 -10.9872502242727 -3.09165477061783 0.00970805435124718 3.10153936480812 10.776416279388
"etap[79]" -0.0231999539157418 5.3266839151975 0.0251102287844897 0.0355668151008599 -10.7776172591708 -3.09893135139895 -0.0233502076750984 3.07231641914936 10.766392111
"etap[80]" -0.0051589034124339 5.35773754132144 0.0252566169819076 0.0353552403012432 -10.9743683131032 -3.09572711238399 0.0100695457187806 3.09526039799786 10.8406319133434
"etap[81]" 0.0111087905330296 5.40418042858852 0.0254755508520704 0.0359958518596166 -10.7677290234876 -3.07795963561672 -0.0219885111712875 3.11471286556967 10.9692615984753
"etap[82]" 0.0246640379611168 5.32855816030117 0.0251190640606392 0.037739873829638 -10.8657416112508 -3.05723221376662 0.0210069125375032 3.13142930249349 10.6788154222911
"etap[83]" -0.0178409115513739 5.40459618439298 0.0254775107437281 0.0365295802731676 -10.8991729688437 -3.07664889971584 -0.00744275873811765 3.06167365304087 10.9405131974131
"etap[84]" 0.0390425306502184 5.37969578423055 0.0253601291316673 0.0372172755998821 -10.5989729519892 -3.07807250368696 0.00973063198000013 3.10003956079662 10.8963313159678
"etap[85]" 0.00252048616869476 5.34854970803938 0.0252133051204532 0.0351369782732597 -10.7913500518776 -3.07846455246413 -0.0106098108204005 3.07010866907475 10.7301950894501
"etap[86]" 0.00929232392131514 5.41499945847958 0.0255265522480826 0.0360581801848637 -11.1161804298448 -3.03027250282927 0.0504607233277953 3.08697348484013 10.8347719289881
"etap[87]" 0.0160088848952879 5.34980833815859 0.0252192383597352 0.0335251990883167 -10.5777438212853 -3.06261186122841 -0.0316209610558703 3.06365512519441 11.1492428301965
"etap[88]" 0.00568077835351313 5.39435660780168 0.0254292409167669 0.0384066166627871 -10.8673968553125 -3.0784193768148 0.00431586399496089 3.06038385876295 10.92460386788
"etap[89]" -0.0179113829426059 5.35184487170914 0.0252288386709599 0.034419524327597 -10.8112639636262 -3.09133503249998 -0.0307488569318381 3.05750444475994 10.838058186588
"etap[90]" -0.00253217165813515 5.28242386429285 0.0249015849036208 0.0339710011683774 -10.5134317346077 -3.05035815732322 -0.0287815770190415 3.052720941922 10.6602052662186
"etap[91]" 0.0585312809568394 5.34086054056936 0.0251770580373883 0.0359084827204548 -10.7976507647652 -3.04389529834446 0.0439772608668252 3.1504975412166 10.9308311329335
"etap[92]" -0.0324506573239146 5.33852459985106 0.0251660463072392 0.0314773103165152 -10.9082390531737 -3.08287489013336 -0.0472081142528605 3.04154422162544 10.8655109859772
"etap[93]" 0.0233664444366025 5.30263583631469 0.0249968650534728 0.0334722354357321 -10.7215814339482 -3.06894441122793 0.0464948647007949 3.10559582018297 10.7938347094669
"etap[94]" -0.0808164194657864 5.38949572197883 0.0254063264812474 0.0359738291841094 -11.1244489785374 -3.10853696218824 -0.0361140161288105 3.04573555666305 10.7381865673897
"etap[95]" -0.0144391783224589 5.34042235786424 0.0251749924243071 0.0382075880067135 -10.8714787958262 -3.01967895439289 0.0220254043384301 3.03634861511223 10.7475219959986
"etap[96]" -0.0387067772022447 5.37380313287246 0.0253323509067709 0.0348322319629692 -11.0208830734604 -3.11012956918154 -0.0210764474774931 3.08031489457874 10.6650043897082
"etap[97]" 0.0191232364135231 5.35503818185755 0.0252438920793623 0.0350238637223947 -10.7303027583591 -3.03843585363841 0.00720043196486477 3.08869190417083 10.8835445567226
"etap[98]" 0.0547913271337316 5.36777462178704 0.0253039322329778 0.0348847154720269 -10.834982716811 -3.03333029772652 0.0364065946895434 3.15642131102744 11.000116469639
"etap[99]" 0.0249836459834619 5.39223826143024 0.0254192549362059 0.0361302698798066 -11.0241136725477 -3.06647564224498 0.0440116266723959 3.09631370487946 10.9664186531587
"etap[100]" 0.0307544863043547 5.39916305792625 0.0254518987399436 0.0350386642910672 -10.8691897122754 -3.0698254855267 0.0191226287697317 3.11321875346457 11.1231547971111
"etap[101]" -0.0264079930245992 5.31982456526111 0.0250778934987927 0.0320536182818269 -10.9909050649869 -3.05541797639499 0.00987884175736706 3.03316071352956 10.7660732965353
"etap[102]" 0.0137824370747321 5.30466963923861 0.0250064524924001 0.0352860230807887 -10.6759166724612 -3.0228809147654 0.0451236799280043 3.09908085719539 10.6632394108076
"etap[103]" -0.00266107814313617 5.34988946201243 0.0252196207812496 0.0336825176747108 -10.7195818836106 -3.07039721908332 -0.0063701047038234 3.04472791018058 10.8191529791007
"etap[104]" 0.00534783567361125 5.35691139091177 0.0252527224715278 0.0352847731111476 -10.6727504544626 -3.06870476203606 0.00758522111668865 3.0788291239706 10.6883645263004
"etap[105]" 0.0141663817094435 5.3872137956385 0.025395569377318 0.0353816495426353 -10.9079641105523 -3.06607664194521 0.00901598347544799 3.08983853358316 10.931620136222
"etap[106]" 0.00156195688938215 5.33738313469636 0.0251606653888967 0.0351579939401657 -10.7032357546013 -3.08086634903234 0.0287503538868103 3.07120699299496 10.8532442701544
"etap[107]" -0.0395572437257863 5.33301425439316 0.0251400702896395 0.0336541410387971 -10.9565558852806 -3.09199950228205 -0.0331299564279698 3.05463036209378 10.7874727306897
"etap[108]" 0.0480776129093009 5.36264237622521 0.0252797385953812 0.0345026358155562 -10.8105035509904 -3.03825291437593 0.0454552135746241 3.11844743527292 10.965502926818
"etap[109]" -0.0172263437836331 5.34991369761876 0.0252197350289935 0.0349070815023981 -10.6879768159488 -3.1086391067547 -0.0145396732402599 3.05890146691678 10.7256513841747
"etap[110]" 0.0504893345443286 5.3328879860093 0.0251394750547696 0.0359244018125437 -10.6353703776012 -2.99887552327059 -0.0112232631280258 3.08406205818165 11.0779269357155
"etap[111]" -0.0101668905339246 5.38630544755215 0.0253912873833744 0.036861761097963 -10.9149704893307 -3.11933181028004 -0.0517912527180285 3.0763358201427 10.9744803261546
"etap[112]" -0.0321805077845437 5.36898924441716 0.0253096580189668 0.0338269465564393 -10.9645521685837 -3.09953278298219 -0.0234258715153419 3.06642887576097 10.5513721863302
"etap[113]" -0.00879751742309864 5.34282986548913 0.0251863415240892 0.0359501838803142 -10.938123974124 -3.03263886575616 0.016596318571601 3.01169199296604 10.8126252254624
"etap[114]" -0.0117996192600081 5.33806575596257 0.0251638832964055 0.0341772332246752 -10.7475368416743 -3.11362030232744 -0.0158216237058939 3.05368891277918 11.0056637831005
"etap[115]" 0.0722416346018951 5.3642307131358 0.0252872260873832 0.036946408895218 -10.6337798044993 -3.01964001800445 0.0430046962811422 3.10012601665477 11.1567500184466
"etap[116]" 0.00808854746659827 5.33978326801138 0.0251719797258488 0.0339653294884426 -10.7276979859773 -3.09090837342944 -0.00551219912419711 3.06234260704004 10.9526026721168
"etap[117]" -0.036574135879152 5.37669648844708 0.0253459903157522 0.0362151894130683 -10.9991551014685 -3.09053189622876 -0.0350626106963552 3.05724782354406 10.6941217871063
"etap[118]" -0.0145204737044552 5.27999378414418 0.0248901293959411 0.0343812282547288 -10.7076597383559 -3.09385915536273 -0.0126545514573168 3.03937075998976 10.8413440398818
"etap[119]" 0.00337494986948535 5.42678435130401 0.0255821067656273 0.0356418852706457 -10.93358384163 -3.05315440576127 0.0173740399820638 3.04651418678855 10.9515450819226
"etap[120]" 0.0337332792139984 5.31233522327697 0.025042588402102 0.0371535203174882 -10.6759063045795 -3.03616630717824 -0.0130603314918334 3.0603291322106 10.976787629011
"etap[121]" 0.00412001111554583 5.41612542281143 0.0255318600948455 0.0359371264102163 -11.0090563174522 -3.08843405938841 0.0414403033876903 3.1092849260306 10.8647498280974
"etap[122]" 0.0333921868894806 5.31736390798872 0.0250662938491695 0.032418819867828 -10.7519655694183 -3.02901708119917 0.0222052916267775 3.12143294552155 10.6967666435685
"etap[123]" -0.0177242965296676 5.34461981031001 0.0251947794048945 0.034081329774977 -10.8939568126107 -3.09489255307411 -0.0089788199862703 3.07538821662158 10.8148257716401
"etap[124]" -0.00543061699544024 5.33183318012306 0.0251345026521363 0.0347771702500852 -10.7537280230741 -3.11775718791408 -0.0496053421978775 3.05525857942788 10.9393355003058
"etap[125]" 0.0103409706770995 5.38465213857297 0.025383493610104 0.0354700047151865 -10.8375190638147 -3.08307737118977 0.0352894921669411 3.08238285119607 10.8425294302713
"etap[126]" -0.0461843399912934 5.34389509309815 0.0251913630551948 0.0363456098436217 -10.8361944786913 -3.14139840865789 -0.0235191972941043 3.0516433447976 10.7612898945346
"etap[127]" 0.0145440187482248 5.34242991696596 0.0251844561486701 0.0350769951178524 -10.9906431649586 -3.06089642097245 0.0304216750070822 3.11337763643859 10.861227362642
"etap[128]" -0.0157206552967298 5.31577521664812 0.0250588046863685 0.0347964807106693 -10.7496311645248 -3.1092200262161 -0.02786452968142 3.0434521715947 10.7944901562839
"etap[129]" -0.0128934651106371 5.34476136216156 0.0251954466867219 0.0319882544738622 -10.9244336878678 -3.10916779505424 -0.00329157221743059 3.08805380464318 10.8315430447174
"etap[130]" 0.0118344993292252 5.34242123986889 0.0251844152444423 0.03513204363952 -10.8601738294091 -3.06969001340017 -0.000314556172466162 3.09187839828792 10.8465089014508
"etap[131]" -0.0289035200173665 5.35068009814978 0.0252233478757441 0.034492219215388 -10.8989218823211 -3.06158392997122 -0.00013179116688018 3.02045842200256 10.7050528612329
"etap[132]" -0.058699944669684 5.37620151881351 0.025343657006523 0.0375281562422574 -11.0007686375665 -3.16295103636881 -0.0675204937935265 3.04187053512171 10.6825431456793
"etap[133]" -0.032123135552977 5.38685974399678 0.025393900361873 0.0355510725502296 -10.9114731813188 -3.12450107896157 -0.0491052094274458 3.06727139111722 10.9439752032791
"etap[134]" 0.00175443076029721 5.3343418074651 0.0251463284348365 0.0364788674230072 -10.8687895220764 -3.04685205369317 -0.00281359174555155 3.06335099860215 10.7941563348466
"etap[135]" -0.0250048522976985 5.35855360890989 0.0252604639614122 0.0345508471267443 -10.8331767855946 -3.07585896628153 -0.018361207366002 3.06040956259301 10.7406444887621
"etap[136]" 0.0292753036322142 5.37547544232701 0.0253402342491412 0.0377430776743845 -10.8231852574547 -3.03038873231303 -0.0211619872455537 3.10715030493151 10.9263944581032
"etap[137]" -0.0859473928008408 5.38958098407359 0.0254067284106167 0.0365647212342034 -11.0183302992335 -3.15919354649263 -0.0463303268270672 3.02556443208532 10.7026138124781
"etap[138]" -0.0525592766247028 5.40225191513676 0.0254664597524748 0.0364073318316501 -10.8237415653774 -3.14903760588242 -0.0412180186885889 3.02123318400854 10.8478079757664
"etap[139]" -0.0854389876935615 5.31003115281988 0.0250317269098051 0.0339175664136564 -10.8807388932713 -3.16623973475822 -0.079974364899758 3.00512022960669 10.7893642923748
"etap[140]" 0.0582916406766671 5.32932342779941 0.025122671566222 0.0344809039115418 -10.7882672177757 -3.05664369985586 0.0539118431352754 3.16458132231926 10.9258161543397
"etap[141]" -0.0192373807178212 5.36016032779991 0.0252680381068962 0.0346576301284776 -11.0152549734884 -3.08805039817017 -0.0256642172979089 3.04367254437576 10.8134305415489
"etap[142]" -0.0144314499788442 5.39377173380056 0.0254264837942847 0.0356330152593335 -11.0430342403807 -3.05780994343529 -0.0076534227427743 3.03399840520329 10.89095841365
"etap[143]" 0.0275661454666015 5.32735453905188 0.0251133901356568 0.0343079587317726 -10.7126640917302 -3.07317340120697 0.012525510394149 3.10913189864827 10.8570695136098
"etap[144]" 0.00522049138331082 5.3273869568607 0.0251135429546731 0.0341298543865706 -10.6140666417561 -3.09724687382885 -0.000252587469124083 3.08027850134363 10.8037448716554
"etap[145]" -0.000913268068825196 5.34320660888448 0.0251881175094866 0.0337880257432603 -10.8639889469702 -3.04677352522407 0.00269733201533066 3.05895471283024 10.7216375541843
"etap[146]" 0.0244213127459854 5.3830367924357 0.0253758787953864 0.0341721508690557 -10.8823662842224 -3.05081686411936 0.0179597050034789 3.13598987692906 10.8250575262065
"etap[147]" 0.0676694482568004 5.32967863486668 0.0251243460283953 0.0337877823623158 -10.6016357316238 -3.03800826480797 0.0577165035789607 3.11126479971636 10.8569609460356
"etap[148]" 0.0101203456274692 5.36753096022913 0.0253027836013784 0.0340678001584591 -10.8281530361324 -3.06356507258677 0.00025131507607755 3.08869450478898 10.8560343376496
"etap[149]" -0.068435365055673 5.34776755626033 0.0252096180216073 0.0361938346748354 -10.9651952765208 -3.15193109801347 -0.0709348339393176 2.99125500061863 10.8075020868776
"etap[150]" -0.00686632723094922 5.33404524256239 0.025144930414478 0.0341708069959018 -10.9743199653127 -3.02043523564865 0.015461140833527 3.0645410963777 10.5592799983169
"etap[151]" 0.00282205629113495 5.3746612104138 0.0253363959230926 0.0353902477766636 -10.8625215784842 -3.15500815739926 -0.00680419589360694 3.08305849604693 11.085946363717
"etap[152]" 0.00972340746811009 5.36199944695567 0.0252767077977391 0.0343936976259733 -10.8856152743944 -3.06508743328482 0.0317562360541925 3.08865454916049 10.9683135465139
"etap[153]" -0.0361645184990469 5.33590448302039 0.0251536949580494 0.0357611370610983 -11.1115568569915 -3.06934405639526 0.000756053962254214 3.08585271354782 10.6037761686947
"etap[154]" 0.0137664913062435 5.37461552817779 0.0253361805749669 0.0350768807308526 -10.9344927565227 -3.03313312047443 0.0270984433954032 3.10464575910076 10.7976425649489
"etap[155]" -0.010265053419575 5.38988565434412 0.0254081646400454 0.0347689386069196 -10.9199757290474 -3.12335891983883 0.00217341779664654 3.0864384168034 10.8731205470203
"etap[156]" -0.0000873441992299981 5.37424369791138 0.0253344277502814 0.0341195933136986 -10.9184236433952 -3.12583648028707 0.0115388549976252 3.13422351258928 10.809986049608
"etap[157]" 0.0230718774762792 5.33958270730972 0.0251710342736342 0.0358261278810579 -10.7147032853523 -3.07081548645272 0.022483480394261 3.07139806314094 10.8718560999861
"etap[158]" -0.0137978291773473 5.30425891183173 0.0250045163048359 0.0334085974841037 -10.7282838779375 -3.1143805856033 -0.0256798673942652 3.04498631120469 10.7868106549234
"etap[159]" 0.0630194268920496 5.37296126955099 0.0253283823250146 0.0338661926329852 -10.955774609099 -3.03543263087072 0.0551666111000978 3.16891361173399 11.0609903895225
"etap[160]" 0.00644573030764989 5.37468713128633 0.0253365181152576 0.0357146331382688 -10.9519822840404 -3.0739762497336 0.0224483619309852 3.07290058223206 10.9690768251451
"etap[161]" -0.00658799177562489 5.32918090825609 0.0251219997226518 0.0354694385714642 -10.6865163780297 -3.07748198004055 -0.0194434292238569 3.02915539592 10.7640284233295
"etap[162]" -0.00118049691645119 5.36505129596002 0.0252910943519134 0.0352752359875339 -10.8250230366938 -3.08955242431161 -0.00328501302068146 3.04217478679031 10.9376438581872
"etap[163]" 0.0117973776571788 5.3623636958307 0.025278424883403 0.0355858980573502 -10.7961463832192 -3.03336558211339 -0.0202844585777178 3.05328634712186 10.7105759718035
"etap[164]" -0.0688173829692012 5.39595237702459 0.025436763445025 0.036155820678658 -11.2632319910768 -3.16293422707047 -0.0266173010455078 3.08467134060519 10.7264408391223
"etap[165]" -0.0254426837477703 5.37565406227074 0.025341076271631 0.0364466981668266 -11.0218401902986 -3.0684155691037 -0.0209289330009887 3.0916945813679 10.7249846604224
"etap[166]" -0.0112560225681984 5.30173000607459 0.0249925949287703 0.034738699824608 -10.6710375889146 -3.09308195475484 -0.0249950487999727 3.03409472167602 10.846032206892
"etap[167]" 0.0439534369061148 5.36240228828417 0.0252786068099733 0.0357105694658771 -10.8066333392809 -3.04912413824821 -0.00452685480693053 3.13812841296167 10.921981177342
"etap[168]" -0.0155073954261614 5.35635461884602 0.0252500978228394 0.0352762129427147 -10.9941416147182 -3.11651438381982 -0.0168415160657651 3.05114333069622 10.9478773253359
"etap[169]" 0.0186728823194118 5.36255321940989 0.0252793183061232 0.036506466192875 -10.767671140222 -3.08856342183819 0.0256900519759595 3.08835166688459 10.9269329894803
"etap[170]" -0.0522246543010811 5.35765315447625 0.0252562191785044 0.0359746279551163 -11.0101691287708 -3.13069433206777 -0.0358862287144574 3.02593222062522 10.6280685250851
"etap[171]" 0.0331013270706641 5.32269499119045 0.0250914248163896 0.0344245837353061 -10.5825225592051 -3.04855415312429 0.00351216264379217 3.09357634898541 10.9893274037726
"etap[172]" -0.00141780284482631 5.3262347390285 0.0251081113477227 0.0334595224034138 -10.9260027097055 -3.06416418298852 -0.00388377777585181 3.06525179360448 10.9441858797592
"etap[173]" 0.0117267756450838 5.37196466658634 0.0253236842935849 0.0359289255755791 -10.936973004732 -3.07842835849908 -0.00230661416309969 3.07885870698724 11.0701829319707
"etap[174]" 0.00898609090447245 5.36990859785309 0.0253139918926257 0.0343938300082533 -10.8684307138522 -3.06984135643505 0.0235480777753407 3.07445529585176 10.7738260538498
"etap[175]" 0.0329288632723592 5.32281646904424 0.0250919974684841 0.0341087928949039 -10.8142758398586 -3.03759624109663 0.0253333183249243 3.0831690253787 10.9074327646458
"etap[176]" -0.00239154387401271 5.26884005091783 0.0248375501932752 0.0356858481457727 -10.5637457950898 -3.09261852559517 -0.0194666830278276 3.04847592827097 10.7907808727578
"etap[177]" 0.0168268979657865 5.29615014483108 0.0249662912106145 0.0334542921461154 -10.6523683698155 -3.02031308496265 0.00303731923881272 3.03539505293166 10.8025002974164
"etap[178]" -0.0597439640590489 5.32994410809469 0.0251255974811936 0.0347079024572278 -11.1117986284849 -3.1161288982658 -0.0145341367223309 3.04805442684406 10.592694800262
"etap[179]" -0.0302683035129537 5.38390350306754 0.0253799645084871 0.0361906838106339 -11.0537055510058 -3.08573164634177 -0.0148687638848863 3.03798064101621 10.8132670024269
"etap[180]" 0.0531888675141413 5.36925644392209 0.0253109176095125 0.0342349104166628 -10.6121812750828 -3.03582185669888 0.00566221862976517 3.10381205285782 11.0543187802747
"etap[181]" 0.00326094823631157 5.34228070309543 0.0251837527477388 0.0347226411213302 -10.7228255059672 -3.05111845969884 -0.0303445538456959 3.05517749593368 10.9470770406244
"etap[182]" -0.0425356109161296 5.41771618457392 0.0255393590177088 0.0350137603228126 -11.0696481661138 -3.16953248017076 -0.0491828094374678 3.05246577607553 11.0072941972657
"etap[183]" 0.0145347524251394 5.3776898979008 0.025350673292827 0.036457644587787 -10.6748430231852 -3.04837295095131 -0.00693584858731994 3.08059559184877 10.9402330296198
"etap[184]" 0.0231208024323387 5.33806132613254 0.0251638624139865 0.0346550659766513 -10.7880195666003 -3.00302728130436 0.0308859086296826 3.11858830220998 10.9026001197457
"etap[185]" -0.00178255167071627 5.34875444663678 0.0252142702674571 0.0348016126636303 -10.9416604796699 -3.09280442537026 -0.0049549900022895 3.06008815710289 10.8594390954317
"etap[186]" 0.0522844662981035 5.37053546886024 0.025316946990893 0.0368208779496228 -10.8433364289822 -3.03095619893007 0.0556616384422266 3.1153158367238 11.0104538474631
"etap[187]" 0.0191961919974914 5.35517498649937 0.0252445369826285 0.0330035920280955 -10.75901636529 -3.10086601839015 -0.0159184298712269 3.11755548911168 11.0486854252375
"etap[188]" 0.0195071454908291 5.35191524597175 0.0252291704184153 0.0340701939593128 -10.733906319985 -3.05842353080552 0.00864064684938705 3.08151746183209 10.9270807446427
"etap[189]" 0.0404584096471427 5.31489945422589 0.0250546763027187 0.0356192471559634 -10.7109498819775 -3.07487322646178 0.0544760803537938 3.13457790604335 10.9407558909906
"etap[190]" 0.0541156674995799 5.3651825747687 0.0252917132061523 0.035143032546609 -10.7674477858336 -2.99789635674042 0.0431278264725703 3.05958845406307 10.9251400257097
"etap[191]" 0.0662496449977922 5.38156278747299 0.0253689302693555 0.0355167478281277 -10.7978273615745 -3.03160837077599 0.0902846906831103 3.15258915979611 10.9271215960103
"etap[192]" -0.104931238037473 5.33385959360074 0.02514405525688 0.0364840360754971 -11.0467323415986 -3.15197056139955 -0.0783410694515569 2.98398521738504 10.7537592418751
"etap[193]" 0.0261927523370553 5.32812962152578 0.0251170439094786 0.0351481137076887 -10.6472931764131 -3.04671888236302 -0.0080443546754776 3.07693164476781 11.0038424542965
"etap[194]" -0.000901109055930337 5.36458137462731 0.0252888791215068 0.0343962144433454 -10.862999039613 -3.05173703466812 -0.0101581564195078 3.04268503463134 10.9969007161168
"etap[195]" 0.0429894072385379 5.32344002892855 0.0250949369579686 0.0332912646203668 -10.7294351203067 -3.04963691575442 0.0401406725300802 3.12744367230786 10.9498898743382
"etap[196]" 0.0104946612832235 5.29609141066963 0.0249660143351222 0.0355264936266931 -10.7114925447536 -3.07061994606438 -0.0237607802532637 3.05179621057931 10.8464174725776
"etap[197]" 0.0265915160048536 5.35026486181185 0.0252213904328751 0.037969652776829 -10.5229330393458 -3.02233745798035 0.00571831304933847 3.09200854348285 10.7818370306304
"etap[198]" -0.0269855398917362 5.33588931263697 0.0251536234441762 0.0361147693103199 -10.7550994360266 -3.10625333835794 -0.00948739378402934 3.06795827222774 10.7148417340651
"etap[199]" -0.042438526852317 5.33133072922933 0.0251321340759085 0.0346183740708393 -10.8870719907833 -3.09212793997911 -0.0820112170864863 3.00428354334838 10.7949235870493
"etap[200]" 0.0454840452530175 5.37988635579254 0.0253610274946259 0.0359589680699333 -10.8579441815362 -3.05210818817003 0.0567387178488764 3.0864955315338 11.0232273201091
"etap[201]" -0.0543347761852684 5.3422451637876 0.025183585213835 0.0350800439927756 -10.9556814302522 -3.08088042745818 -0.046684805060674 3.00669312121298 10.6237716440624
"etap[202]" 0.0137148314137924 5.4072811353587 0.0254901677239615 0.0365823852949479 -10.841679030331 -3.11365379172965 -0.0269371842847002 3.10641173243083 11.0639582005904
"etap[203]" 0.00446258361969765 5.40714996740633 0.0254895493923042 0.0340747537578174 -10.9443176894605 -3.12565801737958 0.0372743777393704 3.11430614135969 10.8888985989554
"etap[204]" -0.0103710426338358 5.33218043420981 0.0251361396235999 0.0323149955925153 -10.8265928270252 -3.08433141479648 -0.0115925081363857 3.0933165948409 10.8026471738318
"etap[205]" 0.0201842097251836 5.41039146472391 0.0255048299572006 0.0397626452663386 -10.9287546671525 -3.12638794794075 0.0425240765425732 3.16686339741641 10.9677937170544
"etap[206]" 0.0607763352247598 5.32766104680933 0.025114835027082 0.0336008161762389 -10.6448555046759 -2.96566430528539 0.0543602375487058 3.11334894452945 10.8348042293271
"etap[207]" -0.0292163344765344 5.29620912973776 0.0249665692681312 0.0348194361755617 -10.8159339176723 -3.06137878203046 0.00794645636468038 3.02409040159178 10.6615314490937
"etap[208]" 0.0507600417299821 5.33877229111028 0.0251672139350328 0.0344357951227239 -10.8021644084017 -3.03790781297158 0.00756139889486027 3.12533615353331 10.9988615971143
"etap[209]" 0.0000384414695118721 5.40567253336557 0.0254825847014444 0.0347551570774469 -10.9134514529629 -3.04138031991941 0.00770224681308091 3.03969156063301 10.980670881097
"etap[210]" 0.0056802011657351 5.34476600535699 0.0251954685749551 0.0363504577530989 -10.9086429205809 -3.0655940615532 -0.0200179544902776 3.04419568123685 10.9160978802648
"etap[211]" 0.00708795341856869 5.35228490428834 0.0252309130044312 0.0332698674416074 -10.8032755062163 -3.09726270055781 -0.00739554585658067 3.10184123196673 10.810226332592
"etap[212]" 0.0305161472279121 5.34003656158616 0.0251731737632111 0.0366099546663395 -10.7446831761799 -3.05243199506791 0.0210011722098372 3.07534492825492 11.0055462821844
"etap[213]" -0.0466522587710345 5.31534876711024 0.025056794383968 0.034956769767848 -10.7696361423537 -3.08783658397272 -0.0441002135783286 3.05528074559118 10.602910019564
"etap[214]" -0.0297741077822782 5.34638554012856 0.025203103135084 0.0354591596141525 -10.868298878093 -3.09502651199787 -0.033795665961127 3.01192642216253 10.8241872673272
"etap[215]" -0.0318230256657779 5.26990076248221 0.0248425504355422 0.0334167053470365 -10.7259814875047 -3.11585640347057 -0.0155088252069153 3.02606807935172 10.6283644975035
"etap[216]" -0.00165571680582859 5.41264951535031 0.0255154745099352 0.0345948833095532 -11.0781842185619 -3.08032829094354 -0.0461666873219174 3.08122825230628 11.0906079788824
"etap[217]" -0.0217888048510619 5.38000332822152 0.0253615789079442 0.0352053289878955 -10.9860655360386 -3.07055186900207 -0.00422509716829759 3.09135665778782 10.7331605024305
"etap[218]" 0.01142473085472 5.29764924387885 0.0249733580312968 0.0341437938296897 -10.6793284980568 -3.09981754558015 -0.029235571597851 3.11180991552438 10.9499912296281
"etap[219]" -0.000461288809051428 5.38850101745287 0.0254016373991436 0.0357716398769362 -10.8036231172169 -3.08612427702213 -0.0298798331075983 3.03433666574914 10.9644288419102
"etap[220]" -0.00100732500762615 5.37305875508816 0.0253288418762439 0.0335605311004789 -10.8212606152268 -3.09384637503186 -0.00517639049111182 3.06810939333538 10.9077339553147
"etap[221]" -0.00309933270187322 5.35697788325129 0.0252530359194223 0.0342665595427015 -10.8811585420362 -3.09546854577629 -0.00514999345035209 3.0677740377675 10.8251782827361
"etap[222]" -0.00755934581604347 5.31934917046628 0.0250756524662383 0.0346489184989362 -10.6440009276611 -3.09214387284766 -0.008617498079288 3.06591993693609 10.8024059546712
"etap[223]" 0.0540836352590412 5.35067178420768 0.0252233086834452 0.0333896817429453 -10.6463797266368 -3.04492699868951 0.032255171730083 3.12720979375682 11.0029595625483
"etap[224]" -0.0385603930924506 5.39219443573791 0.025419048339911 0.0362862913135007 -10.9910615554633 -3.14326115529923 -0.0190109474143158 3.06127567547867 10.8533500791705
"etap[225]" -0.00839467245613795 5.32515957484407 0.0251030429751514 0.0314889959163845 -10.7672101691794 -3.06505665601063 0.00160916194824279 3.00482090760196 10.860475031723
"etap[226]" -0.0788991679511169 5.35486265666421 0.0252430646456658 0.0337028117969111 -11.1455733444253 -3.13589111797376 -0.039786668902639 3.05886447572342 10.6363875873772
"etap[227]" 0.043985549233429 5.34350280727292 0.0251895138020803 0.0351173171846465 -10.6661051613508 -3.04466915461369 0.0614254211479979 3.11906732400806 10.8503470625266
"etap[228]" 0.013162116203514 5.36339534854825 0.0252832881409524 0.035879627956244 -10.7312973798381 -3.08015026687532 0.0114839504551265 3.0423801911266 11.0331994957843
"etap[229]" 0.00158745166654947 5.33320060999039 0.0251409487783496 0.0335597248584546 -10.8539544059491 -3.07774199604344 0.00906915334514701 3.07586529184116 10.8366904463755
"etap[230]" -0.0156307758286639 5.35368218235453 0.0252374998364032 0.0358207407839005 -10.7637892724655 -3.07600813290136 -0.0427269154540201 3.07060349084695 10.8253158726229
"etap[231]" 0.00879292797362778 5.35055900663111 0.0252227770448508 0.0384847776549427 -10.9255111625331 -3.06020500347908 0.0000355021201898333 3.07892494666043 10.874611351802
"etap[232]" 0.0628344765758464 5.31267849649791 0.0250442066075841 0.0341945730955945 -10.6015504984097 -3.02111475178158 0.0522132521709023 3.07921387089414 11.0250742566775
"etap[233]" -0.0494628983756486 5.36835452989354 0.0253066659460083 0.0339917870532194 -10.9231048441242 -3.13734739587209 -0.0645443148567446 3.07097253962325 10.7669048718713
"etap[234]" -0.0264973871418725 5.38271116699913 0.0253743437823576 0.0346061529758426 -10.9842255646888 -3.11047477081779 0.0314900886060761 3.05669375294517 10.7815404499264
"etap[235]" 0.0305921877241844 5.36927316939527 0.0253109964541492 0.0350488238464035 -10.7775490761578 -3.06675107175031 0.00718802621740088 3.1068093235427 10.8864769973859
"etap[236]" 0.0112013310455824 5.3902735331823 0.0254099931184238 0.0371464104017675 -10.7607554252617 -3.06570921872547 0.0186040618576643 3.06032103773687 10.9264428085689
"etap[237]" 0.0312118507050042 5.36318926725051 0.0252823166643983 0.036660666744672 -10.7328888110418 -3.04571765451518 0.0350728689295556 3.08982713674149 10.9003152015159
"etap[238]" -0.101506368203773 5.40499782737822 0.025479404106918 0.0348420534670087 -11.2228642069372 -3.17681783668214 -0.0806663141447929 2.97421269949015 10.869474868992
"etap[239]" -0.0893214582992282 5.33780442386738 0.0251626513650945 0.0352217722774855 -10.9364247813037 -3.15936809804564 -0.0480905268711096 3.04387844958163 10.6209570029104
"etap[240]" -0.0107976716119474 5.31069516819938 0.0250348571083228 0.0353268977776217 -10.7482367305692 -3.07903573896557 -0.0381867460779023 3.06183138490546 10.7931884066359
"etap[241]" -0.0461995909924795 5.33068152897883 0.0251290737165787 0.0354874409523743 -10.8425805504979 -3.09171272412788 -0.0400475706225073 3.02211393112567 10.7520290692684
"etap[242]" 0.0413463720477453 5.30581571581825 0.0250118551492083 0.0341939256307114 -10.6338417029315 -3.02740161912831 0.0295815249134407 3.0561626709696 10.9418326249055
"etap[243]" -0.0381406575575674 5.35430287055551 0.0252404257886426 0.0340974614623983 -10.9397524721848 -3.12139587844715 -0.0149221599555105 3.06129405598295 10.6867601033606
"etap[244]" -0.0302496083809809 5.33344913435341 0.0251421203334321 0.034010081799017 -10.8802294889364 -3.08962792993046 -0.040954235801358 3.04422436038803 10.8769982898546
"etap[245]" -0.0357616904080903 5.36030890773077 0.0252687385194072 0.0350915521163516 -10.8777371173351 -3.05397092850905 -0.0233790118635409 3.04418481490605 10.7458639890778
"etap[246]" -0.0625364424015129 5.3939909041522 0.0254275169732305 0.0348748407970084 -11.0088165074835 -3.12369581122939 -0.0438584544847467 3.0231037456927 10.9042184077902
"etap[247]" 0.0385155722012799 5.36676891684468 0.0252991912944137 0.0394785349404461 -10.7927772706271 -3.04445314383784 -0.00190775810365211 3.07654692275427 10.8634881016186
"etap[248]" 0.0480246691727028 5.36300876583672 0.0252814657725736 0.0376798573718474 -10.9251339029447 -3.00776912847937 0.0242637390375827 3.11220014377009 10.9022057213693
"etap[249]" -0.00545474140074637 5.38845401185625 0.0254014158126361 0.036053423545054 -10.869780827962 -3.07004043805754 -0.0293448502543772 3.03850903365795 11.0311901593527
"etap[250]" -0.0222431590284341 5.35944042214766 0.025264644439106 0.035051866510216 -10.8759662106886 -3.10628285453395 -0.00428895633691657 3.05596200174677 10.8320131077611
"etap[251]" 0.0175154267921671 5.33512420827758 0.0251500167076373 0.0332151488288429 -10.8257471617101 -3.07911652906363 0.0106700289969159 3.13471641796758 10.8021397481276
"etap[252]" -0.0231496321788596 5.36817504968287 0.0253058198681813 0.0358855893870238 -10.9257508551383 -3.08263555867728 -0.00991201542718961 2.99414857657104 10.8527897188475
"etap[253]" 0.0385546243671599 5.36161161891583 0.0252748795588265 0.0360946564770002 -10.8269915522553 -3.06902970576712 0.0212501815865496 3.10593180869719 10.8392125159948
"etap[254]" 0.0588402930086706 5.25397137790718 0.0247674585965213 0.0331099249501298 -10.6219053403565 -2.95710718290631 0.0696086651461094 3.06512202013241 10.8400294147442
"etap[255]" 0.0383787570900038 5.35866760934933 0.0252610013646374 0.0343619190761494 -10.6359416428879 -3.1105642997572 0.0146833437300321 3.10473483488287 10.9463300647406
"etap[256]" 0.0426137893873079 5.27959899194803 0.0248882683276807 0.0329450887762394 -10.6389324135643 -2.99994919589409 0.0108657787343247 3.0419309817896 10.904633178902
"etap[257]" -0.000644659759695184 5.37157816920846 0.0253218623274728 0.0355696547504904 -10.876643012021 -3.08295121820106 0.00690655264567403 3.06646306692122 10.8219146885457
"etap[258]" 0.052829003139715 5.42843575547078 0.025589891559526 0.0363466643265359 -10.9112654895827 -3.06393959883631 0.08394485631343 3.19092083371934 10.9901152234085
"etap[259]" 0.0199093057819177 5.29005200220899 0.0249375442906097 0.0336979997353614 -10.6577589669442 -3.03144986957464 0.0605395371473641 3.05709923476744 10.6952802543951
"etap[260]" 0.0164373346428498 5.26296967694115 0.0248098769849617 0.032224538308758 -10.7371063245328 -3.06148961321598 -0.00350861648590001 3.09355689136761 10.7317924038822
"mean.p0" -1.67736059099607 0.277105594189096 0.00130628829837225 0.00945174228051996 -2.24040569868446 -1.85342205496981 -1.65551717211908 -1.49432502984494 -1.15947001210478
"mumup0" 0.883573545600726 0.0855511907697956 0.000403292180879376 0.0015967534528161 0.656655319700621 0.85712889044018 0.900945823742883 0.935062425696938 0.979467819700132
"mupsi" 5.61526793001444 1.26928385967063 0.00598346149615824 0.0111067861776842 3.31466321749706 4.72064743185576 5.55031937066572 6.43588494619306 8.27976813828331
"ppo[1]" 0.151399283050625 0.0526761409889247 0.000248317710000049 0.00141572919612925 0.0510923851227639 0.117434410666862 0.150796381426568 0.181549720795901 0.264982645073725
"ppo[2]" 0.176477162243449 0.0594957342834104 0.000280465581089816 0.00130940809577364 0.0857325475524866 0.138303002048647 0.168212873807622 0.203903821840058 0.32481347033007
"ppo[3]" 0.163250897706147 0.0542901214104064 0.000255926086671595 0.0011532454223125 0.0698445969041679 0.128126167140577 0.160126483679067 0.190744398905458 0.289743603304149
"ppo[4]" 0.16318789262252 0.0535813861629863 0.000252585076674818 0.00116765207069066 0.0704174850532209 0.128256230624743 0.160290044316555 0.190662181271841 0.287741627308425
"ppo[5]" 0.16211366946355 0.0532280246297478 0.000250919314432395 0.00115195658165888 0.0675996563594358 0.127633677046005 0.159405463545589 0.189721194302538 0.284012127533821
"ppo[6]" 0.162340659283084 0.0530412799683099 0.000250038991656041 0.00114632328698734 0.0698031902039442 0.128022790022453 0.159398660480537 0.19008218907523 0.283849294711257
"ppo[7]" 0.163049974159201 0.0537523955407241 0.00025339122261245 0.00114095933818788 0.0700958306357056 0.128016007621647 0.160320397495016 0.190244881628444 0.288333585433217
"ppo[8]" 0.162985881952923 0.0541084550060541 0.00025506970302872 0.00123377294213381 0.0697960582988965 0.127955591798452 0.159893991987128 0.190145005550607 0.288764872927311
"ppo[9]" 0.151883895558777 0.0538486715681279 0.00025384507215807 0.00133617074856254 0.0506510469612202 0.117598626623768 0.151168738028537 0.182162844970139 0.265955155933392
"ppo[10]" 0.177134061897809 0.0609070242153673 0.00028711846563053 0.00129221549659175 0.0857662664783864 0.138372530657696 0.168449634441025 0.204374214767787 0.328782579945538
"ppo[11]" 0.17707886967914 0.0607487088450036 0.000286372159817528 0.0012750771694666 0.085729953719498 0.138382160073908 0.168579846409599 0.20413792455063 0.33067763673745
"ppo[12]" 0.176513279952228 0.0600917495844515 0.00028327522416353 0.00130102221492319 0.0844739070556048 0.137717583697838 0.16848574521959 0.204320560631967 0.325100691001823
"ppo[13]" 0.162525018896275 0.053832787488159 0.00025377019388701 0.00120058481758021 0.0686421371722385 0.127971920776546 0.159737893686416 0.190208459017503 0.286146612941221
"ppo[14]" 0.162887549469238 0.0536186304898277 0.000252760648115286 0.0012236900949515 0.0698978418664945 0.127672015935669 0.160138299592426 0.190080685394143 0.287598978759582
"ppo[15]" 0.162427800606852 0.0531424385858813 0.000250515857952442 0.0011962946167653 0.069208487065937 0.127886856717007 0.159815226606204 0.190111221266492 0.284396208118832
"ppo[16]" 0.162871967047363 0.0536534542026297 0.000252924808671742 0.00117709419122214 0.0688348258537684 0.128039252049507 0.159996725445186 0.190665662965916 0.288214177414671
"psi0" 0.992756584016211 0.00989078771179072 0.0000466256204152253 0.0000778087696286273 0.964928433902803 0.991169268148267 0.996128828304381 0.99839957594754 0.999746468301447
"sdeps" 0.295609267178997 0.242532082615116 0.0011433072018163 0.0102772671735246 0.00876972712175336 0.108668043939967 0.241441153733676 0.422166665295615 0.899430540211746
