"Mean" "SD" "Naive SE" "Time-series SE" "2.5%" "25%" "50%" "75%" "97.5%"
"N" 9.2008 1.36325940855987 0.0064264664820603 0.0238638215560585 8 8 9 10 13
"betapsi[1]" 0.198241755862575 2.09216999550408 0.00986258394143976 0.0174631197942407 -3.9346015176078 -0.752549178554076 0.0295768831960979 0.988792726780584 5.20623685032308
"betapsi[2]" 0.20048952440352 2.10733345703538 0.00993406518460671 0.0175718668287985 -4.0067825023838 -0.765081590190882 0.0350032732222164 1.00567112767257 5.24159312290384
"betapsi[3]" 0.234381968994584 2.14044411532337 0.01009015032464 0.0177112638545295 -3.95747801377217 -0.755284000467769 0.0380496716510735 1.03171567029931 5.4452306157559
"betapsi[4]" 0.216791646663421 2.08641139144792 0.00983543762158454 0.0179425667882066 -3.87527993066966 -0.752410861263673 0.041245296967659 1.01253243982992 5.27082071572901
"betapsi[5]" 0.198137234666173 2.09228115525463 0.00986310795352915 0.0173508275758197 -3.97251629099257 -0.758294003735898 0.0335689340393574 0.984377147297521 5.24126862053133
"betapsi[6]" -0.656610719608206 2.7009567230723 0.0127324320971721 0.0409405104044307 -7.45745468502857 -1.57062179327986 -0.153400612002853 0.563593797102991 4.38227811071586
"betapsi[7]" 0.209977665728004 2.09961191123883 0.00989766546864685 0.0175340537772641 -3.88710773196481 -0.756848921915657 0.0388722584597327 0.995218025408518 5.34587706245007
"betapsi[8]" 0.206655488360513 2.12542363310746 0.0100193430924296 0.0176499845744113 -3.9487018868919 -0.765867156845937 0.0309308446450974 1.0079460865639 5.31589051259122
"betapsi[9]" 0.188509214472393 2.08452780546062 0.00982655831208744 0.0176029679355216 -3.94919529147862 -0.7743360198711 0.0264647514945222 0.986504360702595 5.22149272454336
"betapsi[10]" 0.219703654234082 2.10945975542487 0.00994408865134026 0.017347542104825 -3.90991111376737 -0.756583904908863 0.0427986934310797 1.03002104285981 5.32124144481819
"betapsi[11]" 0.18408779000482 2.09341579822604 0.00986845671179121 0.0176931337206808 -3.94631365668604 -0.778687648327265 0.0203240222824322 0.98349298029013 5.15419521439651
"betapsi[12]" 0.193609672081445 2.08957398266825 0.00985034621957135 0.016626008634134 -3.9831258309615 -0.749373656647575 0.0370610162957355 0.99484057709122 5.2327757179016
"betapsi[13]" 0.210818218833945 2.10357724673963 0.00991635823946215 0.0175054281458165 -3.94213148778354 -0.753289283039165 0.0418973454159371 1.01414838438809 5.20847416201727
"betapsi[14]" 0.173405688478648 2.06930354223186 0.00975479044696997 0.0175295039137687 -3.87685019983215 -0.792774924540619 0.022849916662885 0.960546499940331 5.18079476477249
"betapsi[15]" 0.231078649311443 2.11624636706606 0.00997608104542539 0.0178165119044397 -3.87432192484845 -0.756140477657731 0.036353995712768 1.02357142830474 5.37091467569944
"betapsi[16]" 0.217471342245562 2.11790020795196 0.00998387732612822 0.0190784602730428 -3.99868874024568 -0.740730645238651 0.0390927136290878 1.02408450967576 5.25435147771662
"etap[1]" 0.0506474251141731 7.42141928688724 0.034984906025244 0.731774881381849 -14.9673220174303 -4.77391133839889 0.473134277495839 4.89697739421746 14.2354960696816
"etap[2]" -0.127206894271238 4.91086825696463 0.023150054973423 0.304259651839702 -9.56620882213998 -3.0789534247832 -0.28441374337343 2.7333963343317 9.93010043675738
"etap[3]" -0.135037260558063 4.93259849556063 0.0232524923005432 0.303965927180998 -9.75049219356533 -3.10522844588483 -0.316492968042572 2.77046491072344 9.97325646890077
"etap[4]" -0.030309446560381 2.83165786571232 0.0133485631923027 0.0430866546479285 -5.76867377645573 -1.51497793010224 -0.0562689802923177 1.41494230506441 5.97716782836109
"etap[5]" 0.0512440815751782 7.49549556378545 0.0353341049433758 0.740337442005826 -15.0037647654002 -4.82617347572269 0.504805924378775 4.91067055324841 14.4923256455314
"etap[6]" 0.101301179317383 7.43773508271903 0.0350618194243981 0.775920110223405 -14.8128856181619 -4.77426223398002 0.53959178373977 4.94200543140661 14.3360670353919
"etap[7]" -0.048192919528889 2.88525260541787 0.0136012112181809 0.0489811119051575 -5.90587865415219 -1.52707472989165 -0.0622663320441236 1.39288607432073 5.84725335884809
"etap[8]" -0.0759269984741949 2.89091417470516 0.0136279001117489 0.0484370117576724 -6.06865210318909 -1.52175968897387 -0.0576223488173326 1.39979044038183 5.79009722547653
"etap[9]" -0.105014471881102 7.29781411260956 0.0344022256457674 0.316750650624179 -14.0406111206561 -4.76598547392441 -0.275699330258944 4.55923408670606 14.3980949741783
"etap[10]" 0.063900874928304 6.54587445870634 0.0308575481236472 0.128207619238565 -12.7432350818252 -3.87351083267415 -0.0114376818914426 3.84941831896219 13.3626150855904
"etap[11]" 0.00135417172880935 6.38115624116243 0.0300810589995788 0.0738461776748086 -12.7935876887733 -3.58315296502037 0.00756067743602409 3.58433565914507 12.7015929799027
"etap[12]" 0.0448378676619215 6.12013449989388 0.0288505907109913 0.0563142026903447 -12.3834902180527 -3.36821740475292 0.00356418821296811 3.45225169376027 12.4402072234821
"etap[13]" -0.00126469656059623 6.03221503376545 0.0284361343730066 0.0431480325983602 -12.2648270103294 -3.34168255686659 -0.0129653289899201 3.33218478654397 12.2146070680737
"etap[14]" -0.0258589172646075 6.07396990860566 0.028632968740654 0.0483325675889439 -12.3858308918988 -3.36273637394702 -0.0211089329981196 3.33744836379267 12.2437491263856
"etap[15]" 0.0275688850490128 6.05855505523639 0.0285603024249979 0.0425314143654752 -12.2021362073212 -3.30142713802846 -0.00399904919504812 3.29508104383535 12.654584619548
"etap[16]" -0.0414140450221372 6.07369843181165 0.0286316889867741 0.042971174065098 -12.3738997712791 -3.39569657731638 -0.0638257549561666 3.32871813316562 12.3474258827561
"etap[17]" -0.063076859440187 6.01242963654673 0.0283428651160611 0.0399054319077999 -12.5457412635588 -3.33123636787083 -0.0384549535324242 3.24993797172597 12.0771142175734
"etap[18]" 0.0240856655270242 6.07065140735809 0.0286173251757504 0.0453558813247942 -12.2446453234953 -3.30675854731943 0.00648403999889605 3.3290147171507 12.4182202293853
"etap[19]" -0.0485133263869417 6.04036650919461 0.0284745607966908 0.0470474340828354 -12.4376917974923 -3.36931800413714 -0.0324987753903293 3.29123165361408 12.1183619557767
"etap[20]" -0.0304743719662335 6.05754150943562 0.0285555245242728 0.0453128193041864 -12.5457148709614 -3.30645926878036 -0.0228297652029474 3.27941729845377 12.1798464642104
"etap[21]" 0.102126343666348 6.11982401854723 0.028849127087887 0.0450225671869277 -12.1598857898838 -3.28338776232342 0.0379693067534032 3.39304565962901 12.8957837650372
"etap[22]" 0.0372503953020144 6.05870895852258 0.0285610279320467 0.0427847135603527 -12.1902494697258 -3.31570774550204 0.029833607155843 3.37738821693943 12.2572831604568
"etap[23]" 0.0306513081253555 6.17368496437995 0.0291030300214833 0.0456008076860276 -12.330883471553 -3.35534319024099 0.00884957100778262 3.35860800672761 12.6143052884164
"etap[24]" -0.00190050300250982 6.06508688012836 0.0285910937428288 0.0466408049910284 -12.4139689077763 -3.32941426492379 0.0221882386175714 3.35932425996222 12.1187485245846
"etap[25]" -0.0370753715649935 6.08578202261684 0.0286886515801037 0.0439801897554504 -12.5686133939706 -3.34532419311376 0.0299654479441908 3.31625913651177 12.2893187485754
"etap[26]" -0.00873638463938401 5.99221037172954 0.0282475505876421 0.0465369276598379 -12.1762546240629 -3.31979864587664 -0.020326541980831 3.34287700967123 12.1449115203777
"etap[27]" 0.0148278226428297 6.02854914089094 0.0284188531882688 0.0433941839154838 -12.3585946868846 -3.28433781358747 0.0307139296598202 3.37907578570932 12.1930423151489
"etap[28]" -0.00357454421073817 6.09640292072505 0.0287387189739344 0.050111848801731 -12.2646495271369 -3.32938089619059 -0.00299098039483871 3.29588564923376 12.3127970338757
"etap[29]" -0.0248898482280003 6.00674484693481 0.028316066760833 0.0393002277240386 -12.2119184298121 -3.3396757637948 -0.0191052815676088 3.29554755163826 12.2456140523201
"etap[30]" -0.0637983047078789 6.01883840964896 0.0283730763621922 0.0416680123256091 -12.484635402233 -3.37735459308157 -0.0147308805573987 3.31852924938329 12.0812278093355
"etap[31]" -0.00150190034223254 6.05899018741736 0.0285623536577705 0.0434805423093551 -12.4024976302778 -3.33730921337914 -0.0197278245994405 3.30190680568912 12.4514508009649
"etap[32]" 0.00645480963077164 5.97767338387689 0.0281790225697179 0.0471243639064303 -12.061364222778 -3.34124619927849 -0.00597113850917541 3.2994564171502 12.0581758015043
"etap[33]" 0.00781184461791352 6.04930226504736 0.0285166843537475 0.0427540054494183 -12.1121686503726 -3.32190709231987 -0.023261753196249 3.3349663593495 12.4089113230348
"etap[34]" 0.0743948564360127 6.09127675389837 0.0287145539917701 0.0449747642492301 -12.0399815823818 -3.28153128935573 0.0450273399341237 3.38346343311801 12.5476021605067
"etap[35]" -0.0360015110015559 6.04197853138956 0.028482159942194 0.0430032689131365 -12.3299277230456 -3.35762359987172 0.00673103997580217 3.30977996561286 12.1181152000466
"etap[36]" 0.0453799618215137 6.06037650577608 0.028568888825186 0.0448285553926748 -12.2658250198041 -3.30788060906024 0.0483211877492392 3.38326005817229 12.5353338037409
"etap[37]" 0.00072355039418757 6.00784818319302 0.0283212679378338 0.0422256467323546 -12.1403235337903 -3.35334730073486 0.0269511958395446 3.35754872403383 12.0900398118208
"etap[38]" -0.043534312941015 5.98946649039424 0.0282346158069824 0.0422922980156542 -12.2411110384661 -3.32498965226647 -0.0359332160342813 3.26629143740565 12.1184544737324
"etap[39]" 0.0220777384898052 6.05470685834514 0.0285421618508836 0.0450479537115202 -12.2922983549625 -3.24488170735424 0.0337988548065581 3.30635523136598 12.2204912166399
"etap[40]" -0.0526618461506241 6.04040886823466 0.0284747604791206 0.0415652667296788 -12.4502794348381 -3.37834639786587 0.00538084674161572 3.28601480918372 12.0941092632572
"etap[41]" -0.0184125988046761 6.00289688765609 0.028297927306835 0.0410732082207766 -12.2730072088024 -3.31269173163446 -0.0316836054858753 3.32210742972501 12.1406235643457
"etap[42]" -0.0293029617362427 6.08689942814973 0.0286939190803013 0.0457116722111994 -12.5762720389606 -3.3398318519949 -0.00725853500976221 3.29445370985894 12.3063334502934
"etap[43]" -0.00901154126236199 6.05037858345406 0.0285217581673748 0.0440427128081321 -12.0191107938927 -3.35656353784874 -0.0462002301297994 3.27985133115573 12.3989275138741
"etap[44]" 0.0883331121452204 6.11868042200662 0.028843736122095 0.0446764733039067 -11.9831104102411 -3.30000071950175 0.0207572256187771 3.38399883313838 12.5511920864113
"etap[45]" -0.0393071040647438 6.21712384231143 0.0293078028558332 0.0447569881686255 -12.6858356741889 -3.41370772127302 -0.027887290790915 3.35516818857608 12.5226125753613
"etap[46]" 0.0254895603906576 6.11658576253733 0.0288338618026616 0.0427527602436484 -12.2517538369978 -3.30089456883221 0.0278530244303552 3.40208721598033 12.4658233848479
"etap[47]" -0.00326246882792228 6.03632946593775 0.0284555299922717 0.0445069545093951 -12.2564481889574 -3.33941420271148 -0.00549097728227861 3.28776391196826 12.3147223256223
"etap[48]" -0.0542818225210037 6.08391114519148 0.0286798321793421 0.0450331516130052 -12.3905736795818 -3.35956960496447 -0.0272977370387194 3.27111205328813 12.2383815660763
"etap[49]" 0.0209476890728051 6.04743176153784 0.0285078667156421 0.0407856991151196 -12.3384322236196 -3.27844845315539 0.0214182178770302 3.36454978101115 12.1660637791874
"etap[50]" 0.0511500509672764 6.05853702426662 0.0285602174261913 0.0440773578920355 -12.3916713955577 -3.27257511927758 0.0571023560952073 3.43230378330781 12.3180677373698
"etap[51]" -0.0304029916504389 6.0702597075982 0.0286154786853744 0.0430476276112974 -12.6728942127272 -3.33430596692127 0.0109852131958764 3.35717714894643 12.1933124248622
"etap[52]" 0.0228765660419982 6.03557061874056 0.0284519527522783 0.0422169136846787 -12.1172614043212 -3.31341721995394 -0.00649382400716578 3.32385300285618 12.3179575568937
"etap[53]" -0.0122356159463667 6.16544737881593 0.0290641976707304 0.0452582918444632 -12.5250145270974 -3.32536271242589 -0.0306215177347354 3.34299974815571 12.4549883759276
"etap[54]" 0.0378543041838426 6.01373946825833 0.0283490397219643 0.0405888673579146 -12.021465040048 -3.30658956971249 0.027956442840228 3.3343579851773 12.4528046219647
"etap[55]" 0.0501804853000083 6.00108311926735 0.0282893771206538 0.0426053016545073 -12.1656627450819 -3.2865009512794 0.0155748101029897 3.37740627402542 12.3986167245156
"etap[56]" -0.0396780291740051 6.044582074653 0.0284944331628386 0.0432617192353137 -12.540640592088 -3.35273292233563 -0.0263868182916101 3.29815909118644 12.0987563904103
"etap[57]" -0.0176462106458652 5.948969341083 0.0280437104143377 0.0410454843042368 -12.2851994511938 -3.25107253734516 0.00455511477780059 3.31754135002748 12.0913794755873
"etap[58]" 0.081333224569927 6.08222141398887 0.0286718667100637 0.0450630036676845 -12.0207812870897 -3.27424057705767 0.00673495606028524 3.38902020391536 12.6412154563547
"etap[59]" 0.0742728944103349 6.1251170558196 0.0288740787048762 0.0434060832369392 -12.2056342643697 -3.31701120489222 0.00261952241223853 3.43510355619705 12.5511056541831
"etap[60]" -0.00871334184676577 6.06663996203139 0.0285984150411313 0.0409071062887191 -12.3987926612678 -3.34457833298129 0.01924988413447 3.33290491894292 12.180603766798
"etap[61]" 0.0118786473920857 6.09299126433381 0.0287226362714722 0.0429414479687606 -12.2680809952867 -3.38437956725406 -0.0150208266763881 3.36121811146991 12.392434425131
"etap[62]" 0.0156381767607867 6.03548810808435 0.0284515637933147 0.0414659665311899 -12.1557777971225 -3.3486441078081 0.00762792854712889 3.36187889235373 12.2980770008282
"etap[63]" 0.0305600591128289 6.01367691577238 0.0283487448467177 0.0409749991177095 -12.0893945838961 -3.29105441682372 0.0292619401756265 3.35442271520668 12.273551911107
"etap[64]" 0.0991774288077195 6.07946395652337 0.0286588679309125 0.0458510981762084 -11.8994445456364 -3.2675681119169 0.0457101792740683 3.44163717830208 12.3711680177422
"etap[65]" -0.0733424545835878 5.98963754232403 0.0282354221535123 0.0419601954761335 -12.4204724629122 -3.38955998221063 -0.046598079042154 3.28200112284306 12.0307926836829
"etap[66]" -0.0225217929832643 6.07850658026354 0.0286543548159427 0.0441932690345962 -12.2655880840833 -3.39890480598818 0.00129016994676238 3.33015992695424 12.2521498184929
"etap[67]" 0.0191701835892928 6.17135760750786 0.0290920587559733 0.0462271560510657 -12.3557079118469 -3.33009812787126 0.0461128058941513 3.41517633198932 12.4646048838842
"etap[68]" -0.0498998708240423 6.02511817385048 0.0284026794545332 0.0454137698544303 -12.438541684549 -3.34044070136309 -0.00413753356809652 3.25358774688697 12.1725679059888
"etap[69]" 0.0666353200411848 6.02587610394255 0.0284062523712517 0.0402750637015078 -12.2387978340635 -3.24923556157292 0.0702688118381865 3.38389750124842 12.3861291088328
"etap[70]" -0.0669558360427461 5.95871096041145 0.0280896328482503 0.0427014666625557 -12.2543991481593 -3.33557554123833 -0.0248204162325411 3.26770552087682 11.9210749325203
"etap[71]" 0.00462221729272974 6.03118591402548 0.028431283056028 0.0425538164409574 -12.307096922386 -3.33961795512819 -0.00384789945883709 3.33380387950355 12.2959892423408
"etap[72]" 0.0454983788904633 6.07862720237813 0.0286549234340439 0.0443809135705452 -12.2475394739258 -3.30293355090163 -0.000349735258745813 3.42427707144841 12.3264894168128
"etap[73]" 0.0156911767530038 6.05251131593804 0.0285318119647207 0.0439336648952148 -12.2920753387204 -3.28526835321064 0.0355906827551875 3.36168951376738 12.2474656828322
"etap[74]" -0.0270944863900364 5.99745192164157 0.028272259490887 0.0415427079755387 -12.2867187971463 -3.35138512369891 -0.0414090000570786 3.27416130058249 12.2936633214222
"etap[75]" -0.0351472435978065 6.09398780951929 0.0287273340305283 0.046700324085822 -12.8456453512937 -3.34406878410344 -0.00132490887686844 3.29974779698366 12.4053304663791
"etap[76]" 0.0647006850803537 6.15049580443334 0.0289937152731615 0.0471604045319578 -12.4072870910263 -3.28547820638012 0.0410819249959217 3.35471603161871 12.7095218502955
"etap[77]" -0.0303595304645013 6.0519202964781 0.0285290258722678 0.0433415353453702 -12.4146150777099 -3.32646022792211 -0.0302180631115981 3.30089770773195 12.2787126838974
"etap[78]" 0.0251789166582018 6.06925613295333 0.0286107477891289 0.0426258770350141 -12.2832882543894 -3.30878895948942 0.0260204375729067 3.33517254354616 12.377860629678
"etap[79]" -0.0187256546217423 6.12516642731642 0.0288743114443441 0.0452259070517646 -12.3685934606971 -3.38285496567092 -0.028652850837709 3.3673429315544 12.3091288842729
"etap[80]" 0.00460561623593088 6.08835346007705 0.0287007734525404 0.0456494836099239 -12.7093985207851 -3.29843161046955 0.0301140581838351 3.3571621837814 12.3654486815302
"etap[81]" -0.0456197779319531 6.00125585501908 0.0282901914047964 0.046363004242628 -12.2449009921768 -3.33459880753485 -0.0109901797545688 3.2978897233219 11.9411765053043
"etap[82]" -0.0830073850954456 6.07836174251343 0.0286536720442408 0.0471542817419679 -12.3645638887895 -3.38112466740069 -0.0537782953592385 3.28261111588718 12.0726609383226
"etap[83]" -0.0021150935287119 6.0234543158276 0.0283948359525938 0.0421708629281928 -12.4585394274191 -3.26659254422189 -0.0339006849630176 3.28980007916474 12.3023463929115
"etap[84]" 0.0920610837960779 6.11531743471561 0.0288278828479716 0.0477391563188905 -12.0832419979119 -3.24721239087782 0.0450707291755177 3.38120956579811 12.711974421206
"etap[85]" -0.0204093407112759 6.13554507675645 0.0289232368670015 0.0460995698010795 -12.4262394900268 -3.3876843707534 -0.0401502629800339 3.32024552507131 12.4147061531435
"etap[86]" 0.0102585235449649 6.0550242558739 0.0285436580771831 0.0414194835536607 -12.2910746699139 -3.29015986952975 0.0374327755923311 3.38992412151435 12.1648117330827
"etap[87]" -0.0382743660800936 6.06884584224955 0.0286088136602029 0.0517781391159425 -12.4889118448461 -3.36176672467507 0.0272690080920589 3.32198968369965 12.1428465214301
"etap[88]" -0.0746332299031307 6.06572719741472 0.0285941122274641 0.0462462587588483 -12.5168520577182 -3.38869711849622 -0.051254095883037 3.27585181439202 12.1162042323166
"etap[89]" -0.0410794261837076 6.01774181772083 0.0283679069782684 0.0438235526778618 -12.3602790590011 -3.3459308477981 -0.0408689485540791 3.29558174777896 12.0761502032934
"etap[90]" 0.00281900792068216 5.99335828607396 0.0282529619077565 0.0405700737767828 -12.214390671819 -3.3258783839401 0.0254452557100128 3.3632697283376 12.1172199082996
"etap[91]" 0.036842444256904 6.01134790847602 0.0283377658010331 0.0414200619710823 -12.0574830016949 -3.24790722853361 0.00834068813470933 3.27882062162669 12.4571404707693
"etap[92]" 0.0188390421310219 5.99277217174554 0.0282501989383153 0.0422976650525433 -11.9263987135529 -3.29814199251572 -0.0109469579548689 3.25860082091628 12.3031154663441
"etap[93]" -0.0272540338629164 5.98308425127482 0.0282045296432457 0.0383616426919764 -12.1972960209331 -3.34517246297856 -0.0385444426284685 3.28603693119106 12.1131696143785
"etap[94]" -0.0920167459536877 6.02003119307194 0.0283786991971714 0.0395269836276696 -12.3657160004142 -3.39786646247601 -0.0712995695494317 3.23144280224238 12.0556075098913
"etap[95]" 0.00857791516146697 6.01874462988088 0.0283726342801259 0.0438227054053564 -12.2582922980701 -3.34471608987958 0.0154192505893529 3.37496234370726 12.3020507062996
"etap[96]" 0.0203322805415881 6.0377173471091 0.0284620725268567 0.0439119883161548 -12.0593858636543 -3.28384629710158 -0.00203060543809101 3.30926642541085 12.3341898687018
"etap[97]" 0.126016136288446 6.04125414640212 0.0284787451586152 0.0457186106656114 -12.0065354439832 -3.25518698474746 0.0523511658363185 3.39003182849442 12.8542102636844
"etap[98]" 0.0086957321832679 6.04232161076567 0.0284837772338828 0.0396228525587974 -12.2672625677004 -3.32274685287821 -0.00190427022756008 3.32463061347859 12.4580334996466
"etap[99]" -0.0423334199899328 6.04218875682853 0.0284831509544171 0.0446503935763598 -12.4065929922026 -3.36980803943716 -0.0208893320603981 3.28834078958938 12.0443785765971
"etap[100]" 0.0280542534665366 5.97242939248949 0.0281543021572478 0.0404593714630864 -12.2560718888609 -3.30658921183313 0.0166360454548404 3.33594856557779 12.262807330175
"etap[101]" -0.0412087341428347 6.20430379254467 0.029247368561665 0.0460832116439228 -12.5758821092951 -3.35528862694648 -0.0117897587892387 3.33363791633462 12.5061626736691
"etap[102]" -0.0129284293559184 6.04958976819145 0.0285180396565662 0.0427641246943062 -12.0912448188551 -3.37691593161317 -0.0676851495335243 3.31041309306131 12.3025498041445
"etap[103]" -0.0173923047245323 6.0665724056739 0.028598096577408 0.0412364652747112 -12.3144460057305 -3.36944410474123 0.00240847120593815 3.30835586936525 12.2538605187946
"etap[104]" -0.0726133485882017 6.03349041915322 0.0284421465973821 0.0424876504750241 -12.2352868692893 -3.42026739803904 -0.0432759383892217 3.32392346480172 12.0086872406499
"etap[105]" 0.0398327353668903 5.99515995199599 0.0282614550423625 0.0431696433844503 -11.830209231272 -3.28090064304946 0.0112279012963386 3.34767712491479 12.2772161849432
"etap[106]" -0.0078441017868232 5.99871897169842 0.0282782324221356 0.0414322549171824 -12.1815106462185 -3.37340855934731 -0.0237610849512819 3.30719035414847 12.3344701554321
"etap[107]" 0.00188213260466865 5.9977730336174 0.0282737732272578 0.0435541867700914 -12.1997275669463 -3.34239054754894 0.0323577412003593 3.35757234227972 12.1022070502942
"etap[108]" 0.0333442456995479 6.098084886169 0.0287466478350753 0.0433744479752198 -12.3135580052381 -3.29052426814416 0.0135192676156808 3.34691180805141 12.4159001226873
"etap[109]" 0.00974760043158138 6.02942763597007 0.0284229944537867 0.0427255068925952 -12.1465919773757 -3.36354776868603 -0.0108351171311419 3.34410075864988 12.2251381443079
"etap[110]" -0.0677680290178134 6.07059485008941 0.028617058562229 0.0433414329663522 -12.5842040980024 -3.38229358738082 -0.0150033617688205 3.27451063492133 12.1675568387633
"etap[111]" -0.0501096352071369 6.06073020870886 0.0285705561968013 0.0412886849182695 -12.4944898235521 -3.37930688964343 0.00942349082620873 3.35248082525764 12.0820244580931
"etap[112]" 0.0657686709215884 6.04185856061109 0.0284815943945206 0.041665807100184 -12.0992360853093 -3.28207221914962 0.0683804763170306 3.36147144202964 12.3158776238753
"etap[113]" 0.0045587735309384 6.05888128558627 0.0285618402896154 0.0446231382259036 -12.1791868137308 -3.30935336299096 0.00810808929562652 3.28155835993327 12.4451350823761
"etap[114]" -0.0219082291155432 6.09454943408775 0.0287299815541339 0.0436888254375466 -12.3808051315311 -3.37315337986881 -0.0235911749969123 3.33192165240593 12.3249742013224
"etap[115]" -0.0187527029879148 6.0852505808952 0.0286861463398025 0.0443291218373713 -12.4536444661819 -3.34515735043628 -0.0108590953916599 3.31714753940883 12.4298306552744
"etap[116]" 0.0329828075482184 6.04922017726699 0.0285162973882398 0.0472757279852212 -12.0794113353002 -3.32202773793959 0.00177931639696759 3.27769980940778 12.3737468760236
"etap[117]" 0.0021448279207411 6.1510968645689 0.0289965486978132 0.0455806563721537 -12.3730818187442 -3.36398890766908 -0.015069461480943 3.32749741476023 12.4461149615857
"etap[118]" -0.00338359453880326 6.16316804825424 0.0290534528034189 0.0480122701559587 -12.4454329427043 -3.30718026497815 -0.0348403114178845 3.31640652174729 12.6442484967499
"etap[119]" -0.0190359172516492 6.07687851094457 0.0286466800235714 0.0426804094697886 -12.259479790986 -3.36720738200986 -0.0284987377171505 3.30265367271655 12.293840819652
"etap[120]" 0.0464501377547522 6.01929287168385 0.02837521871677 0.0415418450361225 -12.0044791343611 -3.28560385104005 0.00122839471827676 3.3196106561482 12.5720120189251
"etap[121]" 0.0344970198034511 6.08259087347057 0.028673608358763 0.045654950236712 -12.0147538692804 -3.29115746807981 0.00253427995386229 3.34172153570233 12.429351234423
"etap[122]" -0.0344158653246147 6.01863264071692 0.0283721063581442 0.0480161785982643 -12.1366849806474 -3.29069142707517 0.000678656439865283 3.2798812719049 12.0154165180223
"etap[123]" -0.0550692547659934 6.02506266188893 0.0284024177686369 0.0435414112639947 -12.4561971033077 -3.38495986593409 -0.0126130070705626 3.293313151714 12.0672278326387
"etap[124]" -0.0446234809185822 6.03542804929295 0.028451280673457 0.0498535994656744 -12.2729498512421 -3.34876754204667 -0.032332205160698 3.28593120751816 12.212096901563
"etap[125]" -0.00651278185269371 6.0276343281838 0.0284145407198105 0.0414872498800157 -12.133442910355 -3.34743204284892 0.00103891572695969 3.36833379891978 12.0188289620313
"etap[126]" -0.000461502934459326 6.08639768086108 0.0286915538208997 0.0426050054435792 -12.287103036103 -3.34243321705248 -0.0382259187668739 3.29916182014813 12.4260296500694
"etap[127]" -0.0815509755818887 6.11768588676559 0.0288390478380079 0.0465092757379191 -12.5590281164318 -3.38956244429241 -0.0363353706092983 3.27379444065824 12.1596856481753
"etap[128]" -0.0113213771713959 6.04225758292149 0.0284834754037308 0.0424176466493614 -12.4713898988974 -3.29804405065328 -0.018706258229615 3.3092757470594 12.2137170869032
"etap[129]" -0.0390760187281991 6.09774940055379 0.0287450663407186 0.0411741379224989 -12.3297072497126 -3.3836574299014 -0.0453852937677876 3.28756188217398 12.3978799985831
"etap[130]" 0.0626471295294827 6.07452537027694 0.0286355872120837 0.0445738887117651 -12.363211168457 -3.3203489184234 0.0191976314437358 3.43420988840696 12.4572114725293
"etap[131]" -0.057817963562362 6.04551291893308 0.0284988212048564 0.0421611970570566 -12.2068910654788 -3.40474793424005 -0.0692754884615221 3.2794631881132 12.1647030578707
"etap[132]" -0.0214723295848467 6.12833961565981 0.0288892699976481 0.0493109666529846 -12.3437112171667 -3.33115283021499 -0.052728194781583 3.25830744021156 12.3248031254995
"etap[133]" 0.0587870780281143 6.13486108937992 0.0289200125195869 0.0438653534863995 -12.1610804057687 -3.30767158801682 0.0256824572876801 3.34117160135344 12.5435245643666
"etap[134]" 0.0646381949468894 6.04268184154496 0.0284854753780617 0.0435289333226562 -12.0835371777139 -3.27567977276692 0.0140513697060522 3.3477041955148 12.3373334344421
"etap[135]" -0.034211170542698 6.00186613301403 0.028293068282854 0.0430857716233424 -12.1388143348198 -3.36325996820805 -0.0181192129583077 3.28051933096539 12.1808350611686
"etap[136]" 0.0565066019889255 6.08986449231473 0.0287078965268195 0.0437309442449191 -12.2970811340799 -3.22383915482938 0.0377171204365292 3.31567341016372 12.4390047497517
"etap[137]" 0.0187547311677464 5.93860111518722 0.0279948341287392 0.0412079448058079 -12.0294786321922 -3.28253617373108 -0.0303417373801138 3.31345770036803 12.2321768174714
"etap[138]" -0.041193711612573 6.06997728501093 0.0286141473325303 0.04639784111555 -12.3873956320048 -3.33600698794947 0.00363512169375541 3.32256484303532 12.103386399113
"etap[139]" 0.0176676092835288 5.95338875210915 0.0280645437177073 0.0405887691415841 -12.0353874541692 -3.27151778530783 -0.00953531283925298 3.29189211979406 12.0334103417967
"etap[140]" -0.00856923839529385 6.0361508746743 0.0284546881049821 0.0408009783292026 -12.2196613240016 -3.34576407661269 0.0361253025128645 3.30583726668466 12.3254202309332
"etap[141]" 0.00927125539435634 6.11609500197207 0.0288315483351707 0.0441534940691628 -12.4516820171783 -3.38327941830067 -0.00585166456909657 3.35716693680083 12.3488932182904
"etap[142]" 0.047664077700858 6.02716245496739 0.028412316288136 0.0431732233619133 -12.1355724720773 -3.27977229608332 0.0414249578644085 3.35672432700943 12.4612592409716
"etap[143]" -0.0538964306821451 6.06354617751911 0.0285838308010769 0.0441193376494763 -12.5702479993355 -3.37082206687355 -0.0596657693223948 3.29817692302185 12.3328248416233
"etap[144]" -0.0338970200851938 6.10797247490383 0.0287932583753685 0.0441764295775369 -12.5403771020468 -3.34414262604221 0.0109518800250549 3.31754172602645 12.2845879079233
"etap[145]" -0.0100907967006833 6.11550673009912 0.0288287751949671 0.0499264652915546 -12.4464013721001 -3.31232285783426 -0.0232126370108831 3.31040066676877 12.3389360890426
"etap[146]" -0.00129132254536695 6.01778734131207 0.0283681215785355 0.0419692461160848 -12.1834624132107 -3.3402255872475 -0.00660365379868766 3.35342307271381 12.2824584799152
"etap[147]" -0.0812333650062589 6.02428901965856 0.0283987707841882 0.0427445970484352 -12.4750421024369 -3.36834334296739 -0.039876099885592 3.23001920427602 12.1910557697037
"etap[148]" -0.00194661888654669 6.09346062289757 0.0287248488489605 0.0458020125639187 -12.4674001727102 -3.30622780793639 -0.0177031712831958 3.34878263845026 12.5814779961562
"etap[149]" -0.0586599953772415 5.97016234624085 0.0281436151987433 0.04109943386561 -12.1952988987692 -3.36837757881605 -0.0592112981315557 3.23990834511216 12.2287106831984
"etap[150]" 0.0346369587533751 6.14957471933083 0.0289893732363479 0.0460483496196908 -12.4635417549006 -3.31033053874979 0.0249408523952873 3.37331668700184 12.5954675046031
"etap[151]" -0.0294710600194875 6.02836951711016 0.0284180064336458 0.0417142280386846 -12.223329940638 -3.38850141731104 -0.0592930777620502 3.2844704882663 12.2726309560382
"etap[152]" 0.114335657591489 6.06722059043306 0.0286011521496658 0.0443855210202542 -11.9918838095972 -3.27374579067702 0.0819054037606133 3.44150408515948 12.7334550695905
"etap[153]" 0.0483667005682538 6.10640553709162 0.0287858717596838 0.04563286597803 -12.3228167370948 -3.29237025399054 -0.00539590311095378 3.37872050309316 12.6457785391653
"etap[154]" 0.00721680208303359 6.02742808527126 0.028413568481397 0.0435835892595967 -12.2944326282062 -3.30894913003693 0.0240388538965559 3.33443991717018 12.2201417085149
"etap[155]" -0.0326132251746108 6.03941187208819 0.028470060594214 0.043815844972559 -12.2122785465966 -3.35416209261686 -0.0314992481111974 3.25263555508296 12.466495284026
"etap[156]" -0.0712539929886958 6.02373605225733 0.0283961640708603 0.0429306954101897 -12.4389368390671 -3.40160667866369 -0.0548250694037928 3.25668427117986 12.2784307200199
"etap[157]" -0.0155759948365204 6.0185644632741 0.0283717849665966 0.0436778241669707 -12.2790759336699 -3.31148470014671 -0.0446088827015294 3.31430077206901 12.2027551025687
"etap[158]" -0.0573020436577935 6.01361588278683 0.0283484571344646 0.0429954345208351 -12.3060177676688 -3.3716376893248 -0.0254673032295244 3.31314865576579 12.1230369607252
"etap[159]" 0.0192549162081709 6.02588812171633 0.0284063090235806 0.040134633428725 -12.2036222928392 -3.26639258776311 0.00051740175597592 3.36710852573103 12.4366739208665
"etap[160]" 0.0234447194734017 6.0397271290574 0.028471546729819 0.045070875938496 -12.2579000348264 -3.24663385994483 0.0483328453363657 3.32033767049555 12.2211510641957
"etap[161]" -0.0295871160419556 5.98071530278807 0.028193362312984 0.0403048779913597 -12.0640158898296 -3.36237544471124 -0.00552271721633454 3.28145238845008 12.0517334390695
"etap[162]" -0.0518353171150441 6.00354828768023 0.0283009980359972 0.045125806416488 -12.4260503141625 -3.33203990443058 0.011329436294402 3.29178011513321 11.8634878629245
"etap[163]" -0.0260350373987745 6.09992780515868 0.0287553354385072 0.0445794463358586 -12.3759515743859 -3.31942753857206 -0.0120325556920084 3.32481862313283 12.3475469480785
"etap[164]" -0.0533173640707886 6.08738510002359 0.0286962085594709 0.0437286922083615 -12.3445098136818 -3.39630371383525 -0.0335730951470573 3.28495413720924 12.2362770958498
"etap[165]" 0.0252080875741218 6.0163940253781 0.0283615534242339 0.0425118820141971 -12.3030346966487 -3.31550571969028 0.0183658458546162 3.36810167585923 12.3320204267383
"etap[166]" -0.0359518581218479 5.9970932928492 0.0282705688985469 0.0407149545810572 -12.1914334419079 -3.36657590721524 -0.0392995254049684 3.27302047008335 12.3621694377384
"etap[167]" -0.0477736818925966 6.06500737746306 0.0285907189636705 0.0446215168708564 -12.2360968704808 -3.38743593528132 -0.0321634550333834 3.28214391829354 12.2594127076086
"etap[168]" -0.0287472569114142 6.01533451957693 0.0283565588659891 0.0447689297853848 -12.2946646688237 -3.33424555251419 0.00532322293631937 3.32218798188996 12.1798615471692
"etap[169]" 0.0719358625972942 6.06966209565295 0.0286126615156477 0.0441445607119737 -12.1933109244058 -3.32125908772651 0.0523833773795382 3.39458842068757 12.5269541224175
"etap[170]" -0.00643615061085973 6.03793814236664 0.0284631133656824 0.042098077296388 -12.1504236209805 -3.33878993155302 -0.0473574513254097 3.33464652701568 12.2079363737482
"etap[171]" -0.0123906260086041 6.04782049363211 0.0285096992163082 0.0428936314200401 -12.3601996283866 -3.32819149029532 0.0220609188876349 3.31785254093516 12.147731779504
"etap[172]" -0.035781410718481 5.99309466065869 0.028251719165631 0.0401645158276148 -12.2243194845705 -3.32787156605278 -0.0175503420503391 3.29713361251445 12.01844673298
"etap[173]" -0.0345091110986539 6.07570373854371 0.0286411420933647 0.0435013788365297 -12.3815037414226 -3.36810261056053 -0.00385725014834895 3.28022274745179 12.2543839407992
"etap[174]" -0.00336470185083746 6.06441029796531 0.0285879043039253 0.0428592928195797 -12.4198287362159 -3.30321415228968 0.0146678245299001 3.33192289121139 12.2956234960713
"etap[175]" 0.030330649358112 6.07446055350776 0.0286352816629035 0.043763412363904 -12.3780132416351 -3.33324778897477 0.0667337617834092 3.35801278226339 12.394133799138
"etap[176]" -0.01096744431849 6.06199912946845 0.0285765379466273 0.0446271253946712 -12.4237003812197 -3.38617933027623 -0.0101904516203196 3.3455578842085 12.3483757874646
"etap[177]" -0.108664187641937 5.97197760286231 0.0281521724005208 0.0415034958983614 -12.3590989795243 -3.38731944252425 -0.0614510041859173 3.22743378637332 11.7827483617114
"etap[178]" 0.0680495879297009 6.09171230995551 0.0287166072227141 0.0444059417297958 -12.2326623493331 -3.32562878508148 0.0202861982580638 3.45521203596374 12.4861739410722
"etap[179]" -0.0313663041114873 6.20436383007199 0.029247651581283 0.0485861970216051 -12.6207633808529 -3.39889823668899 -0.013734469660009 3.36985567954165 12.2982678327876
"etap[180]" -0.0391229431139516 6.01382104436157 0.0283494242754029 0.0414008399416131 -12.4052826585591 -3.29973657882061 -0.00875623497720231 3.28273281665936 12.2703320356514
"etap[181]" -0.00448893347966948 6.13500180739542 0.0289206758706735 0.0445738792501541 -12.4147817314544 -3.30678160777879 -0.00213592144282471 3.34030781262437 12.380690438062
"etap[182]" -0.0558837988013269 6.04425563588265 0.0284928943157175 0.0433899030791074 -12.4610888588938 -3.37719829742626 0.000681432522194785 3.26160994774293 12.3140629057481
"etap[183]" 0.00668880333229679 6.17287146296775 0.0290991951390495 0.0530927726695071 -12.5500847188979 -3.34825780707151 -0.0242142453074225 3.34319353304898 12.5768749847823
"etap[184]" -0.0822879829030879 6.04399285117169 0.0284916555367101 0.0452361626677336 -12.4002829461429 -3.34862524845736 -0.0346154122237195 3.25235013093825 11.8437649760462
"etap[185]" 0.0165297189496703 6.02505324683882 0.028402373385665 0.0459225456864673 -12.0903800714941 -3.28765696006701 -0.0208248279879273 3.3400704676961 12.3223981703489
"etap[186]" 0.00124173147229748 6.05949961992326 0.0285647551456336 0.0422995942651822 -12.3314364051964 -3.33175075815559 0.0408818129209722 3.35259001966211 12.2365788347045
"etap[187]" -0.0204743780389719 5.98817609185223 0.0282285328099191 0.0404290425827232 -12.080515373978 -3.34437893310288 -0.0997588833296122 3.27946618992629 12.2162228820778
"etap[188]" 0.0305870265150693 6.08080251481134 0.0286651779551954 0.045482877274993 -12.2828527763885 -3.3198240004764 0.0197569364338357 3.33131440159198 12.2604512801772
"etap[189]" 0.0795890177395207 6.00571503581256 0.0283112121846472 0.0446885353878791 -12.1419670518413 -3.27046308457044 0.0875327470580731 3.35690673976604 12.5241690815209
"etap[190]" 0.00907520591585602 5.88099188051964 0.0277232615921231 0.041310641025065 -12.0131042965424 -3.26633958471586 0.00961213954015966 3.26652311877915 12.0601322712079
"etap[191]" -0.0129601909977381 6.07261711832481 0.0286265916261132 0.0434578126156331 -12.4054902091725 -3.38401938728662 -0.0145261471672656 3.34391242418479 12.3547013115528
"etap[192]" -0.00050396369203867 6.03093369228971 0.0284300940713632 0.0414174804081104 -12.3664643105748 -3.34823380148029 0.0150551325468282 3.33047414888033 12.2004693230809
"etap[193]" -0.00850918845931918 6.03547417027555 0.0284514980898539 0.0450540510458011 -12.3676188115553 -3.29217822704808 0.0200122073260262 3.30227224122109 12.2786590871832
"etap[194]" -0.0522496201160018 6.06537055902171 0.0285924310179566 0.0454598867055591 -12.5002309844284 -3.38250123603032 -0.0236870192034221 3.33787842206111 12.2610994704357
"etap[195]" -0.0199669638860837 6.11296052410074 0.028816772264782 0.0405209430569829 -12.4492310655206 -3.37683651471314 -0.0264379837504631 3.3257223191373 12.350994071771
"etap[196]" -0.0901164390345169 6.03726649540167 0.0284599471915258 0.0432314118892749 -12.4388934984657 -3.3788062005946 -0.0493702113177673 3.24599210501202 12.0237592477079
"etap[197]" -0.0868041059768719 5.92598340129995 0.0279353536550541 0.0405688176958342 -12.3544398618439 -3.38186039466197 -0.086958324101168 3.2852913659259 12.0253728639204
"etap[198]" 0.030446617961094 6.05051772699054 0.0285224140962962 0.043645231925306 -12.165154438525 -3.26089379476087 0.0516509881026345 3.31463386437685 12.4071761749413
"etap[199]" -0.0321750198759601 6.01774150125245 0.0283679054864221 0.0427280045732095 -12.1636699071685 -3.33991157855913 -0.0495770165637864 3.25527903660117 12.1419738020193
"etap[200]" -0.0212591262538039 6.01073008738532 0.0283348533644811 0.0411173011701158 -12.3647076907779 -3.31508537989049 0.00431503574236449 3.36339426203655 12.0394226643626
"etap[201]" 0.0412689042656715 6.12931059544659 0.0288938472402589 0.0436361858681303 -12.3894985651407 -3.29588655076412 0.042854071626275 3.35087086035632 12.4476314096281
"etap[202]" -0.0201019868630877 6.02451074582785 0.028399816011374 0.040010090634843 -12.4124665172892 -3.31936836076636 0.00913285311183895 3.33183138737108 12.0244515373558
"etap[203]" -0.0254030913794398 6.13723443354472 0.0289312005712737 0.0527270975628421 -12.2270704335492 -3.35159498211551 -0.00487804778104022 3.28298655851055 12.3931569728227
"etap[204]" 0.0317774403210982 6.01453488682392 0.0283527893610417 0.0420742332590134 -12.1781811102815 -3.26764332778995 0.0775757579216271 3.36861507081566 11.9646096854854
"etap[205]" 0.000529715190997133 5.97229704984181 0.0281536782880237 0.0428487462277463 -12.3084277012528 -3.30821817056846 0.0499552515053735 3.34330885474531 12.0959097971473
"etap[206]" -0.107298904975755 6.10095728863061 0.0287601884701346 0.0460971037398619 -12.5695019981269 -3.43016000195982 -0.0830325919917861 3.24755856060809 12.1741780604576
"etap[207]" 0.0262834198694021 6.04454697297715 0.0284942676919517 0.0429213123366194 -12.1195209544904 -3.33816589076907 0.0319921076606638 3.33778463756152 12.2990468795118
"etap[208]" -0.00527589956341038 6.06161884719311 0.0285747452787895 0.0441786437068642 -12.1905234636867 -3.30688525979368 -0.02334865830219 3.3247182800599 12.1894637806066
"etap[209]" 0.0340738148886364 5.96482365796395 0.028118448380855 0.0413284082149854 -11.8806682697986 -3.30629431873042 0.0305342462184132 3.33507609075078 12.2518169102585
"etap[210]" 0.0365170778446644 6.11333631283852 0.0288185437498806 0.0436676526949082 -12.3312824775689 -3.3038345790564 0.0279200268460889 3.35976235769183 12.6249252861299
"etap[211]" -0.0605600704890904 6.00618355300543 0.028313420795875 0.0416901859955588 -12.2294202671015 -3.37716662538086 -0.0359818379618069 3.28976274280247 12.2120142723074
"etap[212]" 0.0455563273573807 6.10700756359581 0.0287887097398409 0.0464602006870223 -12.3474645573942 -3.28641026232805 0.0544699678535494 3.40200419876343 12.4528048302789
"etap[213]" -0.0520583671958664 6.00485385029507 0.0283071525171853 0.042159369115586 -12.191093305152 -3.37004693615299 -0.0487781136563007 3.29473093120331 12.2523910089898
"etap[214]" 0.0208961697799109 6.10698531715512 0.0287886048691138 0.0449932253652518 -12.2439163194577 -3.34571235672865 -0.0173007766486442 3.37402424832937 12.4765982198961
"etap[215]" 0.0436237960081693 6.03198122510621 0.0284350321884169 0.0439470573663256 -12.3048718384403 -3.2800294338352 0.0705295964506291 3.38263711195696 12.1818856232589
"etap[216]" -0.0136006955133445 5.98822022763129 0.0282287408679769 0.0422064534753195 -12.281962545783 -3.28387803199867 0.0118269691829985 3.2799203635843 11.9408301047453
"etap[217]" 0.0414598041673063 6.06899302292297 0.0286095074765512 0.0449666485294328 -12.0381898425028 -3.32078768083992 0.0289021088390373 3.32570346886407 12.6224870154694
"etap[218]" 0.0201727263957286 6.00591135313259 0.0283121376333688 0.0425036167008538 -12.2921816569287 -3.28933122515183 0.027661761276833 3.37857138039873 12.1178821435542
"etap[219]" -0.0472894725997606 6.0782936959337 0.0286533512695878 0.0440712371453966 -12.3509342052031 -3.3779943694722 -0.0338030884464601 3.31196280173415 12.0909897864491
"etap[220]" -0.0810010215745247 6.03629564944629 0.0284553705798022 0.04444802850911 -12.2876728722327 -3.364200782005 -0.052370075563613 3.22792459986523 12.2116014250027
"etap[221]" 0.00947146899201502 6.07268548734639 0.0286269139207718 0.0427193334803136 -12.2392580019557 -3.33640914850878 0.0130357540208356 3.35009336794456 12.3628573216393
"etap[222]" 0.00695743817191422 5.95830222394304 0.0280877060460601 0.0406590479274505 -12.0847977869806 -3.27533978800653 0.00477901116917825 3.2889061656909 12.1467491509891
"etap[223]" -0.0175051902926641 6.07023783681888 0.0286153755855319 0.044877679952342 -12.2706069094264 -3.34022835180047 -0.0222589407299318 3.27277816016891 12.3076800586479
"etap[224]" -0.015063496609707 6.01707542729424 0.0283647655836713 0.0432613551962146 -12.3610348066184 -3.34667242653642 -0.0182324203966494 3.32197145872783 12.0358446568783
"etap[225]" -0.100867897100219 6.19057906952527 0.0291826695968855 0.0532612260677946 -12.7153912505461 -3.40227152234174 -0.0642543740467328 3.27977462637897 12.3278776023359
"etap[226]" -0.0497706201728195 6.00004201775668 0.0282844693210665 0.0444275090807784 -12.3741146523474 -3.36149414532932 -0.0157016528035309 3.32510482484725 12.1100439170199
"etap[227]" -0.00369572064936805 6.02712811376311 0.0284121544021465 0.0400088242612192 -12.4097282568524 -3.29520126835858 -0.0168273798841136 3.30067832313801 12.2812716991724
"etap[228]" 0.0440882048687998 6.11070290282504 0.028806129736026 0.0433093200592166 -12.367279265293 -3.31423335810635 0.0231629046235894 3.34288322017249 12.6524078073918
"etap[229]" -0.0102069900391686 6.01067842933719 0.0283346098461069 0.0416863136309774 -12.3324330440289 -3.36189232339977 -0.00607608631718625 3.32728013785473 12.3506094287628
"etap[230]" 0.0680980058085604 5.99193060692526 0.0282462317637072 0.0418644785508362 -12.0591615704544 -3.25498069962179 0.0531207102813948 3.38238213796466 12.2991289833665
"etap[231]" -0.0326997450522184 6.00354241327701 0.0283009703437948 0.0419408613569001 -12.5127044489888 -3.30332405106134 -0.00233358348168704 3.33362533116371 12.1275731998941
"etap[232]" -0.0383894061508339 6.02356148471428 0.0283953411515705 0.0431325538207173 -12.5427079142169 -3.36569010870022 0.00272286602934943 3.32594674288493 12.0964551719693
"etap[233]" -0.0196725990592497 6.10367003748641 0.0287729764908786 0.0435928597417178 -12.3515246475713 -3.3679824055204 -0.0225847379650554 3.33151609180645 12.2248265315797
"etap[234]" -0.0560602174080699 6.02130463453454 0.0283847022577957 0.0441896493912754 -12.4215304813876 -3.36741720136807 -0.039799622047472 3.29333657659923 12.0880692574329
"etap[235]" -0.00995468873109432 6.07725768271264 0.0286484674564277 0.0440999366636532 -12.6613050704662 -3.32347461628865 -0.0174158130146588 3.31573127031507 12.2380001993097
"etap[236]" -0.0091040037561981 6.09066714813685 0.0287116802826513 0.0439433276473309 -12.3724154913234 -3.32211173127427 -0.0354128779302821 3.37102660722699 12.2465012809618
"etap[237]" -0.0035584685994346 5.94495446734547 0.0280247841180349 0.0406722164067042 -12.0799657352653 -3.34806959573244 -0.0084467245790803 3.33216374720852 12.1022044202359
"etap[238]" -0.0342518186683723 6.01626146130695 0.0283609285112096 0.0431451460414631 -12.2319160863368 -3.39016301408596 -0.0419665264923196 3.33502962864463 12.0250149735777
"etap[239]" 0.0536455214686083 6.04893377025904 0.0285149472526565 0.0437419659546451 -12.184828861088 -3.28241167637525 0.0478780646810618 3.32681329689589 12.5881753310736
"etap[240]" 0.0551726352849967 6.05694057910216 0.0285526917115141 0.0440803286293279 -12.1424833167587 -3.32964042850194 -0.00172628889322282 3.41555269127908 12.4168935040806
"etap[241]" -0.0124873311152355 6.01106208892748 0.02833641843476 0.044894125773045 -12.3607526678535 -3.27324415932115 -0.0016166384027621 3.33333766251846 12.049932988799
"etap[242]" -0.0369627946593609 6.03166791003934 0.0284335552070274 0.0441396732150894 -12.3535409256305 -3.30660331486006 -0.0122863781192958 3.25442832322647 12.3406554467189
"etap[243]" -0.0495044849812388 6.01269669830581 0.0283441240572667 0.0421332185318027 -12.514507996656 -3.33810766199257 -0.0161468164315057 3.28238572588042 12.0777959708832
"etap[244]" 0.0367528578402823 6.06131459146593 0.0285733110035368 0.0404711795564961 -12.2915797918555 -3.2845053900442 0.0551309668309158 3.39915961251309 12.0570524941619
"etap[245]" 0.066092491868714 6.01881455773747 0.0283729639232032 0.0433891131329496 -11.9815402473665 -3.29340881900312 0.0157633296301156 3.34933795949394 12.3187721028285
"etap[246]" -0.0296292638061646 6.00996090478048 0.0283312274029088 0.0435406446853624 -12.0852400661957 -3.37200240382395 -0.041055489158428 3.30633833647483 11.9919817097921
"etap[247]" 0.107830712676078 6.07784710166226 0.0286512460040026 0.0520623485663827 -12.1011821007198 -3.24572322289201 0.0750163415568987 3.3969857406584 12.6236432466416
"etap[248]" -0.0100684717815538 6.1143243181356 0.0288232012515166 0.0456514816802887 -12.5536262980405 -3.35379332797714 0.0276699579394568 3.33177484390755 12.3358319727705
"etap[249]" -0.011656717454355 6.07126734931693 0.0286202287539899 0.0408606259336096 -12.4701613676838 -3.33224513081263 0.00743040395165898 3.26144316127826 12.4223317604472
"etap[250]" 0.00274016555082057 6.05871536475875 0.0285610581313336 0.0456781037125911 -12.1477974481069 -3.31949475896949 -0.00399389555534481 3.34553725266106 12.3132949104849
"etap[251]" 0.0256721101265232 6.03104934538518 0.0284306392652837 0.0447570690216284 -12.2690048710458 -3.31613519939096 0.020771424154773 3.35747178218822 12.1628714021847
"etap[252]" -0.00140353350939611 5.97734024242231 0.0281774521258404 0.0402949930807749 -12.0720073616155 -3.31821643611322 -0.011128088939782 3.31149536457519 12.0622791059939
"etap[253]" 0.0211068699067083 6.13373471261336 0.0289147027285882 0.044568637419664 -12.5957071412087 -3.31206664277752 0.0469820442308608 3.33555998010035 12.5136343883465
"etap[254]" -0.0127951250610399 6.03043142560044 0.0284277263634836 0.0438174441976964 -12.3384201792519 -3.31050440160152 0.0279428139055382 3.31724754088116 12.2175385134559
"etap[255]" -0.0122911763849363 6.08923759731252 0.0287049413154384 0.0467588066331257 -12.2351720802053 -3.31402813635979 -0.000879191116851453 3.39506977245981 12.1338492236232
"etap[256]" -0.0197806267977962 5.94881033779869 0.0280429608656672 0.0443782126151266 -12.2067371611412 -3.29626743142715 -0.0057529776886392 3.25052463976308 12.1228024716843
"etap[257]" -0.0540833633532199 6.02341894983368 0.0283946692356997 0.0445445294986377 -12.4312523508766 -3.35591686482958 -0.0276615615748626 3.29146281621664 12.1100263799181
"etap[258]" -0.0540753275145026 6.12118306860242 0.028855533711287 0.0454804147017062 -12.7430541080045 -3.35971254584413 -0.0158294808843496 3.32988030132653 12.3441825545022
"mean.p0" -1.17155619486965 0.255376348067889 0.00120385564982307 0.00824541013862983 -1.69618426432276 -1.33234696026797 -1.16880888204253 -1.00451575621998 -0.68381257472427
"mumup0" 0.586866562143295 0.203663040956539 0.000960076782249613 0.00420230823511848 0.147907253995349 0.451262300898586 0.610161225840174 0.74208143031824 0.917866232611095
"mupsi" 5.36771965861235 1.30459171770575 0.00614990433513027 0.0148366665238508 3.06043083002368 4.44885614193842 5.28027890722747 6.19384042226778 8.14893274046767
"ppo[1]" 0.231119210371077 0.0676532468933099 0.000318920464316981 0.0014507066103838 0.0972468353437506 0.189013397632326 0.230440406026839 0.269828277891523 0.371864629987204
"ppo[2]" 0.230767253959885 0.0676757752868151 0.000319026664182426 0.00144299931860713 0.0961159664956754 0.188401222826746 0.230570069758434 0.269899322865354 0.371658305359944
"ppo[3]" 0.249156179983427 0.0720653614587764 0.00033971937184107 0.00144222248307555 0.125657835470848 0.203782184230545 0.242085146189446 0.286767364435819 0.415838547533528
"ppo[4]" 0.249718710422592 0.0712623233413933 0.000335933813852051 0.00138128481443213 0.127494729993825 0.204663657668622 0.241958964339219 0.287331306672267 0.417163054093798
"ppo[5]" 0.249465309033053 0.0716119728481825 0.000337582077433978 0.00144553802482235 0.125805479779271 0.204935404134202 0.242069809102178 0.286935353563981 0.415110683332656
"ppo[6]" 0.219271825456353 0.0730847598039837 0.000344524861725246 0.00177623488949042 0.0704022180603702 0.174637292027483 0.220703666151679 0.26135780432634 0.364811481832994
"ppo[7]" 0.268587975576977 0.0810089214414327 0.000381879717918969 0.00172193752170448 0.147212850509909 0.216329942675712 0.254860389615729 0.306222318420663 0.473994578742568
"ppo[8]" 0.231061107001042 0.0682566678467032 0.000321765017970677 0.00142242976051739 0.0953657819562847 0.188979515667695 0.230097868223404 0.269772543510992 0.374680525216795
"ppo[9]" 0.268541569841222 0.0806066367786404 0.000379983329832117 0.00178231225134178 0.14664608671575 0.216022123256801 0.255413664965936 0.307307125746298 0.470040553085738
"ppo[10]" 0.231192315576844 0.0677546940198384 0.000319398690657649 0.00147041741331641 0.0965562779560243 0.188974466676925 0.230223000234172 0.2699478045965 0.373729381765138
"ppo[11]" 0.269169964760952 0.0808533082813134 0.000381146150447221 0.00178188908696693 0.148365934815064 0.216508751864468 0.255411863049425 0.307516783246544 0.474404132611722
"ppo[12]" 0.248793708780706 0.0716067487141748 0.000337557450630094 0.00147845880410885 0.124249147614955 0.20353318909833 0.241442999806029 0.287369086540639 0.414775419578512
"ppo[13]" 0.230525508706514 0.0675773125835919 0.000318562506548139 0.00143522477184469 0.0955842929477914 0.188812298285002 0.229670672958061 0.269939728704873 0.372007657215098
"ppo[14]" 0.230881621256222 0.0673887240240167 0.000317673491552607 0.00152397669140695 0.0978230394615505 0.188550371612441 0.23042573141267 0.270153438699273 0.370795645688116
"ppo[15]" 0.270165819251892 0.0820750918940015 0.000386905693631717 0.0018997367824537 0.148462815255211 0.216489045565342 0.256136420209031 0.30831828648643 0.480058588873644
"ppo[16]" 0.231373842422122 0.0673487166465668 0.000317484894966658 0.00145746512805867 0.0980656275481596 0.189593806781589 0.23061139265459 0.270409286801664 0.37232937946195
"psi0" 0.990596568574018 0.0127395408340914 0.0000600547714199262 0.000126288642966563 0.955230724837849 0.988443188234125 0.994934776414749 0.997962191489298 0.999711039838363
"sdeps" 0.316798309320486 0.262200994268832 0.00123602734054231 0.0113897452565811 0.00938071769498813 0.112718322040438 0.254601798896425 0.453665071145384 0.977107291757463
