"Mean" "SD" "Naive SE" "Time-series SE" "2.5%" "25%" "50%" "75%" "97.5%"
"N" 50.0814 0.300478214671861 0.00141646788795533 0.00403954856024058 50 50 50 50 51
"betapsi[1]" -0.0278794612470276 2.89578244693583 0.0136508493671287 0.0188768693812693 -6.31755623839892 -1.35920193862368 -0.00602486058936035 1.29901050318332 6.23755552304341
"betapsi[2]" 0.00252887581778659 2.89405583035139 0.0136427100184929 0.0201450318533247 -6.28493630278455 -1.3161214565351 -0.000862532530163019 1.34043834081286 6.312770375252
"betapsi[3]" 0.0313514736364484 2.88821938604544 0.0136151967561812 0.0193644950043259 -6.14054129737999 -1.29999238083414 0.00155231082967804 1.33968652821505 6.39083697830228
"betapsi[4]" -0.00534052448605802 2.86577727330862 0.0135094036221788 0.0186530062497134 -6.21677334832055 -1.34369550040904 -0.00118407359673016 1.32071448544673 6.204065717781
"betapsi[5]" 0.0287794834951876 2.93894142889615 0.013854302759217 0.020701549458967 -6.29690177674578 -1.35817887405031 0.00382521446419887 1.35946898527332 6.45879714118362
"betapsi[6]" 0.0338670238997076 2.8936308440936 0.0136407066140609 0.0188512262766967 -6.23115744844811 -1.317752119596 0.00526544841431904 1.37439909803348 6.41810643140506
"betapsi[7]" 0.00587120880206488 2.8742652838468 0.013549416487581 0.0190070940414683 -6.22831616831647 -1.33699108032745 -0.000777719779468978 1.33773225154447 6.23174117528264
"betapsi[8]" -0.0223794018115105 2.87175852433357 0.0135375995099103 0.0189521531823872 -6.32077206801094 -1.35815146352209 -0.00737923699902463 1.30186592743736 6.19481116299474
"betapsi[9]" -0.0166055847752572 2.90506996121569 0.013694631129313 0.0189906859462347 -6.33053449376916 -1.37078847616945 -0.00297344834609996 1.32893885073267 6.27782515513479
"betapsi[10]" -0.00960006032668358 2.92581930263462 0.0137924444627962 0.0190290362203301 -6.38702577737699 -1.36611987168333 -0.00404154199197177 1.347170354215 6.35625477106006
"betapsi[11]" 0.029081508106154 2.94986016418312 0.013905774170973 0.0196343064527244 -6.421790922014 -1.33326561998974 0.00905250474022474 1.39042382186973 6.47357826334734
"betapsi[12]" 0.0253377418882676 2.89914696215442 0.0136667098439718 0.0198403009284153 -6.23888627875725 -1.31756649836449 0.0110132093301743 1.36247084520634 6.33590732563096
"betapsi[13]" 0.0213581207853939 2.88002132816555 0.0135765507407183 0.0195962789159638 -6.25509887876985 -1.3039665069672 0.00644302746803294 1.34136382664342 6.33473809022104
"betapsi[14]" -0.00242669106738716 2.91941441320427 0.0137622515244699 0.019628182717656 -6.39169538412612 -1.34148222164008 -0.00298841055683394 1.34020579282783 6.34303529249483
"betapsi[15]" 0.0171883573671178 2.86932416366617 0.0135261238236718 0.0191746291743141 -6.08616406085314 -1.34652355198631 0.00395921597021703 1.35160517101125 6.34980215142824
"betapsi[16]" 0.00577534421066396 2.90001501780901 0.0136708018975705 0.0192013929458603 -6.29145000017921 -1.3344295108899 0.00168982083752659 1.32895280075087 6.36850598268872
"etap[1]" 0.528624785516067 5.88947779947955 0.0277632645977308 0.199040255085596 -10.7418930357387 -2.80398261408748 0.323798914382619 3.56789418424361 12.9756675701844
"etap[2]" 0.600830442719589 5.90340254229838 0.0278289064648873 0.194486261470442 -10.2915052158705 -2.73245329275774 0.3603307496064 3.64485607830758 12.8586786767925
"etap[3]" 0.524766651926504 5.80678751787461 0.0273734588719903 0.190309857107696 -10.5854668226396 -2.74786679137173 0.336723158345057 3.58649047115074 12.8368871496209
"etap[4]" 0.499159409510096 5.88353669390554 0.0277352579574699 0.18785027106633 -10.7974199192417 -2.82119918119554 0.373588223236183 3.58851319811874 12.6362631594648
"etap[5]" -0.614272637457 5.8041339988057 0.0273609500631393 0.24786621305577 -12.4710250556286 -3.8498682423222 -0.498178471635061 2.88394592374307 10.3799600233389
"etap[6]" -1.07745177626863 7.58905499967939 0.0357751483538065 0.490285287944436 -16.1971667394991 -5.75095688144683 -1.37391840197683 4.15123342480534 12.9586562720045
"etap[7]" 0.548850204933373 5.98115643450471 0.0281954418278389 0.199901382966149 -10.8159444178579 -2.82861607946925 0.329036662851581 3.61994932611432 12.9946589878619
"etap[8]" -0.0865562992256766 4.8260904800309 0.0227504087003313 0.0393297864242886 -9.74661976408622 -2.66979545274879 -0.0478775528522087 2.49917642944661 9.5247438153767
"etap[9]" 0.511272520224829 5.90183747801625 0.027821528681108 0.195847357914553 -10.7310207590891 -2.80844203289163 0.321021781961621 3.53596685711575 12.8688973745066
"etap[10]" -0.144211231331956 4.75071351669236 0.0223950782875184 0.0338693736004982 -9.88656809612541 -2.70810131950079 -0.128821996234571 2.49209943090142 9.3871786959195
"etap[11]" -0.0387020502790692 4.79642280734087 0.022610553950057 0.0387084201866083 -9.71231329089358 -2.58370737201676 -0.0437639058712562 2.57247377452179 9.48777071123281
"etap[12]" 0.533304798991877 5.82829038047918 0.0274748243384077 0.192450567096662 -10.4718693318263 -2.74963833070047 0.334698721813579 3.61033706348561 12.5338492311602
"etap[13]" 0.540386805869427 5.95092717244511 0.0280529397198881 0.191051334161075 -10.8980627693587 -2.77450660045922 0.353410968934521 3.58014973422661 12.8670059266828
"etap[14]" -0.0716282126513453 4.85572655010221 0.0228901144744322 0.044162789031452 -9.7485155952521 -2.68203192440695 -0.088907023963157 2.52165351530961 9.56212320295823
"etap[15]" 0.490214620082692 5.88356785626925 0.0277354048582612 0.186452992503057 -10.7301210260036 -2.80303974940868 0.305057250917827 3.48433208639046 12.7330936773605
"etap[16]" 0.490814811647241 5.79102281382682 0.0272991433444196 0.181210426477721 -10.7515819481227 -2.78530435541917 0.327491102356021 3.56693511800879 12.6658165578936
"etap[17]" 0.508693787051424 5.89870821567483 0.0278067771969632 0.196818569028626 -10.8896888709283 -2.80744781280263 0.341916220046201 3.59536002593067 12.8792899174489
"etap[18]" 0.549259134689339 5.90696864916896 0.0278457172538914 0.198195491822497 -10.4312409944245 -2.78112876296051 0.346476558659628 3.55568160390558 12.8074276981602
"etap[19]" -0.982556776419662 7.51178555154296 0.035410896682101 0.450568815513336 -15.7730987712285 -5.67465477871284 -1.25246888841888 4.2399007895268 13.1611975282349
"etap[20]" 0.483366762294158 5.89148678303981 0.0277727350370558 0.188530840830213 -10.7722458378559 -2.78946347498768 0.329415160301512 3.51903212192347 12.7056089394397
"etap[21]" -0.0416301298839812 4.94421113707498 0.0233072348176251 0.0348240389281915 -9.90329235284495 -2.68361933980902 -0.0491711832045969 2.59223809421003 9.63165755676719
"etap[22]" -0.565537192135401 5.70599045227702 0.0268982969479385 0.228304614468342 -12.372982259561 -3.78947631188567 -0.488249942984823 2.87587380084508 10.3053120223352
"etap[23]" -0.108315107991401 4.89106937687933 0.0230567221576349 0.0454380150779243 -9.90008940425328 -2.68959924462227 -0.0937254133896677 2.49750100544232 9.60659870166153
"etap[24]" 0.514452585302024 5.85945887637517 0.027621754037124 0.197496496319303 -10.6937074750353 -2.77264864358033 0.340351693042956 3.58635105257173 12.7649827135361
"etap[25]" -0.607341374897737 5.70627421757152 0.0268996346303652 0.21405376324653 -12.2873067970392 -3.83425105917752 -0.546417175438909 2.83943988906127 10.2187259217595
"etap[26]" -0.536551605534018 5.69106583073245 0.0268279416072665 0.218481306528858 -12.3769609655821 -3.7392211292661 -0.464438902287418 2.90542607101598 10.4193834959634
"etap[27]" -0.0908394497062379 4.8546154062258 0.0228848764919663 0.0440971963416503 -9.86726692801526 -2.64379618563934 -0.0897287126391048 2.48324359733509 9.59346695084947
"etap[28]" -0.0823419332900626 4.83035477208688 0.0227705107658629 0.0331103893627777 -9.8883688465516 -2.66026342482371 -0.0705324581711703 2.51355737834481 9.51569747572008
"etap[29]" -0.0799078246861645 4.77417447280734 0.0225056742952652 0.0336730704002902 -9.78150283810542 -2.67928675987681 -0.0568994519320527 2.54833169157425 9.48233878636491
"etap[30]" -0.57176274786631 5.72938928526545 0.0270086001044583 0.23604280562471 -12.3031313769877 -3.80215069798912 -0.501102733614685 2.90856900271528 10.3383078712142
"etap[31]" 0.534713734855084 5.87018563135154 0.0276723204450167 0.17836156909105 -10.6877950386156 -2.7770406403418 0.298813603915591 3.60992388513074 12.5330079994756
"etap[32]" 0.593712591956263 5.97980940861836 0.0281890918869144 0.197570999701113 -10.6731596151961 -2.72296105842847 0.391581151822342 3.60741446213427 13.1378060326221
"etap[33]" -0.0866034573389953 4.89815317728326 0.0230901155129828 0.0386418015285367 -9.81288865243483 -2.6824815547326 -0.0717303338991524 2.5564470357264 9.44879763348473
"etap[34]" 0.523041367081601 5.82379155942228 0.0274536166925632 0.172152610996198 -10.688312231687 -2.78682310942879 0.372728160803728 3.61024757229056 12.6642750738971
"etap[35]" 0.471143058843667 5.80719992997784 0.0273754030012892 0.191460472140907 -10.6634790353405 -2.77704943526277 0.339254935437597 3.53474918797641 12.3010717921217
"etap[36]" 0.527085008815427 5.9480781857358 0.0280395094677438 0.193906827930948 -10.8345967781843 -2.79711612795486 0.366421262246897 3.64599356437081 13.0718762759658
"etap[37]" -0.57215813692355 5.71939721616498 0.0269614970389981 0.243362446844525 -12.4154665471748 -3.77163725846864 -0.445107734672852 2.91386218323454 10.2771972634219
"etap[38]" -0.061916846354906 4.8199499938968 0.0227214621710966 0.0354009258213038 -9.83536606678873 -2.62746931961725 -0.0332297117650711 2.58674278029451 9.46087703026184
"etap[39]" 0.527384983213439 5.91488826255554 0.0278830506694249 0.194018777885394 -10.8137743886957 -2.79008360630644 0.380638551439356 3.58802009083523 12.6870754460284
"etap[40]" 0.50864826357907 5.82140050268013 0.027442345142986 0.181881144422797 -10.6960993460418 -2.79805762382596 0.354498841702316 3.54525321753672 12.8769956683657
"etap[41]" -0.603683929153492 5.73775652091073 0.0270480436315554 0.236335200773762 -12.4877871801651 -3.74244803097019 -0.494311837073245 2.80583309597401 10.266579270466
"etap[42]" -0.0579607321692564 4.88307280488224 0.0230190259557323 0.0402405158975757 -9.71536487921765 -2.69473847968082 -0.0574631020825637 2.5421855009172 9.47744412883942
"etap[43]" -1.05452075951227 7.59300535494869 0.0357937705071333 0.44194912411594 -16.0724737736232 -5.73570064816735 -1.31740546805427 4.20884594158217 12.9597493452735
"etap[44]" 0.512362697862594 5.87168632171717 0.0276793947672434 0.194015653966521 -10.7616552267439 -2.73245189436649 0.323868032180128 3.55773233193077 12.915543658412
"etap[45]" -0.0270399541576967 4.82622009309502 0.0227510197021751 0.0388987801953121 -9.64944944841196 -2.63540859791015 -0.0584514433796753 2.58062727099521 9.69348917745412
"etap[46]" -1.59914454025921 9.96112343681689 0.0469571862027298 0.707828972102508 -20.9683821500739 -7.87223605000822 -2.66638458935827 5.93558835013273 16.0120623164755
"etap[47]" -0.07191936483393 4.79602559472299 0.0226086814718191 0.0354893902205978 -9.8693987083853 -2.63384447484319 -0.0651756227105987 2.58108907901767 9.28210197879317
"etap[48]" -0.589333792253916 5.78002550637913 0.0272473015399459 0.226548441451382 -12.5480479307564 -3.77795516839116 -0.484095123052267 2.83584411571342 10.3912472795428
"etap[49]" -0.112498292548401 4.81438312964143 0.0226952197213305 0.0440346583057366 -9.80793379144801 -2.67881500074815 -0.0949030843219153 2.49939338784311 9.44602279221536
"etap[50]" -0.0804411137566722 4.90568585284719 0.0231256248861277 0.0369900884655641 -9.9374480752165 -2.68933374241801 -0.0725019006464667 2.54783848197849 9.58922339300151
"etap[51]" -0.176304225720587 6.60998433651893 0.0311597649859293 0.0875837217187776 -13.5189479803679 -3.62687157780931 -0.027717430319907 3.40097911541083 12.7372317256998
"etap[52]" 0.0221438171330585 5.89581434172003 0.0277931353443142 0.0470347877221562 -11.7040878142045 -3.19221859209126 -0.00212697253963319 3.20133114264175 11.8463138460725
"etap[53]" -0.00129236997905808 5.96814824219582 0.0281341206212216 0.0441837959695095 -11.8227784866441 -3.22908634119183 0.040031923590699 3.19219786322094 11.7274569986647
"etap[54]" 0.00773296021051771 5.85864889022041 0.0276179357257726 0.0412259989995967 -11.6092800532054 -3.16948100586885 0.00586611715181135 3.16656071207959 11.5908407422279
"etap[55]" -0.0185963775327924 5.93548097778611 0.0279801256599754 0.0419259967572562 -11.8136256427916 -3.20850018048663 -0.0359623057542143 3.14564045872376 11.8415746543866
"etap[56]" -0.0228785629746983 5.86762244966555 0.0276602374906729 0.0441013701783704 -11.9127101725408 -3.13839787047351 0.0093856500026284 3.17159745129095 11.5746464167592
"etap[57]" 0.0628531413824524 5.83320463056674 0.0274979903354834 0.0418386012888333 -11.5904899718071 -3.09450196584999 0.072210751084544 3.23824599987154 11.7340636654978
"etap[58]" -0.0236373526181997 5.89033530297507 0.0277673069079746 0.0423778616212926 -11.6308522040872 -3.19429475369028 -0.0185557960620615 3.19030454619746 11.8585151364465
"etap[59]" 0.0183601862390948 5.94894540974338 0.0280435976009208 0.0472777692762655 -11.7434095183627 -3.19920025004837 0.00985094102461715 3.24042142364078 11.8643158913027
"etap[60]" -0.117242937620154 5.79845004768313 0.027334155660588 0.0396577100534327 -11.8036374491548 -3.24722182359956 -0.0645013211868961 3.06886185005492 11.3905362974456
"etap[61]" -0.00248215674828372 5.85679455358181 0.0276091942990276 0.0403708678265373 -11.7481119045206 -3.18995528289365 -0.0256973436445421 3.16930430558564 11.6915734964899
"etap[62]" -0.00680993268542634 5.76511788668812 0.0271770263467802 0.039406888468432 -11.6050553217081 -3.16939234288314 -0.0284943845621506 3.20184532975008 11.5142201161837
"etap[63]" -0.0285842165563693 5.7885047866329 0.0272872732503928 0.0378792304056632 -11.5633065798608 -3.19593882652797 -0.0631971462668017 3.17929633850453 11.5172105037491
"etap[64]" 0.028450830140828 5.90951295532705 0.0278577112281434 0.0475175500711945 -11.7256787085676 -3.17148200814011 0.0400402605262907 3.21040444328482 11.8127701115133
"etap[65]" 0.0169776057106985 5.80015033577119 0.0273421708955016 0.043166405507886 -11.4138687927947 -3.16435350342195 -0.0121016745406017 3.1640431521089 11.6193056765154
"etap[66]" 0.041862805731972 5.81894856297288 0.0274307865883589 0.0418330416193866 -11.4450869402919 -3.11767116377106 -0.00717766295015638 3.17304597588837 11.8076744035599
"etap[67]" -0.0400658419397743 5.93602858679756 0.0279827071136117 0.0471573937184939 -12.0119589984993 -3.17543400906392 -0.0339412089556078 3.1452182654694 11.7508047512783
"etap[68]" -0.0314178073844896 5.94153726521826 0.0280086752727227 0.0426442901491832 -11.9946060947954 -3.19918890934616 -0.0217158973445592 3.14672532648748 11.8022066396526
"etap[69]" -0.072531082940922 5.78682613929618 0.0272793600309593 0.0420965606187824 -11.8277134434965 -3.2553249628661 -0.0243097091581082 3.18930328711598 11.300515030686
"etap[70]" 0.000677928610239645 5.94782216921317 0.0280383025942821 0.0413820172498344 -11.9286374769163 -3.16246624990026 -0.0115744157166398 3.19420796003711 11.7864615481457
"etap[71]" -0.0209134949956444 5.89899441736729 0.02780812636468 0.047836732574014 -11.7594527116428 -3.19710073314356 -0.00803240685791493 3.10692816766284 11.6947785985477
"etap[72]" 0.0335036820513137 5.88358657389184 0.0277354930939803 0.0436228595378489 -11.522215488493 -3.17652848093632 -0.0170310720328116 3.18107786361126 11.8315126380986
"etap[73]" -0.0185408465158459 5.84395499046885 0.0275486680180632 0.0413827691075264 -11.4737038406285 -3.21159239990554 -0.000140635787049741 3.16722405300653 11.6537571801902
"etap[74]" -0.061105937766015 6.0489455842998 0.0285150029445787 0.0420321851406756 -12.1473654364223 -3.20383177621513 -0.0149175017634923 3.12421411405759 11.8636929182676
"etap[75]" 0.0152222790597716 5.91932735868316 0.0279039767692528 0.0457004330963244 -11.6369832572749 -3.12924372566801 0.0103488067052526 3.21568148385117 11.8144445599699
"etap[76]" -0.0580915180388119 5.90062802867129 0.0278158272822192 0.0416969389816412 -11.9289285800502 -3.19866615962133 -0.0546397618302378 3.14985132723537 11.4153887689202
"etap[77]" -0.0410337890623932 5.78311192904474 0.0272618510759224 0.0457808084638295 -11.633473047394 -3.22054174601028 -0.00833930620256451 3.13263872638733 11.4742507026793
"etap[78]" 0.0167856763414095 5.86951426734561 0.0276691556047418 0.0427733341438269 -11.5203425885237 -3.19263391505966 -0.0416941413670319 3.16559202634628 11.7624764949993
"etap[79]" -0.0904447236341795 5.97580545353731 0.0281702170616519 0.0387063560580659 -12.0497609800724 -3.24842459823889 -0.010980974913078 3.14939465790334 11.6040488513226
"etap[80]" 0.00509395688734453 5.87215105121179 0.0276815855230904 0.0382527650748697 -11.7808041213587 -3.1882919951559 0.00811933024775149 3.18763746651978 11.9111826858511
"etap[81]" -0.0311762427521919 5.84914253868589 0.0275731223548766 0.0436306617818303 -11.658971659695 -3.19772957499409 -0.0250065545310989 3.14043327599072 11.5676756823717
"etap[82]" 0.0160498212889701 5.83224475789739 0.0274934654523263 0.0457239922844296 -11.7820581104303 -3.13193582276292 -0.00647263238145258 3.19559428039094 11.8428896386831
"etap[83]" -0.0199841769050592 5.81539122868185 0.0274140171536914 0.0390866617386901 -11.6637176440758 -3.16673337559759 -0.00598544184467812 3.0904256838908 11.5261388799789
"etap[84]" 0.00661019614096975 5.86697520441146 0.0276571863472845 0.0414679283921439 -11.9184714205702 -3.18664601195113 -0.00677602804178807 3.18749664573781 11.8774483145379
"etap[85]" -0.092327627439145 5.89839366546919 0.0278052943930736 0.0504110327241334 -11.8366027601109 -3.26677642261615 -0.0707010138121865 3.14790467405869 11.6792481610415
"etap[86]" -0.00837927447920981 5.91435952531742 0.0278805581781813 0.041986076056598 -11.982566160765 -3.20768686394229 -0.0232840868315982 3.14893640080287 11.8462691915938
"etap[87]" 0.0642889042875466 5.81196920008071 0.0273978855561628 0.0431642364473365 -11.6351821611458 -3.13477903214071 0.046733341485652 3.18501273484232 11.7731034022216
"etap[88]" -0.0567022378042107 5.92263294571456 0.0279195594559575 0.0448992690291225 -11.9346081072132 -3.21454001951237 -0.0289491788377979 3.12738837212638 11.8763103264235
"etap[89]" -0.0370924655735962 5.80672772387835 0.0273731770003887 0.0460377133938851 -11.5775242131469 -3.19784046452845 -0.0435996643196841 3.14325840070543 11.6140834716373
"etap[90]" -0.00926487851295352 5.8762486355996 0.0277009017211378 0.0415492546729378 -11.82857945484 -3.16633316303202 0.0106118338042678 3.21420691550018 11.6084987601919
"etap[91]" 0.0340421409156713 5.82340616321218 0.0274517999174058 0.0379689397811252 -11.7622521429493 -3.16183595429418 0.00869545485709028 3.19072071748654 11.8857515450456
"etap[92]" 0.0257603843057217 5.93275775788163 0.0279672882782346 0.0422119322730001 -11.7490326393405 -3.16066429419124 0.0466841193186331 3.2044723762876 11.8077506806544
"etap[93]" -0.0429290711468884 5.74544990319576 0.0270843105834488 0.0397431818683265 -11.7077127359503 -3.18691089524891 -0.0114505143908932 3.15528020754731 11.3556484019858
"etap[94]" -0.0340954180583587 5.73790767852654 0.0270487561953898 0.0371783364866665 -11.7736677244969 -3.20310454477463 0.0253214532070638 3.19027647885256 11.4401403673438
"etap[95]" -0.00791678282433386 5.86909721211686 0.0276671895875393 0.0396704313135665 -11.9371950120924 -3.12786530309166 0.0483799724694988 3.19393985045778 11.6085034347831
"etap[96]" 0.0301941877698391 5.89403336714526 0.0277847397496546 0.0458657306556165 -11.6463885461912 -3.15916379440944 0.00228259761333041 3.19798550370123 11.8367360385956
"etap[97]" 0.0422038836483663 5.81743927620006 0.0274236717422802 0.0388095710106605 -11.6962522461894 -3.16207999176773 0.0601527258832342 3.20182782465225 11.7090243590221
"etap[98]" 0.0471788424249701 5.86336403591001 0.0276401631357153 0.0399442766920153 -11.4502367048274 -3.170383459024 -0.00154966265074309 3.20515812199414 11.8629354589169
"etap[99]" -0.0544981802900878 5.90423276352889 0.0278328201653004 0.0438533394561232 -11.9067148703741 -3.23170821444061 -0.0422584124583121 3.14984719952052 11.781659486744
"etap[100]" 0.034995043401133 5.99000361537989 0.028237147838447 0.043863205844561 -11.740466305942 -3.15132080393483 0.0285475514828757 3.19119765261527 11.81029171645
"etap[101]" -0.0482597511670199 5.90752283372622 0.0278483297049479 0.0367477240411926 -11.8885437928019 -3.24349650966516 -0.0522817467553633 3.14527569269548 11.5892581192391
"etap[102]" 0.0378211790120155 5.91950108192145 0.0279047957084517 0.0463158586752985 -11.7635979087939 -3.20197692372102 0.0248056698154308 3.24056549902995 11.9107159583038
"etap[103]" 0.0267321212578773 5.90878054335594 0.0278542586050008 0.0453139719900316 -11.8811059349653 -3.20436457777988 0.020918459113621 3.22822102183811 11.9105116118569
"etap[104]" 0.0626588201695955 5.8646211025305 0.0276460890045936 0.0421402783780141 -11.5671111277077 -3.09465357932377 0.0484253017030637 3.2208932079711 11.6925936841165
"etap[105]" -0.00926964701104777 5.88433546065771 0.0277390233800502 0.0401637947997405 -11.7498091411387 -3.171497875114 0.0125362667996848 3.19333266791391 11.7665059599629
"etap[106]" 0.0472683375261097 5.84375817340302 0.0275477402135173 0.0450806426959464 -11.7628403221394 -3.09308721279927 0.0243263718860658 3.19445179822719 11.7633224536008
"etap[107]" 0.0358740505330963 5.83458765822382 0.0275045099903827 0.045897243645234 -11.6536299798894 -3.17060300034284 0.0053854298812979 3.19544402688387 11.7540014524704
"etap[108]" 0.0712100954863076 5.90621895676123 0.0278421831699893 0.0410392109660766 -11.4092581162767 -3.17807696376942 0.0434933420987491 3.21179436813839 11.9351365047308
"etap[109]" -0.0288492892759625 5.89113064170061 0.0277710561706824 0.0405413939473947 -11.9948001337712 -3.12248234427257 0.00884998617389654 3.1668958934871 11.7442721368599
"etap[110]" -0.00444767675664295 5.86059273443652 0.0276270990952845 0.0426894318954773 -11.6459668457385 -3.19861379591951 -0.0263509903399822 3.15820139378688 11.9855397483122
"etap[111]" 0.0161042556819824 5.98282792639909 0.0282033213161937 0.0526763516604844 -11.5394220137073 -3.18392389089104 -0.00750625915663429 3.187907493297 11.747887858646
"etap[112]" 0.100736002206287 5.86719309648479 0.0276582135003686 0.0392266954878207 -11.5899063675172 -3.14482526875025 0.0398253274275378 3.26511491810107 12.0099500264838
"etap[113]" -0.00248611467119149 5.85501600149412 0.0276008101240816 0.0436508788316034 -11.7412010536767 -3.17220580258249 0.0035677015216024 3.13909204166977 11.6162846554135
"etap[114]" -0.0392222031856568 5.86975892140774 0.027670308915051 0.0531886507517335 -11.7481302558765 -3.14476358268029 -0.011674153974316 3.15212416549226 11.4605813045744
"etap[115]" 0.0362409269020251 5.87899079632905 0.0277138283907838 0.0391220292863889 -11.606343642852 -3.13037470733621 0.016168075468229 3.18416923339161 11.7779415791163
"etap[116]" 0.0231962294028093 5.88766562392231 0.0277547219202293 0.0411418475859837 -11.9473066652734 -3.07990488692291 0.0388867370244026 3.22884118530672 11.8386006662053
"etap[117]" -0.0023740739506213 6.00353380544727 0.0283009297660963 0.0571106475234493 -11.6649662951103 -3.17847187898566 -0.0139816835508112 3.15532121617279 11.6867703750319
"etap[118]" 0.0797237177014282 5.91016354474413 0.0278607781360673 0.0443115543999047 -11.3059400533505 -3.14178610611836 0.0180998270314757 3.18984931376937 11.902721190413
"etap[119]" -0.035104941347003 5.93815606662829 0.0279927361497127 0.039211183920678 -12.0663912192456 -3.20489693326928 -0.00223825748966767 3.16280129980261 11.6907671978269
"etap[120]" 0.00895579439264533 5.94204022303162 0.0280110462385926 0.0450386623076933 -11.7280606869019 -3.22792647261287 -0.00550104667583453 3.18644816418367 11.936251995146
"etap[121]" -0.0132622689047967 5.9679982894907 0.0281334137373906 0.045740752214994 -11.897110613253 -3.18514582817037 -0.00715184200863001 3.16521515593964 11.7485115049816
"etap[122]" 0.00498531678069391 5.90182530807509 0.0278214713114552 0.0423488232586821 -11.7935509441456 -3.16011783482057 0.0125117410656503 3.22851630189266 11.751567016375
"etap[123]" 0.0567093225851298 5.80013686005637 0.0273421073703727 0.0399086397746548 -11.4384087486094 -3.13814906030279 0.0160679023330541 3.20820556728886 11.7148624331181
"etap[124]" -0.0132440972652221 5.8339377128469 0.0275014461184932 0.040821920941613 -11.7139696986458 -3.21058233216833 -0.0251618350014476 3.16313538781612 11.6136938331837
"etap[125]" -0.0895604840343326 5.82905905409495 0.0274784479005825 0.043002808763507 -11.9834463343318 -3.27617600332855 -0.0685683681115699 3.17791718690846 11.4085985131115
"etap[126]" 0.0120243396803318 5.8133550179134 0.0274044183640761 0.0399907492768273 -11.6224615101161 -3.17505351126188 0.0305708179365636 3.22308164037471 11.5578858074535
"etap[127]" -0.0443442959854852 5.79422385577872 0.0273142332008933 0.0393185950990231 -11.7893494293162 -3.22769357678134 -0.0378998605738893 3.11469949983472 11.6204984940455
"etap[128]" -0.0193801358087395 5.87868000799408 0.0277123633205227 0.0442138070319759 -11.6088869319216 -3.16116973754424 -0.0313246091303279 3.15433262497126 11.7309871387114
"etap[129]" -0.0642933954909391 5.92629496450926 0.0279368223781079 0.0485397682560271 -11.9144268295324 -3.22488311709239 -0.00595823668780486 3.21316667717883 11.5276734964771
"etap[130]" -0.0109333224179742 5.95305985146036 0.02806299326518 0.0427437058380827 -11.8672834652742 -3.25649919834047 -0.0471570043173465 3.19801169624537 12.013604250815
"etap[131]" 0.0290982003330536 5.82071818729015 0.0274391286773916 0.042440250568346 -11.5677863356414 -3.18042915430812 0.0289648457110722 3.169352849349 11.7894504811328
"etap[132]" 0.031720702571179 5.77154354592472 0.0272073171949121 0.0414785645588345 -11.5532937050395 -3.14984239951925 0.0338824840937913 3.2082291350515 11.6429723854135
"etap[133]" 0.00127282935241423 5.80401378213389 0.0273603833563137 0.0454439774535502 -11.4929522664261 -3.12706296289679 -0.0348446611405252 3.16299526177234 11.6201557412523
"etap[134]" 0.0000347141023913684 5.95278181182803 0.0280616825737836 0.0480616096946866 -11.8448253641594 -3.21026834938013 -0.0229021227943402 3.18913176786868 12.0148135191888
"etap[135]" -0.0518973543712122 5.90229070919798 0.0278236652333883 0.0421828398698537 -11.8686119768874 -3.21631819585807 -0.0460934287649568 3.14828990044748 11.746811838536
"etap[136]" 0.00694447841733779 5.80716724246478 0.0273752489108748 0.0389449127905842 -11.5814003210383 -3.19123934742238 0.0535383292653033 3.21334469886276 11.6945541243883
"etap[137]" -0.0199465749768489 5.8130492901218 0.0274029771494451 0.0384421831896918 -11.8299744058799 -3.18307352853031 -0.0032048060770829 3.18248738555175 11.593821430631
"etap[138]" 0.0399574524512642 5.84711129272351 0.0275635469695816 0.0383092933762552 -11.5957548208357 -3.14552276806459 -0.0136251946271671 3.18083078301919 11.7110490951492
"etap[139]" -0.0531581015695362 5.83131042738977 0.0274890609760742 0.0379007015840798 -11.8556626713022 -3.23603073147385 -0.0478748790158593 3.13117455375705 11.6210361022899
"etap[140]" 0.0801712679203011 5.82582790240015 0.0274632161054196 0.0420190053599553 -11.2760245935253 -3.1196910186686 0.0016520239353368 3.19685973826895 11.8700898308321
"etap[141]" 0.0379697512686286 5.8571505493451 0.0276108724791495 0.0454659048393945 -11.434753722271 -3.1834263289393 0.000799176942151883 3.19645608340533 11.7151298501096
"etap[142]" 0.029726571488457 5.874901870797 0.027694553010974 0.055188216524852 -11.6628623921435 -3.20808796149237 -0.0207749363846906 3.18077607563107 12.0825692731398
"etap[143]" 0.00136711588798006 5.80036991311022 0.0273432059930044 0.038586878483923 -11.5008957531715 -3.12731777803142 0.00273043282852833 3.16306971788346 11.6535775217801
"etap[144]" -0.0197214179672815 5.81087152268365 0.0273927110552894 0.0451136085667451 -11.7087542599468 -3.16414253195817 -0.00662213264151079 3.15597745389183 11.5173790488883
"etap[145]" 0.0133866385102835 5.76462269503012 0.0271746919909178 0.0385974388863713 -11.3310643343042 -3.19853296402302 0.0127610947601878 3.18258099693437 11.5809716561893
"etap[146]" 0.0163982659900952 5.7787911062685 0.0272414825220198 0.0445917246801007 -11.4991861224564 -3.21302723883614 -0.0129738349116522 3.19802704291305 11.6216582807442
"etap[147]" 0.00309403431551377 6.03430732487058 0.0284459975278643 0.0490923341850939 -11.8901017450892 -3.2554005146849 -0.0440995975522088 3.21776147942631 11.9616540651693
"etap[148]" -0.0286155097112287 5.85534085437781 0.0276023414952612 0.0524811525058827 -11.5936704306314 -3.216768613845 -0.0467853178328732 3.11762991771495 11.6428155406809
"etap[149]" 0.0625483034163179 5.88705210897874 0.0277518297830496 0.046077935478619 -11.512557073831 -3.18477528036592 0.0107086734609622 3.22040417150181 11.9789941561078
"etap[150]" 0.0248299535769637 5.81619078912154 0.0274177863177505 0.0393273891726216 -11.4556615654491 -3.1628456445404 0.014586706112491 3.19663334218317 11.6045616324331
"etap[151]" 0.00559807167092636 5.88523701076572 0.0277432733280166 0.0406334142471688 -11.7046552893785 -3.15627614332002 0.00818502208682974 3.19240649251609 11.8258834211675
"etap[152]" 0.063716721197435 5.82474659487437 0.0274581187728595 0.0383893035163188 -11.3715002029439 -3.16427608996207 0.034283146973371 3.22259784837658 11.7380020504547
"etap[153]" 0.0216999719955951 5.86643292320235 0.0276546300091493 0.0388713361281767 -11.5765436126658 -3.16584379893852 0.0150667139221989 3.21645109199056 11.7417271210291
"etap[154]" -0.0118525045661775 5.83773042664234 0.0275193251427856 0.0466686657276384 -11.4545800548404 -3.24792463371096 -0.0158295199714801 3.15954825170769 11.5614038237317
"etap[155]" -0.0678718222883277 5.81272927308647 0.0274014685746733 0.0418420161817942 -12.0439905189263 -3.19485832062449 0.00569504085720034 3.12150390173129 11.3772134324553
"etap[156]" 0.0347413948578091 5.82447151512039 0.0274568220344634 0.0427697855362818 -11.563841986075 -3.17359829266709 0.055138675609669 3.24169250918625 11.8336575034737
"etap[157]" 0.0442494221270077 5.86328249586603 0.0276397787522617 0.0383487303519277 -11.605960847006 -3.16262309296584 0.00877581966265923 3.20315067503242 11.8577519802084
"etap[158]" -0.0403536252661665 5.80854230369209 0.0273817310116641 0.0412753628132163 -11.7013716322864 -3.24533919425039 -0.0336390318099466 3.13676708577384 11.5859504141751
"etap[159]" -0.0707430789225885 5.80084703060535 0.0273454551464459 0.0420673598290043 -11.7975105900621 -3.1847586836793 -0.0467039739486874 3.11154082810313 11.3705955986325
"etap[160]" 0.00340593399617766 5.86683475176932 0.0276565242471799 0.0384723350262327 -11.4113541532361 -3.17734233976032 -0.0122211199657279 3.16493502842005 11.7998092388477
"etap[161]" -0.0151707296682163 5.75700201044905 0.0271387677392874 0.0402135449296165 -11.5094610048733 -3.17112052747983 0.000179400456508216 3.09129083526108 11.6555504978843
"etap[162]" 0.0167279530940126 5.98494138294799 0.0282132842459101 0.0403595380532857 -11.7069634908755 -3.18410220290923 0.00514545792679866 3.18900425017009 12.0002264998983
"etap[163]" -0.120306942191049 5.912816142466 0.0278732826016466 0.0424499571168936 -12.0321699386231 -3.26370677571336 -0.0817623748012998 3.07849147552374 11.6128414662059
"etap[164]" 0.0415684478493708 5.88018570089197 0.0277194612249126 0.0427850332801884 -11.6164585457349 -3.14524355081392 0.00186892417232297 3.27842292027294 11.8453473391853
"etap[165]" -0.0362396026959604 5.86914047244483 0.027667393518681 0.0438987667380674 -11.6504521656513 -3.2627813616593 -0.034408661021277 3.17625821744179 11.6460648337116
"etap[166]" -0.0027681238213559 5.82350687233617 0.0274522746647691 0.0403981624044846 -11.8485926173186 -3.15179449899161 0.0016156321679891 3.21028021333456 11.5806624187697
"etap[167]" 0.0687733484578989 5.86035540839572 0.0276259803295992 0.0440419383551784 -11.542245210355 -3.15407987346124 0.0282345421761644 3.19950921687952 11.958827514358
"etap[168]" 0.00469404381950639 5.76153106491062 0.0271601179067684 0.0383332309763345 -11.6045792043606 -3.16839835745324 -0.0172737796801383 3.15380021483631 11.5967351182389
"etap[169]" 0.0715189247323434 5.89657122935186 0.027796703346828 0.0503782137270143 -11.3894114301925 -3.12994460783561 0.0330263366744312 3.19185083969285 11.8128854081213
"etap[170]" -0.0180582333425526 5.83392289564837 0.0275013762695495 0.0424577233787759 -11.5047922206074 -3.14561682674619 0.00642739783172527 3.14749395102375 11.5067467891517
"etap[171]" 0.052354060175619 5.88127290360977 0.0277245863476744 0.0410701583425843 -11.6853999906132 -3.14327495052649 0.0757095545320206 3.25068088357233 11.8194118042341
"etap[172]" 0.0146692270733611 5.87418976695622 0.0276911961212758 0.0409823108280079 -11.6333995061508 -3.16852359899119 0.00764604088780371 3.18888616339375 11.7546321972715
"etap[173]" 0.0203641615136033 5.93535321160599 0.0279795233644263 0.0455951112372347 -11.7132677336648 -3.21926963701134 0.016392671286639 3.21385037105496 11.9101101945963
"etap[174]" 0.0498518715086007 5.89042037955293 0.0277677079628088 0.0384058814916001 -11.611670433941 -3.19619446354313 0.0444493314371356 3.23550364534972 11.9521524201059
"etap[175]" 0.0777945914369765 5.87586929343942 0.0276991134850455 0.0394731833740099 -11.3003630255477 -3.11060482129134 0.0224233242795662 3.2095387142567 12.0684187327377
"etap[176]" -0.0245818002033301 5.89038964891975 0.0277675630972147 0.0446375500343802 -11.7301601927963 -3.18942094443822 0.0158252990507662 3.18088574685903 11.5681767992052
"etap[177]" -0.0303560710377407 5.95233051889543 0.0280595551584973 0.0449942219297588 -11.8939169110571 -3.22514772172972 -0.00916104148021289 3.18995746399666 11.8750986969727
"etap[178]" -0.00412684135993772 5.92962255106605 0.0279525087715699 0.0487027225428393 -11.8495053073903 -3.16686067215146 0.0304133899999171 3.2039204194916 11.804107453306
"etap[179]" 0.0418207506066277 5.80406683747099 0.0273606334615713 0.0425163849940018 -11.4220266003543 -3.23420432282284 -0.0255170532335925 3.22045075026578 11.8071151488553
"etap[180]" -0.0472210886526368 5.94117565724128 0.0280069706363717 0.0489310915987745 -11.9944211875055 -3.2199151609687 -0.0369937436434592 3.177142417292 11.587164240867
"etap[181]" -0.0438516809014109 5.95529098939778 0.0280735109502821 0.0397255225770916 -12.0594249556896 -3.23341184140082 0.000282126127671559 3.18216998242789 11.699994217877
"etap[182]" 0.0243091999993288 5.88012737678637 0.027719186282442 0.0439493838066277 -11.7024272998608 -3.1700780367253 0.040322557821254 3.20237115103886 11.5304770954297
"etap[183]" -0.00305930675145952 5.78996430227401 0.0272941534731066 0.0438471664842608 -11.75628895762 -3.2120330208183 -0.00275933943484169 3.18895216374813 11.4673211753144
"etap[184]" -0.0081134666110951 5.88941769204358 0.0277629812485603 0.0438347101156843 -11.6245167775464 -3.25192779689529 -0.045773040967128 3.22076897971999 11.8866210706721
"etap[185]" -0.020355847746441 5.80407977859221 0.0273606944666018 0.040773929682459 -11.8070346117186 -3.19221998413849 0.0231712817121899 3.15370775338383 11.3402599722082
"etap[186]" 0.0358946795941657 6.13203857325122 0.0289067070509561 0.0448723207148882 -11.6674050854466 -3.16407164250939 0.0521247256105625 3.21305927985341 11.8526800452588
"etap[187]" -0.0000136001949176594 5.857314985058 0.027611647636534 0.0383418619316421 -11.713405643019 -3.20490909741755 0.00791946951202893 3.21829293979413 11.6762216449129
"etap[188]" 0.0183151968655906 5.79675525988295 0.0273261663542802 0.0385684379866338 -11.511838110897 -3.16265684015313 -0.0131151522175943 3.2245869654624 11.7927428521509
"etap[189]" -0.0731614200518114 5.81999480957768 0.0274357186421526 0.0441444587518103 -11.9007780619791 -3.19722162751187 -0.00543451980596841 3.11112796516406 11.5279876271997
"etap[190]" 0.0037673163698553 5.9080000925553 0.027850579524644 0.0433896673915857 -11.910739749113 -3.2115058000129 0.0303202019286578 3.22993290317386 11.8157953181316
"etap[191]" 0.0459186850017829 5.8627532600041 0.0276372839104829 0.0462415816195232 -11.5482195708826 -3.1242593537218 0.054676612006365 3.23859000946971 11.7734267965636
"etap[192]" -0.0201382769589553 5.90584043145435 0.0278403987845804 0.043229178518462 -12.0084698543086 -3.18636007487519 0.0328977416813289 3.18848942924683 11.8146938163341
"etap[193]" -0.0314534633573939 5.93205356062992 0.0279639686605548 0.0521553770325995 -11.7274471190798 -3.23139706468861 -0.0050067487647353 3.15473596532112 11.759302670552
"etap[194]" -0.00316654288746 5.93054284081515 0.0279568470590515 0.0442399905568728 -11.7300042811604 -3.18338344179878 -0.049074106992022 3.16817864131058 11.8333321914173
"etap[195]" 0.00874494219033963 5.88266122111999 0.0277311309391806 0.0418317632956881 -11.7119343353685 -3.14427632271735 -0.0123741355973397 3.15514823853939 11.6434499319582
"etap[196]" 0.0297890231393136 5.79054921548505 0.0272969107804261 0.0394648536073812 -11.5030233748653 -3.12878654715693 0.0335546410077118 3.20183672445615 11.6547863388939
"etap[197]" 0.0329452533225782 5.76855859423989 0.0271932459977264 0.0370387216984575 -11.6618551582811 -3.19919134557476 0.0381713557372889 3.23425881764908 11.6003643530672
"etap[198]" 0.00983182400959561 5.90873971818979 0.0278540661533219 0.0407710094859235 -11.7133915426236 -3.19348723704651 -0.0345815445410677 3.16001972555439 11.9739487916201
"etap[199]" 0.041497593774536 5.96260329331226 0.0281079814815089 0.0446152803663917 -11.7656507519143 -3.0994836226972 0.0195433780123844 3.20814269241548 11.8902041373433
"etap[200]" 0.0020261036942682 5.84375845016211 0.0275477415181721 0.0419050104029186 -11.4862468773095 -3.19948035027256 0.0000699441755319641 3.19016933270975 11.8239772166685
"etap[201]" -0.107925659904806 5.88805865369933 0.0277565746803662 0.0440614198644486 -12.0835255838912 -3.24447653874429 -0.0404450785076003 3.1481825246323 11.4164023299251
"etap[202]" -0.0145398697777047 5.94723157001465 0.0280355184829605 0.0388234306301291 -12.0320461563819 -3.20803070022301 -0.013302475400994 3.1435601456632 11.943911451591
"etap[203]" 0.0315816821711182 5.96857177231065 0.0281361171613298 0.0500284239192971 -11.64879183158 -3.19753910113588 0.016864899637369 3.2064171856034 11.8787081812902
"etap[204]" 0.0290466982554197 5.92142536529582 0.0279138668672714 0.0449814466751764 -11.6793278488052 -3.1977841434135 -0.0134143024738501 3.22856539308528 11.728305269189
"etap[205]" -0.0740166062513855 5.8423959277105 0.0275413185257384 0.0430504466238136 -11.8006201599614 -3.22108096313476 -0.0370225017126301 3.09142889347068 11.5665400128356
"etap[206]" -0.00933715116080761 5.88551353659807 0.0277445768832915 0.0422523011943997 -11.8279824734487 -3.21819886107349 -0.00494569632168338 3.19163250281003 11.8465799280345
"etap[207]" 0.0240534056729479 5.73589424940062 0.0270392647994674 0.0354101547811461 -11.2646979622973 -3.14691993415621 0.0318582345648827 3.18404470007051 11.4483888397015
"etap[208]" -0.100058325100793 5.84416526289563 0.0275496592517891 0.0421459524239465 -11.9271934460706 -3.25279002917835 -0.0397235789640568 3.13946632035377 11.3686594900012
"etap[209]" -0.01847733451992 5.86496495409842 0.0276477099364296 0.043597904197976 -11.7361746846728 -3.19121910864731 -0.0547689122275918 3.15109532931142 11.7405413002926
"etap[210]" 0.0943441517608051 5.84386784169433 0.0275482571948004 0.0423348214196927 -11.281236769601 -3.15496947382517 0.0517261664550106 3.25679773891473 11.9382359685181
"etap[211]" 0.0252058499193764 5.98129927756063 0.0281961151964621 0.0443483208251424 -11.8609500379396 -3.22302623203982 0.036226532462029 3.24183778695341 12.0364317714279
"etap[212]" -0.0346845995224339 5.83833912692903 0.0275221945834551 0.0415397446080539 -11.6710545297971 -3.22997611811817 -0.0384236387597079 3.16042373267596 11.5500430939874
"etap[213]" 0.0142862143170283 5.8058999721217 0.0273692749411869 0.0458177169922517 -11.5164442992304 -3.14539013713713 0.0171645532161642 3.15031677544434 11.5263188954015
"etap[214]" 0.0137067729427526 5.76003458881728 0.0271530634508118 0.0415174402681584 -11.6921782780706 -3.15423116523506 0.00922932156337808 3.22724102619175 11.4835265154835
"etap[215]" -0.030195515607412 5.91616837373936 0.0278890851714166 0.0480740290837654 -11.7719703862611 -3.21913987409856 -0.0382520478067946 3.14698230561385 11.8725897181231
"etap[216]" -0.0615112746671776 5.95646259137109 0.02807903393495 0.0513933400150166 -12.0664472380871 -3.28871838634114 -0.00259889046385959 3.1804255799124 11.5488996738055
"etap[217]" 0.0339157985228172 5.7798749413153 0.0272465917694283 0.0427593909265526 -11.3722338880815 -3.14129571535477 0.0360862235506235 3.21076371178093 11.5802468311116
"etap[218]" 0.0117102739489315 5.91634073388619 0.0278898976849408 0.0424071827661942 -11.7202082661427 -3.17537900244946 -0.00436600272110502 3.18202533817761 11.8988931341977
"etap[219]" -0.0254713361873275 5.87138068932025 0.0276779540023073 0.0451282760512904 -11.6672895154374 -3.20423900561329 0.0303593147676033 3.17617901089531 11.4986536589504
"etap[220]" -0.0378632409357684 5.86677831900077 0.0276562582205577 0.0412692368576979 -11.697753473158 -3.19813612936956 -0.0184830499884562 3.16195196669154 11.7167962589297
"etap[221]" 0.0507940428376715 6.00644335968698 0.0283146455363172 0.0454615502914256 -11.5884643108509 -3.16982156124153 0.0224353800101314 3.22767219371479 12.0658314965007
"etap[222]" 0.0311221379029117 5.88201116691071 0.0277280665542504 0.0479793239244223 -11.761974046839 -3.19819116468873 0.0398607122925803 3.25186968267487 11.9316009995151
"etap[223]" -0.0640837403848186 5.8691205036055 0.0276672993846697 0.0452848577677669 -11.7715302116686 -3.25967756182364 -0.0280608251118205 3.10821634907678 11.6155981473405
"etap[224]" 0.0230095382678225 5.96187850233932 0.0281045647840962 0.0534133606463672 -11.8375926760061 -3.16672814660172 0.0351568241036816 3.1806549177281 11.8678925905791
"etap[225]" -0.00590403996106144 5.79043233051977 0.0272963597794157 0.0392207838794064 -11.7388106333958 -3.17522856339078 0.0385733519170975 3.16238265580562 11.6301063551014
"etap[226]" 0.0126943703578523 5.80639504603417 0.0273716087419916 0.040826759943691 -11.5617078052246 -3.2062019716266 -0.00276933022629846 3.20170669341848 11.6645558992259
"etap[227]" 0.04391467032456 5.88353258504426 0.0277352385881121 0.0441723898202701 -11.3960261008937 -3.1626529538044 -0.0242640346465834 3.1567376340664 12.013233730166
"etap[228]" -0.0396166770055822 5.91949407012912 0.0279047626545457 0.0384135707547633 -11.7265254673943 -3.25276073936486 -0.0521871689004131 3.12825294130519 11.8252235784796
"etap[229]" -0.0435670352521435 5.90025314256866 0.0278140600521836 0.042148897947668 -11.7829967861505 -3.2109590472817 -0.000586088076055086 3.1882615960094 11.4962384514018
"etap[230]" -0.0159417648755462 5.89590962987753 0.0277935845369964 0.0444929701745763 -11.7282845869267 -3.23009829486846 -0.00159405874041666 3.17611615637933 11.718929466636
"etap[231]" 0.0349608108444798 5.94954873865666 0.0280464417206933 0.0477397961323562 -11.4995185707659 -3.17569958414248 0.0269767327378857 3.13367563251232 11.9372836439346
"etap[232]" 0.00397063440686113 5.89308262538429 0.0277802579100123 0.0435863622334902 -11.5093923487008 -3.20340337197173 -0.00462125444937397 3.15903816700601 11.798018103455
"etap[233]" 0.0280032025007577 5.81906464624806 0.027431333810166 0.0416604174120722 -11.7965364946233 -3.17707740623274 0.0686802949671811 3.20161533909385 11.5658447785727
"etap[234]" -0.0747427642011569 5.88613818738797 0.0277475215153542 0.0412537207182121 -11.835564384656 -3.23714992062645 -0.0307174608052519 3.18944220164107 11.5038597833667
"etap[235]" 0.00178350441567195 5.84439193680746 0.0275507278028569 0.038251453652427 -11.9059812032296 -3.17578358649199 0.0312761058343012 3.22547536896821 11.6108401981902
"etap[236]" -0.0595270774766393 5.8360944155901 0.0275116129127247 0.039064631573188 -11.7959764074039 -3.21371726161666 -0.0591749661683962 3.17449983699472 11.4603798013611
"etap[237]" -0.026016830586829 5.87278682624949 0.0276845825953602 0.042494429626291 -11.7254091966579 -3.20289614327243 -0.0253832680919715 3.16452910305805 11.5433104638533
"etap[238]" -0.0248160460275743 5.92121546193711 0.0279128773733491 0.0444572896730207 -11.6932054240467 -3.21560988813668 -0.0407805496618295 3.19792798606431 11.6061273168222
"etap[239]" -0.0167289921656543 5.9290555251957 0.027949835785983 0.0533214431563045 -11.6521035685337 -3.17426792965564 -0.0110834452814542 3.15473665124684 11.6989766377437
"etap[240]" -0.101644132654763 5.89624908699111 0.027795184753176 0.0458973988895793 -12.0542872558211 -3.25082348195678 -0.0641273403199757 3.09797151265031 11.502155359909
"etap[241]" -0.0273560928678875 5.91336856276163 0.027875886735894 0.0448435581683195 -11.7576490335801 -3.22344870844908 -0.0339643706998477 3.16530319768661 11.7494010164337
"etap[242]" -0.0972111058237123 6.05093089107674 0.0285243617704768 0.0491540040535071 -11.8284733832279 -3.28339222451397 -0.055481432996748 3.11867228208328 11.6157749476373
"etap[243]" 0.0408134768303855 6.04559727190016 0.0284992188485566 0.0531590099277701 -11.7778186871855 -3.15902409932765 0.0104685296674537 3.22564108428292 11.8801324798084
"etap[244]" -0.0017197128361119 5.89689849214215 0.0277982460784163 0.0416045630043014 -11.8156576097056 -3.1334762333448 -0.0158361801229747 3.1349452854755 11.8582517387587
"etap[245]" -0.0202867413235212 5.97712232541987 0.0281764248552393 0.0460087353728998 -11.9084957125225 -3.19315036067231 -0.00424943166582125 3.21624032888735 11.6326693765243
"etap[246]" 0.00975528102909648 5.99578718938263 0.0282644118677592 0.0495748856855378 -11.8871046450712 -3.17636793716465 0.013048973504629 3.18371052827288 11.8111686356898
"etap[247]" 0.0182775543922218 5.97261727478019 0.0281551878428599 0.0432154897653593 -11.7409759654396 -3.16778981531184 0.0126891158150388 3.18716204059946 11.8453675565347
"etap[248]" 0.0737746243444807 5.85997245061681 0.0276241750493166 0.0459704107065395 -11.4832112512852 -3.11320027004357 0.0265195507497647 3.21218540658372 11.8303563393882
"etap[249]" 0.0269021187475142 5.87197919034505 0.0276807753631952 0.0403757683215881 -11.6876758719947 -3.16734634563817 0.0433818035736011 3.25052694260412 11.8024710120407
"etap[250]" 0.0437862833621993 5.87762929266275 0.0277074102009502 0.042062943770211 -11.6244855223568 -3.17231127528918 0.0132285881455822 3.24577821481214 11.929973661081
"etap[251]" -0.0411753920570262 5.86540609186796 0.0276497894798181 0.041788749271971 -11.9190300953291 -3.16906754110824 0.0166037459312267 3.14059079568313 11.6229354498383
"etap[252]" 0.0841279614586803 5.92328002001544 0.0279226097934647 0.0449598243963315 -11.581139238014 -3.15146478773986 0.013807587367668 3.22366125133482 11.9389675970372
"etap[253]" -0.0035677362647628 5.96616392624498 0.0281247664661225 0.0459584711581982 -11.994390128453 -3.20312820939425 0.0164387676747736 3.19187941256402 11.7021755647537
"etap[254]" -0.000488812344420827 5.89040632229756 0.0277676416962714 0.0423346879691261 -11.8588223117508 -3.18132639924552 0.0143004188473418 3.17742165537999 11.5859401067967
"etap[255]" -0.0657594239942712 5.87714758133952 0.0277051393919953 0.0445434916545471 -11.9123043663867 -3.21257372836737 -0.0158507380227975 3.15149762868437 11.4810650000631
"etap[256]" 0.00146134078426704 5.90970698903566 0.0278586259118177 0.04312066421454 -11.6912608981041 -3.19029362345593 0.0200476328970329 3.22481785508817 11.7255412839865
"etap[257]" -0.00829458811205299 5.87353535781973 0.0276881112070219 0.0436483360912731 -11.6028948518379 -3.19422812605358 0.00556370831160735 3.18102768521975 11.6110027221572
"etap[258]" -0.00202039803895334 5.93198796301275 0.0279636594304219 0.0430359927355231 -11.7986136846954 -3.18716088308914 0.00299431606627611 3.16868220034152 11.8316736151073
"etap[259]" -0.0131296856073413 5.93193408610808 0.0279634054522577 0.0445404671809651 -11.8209401554339 -3.18444144890002 -0.00174091512886221 3.16639516442609 11.7471728234835
"etap[260]" -0.060509992396648 5.79992236444405 0.0273410962283594 0.0393721241948774 -11.7482737457331 -3.1676021257649 -0.0785188803788833 3.11671283240752 11.5228795904308
"etap[261]" 0.0140209128964969 6.02400091260746 0.0283974126345246 0.0444057365335838 -11.7215551339989 -3.18779371415831 0.0255876785833091 3.21784475444671 11.7469208443572
"etap[262]" 0.0100947443536184 5.94853018449032 0.0280416402103065 0.0405762249673468 -11.8081254183163 -3.21567773321643 0.00330005033366523 3.22158602568878 11.8373081474106
"etap[263]" -0.0180309315174604 5.85837960036752 0.027616666281232 0.048744393686536 -11.8770038866935 -3.12077702464357 0.0104938998663081 3.17022741219301 11.4938148501301
"etap[264]" 0.000832891272391995 5.84529068314691 0.0275549645337315 0.040069874114647 -11.9325261974348 -3.17060407326594 0.0277118549830496 3.25899008359818 11.675595536169
"etap[265]" -0.049252571860537 5.81155447745323 0.0273959305349482 0.039966507388738 -11.7896537386683 -3.18783145323325 -0.00448177320320386 3.11385349728403 11.7108866325553
"etap[266]" -0.0483180063811952 5.76940990661358 0.0271972591227421 0.0408709866874062 -11.8029802507617 -3.16025526011179 0.00144443934261707 3.15389589755186 11.4303084953515
"etap[267]" 0.0364804830187693 5.88434358993556 0.0277390617018335 0.0445816564211011 -11.4712373293177 -3.19364459855857 0.000710493319252436 3.20090664711018 11.7756796507493
"etap[268]" -0.00399965569308906 5.83858646746623 0.0275233605579292 0.0379719342105499 -11.7643610976849 -3.19060422023364 -0.0202142612278954 3.20669600799489 11.7394677184657
"etap[269]" 0.0245470432652379 5.89521130730896 0.0277902926128385 0.0364492400828254 -11.601537973363 -3.18207847824721 0.00441586004712563 3.17796825896337 11.7297912647139
"etap[270]" -0.0612620608839261 5.88797526033411 0.0277561815602725 0.0375362023278132 -11.8802846770993 -3.20396965114486 -0.0371612777639473 3.14259593974091 11.6533274575206
"etap[271]" 0.0114236756124028 5.84654685738797 0.0275608861958929 0.0413112174997874 -11.4890328761956 -3.25059511204504 -0.0155085810762653 3.1813287922299 11.6510276657924
"etap[272]" 0.0330244592664029 5.75558265792335 0.0271320768473153 0.0482958371960853 -11.4336635287178 -3.18482024988797 -0.0082360279481722 3.17806979046001 11.676724474163
"etap[273]" 0.0166295510662129 5.88487993201997 0.0277415900426663 0.0452392643347048 -11.682572393176 -3.16202421907098 0.0513962573467256 3.2535135825942 11.6502580307344
"etap[274]" -0.0262250582891538 5.92641306601983 0.0279373791139679 0.0410821666716765 -11.9090840463308 -3.18736205572587 0.0341263016030069 3.15410314797276 11.6166130269612
"etap[275]" -0.0827030136480711 5.96280770733078 0.0281089450984334 0.0461933394224761 -11.9171299350436 -3.25017269108886 -0.00986435799865912 3.18791888035102 11.5537656944064
"etap[276]" -0.0113670626960293 5.87102543471171 0.0276762793160223 0.0454778473963713 -11.6176081351026 -3.1713234941876 -0.0139508779261969 3.18302046397354 11.4963881405974
"etap[277]" -0.0786394900943652 5.85666572290452 0.0276085869853907 0.0442182263589394 -11.8216087428975 -3.22917927918268 -0.0554330519057763 3.13440088751458 11.3732382963668
"etap[278]" 0.00919580465966498 5.87402461043708 0.0276904175659782 0.0400689988453065 -11.5394111085914 -3.13799236135389 -0.0272462656132769 3.14387459678876 11.632028572124
"etap[279]" -0.0631427267654788 5.9141204457831 0.0278794311464483 0.0410658738516987 -12.0134106079555 -3.21010542576587 -0.0338674143142226 3.15971472364653 11.7433904445086
"etap[280]" 0.0312129083675617 5.88362745779671 0.0277356858225561 0.0442206283085774 -11.4822016282638 -3.18826494292464 0.00496178986531531 3.22104852842212 11.8375005041459
"etap[281]" -0.0752921943463178 5.92490943748198 0.0279302909410645 0.0424358830527377 -11.9263088116084 -3.2280358619697 -0.0215440129376772 3.14975484012978 11.4170295679829
"etap[282]" -0.0417882500791426 5.86869856617839 0.0276653103525634 0.0482497427254452 -11.7048710956239 -3.15877701143453 -0.0290370715600292 3.11128616910179 11.6412535904751
"etap[283]" -0.0292110580857027 5.85842596207119 0.0276168848323991 0.0445678404191372 -11.8230061227196 -3.2011984817308 -0.0420490013485563 3.15388422536219 11.654257364806
"etap[284]" -0.0103301703502137 5.88968217868913 0.0277642280505643 0.0413895277448198 -11.6894564195632 -3.21007752507021 -0.0585205989567454 3.1590493133371 11.8843442885653
"etap[285]" 0.030820363979495 5.88207012836597 0.027728344501216 0.043871835513689 -11.6538630293514 -3.14421096367414 -0.0130104420366524 3.16142593628021 11.7378196901155
"etap[286]" 0.0712016043703957 5.92732481125321 0.0279416771222161 0.0476985875550998 -11.5609737663849 -3.15042886115191 -0.0032171544392358 3.22840582904737 12.2124816550105
"etap[287]" 0.0146549325754444 5.9166477173975 0.0278913448190912 0.0441440513665012 -11.7382225794143 -3.15391114002813 0.0185580748111999 3.2415779501239 11.6932306117289
"etap[288]" 0.0163497422277492 5.90083089620666 0.0278167836089522 0.0415229593895043 -11.5437829817946 -3.16443759560622 0.017141532122155 3.1950596158271 11.537760978427
"etap[289]" -0.0513397066719152 5.85432855879203 0.0275975694881061 0.0418403781267253 -11.89798268795 -3.25163853355564 0.0032141768663808 3.15861169835137 11.4963980690999
"etap[290]" 0.0718305161820612 5.87689744827719 0.0277039602534315 0.0464417861182623 -11.5957837514309 -3.1416196358868 -0.00779137465971308 3.17455160435378 11.9844666932762
"etap[291]" 0.0143330292940511 5.89052476052082 0.0277682000194102 0.0544186962286649 -11.5478326507289 -3.15003214555827 -0.0179529045506371 3.1787800809509 11.6891800988048
"etap[292]" -0.0185503615673888 5.84930040416561 0.0275738665398848 0.0431750796150594 -11.8312709877595 -3.21933710729724 -0.0183650437859577 3.14622342698584 11.7788474942938
"etap[293]" -0.0257447251536113 5.86891844209162 0.0276663468575585 0.0421343199906913 -11.9129829948175 -3.2191241182655 -0.0125524360467969 3.17776493705367 11.6258397617343
"etap[294]" -0.0171277371673511 5.91659994539202 0.0278911196196977 0.0434697690241563 -12.0885595803668 -3.18922120704629 -0.0069355751588829 3.21275453551011 11.8343899582552
"etap[295]" 0.0237335886622446 5.85288642879148 0.0275907712220878 0.0419128158647698 -11.7375872046561 -3.11981867180728 0.014056217478183 3.20166665570328 11.9536408625891
"etap[296]" -0.0475193432922033 5.94262834029728 0.0280138186499704 0.0445464823621248 -11.9384014057036 -3.23788757519861 -0.0201345765359326 3.20246779765696 11.5400982925974
"etap[297]" 0.014885499282486 6.00325591808028 0.0282996197924856 0.0494544448102097 -11.8719521659619 -3.20204086698339 0.003036573883967 3.20638425630239 11.7699556705118
"etap[298]" 0.0539033382108907 5.94355325095402 0.0280181787206196 0.0438936970983299 -11.7449620251366 -3.19359697851563 -0.0254116703252614 3.18353048710232 12.1454196057088
"etap[299]" 0.0202837238040857 5.8780419425844 0.0277093554513358 0.0423942984280655 -11.6933895229951 -3.16031012200271 0.0382895948250455 3.21262344048039 11.7658366385939
"etap[300]" 0.0245336593051976 5.85467430423646 0.0275991993477615 0.0441044302321254 -11.6267084973588 -3.14734802963158 0.017887262887453 3.18586553644082 11.5146754980632
"mean.p0" 0.751094365532217 0.25696267326501 0.00121133365851674 0.00408186756225612 0.260147513195864 0.582571078333344 0.748210435004279 0.910445028903341 1.27939804049302
"mumup0" 0.845077368890434 0.0323310818518134 0.000152410181470097 0.000383008577674353 0.780698023055398 0.823525309021818 0.845432348758281 0.867091415068438 0.906988412756967
"mupsi" 13.6392619212615 1.43922270045114 0.00678456087417742 0.00853836005792017 10.9036646672613 12.6505643652607 13.6065962667336 14.5911353305849 16.5411725519109
"ppo[1]" 0.643381030450459 0.103536488567158 0.000488075687773873 0.00118507296234616 0.402466831455671 0.5878199270775 0.655851342462948 0.710684945556046 0.821940919791072
"ppo[2]" 0.683428740832596 0.0954949323366584 0.000450167428161345 0.000928593283209784 0.473118214481211 0.62893929692091 0.686945904506516 0.743509515422336 0.865106728964177
"ppo[3]" 0.68289891714171 0.0964457752986064 0.000454649744869591 0.000952059860179069 0.47035044791399 0.628008645288735 0.68707546482277 0.743601586182423 0.866149442550399
"ppo[4]" 0.683882194257712 0.0958725071491139 0.000451947332896628 0.00093859587816384 0.473928449639902 0.628399339038811 0.687252437962282 0.743568293445848 0.867640385249352
"ppo[5]" 0.720181996623428 0.0948555627969013 0.000447153411246369 0.00142777846871737 0.530678913454543 0.658976509553804 0.715031921214065 0.782903976318146 0.908722008936169
"ppo[6]" 0.71996812245115 0.0952462113946611 0.000448994946396615 0.00144534276714165 0.52919312585772 0.659258831292019 0.715377513073639 0.783101940185523 0.906332024804278
"ppo[7]" 0.721425918482412 0.0941609524066849 0.000443878986465004 0.00141065150520735 0.535003381515784 0.660281835124143 0.716182375368454 0.784479860750376 0.907448385367815
"ppo[8]" 0.601580695959462 0.117169895827545 0.00055234418593719 0.00213450791555073 0.326229443625674 0.534628727272436 0.624165138733891 0.685334582056855 0.783559076864351
"ppo[9]" 0.719092840569188 0.0942330050780044 0.000444218646014955 0.00144846272487899 0.533074601701543 0.657110595753835 0.714556349878096 0.782479643981144 0.905469173370895
"ppo[10]" 0.683867604908323 0.0961317912123898 0.000453169609692601 0.000950718730700858 0.474837559901602 0.628230255446364 0.687240483302943 0.744809966018682 0.866963036504947
"ppo[11]" 0.720221092827947 0.094948197326263 0.000447590094605593 0.00144125935491868 0.531852919227353 0.658692426959383 0.715375230698099 0.783382992780296 0.910424806359125
"ppo[12]" 0.68342834349253 0.0962744575525322 0.00045384214526968 0.0010130057282345 0.47474229296083 0.628150374802926 0.686732622458295 0.743713001464665 0.868245280883135
"ppo[13]" 0.681627631043924 0.0969333721217758 0.000456948298337245 0.000931909013272855 0.467905281896631 0.627179126790819 0.685814806744646 0.741890282247457 0.864601224242599
"ppo[14]" 0.560919127379557 0.133286097171324 0.000628316687651549 0.00310138587781501 0.251265389244069 0.478851141233452 0.586518587416901 0.662672154078666 0.754280059700274
"ppo[15]" 0.642765023518387 0.104101631493896 0.000490739797079445 0.00119774539041619 0.400755938758592 0.584926706069958 0.655185987222597 0.710524395365187 0.823575340977364
"ppo[16]" 0.560319536698029 0.134070770898037 0.000632015675072734 0.00304156322095859 0.249365880467712 0.477736572864337 0.586280882683628 0.662879453405887 0.754874387204972
"psi0" 0.999996842557843 0.00000669587752116484 0.0000000315646693414015 0.0000000431578548083952 0.999981609623708 0.999996794259891 0.999998767662146 0.999999539584174 0.999999934497178
"sdeps" 0.516767247116922 0.332352750582748 0.00156672589122042 0.011060740673284 0.031522113783298 0.261278822000861 0.475403867680052 0.713353365436033 1.28685910601516
