"Mean" "SD" "Naive SE" "Time-series SE" "2.5%" "25%" "50%" "75%" "97.5%"
"N" 37.6391111111111 1.42641118501654 0.0067241668112369 0.0204876437500756 36 37 37 38 41
"betapsi[1]" 0.0292364795883492 2.78277471724705 0.0131181258205324 0.0191720159725995 -5.998153318699 -1.28470598944214 0.00589534110696903 1.3211300543636 6.12932087959156
"betapsi[2]" 0.0189213317392425 2.7864194576043 0.0131353072913476 0.0190496117587968 -6.00827852803927 -1.29543633063006 -0.00417761241245162 1.29905514144253 6.16258166984971
"betapsi[3]" 0.00089147635878588 2.78836751917902 0.0131444905416786 0.0194184295451341 -6.06727591262664 -1.31762382488211 0.000242970070312751 1.30967851826372 6.06192308184886
"betapsi[4]" 0.0346350756734002 2.79376542869757 0.0131699365311773 0.0196586053094381 -5.93872629997858 -1.30839926828515 0.00481151360665542 1.34028281434461 6.21818891317958
"betapsi[5]" 0.0354506150463544 2.74976677113803 0.0129625248703543 0.0192222913560727 -5.88407351447748 -1.28688235637901 0.00836103545169355 1.34307496392772 6.0262305702585
"betapsi[6]" -0.0184118494917219 2.81491962817475 0.0132696583838499 0.0198011290218392 -6.18335436829929 -1.31869750875614 -0.00694096962161482 1.28888804512932 6.11180564838422
"betapsi[7]" 0.0325670125428488 2.76961959043094 0.0130561119580055 0.0190459292399886 -5.85080409292616 -1.29398786675046 0.00242718692861812 1.32950819779851 6.13549977721124
"betapsi[8]" 0.0196434319240932 2.76106122460521 0.0130157674345972 0.0193472074797423 -5.90580304327923 -1.28524827060511 -0.00221308689878503 1.29603176346012 6.07816170757116
"betapsi[9]" 0.0251628241153116 2.78362483719642 0.0131221333244059 0.019362115462545 -5.97779906213776 -1.29419677825376 -0.000077481781352653 1.34147613725754 6.08500387362426
"betapsi[10]" 0.0335143509498739 2.76735535529589 0.0130454382512176 0.0191530512818582 -5.88633543689529 -1.28832346139256 0.00668564196666547 1.32992941272518 6.09708944616828
"betapsi[11]" 0.021622051010813 2.79786030464752 0.0131892399615261 0.0195476816708391 -6.06416097952924 -1.28877112506244 -0.00485794009748679 1.30729734915938 6.17842263389063
"betapsi[12]" 0.0329619944293854 2.78135036673313 0.0131114113678179 0.0195220412057966 -5.93259172545364 -1.29613135734616 0.00620894174255687 1.33125129056979 6.16578436898325
"betapsi[13]" 0.0292425556718816 2.78627656943489 0.0131346337100573 0.0193066857652802 -5.93655680627179 -1.29907377964917 -0.00488643652278882 1.30097862354968 6.26420930225083
"betapsi[14]" 0.0278439529419334 2.79966066767422 0.0131977269542246 0.0207497607112541 -5.99186529161574 -1.28615563117426 0.000187017102296741 1.30712562559789 6.25292462639437
"betapsi[15]" 0.0163106612167346 2.76559491746298 0.0130371394676875 0.018971580696757 -5.94797981236509 -1.31137091748052 0.00148281729192713 1.31253842103665 6.10617758321732
"betapsi[16]" 0.0446400919536193 2.79720190352412 0.0131861362288655 0.0188105201016126 -6.01844170663074 -1.277672646437 0.00841093303348379 1.34314564419588 6.20824664946689
"etap[1]" 3.21947416678038 3.69278462045136 0.0174079536438837 0.0739530128916217 -2.74882047329055 0.917545734075316 2.72071221804145 4.93709833650624 11.9844533536236
"etap[2]" -1.55038805365232 3.3019432160929 0.0155655095946147 0.0373821808914617 -9.08021313386812 -3.18458968800172 -1.31591271663207 0.352886595695499 4.43981560983403
"etap[3]" -4.00401325807648 3.79818551051644 0.0179048182046044 0.103963907846286 -13.3683651259501 -5.72830151976675 -3.41307663682791 -1.60263976349527 1.73425634993994
"etap[4]" 3.17978787609183 3.69536938634401 0.0174201383471535 0.0764493923942889 -2.70857305273591 0.856700775075625 2.66113832655406 4.9035121316444 12.0501420916592
"etap[5]" -3.95054736564604 3.75995661616585 0.0177246054683873 0.10013939031842 -13.0534226750817 -5.65977132925618 -3.37165892370884 -1.55814223033542 1.78573140613057
"etap[6]" 3.17348151534814 3.64262439660206 0.0171714960810192 0.078088611213108 -2.67787161541618 0.894383176161132 2.65944644428507 4.93919647780775 11.963430907566
"etap[7]" 6.34589357261426 4.78286469671599 0.0225466404036374 0.170045850796106 -0.316990527748999 3.20992955257907 5.46203435704241 8.44401754076308 18.324448121116
"etap[8]" -1.56428342741034 3.26033052689426 0.0153693454965096 0.0363220708006181 -8.7585737032053 -3.19574010852926 -1.32430759133543 0.297504986744763 4.37037419441915
"etap[9]" 3.18955354049605 3.72537139046165 0.0175615691508919 0.082445250535522 -2.69761067867259 0.891666917222574 2.66741516938301 4.89262772763593 12.1849501333832
"etap[10]" -3.98641898358627 3.74350140325528 0.0176470348508211 0.0991038993094665 -12.8745900933431 -5.72775411094641 -3.40807474609427 -1.60597933957947 1.76865895615988
"etap[11]" 6.30577922281345 4.71064161813562 0.0222061775461551 0.161791586634405 -0.268686171798107 3.18830006835484 5.42092654911894 8.41681124883961 18.1110736081868
"etap[12]" -3.96907303841268 3.7540253056166 0.017696645002316 0.0971568397257226 -13.1875349843709 -5.68158068491353 -3.38086013739481 -1.59483694760849 1.75670963210662
"etap[13]" 3.21103718914707 3.71795132835687 0.0175265906426845 0.0871346500033107 -2.6296333159073 0.915291979494549 2.67177515653644 4.89755549358782 12.1711012809122
"etap[14]" 6.36857250952501 4.87688362021818 0.0229898498594258 0.187964652190285 -0.277835537079539 3.20255834805496 5.44122524384476 8.42541762601779 18.5297133135249
"etap[15]" -3.97330559961214 3.81675968590807 0.0179923777071002 0.106002412553047 -13.4311853663875 -5.68002267098265 -3.3634015814261 -1.56524080185436 1.79466811657498
"etap[16]" 6.39068324761536 4.78720185833502 0.0225670859795836 0.185671700381376 -0.18089640469861 3.23957075032529 5.45300934042559 8.4840103443027 18.3783044453759
"etap[17]" -3.95755672001131 3.79125376532996 0.0178721416444256 0.0916773612536496 -13.1106062869493 -5.69432430698442 -3.36410530662306 -1.55280189800209 1.84390798130008
"etap[18]" 0.703185281736075 3.22294352895039 0.0151931014980141 0.0266159839382898 -5.46648216975005 -1.13398555069177 0.562277979642742 2.37232189992654 7.7023994932581
"etap[19]" 6.37455836681983 4.7760022261242 0.0225142904070298 0.174910323191463 -0.170114634116097 3.22878529854281 5.44113927338522 8.45858429792442 18.3398644209362
"etap[20]" 6.35345210149586 4.82095394091351 0.0227261948227197 0.188608625589485 -0.315748919980743 3.19059213151998 5.43718729797442 8.46091596039116 18.4418533271895
"etap[21]" -3.94393211148364 3.80575340798022 0.0179404936153775 0.101537932511226 -13.1388390007791 -5.65750606647209 -3.38848922748851 -1.54818867051151 1.79276510011479
"etap[22]" -3.96895013773133 3.80335403542144 0.0179291828646648 0.10562719440093 -13.2231544271299 -5.61119273231075 -3.37032672444629 -1.59216386621656 1.7273390320829
"etap[23]" -1.54779432905104 3.3070058427651 0.0155893750456182 0.0424741591879758 -9.01219309389954 -3.1733250236066 -1.30513652440069 0.340255126280065 4.51505346378981
"etap[24]" -1.5914287688852 3.34073405682392 0.0157483713714736 0.0382446877790126 -9.02424936349296 -3.21716651187265 -1.33806723925418 0.325653208400337 4.40252589386589
"etap[25]" 0.702120353307181 3.25004037412634 0.0153208372511653 0.026870677464056 -5.49364191582037 -1.11597056330245 0.562634534649384 2.37183196852873 7.7130068399526
"etap[26]" -1.51556522006497 3.29145505115756 0.0155160679109615 0.0427211677311681 -8.78277363136196 -3.12762693024864 -1.2971464826513 0.367270503568627 4.43094220664349
"etap[27]" -3.95510286558758 3.76500038048919 0.0177483820014256 0.10046897024898 -13.0601489579321 -5.70090052150445 -3.36836439021478 -1.5662127903186 1.73550285910008
"etap[28]" -3.94491809920397 3.75055827835045 0.0176803012790463 0.100280298260551 -13.0929536904282 -5.70320401235529 -3.35292701406307 -1.5451741243285 1.76637462586062
"etap[29]" 3.20602435310804 3.76053694371169 0.0177273411586738 0.0797467726447588 -2.68854455681773 0.890180398611754 2.66349610779984 4.90730523548376 12.1866023116466
"etap[30]" -3.95621432185898 3.72178618578457 0.0175446683339646 0.0952855551944021 -12.8168608970986 -5.69653225745336 -3.38168924229313 -1.59251511840516 1.79866728748915
"etap[31]" -1.50713588637346 3.26123652592564 0.0153736164169019 0.0352255179443351 -8.79896826206342 -3.13760665555274 -1.28412620802523 0.36744211403374 4.47394260675678
"etap[32]" 6.33930832520308 4.72386150838061 0.0222684967064136 0.175516570426671 -0.186324544212694 3.21412639112866 5.43950126224745 8.47637066207968 18.0433410859387
"etap[33]" -1.53617344746565 3.20724162015216 0.0151190819900888 0.0364755187909036 -8.67455818152935 -3.13636575794435 -1.31727457122496 0.337585298455832 4.25463716501737
"etap[34]" 6.3962368132199 4.75392998637069 0.0224102408709919 0.174617881956153 -0.150400702174565 3.22803846987289 5.45902716550979 8.54046091504794 18.2067314051199
"etap[35]" -1.52053482007504 3.30019963526669 0.0155572902757763 0.0367477881768435 -8.87755232372298 -3.15422191929102 -1.28956558919191 0.359817754537859 4.53148654713562
"etap[36]" -3.94442116763825 3.7777350733155 0.0178084139191177 0.10367752319295 -13.012773415874 -5.65082564744703 -3.37419976439466 -1.57888683429453 1.84054583291306
"etap[37]" -5.2946645153423 5.87758345038484 0.0277071940983796 0.12186482781248 -18.1799948795429 -8.15265260153181 -5.00610092828633 -2.34865298595401 6.39362838325114
"etap[38]" -3.24000625488749 6.35803644562654 0.0299720712382249 0.0839267692307223 -16.5359503179135 -6.68613881688963 -3.29218889866005 0.431815027008027 9.35272675108893
"etap[39]" -1.54820029835514 6.2652153575826 0.0295345084329384 0.0623213162580842 -14.3762502768126 -5.09985109432486 -1.5466173289827 2.20829531929327 10.7701737910198
"etap[40]" -0.649776923723134 6.01488574665714 0.0283544433301571 0.0476075161918306 -13.0168015054471 -4.08030901370545 -0.586226027659892 2.81865876274218 11.3257233981885
"etap[41]" -0.304617185699318 5.83461293887486 0.0275046291645146 0.0404972109661554 -12.2008312030554 -3.59530596558689 -0.283218500853138 3.03721759680973 11.4314562526431
"etap[42]" -0.111546293006837 5.91879469001283 0.02790146574506 0.0398915583099207 -12.1838096335337 -3.34715278912751 -0.072958313724253 3.20565511983447 11.8727972561412
"etap[43]" -0.0762920215797482 5.85712677651566 0.0276107604129568 0.0379209029378795 -12.1726269128033 -3.31107178184215 -0.0582934678218975 3.21895372671686 11.6209529460242
"etap[44]" -0.0142065014891421 5.77132090878167 0.0272062676733548 0.0377223583478907 -11.7901857197469 -3.26061476919926 -0.00162571586893758 3.25400286284774 11.7341504860922
"etap[45]" -0.0277792895865874 5.80831633460767 0.0273806657831845 0.0378261624655108 -11.8550724833197 -3.26071717039444 -0.0347783340513745 3.21290178370738 11.9881794834511
"etap[46]" 0.00972491497373402 5.77807376236913 0.0272381009304485 0.037004306215415 -11.760803459328 -3.19714486545941 0.00570760271886892 3.24158104972526 11.7587277243473
"etap[47]" 0.00225127746381894 5.86028637592465 0.0276256549074097 0.0383630262749802 -11.8803103455406 -3.2381215716117 -0.00389837680876005 3.2332409907514 11.9049623569039
"etap[48]" -0.0330179372943312 5.80609433502494 0.0273701911766996 0.0376519815107504 -12.0868209850294 -3.24306722640763 0.00211104017259218 3.24910224015811 11.7037217807267
"etap[49]" -0.0345865059891428 5.79834205308258 0.0273336465691588 0.0377413910542771 -11.8368910033363 -3.23120606200629 -0.00368254627892065 3.19387033178877 11.7062868011469
"etap[50]" -0.105693738890629 5.97976149038575 0.0281888659981996 0.0420361800183918 -12.3113056487891 -3.32736096200086 -0.106903678059211 3.1891174700345 11.8408264218866
"etap[51]" 0.0199492603077461 5.84189372098126 0.0275389511005131 0.0395526420622186 -11.7274102436085 -3.23574833830536 0.00801908087680267 3.24606512577737 12.0153944458516
"etap[52]" 0.035003116485666 5.75618422606794 0.0271349126667445 0.0384965393546966 -11.6150767479186 -3.18266144102999 0.022025505760352 3.25102908376167 11.7755605049728
"etap[53]" 0.0433558189697883 5.84528668997815 0.0275549457097534 0.036005252824784 -11.7917357334297 -3.16937187421063 0.0381451486129962 3.28579093212147 11.8969968740948
"etap[54]" -0.00894126724885466 5.80093327698865 0.0273458617157958 0.0368847459638302 -11.7211223018307 -3.25737365677227 0.0299017418622935 3.24014651903598 11.4811534778389
"etap[55]" -0.00518458713255203 5.89419229432167 0.027785488939549 0.038321262367133 -11.9940863938518 -3.29821124267737 -0.0321183961235753 3.29157887990095 11.8856889040683
"etap[56]" -0.053063269669797 5.78553622579286 0.0272732793203904 0.0370892430066158 -11.8254700844432 -3.31269306462886 -0.00460814065612614 3.20226800404983 11.7046972704809
"etap[57]" -0.00501733851650501 5.82139222177674 0.027442306106433 0.0403032887026726 -11.9269102152441 -3.21475460888401 0.0127057199789471 3.23690382116557 11.8088798257812
"etap[58]" 0.0244123051636861 5.83422312600765 0.0275027915690359 0.0368606715775682 -11.7526028263912 -3.31142952599977 0.0148636775596409 3.32795538139064 11.8426800856143
"etap[59]" 0.101887130160856 5.78109783259955 0.0272523565342266 0.0375715135428199 -11.5642985289631 -3.1928042099143 0.084683425783609 3.29544257016193 12.0795388800772
"etap[60]" 0.0298232251261642 5.75882505649718 0.0271473616607744 0.0369619144697699 -11.6189129846785 -3.22069121490602 0.0272396313629392 3.28569214978702 11.815482761417
"etap[61]" 0.0316306253210969 5.81917313553927 0.0274318452335894 0.0381428134533328 -11.7000472120798 -3.26520206877376 0.0218853963190186 3.27093177970904 11.9741608447834
"etap[62]" -0.0350219753886097 5.81992664592334 0.0274353973156045 0.0398688089177512 -11.9562106453493 -3.27809630807702 0.016044814816241 3.2440769619872 11.5892719253908
"etap[63]" 0.0194943610455829 5.83370439899504 0.0275003462664479 0.0390160808673891 -11.8654147209696 -3.28370561365779 0.0317768454277804 3.3114698034272 11.7514134351502
"etap[64]" 0.032032151014768 5.83092453530883 0.0274872418633593 0.0381107324218099 -11.7645070404329 -3.23732994699295 0.0242011712390353 3.27381027517769 11.8786059273972
"etap[65]" -0.00662626665841767 5.77497675013765 0.0272235014747799 0.0376150466727099 -11.7612920485002 -3.20908626603409 -0.0305179925489311 3.21944525236146 11.5997155666122
"etap[66]" 0.0277649525791557 5.79379349370592 0.0273122044546264 0.0373332293807301 -11.8014705462471 -3.18903512665024 0.0339300246387929 3.22927533913034 11.9196306634208
"etap[67]" 0.0151735241981178 5.85983192392104 0.0276235126001199 0.0368066830121191 -11.8654935076077 -3.25333390344604 -0.0074405181715214 3.29635132783041 11.8126968449954
"etap[68]" -0.033290861897537 5.76929999221559 0.027196740981301 0.0377173106386912 -11.7562114556913 -3.21602124970361 -0.0767396814477289 3.17310058716109 11.9708575652796
"etap[69]" -0.0121231323620546 5.86268809834053 0.027636976735455 0.0394745966334452 -12.182068181728 -3.23897926089125 0.0452719150346261 3.28813195137756 11.7056573714043
"etap[70]" -0.0395553447967181 5.83019907163926 0.0274838219948242 0.0370610562359303 -11.9252185231548 -3.25667447708035 -0.0208879285681319 3.21059854532322 11.6112637314233
"etap[71]" 0.00608112734999987 5.88307974532514 0.0277331038812042 0.0407758009727086 -12.0649889161755 -3.22288443559115 0.0528337613951664 3.31117494914989 11.8084584528787
"etap[72]" 0.0174521217146896 5.76803483680684 0.0271907769815091 0.0368004132630636 -11.7191061075562 -3.20430181226989 0.0380603666582808 3.26986523705655 11.8285931012791
"etap[73]" -0.0292125627866655 5.82158293345538 0.0274432051299078 0.0392486298199496 -11.9902957401886 -3.24927722926825 -0.00388386657022256 3.24144787956614 11.7897939785752
"etap[74]" -0.00704254135332164 5.86396906165484 0.0276430152544284 0.0393402978308725 -11.705380601402 -3.29755613980467 -0.0400071997352609 3.23606214822031 12.0518250961792
"etap[75]" 0.0202353020550369 5.75002171973613 0.0271058623333024 0.0372747408401096 -11.6529644734952 -3.2363419700524 0.0191365549276851 3.26926955910741 11.6523433275251
"etap[76]" 0.0305785570803048 5.84423112628215 0.0275499697347707 0.0380105229421662 -11.7709170924294 -3.2542787140855 0.0320728217792866 3.27850891018613 11.914059789066
"etap[77]" -0.036114924651381 5.86163462599201 0.0276320106191788 0.0387596728272492 -11.8814418501787 -3.27308797542108 -0.029821010933459 3.20868221584255 11.7463800182558
"etap[78]" -0.00854712108896535 5.83249871174205 0.0274946626022307 0.0395555447722755 -11.7643828433398 -3.23948879932518 -0.006064180504767 3.20097738847717 11.8307229708829
"etap[79]" 0.0617267583037477 5.81575926068865 0.0274157520732094 0.0383223995505495 -11.3931345591928 -3.23896293161736 0.0669172299875898 3.28278050563787 12.0360389734488
"etap[80]" 0.0264422353287095 5.7581291554224 0.0271440811516477 0.0377691444670929 -11.5824593749838 -3.24743338223015 0.0288217757142777 3.28782109633927 11.7603643049732
"etap[81]" 0.0325301110173957 5.83621426983472 0.0275121779110522 0.0357318471340621 -11.6910893170141 -3.2464305917491 0.00892704234189704 3.31302625451455 11.7171637081065
"etap[82]" -0.0353297107226712 5.85346736407072 0.027593509777257 0.035784826432673 -11.8545024794886 -3.32361410462396 -0.0234450017527063 3.22672292581109 11.899286976006
"etap[83]" -0.0103772756726121 5.76210701713284 0.0271628329715815 0.0373639984006157 -11.6157226522742 -3.2944293713645 0.0175102469215991 3.25037891777011 11.6075076288781
"etap[84]" -0.0098705733383975 5.85915362497402 0.0276203150682192 0.0394406203885767 -11.8895586522833 -3.23894781793486 0.00316156365085787 3.26135574274231 11.8538259003206
"etap[85]" 0.051579509217323 5.8065853313698 0.0273725057556661 0.0362701856380762 -11.5344928667903 -3.22166409388012 0.0278545425032971 3.3094091894906 11.9297104277205
"etap[86]" 0.0454362056145926 5.85841371023623 0.0276168270766952 0.0389290170952165 -11.7554396240622 -3.2414796580516 0.0364547184045921 3.28516574784107 11.9955630770588
"etap[87]" -0.00224615697078434 5.7690832572584 0.0271957192829146 0.0371575580065726 -11.6824437698106 -3.21425835527365 -0.0124728138713711 3.23446020112615 11.7023729769601
"etap[88]" -0.0242169397417997 5.75081534103454 0.027109603499981 0.0375224084144606 -11.6570636151569 -3.27446107597835 -0.0306623107862602 3.20828750040063 11.6025934565666
"etap[89]" 0.0367153803132198 5.78358991415867 0.0272641043193581 0.0378888460395888 -11.6277039766481 -3.20077716069636 0.0070816350847244 3.29327424178909 11.9150184096395
"etap[90]" -0.0518700880813285 5.81968920251192 0.0274342779966287 0.0386420154719149 -12.1626225554578 -3.25578461985689 -0.000813609932201993 3.25687507885789 11.6064129028614
"etap[91]" 0.00581198559154019 5.83256246638389 0.0274949631444945 0.0369370950087406 -11.6676161666426 -3.25964904289514 -0.036109011430805 3.25000142333337 11.7742978999326
"etap[92]" -0.00461062887055493 5.82849247604021 0.0274757770260187 0.0384527562950962 -11.8953327332117 -3.19642138022826 0.00231145464056797 3.22144430575902 11.8046909281155
"etap[93]" 0.00808866171519417 5.84282094086463 0.0275433220569609 0.0378156637847009 -11.7655801198611 -3.33418165076959 -0.0193835399195768 3.2946230910552 11.8878566668676
"etap[94]" -0.014834241170562 5.83488935820037 0.0275059322177113 0.0376165982573316 -11.8059917361828 -3.26599662197691 -0.00991578640336824 3.22411269926677 11.8176367251321
"etap[95]" -0.047459077454231 5.79907830505319 0.0273371172942327 0.0378338740440659 -11.8115483764123 -3.32695681646116 -0.0256093864683783 3.26946809253432 11.6394295706658
"etap[96]" -0.0205440546745103 5.83998589162929 0.0275299575066989 0.0375540440052235 -11.949130145704 -3.20791363119032 -0.0253023274805772 3.24167904874021 11.7032844136864
"etap[97]" 0.00409154793799798 5.7706718541928 0.0272032080006805 0.0380602596346084 -11.8279085287868 -3.24075619423186 -0.00498757428084912 3.28222643360067 11.7406028886127
"etap[98]" -0.0362679579645846 5.92887417072527 0.0279489808728107 0.0400788714775977 -12.1128554553508 -3.32459810331068 -0.0155390464541047 3.24669358277746 11.939177807977
"etap[99]" 0.0806302200658275 5.81717588147289 0.0274224300876287 0.0394984715976452 -11.5914050669602 -3.20575270412571 0.0449913981949893 3.3228504542046 11.9534776167729
"etap[100]" 0.030386877946735 5.79899150641747 0.0273367081215399 0.0373873479800428 -11.6741606777051 -3.23199700717008 0.0289562389402329 3.28684301445253 11.8380415263914
"etap[101]" 0.0468198186905723 5.85925360394318 0.0276207863735996 0.0392492073744211 -11.5546243173356 -3.28331363868262 0.0123621830426291 3.26664926606225 12.1111077377005
"etap[102]" -0.0350049400751569 5.91390682596524 0.0278784241329696 0.0391818484652454 -12.2439968527825 -3.32506607563805 -0.0047507437586707 3.24287142789443 12.0404296083215
"etap[103]" -0.0646743983353966 5.86773918537517 0.0276607877880854 0.0385768659438013 -12.1926943718838 -3.28801286400504 -0.0410514223734608 3.22134787237814 11.7163603181373
"etap[104]" -0.0885655925824723 5.8541046272199 0.0275965138645516 0.0389745099461074 -11.8596078120782 -3.34870125402658 -0.0804191425612292 3.14897577158055 11.8312938270337
"etap[105]" -0.026581159028896 5.73384303323633 0.0270295952737377 0.0374767264373047 -11.8090583165791 -3.22834081417214 0.00771602418050507 3.21809218215734 11.6509428211785
"etap[106]" 0.0717285602533525 5.86472306329731 0.0276465696522578 0.0368015942710544 -11.8329739978014 -3.18301211964494 0.0698303250187124 3.29038700992039 12.1523144570714
"etap[107]" -0.03852374754845 5.77695357768343 0.0272328203291989 0.0365490050481097 -11.747793551591 -3.2568959725427 -0.0213443359385169 3.19972146436982 11.7967940452474
"etap[108]" -0.0156517937305286 5.81846343394843 0.027428499668206 0.0363246104798197 -11.9467153511208 -3.28014246943875 0.00168599038276942 3.27035781278024 11.5180823652029
"etap[109]" -0.091565581347743 5.9108465090987 0.0278639976609101 0.0368702196585879 -12.1654094464247 -3.31891409229842 -0.0539213374219922 3.18118971522687 11.8135993087736
"etap[110]" 0.0205863801008684 5.80037315530126 0.0273432212768395 0.0364813205709896 -11.9015676758724 -3.23797320580044 0.036245408194726 3.33249597328606 11.6302085826831
"etap[111]" -0.0380811940315887 5.81467564938131 0.0274106438805188 0.0372027097711207 -11.8891663776646 -3.29265142919031 -0.0343280476550491 3.19978347121137 11.7885201768349
"etap[112]" -0.0203391061110818 5.85290686559074 0.0275908675620834 0.0370382159288806 -11.8488862076407 -3.30306455680712 -0.0301495750092618 3.24208152451402 11.9117962914942
"etap[113]" -0.00953227466280286 5.91442478762861 0.0278808658276666 0.0396245764062444 -11.9896527088249 -3.27444814888519 0.0168757819065401 3.26177904767098 11.9017472928948
"etap[114]" -0.0210900584579155 5.83992721575475 0.0275296809059737 0.0366209073816188 -11.8503798871784 -3.26490217293111 -0.0339229014744295 3.19816117709865 11.8964792449184
"etap[115]" -0.0245683045785328 5.79021586605549 0.0272953393561452 0.0368986276083089 -11.9178370529469 -3.22335190772956 -0.00173063746708769 3.25239495462696 11.6565646043353
"etap[116]" -0.00271032754009141 5.85094804058408 0.0275816335724477 0.0388831109226195 -11.9101937893291 -3.27692533943014 -0.00854801538628838 3.24286056310474 12.0033200698864
"etap[117]" -0.00968787986695127 5.8814422855165 0.0277253848216402 0.0405241878819077 -11.8475569177189 -3.27262265677428 0.0114973990082769 3.24285825465434 11.740074870024
"etap[118]" -0.0545043078386568 5.80097978180107 0.027346080941584 0.0374206248019556 -11.8329564102734 -3.27300347628869 -0.0278407762210585 3.21437893626987 11.6826183127074
"etap[119]" 0.0491020017502201 5.88100801767708 0.0277233376634128 0.0366527986251595 -11.8815542273568 -3.23922496509527 0.0449153216961111 3.31082118468902 12.1058751859666
"etap[120]" 0.00850680602202863 5.82634766469095 0.0274656662883559 0.0372326020612233 -11.8402015443991 -3.23505223177339 -0.000651009067291564 3.27897871918216 11.9437580122552
"etap[121]" -0.0547032545063524 5.85055171545765 0.0275797652778846 0.0396938076216299 -12.0668789092415 -3.31818391363414 -0.0545887805225316 3.23601230811424 11.9353463880743
"etap[122]" -0.0565846352938744 5.88459511397973 0.0277402473975486 0.0409212311541723 -12.1708415443619 -3.25108733945241 -0.0390750262939922 3.20862295398745 11.7015543631559
"etap[123]" -0.060774454922937 5.76217311792157 0.0271631445736878 0.0370564592300464 -11.9270772850451 -3.3061734521315 -0.0385078601595333 3.21811327977962 11.4686263197164
"etap[124]" 0.0147316908295466 5.88335923968912 0.0277344214302714 0.0399608540135247 -11.9705743794013 -3.21946836243877 0.0215030465614511 3.24905602040145 11.8059956022827
"etap[125]" -0.00523634664507433 5.76543615080035 0.0271785266581933 0.0377936320883366 -11.7322959701322 -3.21332230319906 0.0303819951176007 3.21633954756879 11.6247795284024
"etap[126]" -0.0116641425600018 5.83863989098181 0.0275236123987968 0.0404222871731132 -11.6946668019664 -3.25480927250923 -0.0409506496553621 3.18474595262172 11.7913996293575
"etap[127]" -0.0138633888286862 5.78848042500007 0.0272871584085542 0.0367725879150266 -11.8482418433771 -3.22054861806335 -0.00313348667312851 3.24066056825398 11.5633346376576
"etap[128]" 0.0139869115863683 5.8232453617414 0.027451041892003 0.0397134505394342 -11.8279797538678 -3.18756368809597 0.0246930669765069 3.23680591493607 11.8960939234685
"etap[129]" 0.00508012311356163 5.83643537701341 0.0275132202202883 0.037794847587013 -11.9286949673158 -3.20898961487186 -0.00270620428047387 3.23064785787649 11.783118291411
"etap[130]" 0.0492848698573065 5.82556699758361 0.0274619861883195 0.0371685558648781 -11.4609233881341 -3.27938235892959 -0.0456147991059173 3.29647504983601 12.0949221020164
"etap[131]" -0.0623876445496298 5.74172135195518 0.0270667340243407 0.0365623086153609 -11.6867152318754 -3.30329075954948 -0.0391189728870123 3.17879523281471 11.5005905881952
"etap[132]" 0.0524461533875559 5.79577551219071 0.0273215477793666 0.0375728138535347 -11.692210204034 -3.16600365846787 0.0379808377921639 3.26427344670859 11.9199671796108
"etap[133]" -0.0497895639674828 5.87815227168709 0.0277098755477137 0.0398182411596492 -11.8875313896196 -3.35039672750063 -0.0414653812432939 3.23120824553621 12.0285569917629
"etap[134]" 0.0250725654639565 5.77873740395881 0.0272412293669041 0.0371299558850833 -11.5479845742222 -3.20400711920397 -0.01333902461524 3.1745223484578 12.1107072715513
"etap[135]" 0.00791840293302773 5.76445040096073 0.0271738797888856 0.0370436174697622 -11.7283081753769 -3.20185971729376 -0.00271345359681202 3.22452972679467 11.7686765628096
"etap[136]" 0.0278780631326844 5.81224648678604 0.0273991926982273 0.0401486335198861 -11.5837026600882 -3.2011855643849 0.0296857872008176 3.23762043591493 11.8740743371869
"etap[137]" 0.00855985299244283 5.87257352047294 0.0276835770622865 0.0378427070680455 -11.901233810874 -3.26802508969882 -0.0026955829942864 3.24910445813955 11.9102073203331
"etap[138]" -0.0188061296801926 5.79307444305855 0.0273088148173679 0.0365839556116625 -12.0389778829185 -3.20301593596983 0.0139959561062294 3.18901214536166 11.6524355011058
"etap[139]" 0.0342843741120637 5.89569100277698 0.0277925539189608 0.0378324189744301 -11.9360724699472 -3.25957603748846 0.0383282276039394 3.31344710690154 12.0733467315972
"etap[140]" 0.0134537758300969 5.78734339679118 0.0272817984061749 0.034676371519549 -11.6888634938879 -3.25336039106249 0.0503014709842139 3.27750564517693 11.8495071437721
"etap[141]" -0.055226105184612 5.79234173052387 0.027305360777355 0.0376335495277185 -11.7762681448205 -3.29061593667813 -0.0662833068603515 3.18731394943094 11.8554397718267
"etap[142]" -0.0720788845122795 5.77627661945183 0.0272296291174913 0.0370417088631571 -12.0020048159401 -3.25737076761578 -0.0556261437703332 3.19913566731735 11.6765447656729
"etap[143]" -0.0419328615201185 5.80788460360092 0.027378630583701 0.0376695048810584 -11.9812713132781 -3.28976635261418 -0.0508959885613737 3.1901107788106 11.8232186429233
"etap[144]" 0.0124647186617548 5.73584652958239 0.0270390398460869 0.0368450996402152 -11.6111886586208 -3.26861932929431 0.0000919205964317014 3.23567078900537 11.7840491621449
"etap[145]" 0.0582572207202602 5.87158217768868 0.027678903827585 0.0405195768681627 -11.8088975029504 -3.24173904055202 0.0301525200000706 3.307846398962 12.204323373484
"etap[146]" -0.00263839350176217 5.75527854201466 0.0271306432311733 0.0362004156344637 -11.6212725420603 -3.2382958924828 -0.0153083842142998 3.2890190252705 11.5786504425381
"etap[147]" 0.00856079810848245 5.70276666849486 0.0268830998854489 0.0367957571045663 -11.5323946074509 -3.2161478060006 0.0204233714582393 3.22656100670839 11.4666961032326
"etap[148]" -0.0432630808031819 5.82871897902332 0.0274768447713208 0.0383223439478428 -12.0904646091333 -3.25722913367314 -0.0142029673801676 3.21597260139879 11.7338895396791
"etap[149]" 0.00923588925510614 5.77351170130505 0.0272165951683512 0.0362736470728402 -11.6589515105193 -3.2534293336219 0.0274315284061969 3.27075715931219 11.8318875037046
"etap[150]" -0.0212839980572314 5.90104989949845 0.0278178160003703 0.0375209374805378 -12.005367249606 -3.2786081253477 0.00372765922764027 3.25791698164548 11.7699235422121
"etap[151]" -0.0565839710770386 5.83935887055967 0.0275270017010304 0.0388594912375593 -11.8286361098247 -3.296957847881 -0.0195029706390169 3.20401654965971 11.65137981089
"etap[152]" -0.0457987911263846 5.8124195047633 0.0274000083127939 0.0349828077916479 -11.7154750065909 -3.28943657389922 -0.0418056112996164 3.21383727154353 11.8904738678042
"etap[153]" 0.0345620945188811 5.86103202808071 0.0276291699453828 0.0378893021177577 -11.7599641477261 -3.24570151432795 -0.00874066048197376 3.27749949034647 11.9701999960397
"etap[154]" 0.0196112879041668 5.83978846125173 0.0275290268109737 0.0372737838963212 -11.8161308274536 -3.25018833707552 0.00233019065408652 3.27232371934427 11.9066249311753
"etap[155]" -0.00775268312184988 5.84980459169282 0.0275762433026813 0.0385056606903749 -11.736901275732 -3.24565571641105 0.0112334794315212 3.24553048625307 11.8133819002275
"etap[156]" -0.0669810407379997 5.78803896171104 0.0272850773306521 0.0350672512103075 -12.2229678884334 -3.30463542024241 -0.0277571859185147 3.23600135055543 11.5205044090452
"etap[157]" -0.0828408766327352 5.80470939584323 0.0273636625107868 0.0375112798606477 -12.0097230981691 -3.31962245797453 -0.0405674621288749 3.2060091374264 11.3934914730568
"etap[158]" -0.00487187195487833 5.81929184610382 0.0274324048405573 0.0371518157900189 -11.6483896663909 -3.25062609988975 -0.0188167410342047 3.20878268147907 11.8605663340597
"etap[159]" -0.0328885689362789 5.83066625319958 0.0274860243098199 0.0380251835550221 -11.900011134674 -3.2747877646944 -0.0439460794309626 3.22007043102336 11.8494022206866
"etap[160]" -0.0371307304154458 5.81456511315479 0.0274101228077499 0.0392528930427096 -11.727623852239 -3.22646723724833 -0.0371382356864327 3.20179408183393 11.7634649356268
"etap[161]" 0.0586119492971028 5.82617165304159 0.0274648365614836 0.0374385417267982 -11.8007140498519 -3.19252577235835 0.0627371583876291 3.30090449918259 12.0704749725622
"etap[162]" 0.0242504477957845 5.73741138405216 0.0270464166408012 0.0360478215664031 -11.5354026086767 -3.21796555915313 -0.00463737026640214 3.24384774384483 11.6872575861311
"etap[163]" 0.0362649080181453 5.80108915007175 0.0273465965085563 0.0378813952646586 -11.7742545655486 -3.19604457772762 -0.000876002543762047 3.24125883726572 11.9440814770816
"etap[164]" -0.0251194758672597 5.8037991616405 0.0273593716256053 0.0374279856656815 -11.9385441762535 -3.23385645889301 -0.013224541298666 3.20089167840153 11.7648393711894
"etap[165]" -0.0233761067214703 5.82034169500608 0.027437353875744 0.0368874267188597 -11.9234963813138 -3.2173435829852 -0.0141959863177546 3.22962578909189 11.8475283097047
"etap[166]" 0.0776059376331572 5.86496880315226 0.0276477280810434 0.0376390899427891 -11.6977289233818 -3.19325251801489 0.0518301270922846 3.33623230870587 12.047298891192
"etap[167]" -0.0487110079606106 5.79120250197921 0.0272999904024933 0.0375878538447764 -11.803014237319 -3.31937650698081 -0.0473419810807265 3.24032231281372 11.7178505446936
"etap[168]" 0.0443124091708605 5.83793941628019 0.0275203103293864 0.037756709158021 -11.8012816070942 -3.21670679073507 0.0219608969069935 3.30381792613607 11.9414299654444
"etap[169]" -0.0130846445440858 5.8589638554487 0.0276194204860977 0.0387824461717485 -11.7577185434234 -3.26585468060024 -0.0449397718136637 3.22086320138104 11.875637707991
"etap[170]" -0.0134062702585211 5.85101770466021 0.0275819619720519 0.0380685961418544 -11.9700471180506 -3.24329339557998 0.00333041923368713 3.26164289226451 11.6714161845493
"etap[171]" 0.0522919818095622 5.84397297865369 0.0275487528151798 0.0381344214999364 -11.7994880442485 -3.17231858404952 0.0273513132754676 3.2985083530134 12.094013759433
"etap[172]" -0.0823552735852199 5.86968615815608 0.0276699659057932 0.0389792978131885 -12.0858247683441 -3.30015197438311 -0.0278320815681643 3.22543912192639 11.5668423313989
"etap[173]" 0.0356844531909172 5.77401189834553 0.0272189531198129 0.037328796068465 -11.7426204765115 -3.19917889079785 0.00764369070945089 3.2523617397518 11.9292358389941
"etap[174]" 0.040118798578092 5.85389979503896 0.0275955482763906 0.0376571072606095 -11.8492548757005 -3.16898692939281 0.0713260840527905 3.23862177917716 12.0380593531021
"etap[175]" 0.0630815104048993 5.80660685434798 0.0273726072159583 0.0364646168550865 -11.6668626924276 -3.21315063412499 0.0486810802073624 3.30361344504041 11.8775190031566
"etap[176]" 0.044251027848401 5.84069846542663 0.0275333166117935 0.0383559799810274 -11.7633803037682 -3.17631069795453 0.0301797975238235 3.29848399991928 11.9085057882705
"etap[177]" 0.0110209839609864 5.84709682027719 0.0275634787458153 0.0376387899955593 -12.0347168314463 -3.20112268977507 0.038242836427427 3.24903819319443 11.8109774371191
"etap[178]" -0.0344673014059369 5.82594578284241 0.0274637717991536 0.0375826012265696 -11.8527174738407 -3.30207257960578 -0.0168082262689797 3.22126674926812 11.9886629414833
"etap[179]" -0.0266438142073852 5.75861885113287 0.0271463895993649 0.0370478910450377 -11.979427157913 -3.25448034622605 0.0110423468797829 3.2411100010227 11.6386711596185
"etap[180]" -0.0235450696124531 5.81811324097498 0.0274268488426977 0.037073243386604 -12.0686871027314 -3.26726076244666 -0.0199557120805957 3.18982096207563 11.8970764432311
"etap[181]" 0.0395293445773404 5.78895204725252 0.0272893816571734 0.0360319670176628 -11.8234810262589 -3.20930929389162 0.0465222213942313 3.34126552328142 11.7686767345896
"etap[182]" 0.0221132613587435 5.71995128842842 0.0269641089606964 0.0364720074991499 -11.4962457625949 -3.2187479407251 0.00657672544644321 3.19489507409308 11.9013541024655
"etap[183]" 0.00657215168218412 5.93641609547941 0.0279845338470564 0.0396166746076747 -11.9412865245356 -3.24009414080977 0.0296614449202457 3.2807138760915 12.0359958295475
"etap[184]" 0.0741798551574511 5.84200527634704 0.0275394769775506 0.0364889450330598 -11.5592828472261 -3.19195181858438 0.0734253337923744 3.30407989053087 11.8390907856272
"etap[185]" -0.0583826674299568 5.85909006987782 0.0276200154666225 0.0376749914626586 -12.0540276602509 -3.28769453357366 -0.0669145161841236 3.19786793754055 11.8251132991319
"etap[186]" -0.00103797978515039 5.77366273588752 0.0272173071522009 0.0395794955806178 -11.6527120589047 -3.21021564601974 -0.0109689971147884 3.23138044211098 11.7929142532965
"etap[187]" -0.0172775048888483 5.81653494827593 0.0274194086995631 0.0374604642500857 -11.9168726341059 -3.25279630361116 0.0330751909574707 3.25767598722755 11.651364009812
"etap[188]" 0.0138582622960846 5.89185174473868 0.0277744554830034 0.0380028669210725 -11.8541886679215 -3.21812694069578 0.00719183569538957 3.23154286670368 11.9480489624642
"etap[189]" -0.054906968320024 5.84109203391834 0.0275351719114559 0.0398772186433568 -12.0499195902522 -3.25649617425369 -0.0218514169863172 3.19218123314863 11.7359322081052
"etap[190]" -0.0126713178429138 5.75484196162752 0.0271285851714914 0.0381364863325719 -11.4689760659969 -3.27439405332023 -0.0265514358277717 3.20950970031371 11.8402294434038
"etap[191]" -0.00934888016726483 5.84098178185579 0.0275346521782487 0.0377979990467423 -11.8958296915322 -3.22999429905575 -0.00037217897357678 3.25434118987845 11.6933808803147
"etap[192]" 0.0257996060361366 5.87793522605168 0.0277088523847761 0.0401308341704281 -11.9647846968902 -3.21046888530547 -0.00435925740411937 3.28349855997979 12.0688535486703
"etap[193]" -0.0488419284572096 5.82510824192516 0.0274598235934062 0.0386168895600814 -11.9377752012707 -3.27103365098587 -0.0220931967557928 3.22038848855806 11.6581307919428
"etap[194]" 0.0503349855448682 5.84167582617532 0.0275379239345473 0.0377673895824315 -11.7818699393661 -3.20990912059418 0.0173066363947902 3.30605912600252 11.9806275914915
"etap[195]" 0.0729923045345105 5.77443620614211 0.0272209533259481 0.0380434720730557 -11.4612436428034 -3.1434357329086 0.0571323815953374 3.28104653853126 11.9285081561349
"etap[196]" -0.0346902849929952 5.8838053234019 0.0277365242890599 0.0389402855220154 -12.0242309850687 -3.29249022706326 -0.00180312860216296 3.25626657617933 11.7698986323751
"etap[197]" 0.00936985532627063 5.87178025931804 0.0276798375933406 0.0390990866900605 -11.9815610004721 -3.27826793340429 -0.00480032928964225 3.27336605821808 11.8934618176236
"etap[198]" -0.0278660293284652 5.80586124573176 0.027369092383234 0.0376741446465281 -11.821921565373 -3.28104106517008 -0.0342637584707246 3.19492233067506 11.7645641870117
"etap[199]" 0.00128813369613676 5.74996577920163 0.0271055986270937 0.0371582117581911 -11.6733796266879 -3.21509470027813 -0.0288964775250905 3.24956721024585 11.6833028891065
"etap[200]" 0.0111720492845868 5.86368830290792 0.0276416917450028 0.0372761439640304 -12.0560602963418 -3.23390367828676 0.0343880484904888 3.29078055170167 11.8191611164205
"etap[201]" 0.0277269339452148 5.84732148339204 0.0275645378178953 0.0407025200748723 -11.8177460755743 -3.2490996683871 0.028345893569848 3.27798840762817 11.7972569353735
"etap[202]" 0.00575072366582734 5.75539470016832 0.0271311908059609 0.0351282923190958 -11.8157496027874 -3.22428611652192 0.0364499333749212 3.2013804159451 11.869656892145
"etap[203]" -0.0190271381339852 5.73915281833444 0.0270546258407344 0.0357874057377403 -11.6620754430941 -3.23276890656881 0.00782844417825332 3.22301728791442 11.5506576130088
"etap[204]" -0.036152025762284 5.74358119331275 0.0270755014005798 0.0365742046431533 -11.6658989210323 -3.32027282140777 -0.0588732128209596 3.18915568253946 11.7025601728433
"etap[205]" -0.0618009827500724 5.79355138717426 0.027311063153491 0.037364033966399 -11.9340366097377 -3.26105139364152 -0.0127304506944152 3.18386166536008 11.5689085419934
"etap[206]" 0.0115363267462013 5.86458721263012 0.0276459292460712 0.0374723895816904 -11.9641179826699 -3.22577282876145 0.0307270926342914 3.23006125348432 11.9878277066167
"etap[207]" -0.00396883026780255 5.76076123352804 0.0271564888868284 0.0340782325990928 -11.7660418933029 -3.19346520874832 0.0107823357921731 3.20446764434282 11.7395777080227
"etap[208]" -0.000513721717064887 5.78974194733521 0.0272931052818729 0.0380729998069856 -11.6266366609509 -3.25413120206657 -0.0151206905226601 3.22354747565042 11.9089361901865
"etap[209]" -0.0221935397090399 5.86957920517792 0.027669461724619 0.0382639688055125 -12.0728496268055 -3.2771645367567 0.00649734021795025 3.26267798575321 11.811053478364
"etap[210]" -0.0142140240782869 5.85112641083212 0.0275824744178607 0.0382986280981997 -11.7168318950059 -3.29647183004247 -0.0306241946602998 3.25273225988354 11.861083111926
"etap[211]" 0.00476539546890361 5.93529960086723 0.0279792706409802 0.0388340775186432 -11.9468209296139 -3.24502124045969 0.0342267790655131 3.24746951580852 12.0331632081985
"etap[212]" 0.0419918263315369 5.78225545395363 0.0272578136136234 0.0374518468932164 -11.6503631120694 -3.16807304916228 0.0565383366647772 3.27377305208245 11.8055050877517
"etap[213]" -0.0718778821998297 5.81528415821321 0.0274135124186618 0.0380099508002812 -11.7837371176937 -3.29898346246975 -0.0255679296125785 3.21553993672618 11.6233151662053
"etap[214]" 0.0282774108110083 5.85581129987971 0.027604559196625 0.0408749815572214 -11.7101222545818 -3.27148600761707 0.0213346588732422 3.30721471756522 11.7841752108015
"etap[215]" -0.073971916055049 5.79275096995113 0.027307289950516 0.0371334982192078 -11.8676302036502 -3.34512571941864 -0.0570431265084898 3.21659141788314 11.6502684715208
"etap[216]" -0.0560886647578958 5.91445716088311 0.0278810184366519 0.0400499666944003 -12.0239523303378 -3.31189465556731 -0.0377937687250291 3.20528333763325 11.7959973391018
"etap[217]" -0.0093971396918407 5.82176536464123 0.0274440651187653 0.0380522172933475 -11.8796600789746 -3.26430958529328 -0.00436839764103786 3.23722194374723 11.7795985523667
"etap[218]" 0.057106554939985 5.8084249133888 0.0273811776284674 0.0369795405806799 -11.8557276515479 -3.18882517203916 0.0769472513739705 3.31971527043688 12.0003929472079
"etap[219]" 0.0351479082591277 5.80707714963043 0.0273748242091808 0.0376818812211219 -11.5853788644067 -3.21287243338487 0.0200009254751463 3.2757767903989 11.7526072141943
"etap[220]" -0.0799063536035809 5.85503348664829 0.0276008925498888 0.0402695273392525 -12.0413618233367 -3.33447437328638 -0.0643889740190273 3.20348254269696 11.705000994633
"etap[221]" -0.0537198758517961 5.80380896639669 0.0273594178456692 0.0383050691571525 -11.8873625035817 -3.33713448822116 -0.0480548858475432 3.17282988833586 11.942942276112
"etap[222]" 0.0715717778935314 5.86210751127747 0.0276342398217926 0.035966521628455 -11.8001628844141 -3.17595793929718 0.0121079431450006 3.28939751723443 12.1102288619646
"etap[223]" 0.0222593702635764 5.87650880504048 0.0277021281716438 0.0379105172663942 -12.0296878620803 -3.2473865680147 0.0157193796177732 3.28028773766334 12.0396196577163
"etap[224]" 0.156959589003896 5.77510401513602 0.0272241014077356 0.0376446137258994 -11.4940858978324 -3.12945089793997 0.133332826862947 3.35337400232334 12.1185434175705
"etap[225]" -0.0169007725396631 5.79062288685017 0.0272972580705719 0.0383066193947691 -11.8505588448514 -3.26838435785292 -0.00118229958344602 3.25139055476313 11.856500551008
"etap[226]" -0.00840035085745827 5.78529600215497 0.0272721468953013 0.0385401937816291 -11.8927738745418 -3.20361887386585 0.00373024204336233 3.22501873762136 11.6579790372125
"etap[227]" 0.0498284128600587 5.81947454115736 0.0274332660732989 0.0367948129235853 -11.691775641001 -3.22081310392679 0.0221828155070704 3.2703761346951 12.0870159161837
"etap[228]" 0.0119078892336174 5.84996456060032 0.0275769974033431 0.038116186238686 -11.9634717350061 -3.23459865392274 -0.00858593006278865 3.25189813433341 12.0410557542488
"etap[229]" 0.00514862665461535 5.80610126693699 0.0273702238540463 0.0346225174869806 -11.7152201515554 -3.25597791410343 -0.00813948569398739 3.2562091216564 11.7511695237839
"etap[230]" 0.00743175693691163 5.87961287168745 0.027716760882146 0.0404679375106204 -11.5873643724933 -3.23452946681899 -0.00975985212340753 3.26250240248279 11.7479183580623
"etap[231]" 0.01006020516956 5.82994905697015 0.0274826434143714 0.0374738893210463 -11.8561314559169 -3.21826854743097 0.0183905050197886 3.24356052669122 11.6391421023868
"etap[232]" -0.0108258931019345 5.86311207342472 0.0276389753731689 0.0368309227911947 -11.7835930523226 -3.25093875171852 -0.0686711479064325 3.21198857042658 11.8799471248486
"etap[233]" -0.0180151076112014 5.81069995261873 0.027391902266247 0.0367150442167551 -11.7786405559219 -3.23237814857621 -0.0229783684985553 3.22647726088733 11.6212882947575
"etap[234]" -0.0509227966457182 5.82028455704305 0.0274370845248032 0.0378995843489331 -11.8970741863219 -3.28564477097954 -0.0374353628394654 3.23625228904254 11.6146894036982
"etap[235]" 0.00987692416167321 5.80044415364965 0.0273435559662636 0.0375284823817336 -11.6636870481878 -3.2735953466395 -0.0256501978442861 3.27256817036441 11.9219724590252
"etap[236]" 0.00300513328490374 5.74703469914495 0.0270917813831986 0.0368223435568299 -11.6616860840819 -3.23231335284947 -0.00489931232999267 3.22137389736089 11.6328485947617
"etap[237]" 0.0437319863212476 5.83044014342662 0.0274849584181282 0.036422231866548 -11.7655762893427 -3.22214573589757 0.0202725269725189 3.32599989769303 12.0415390738861
"etap[238]" 0.0451415579136178 5.78753192631117 0.0272826871428552 0.0372504778166158 -11.7161555737897 -3.24395345220444 0.0437127559279597 3.27749526214441 11.9341820781777
"etap[239]" 0.070805284710858 5.82416837442635 0.0274553930155274 0.0393505690324652 -11.6307906890469 -3.20822422995909 0.0297031174820384 3.32378275521123 11.879533709891
"etap[240]" -0.022013282973336 5.79307145932517 0.0273088007519138 0.0355324322920658 -11.766695569719 -3.29182951175365 -0.00862701911538895 3.21540375912863 11.6717937579954
"etap[241]" 0.0373909703931459 5.84933235367235 0.0275740171513039 0.0396940286586661 -11.7520335904906 -3.28668365261402 0.0286084652298393 3.32112201792821 11.8134833062973
"etap[242]" -0.0550384493720605 5.83311875121354 0.02749758549633 0.0378570782247925 -12.1765798181961 -3.24215018499954 -0.0285070467746123 3.24715998331693 11.6204544602442
"etap[243]" 0.0599445503656129 5.78729148852263 0.0272815537082503 0.0373321290513422 -11.5292271666357 -3.19861675338808 0.0506826660959524 3.31862643808862 11.8371241542795
"etap[244]" 0.0192188024868593 5.87363580552606 0.0276885847220506 0.0395159102736433 -11.9005433138006 -3.24452443619718 -0.012816791301366 3.27190388652418 12.0433801283494
"etap[245]" 0.0304429065451783 5.79594946648543 0.027322367807776 0.0378580455272194 -11.7031536719801 -3.20347149629356 0.0278558219808726 3.26181833104886 11.6507102315617
"etap[246]" -0.0581699459942097 5.80310735185433 0.027356110402998 0.036287250741566 -11.8104793509853 -3.26304160823297 -0.0662030071726723 3.14723990986793 11.6894001958242
"etap[247]" -0.0144657723366089 5.85852804510981 0.0276173660564581 0.0382018868760286 -12.0339325145424 -3.31042591601145 -0.0278166297190871 3.24667633260213 11.9354718142197
"etap[248]" 0.0667417670636149 5.85121532514922 0.0275828935639711 0.0384724704092897 -11.7658350088592 -3.26738083811018 0.0352148005835084 3.37228618109709 11.8513789967607
"etap[249]" -0.0482609957374355 5.84415463305388 0.0275496091422345 0.0387936297622308 -12.1776319764911 -3.28718582536633 -0.0160639392394019 3.22088263239877 11.8438440629521
"etap[250]" 0.0139588522800074 5.83917867137913 0.0275261522339469 0.0389033404533273 -11.7301891829157 -3.2434656748181 -0.0232315037396208 3.2418415730284 11.9474750004653
"etap[251]" -0.0406803033698707 5.73600227296297 0.0270397740274238 0.0369486586096373 -11.7091149413936 -3.27651178256018 -0.00614350510296893 3.18130252800364 11.7110013906741
"etap[252]" 0.0413654501399616 5.87411462312983 0.0276908418898811 0.0382159902718373 -11.8101937178997 -3.23187187248582 0.0395337405568598 3.29582192533316 12.1052518280897
"etap[253]" -0.0620017131119393 5.86258997882323 0.0276365141956147 0.0371115645592878 -11.9325405701852 -3.32232855022177 -0.066674718024585 3.20484224654155 11.7745425552984
"etap[254]" 0.0559926161426455 5.7491836875013 0.0271019118114617 0.0379587126400592 -11.5843114971395 -3.15027977973971 0.0481261142501934 3.30903896883694 11.6892210829633
"etap[255]" 0.011554137250323 5.82520076666222 0.0274602597591995 0.0368764465351477 -11.7527127273272 -3.22522869081709 0.0132625138403214 3.20084433623127 11.7875229950045
"etap[256]" -0.0256786588884966 5.80011297633711 0.0273419947814404 0.0375629423437131 -12.111283966054 -3.25497861222403 0.0274351211247355 3.27696322916943 11.5254260037217
"etap[257]" 0.0226546757980561 5.86384562545871 0.0276424333706195 0.0367498640616613 -11.7506578669207 -3.2513911704908 0.0221310182191191 3.30376844719556 11.9241372752113
"etap[258]" -0.0097016805790277 5.85819234111874 0.0276157835326677 0.0373746286417572 -11.921153823424 -3.22286364970641 -0.0124977349103547 3.22172692624777 11.9916398321613
"etap[259]" 0.0207297169827144 5.80532875587853 0.0273665822019931 0.0369952111090064 -11.8273459604317 -3.21029598953377 0.0266144687300494 3.27189890182658 11.8230878542156
"etap[260]" -0.0262815148080598 5.85662665440695 0.0276084028147269 0.0382504625209393 -11.9086945995231 -3.29381362909356 -0.0234188347110682 3.21370884639168 12.006707554966
"etap[261]" 0.01100023066375 5.88329356644118 0.0277341118436116 0.0359196009853914 -11.8900366753187 -3.26118795805086 -0.0116823168886515 3.26812447355556 12.0548248282289
"etap[262]" -0.04060549979998 5.79027594194311 0.0272956225565953 0.0367312774041368 -11.7992953261886 -3.23891183100385 -0.0294211169251287 3.22422399439295 11.6872494072561
"etap[263]" -0.0234097210183182 5.73696518312489 0.0270443132294582 0.0367766432402087 -11.8074795141164 -3.22318446432093 -0.0214710955021227 3.19275706085131 11.5609944909032
"etap[264]" 0.00457457998861439 5.84238751133153 0.0275412788505475 0.03758002402696 -11.6685741607536 -3.26114303349412 0.00213151668726276 3.27825282567732 11.7727714892788
"etap[265]" -0.00345477171556512 5.82809900055794 0.0274739221648071 0.0384829500950223 -11.8150577481035 -3.22539248502288 -0.00217751270491524 3.26229613664607 11.9428404867854
"etap[266]" -0.0231179630037345 5.85231200104235 0.0275880633437097 0.040138611113709 -12.0386616871432 -3.29591230883615 0.0144664591932556 3.23046560180705 11.8898712907023
"etap[267]" -0.0395852741166503 5.89430652689813 0.0277860274370786 0.0378202725824313 -11.9948415929532 -3.29121779193528 -0.018778758286354 3.22346382433186 11.8948201968713
"etap[268]" -0.0314136271505643 5.84520739179274 0.0275545718945225 0.0386757867683692 -11.9878877406503 -3.24844114059062 -0.00283165521467817 3.25632915950058 11.756746805583
"etap[269]" -0.000902828082644589 5.87428024607609 0.0276916226439372 0.0381121687014244 -11.9277510443905 -3.31113326581424 -0.0201968662609856 3.28293586016846 11.8432085471743
"etap[270]" 0.0172815280049715 5.77940855881657 0.0272443932212451 0.038314804188434 -11.8250825955805 -3.20845937296435 0.00773728259190007 3.27535635120652 11.8211683663266
"etap[271]" -0.0256556475448104 5.79342394656216 0.0273104623926842 0.0359778095096623 -11.8890734754362 -3.27165004129332 -0.0395377235370578 3.23442218869343 11.7156854240908
"etap[272]" -0.0106013410222625 5.76550531115864 0.0271788526832489 0.0366589644696265 -11.7906408844363 -3.24746314125831 -0.00629142731388104 3.24715555291019 11.6444211608209
"etap[273]" -0.0360034623734712 5.85256882115478 0.02758927400533 0.0380830772323875 -11.8791190515647 -3.31254883460634 -0.0301731714871307 3.21737109953842 11.8862276603763
"etap[274]" -0.0250611431234434 5.89710553114593 0.0277992220696399 0.0405042868304261 -12.0643041580403 -3.28310833975417 -0.0235371209239863 3.21590132647405 12.0103386857524
"etap[275]" -0.0208922767152618 5.89681358779253 0.0277978458354738 0.0423307317904394 -12.0282971935967 -3.29379432433365 0.0154658275878782 3.22648545264418 11.8917859127848
"etap[276]" 0.0162088870496764 5.79842445725063 0.0273340350261323 0.039008848378723 -11.8250314463109 -3.21469781381369 0.0166143978363394 3.21542750680593 12.0608604549393
"etap[277]" -0.0199774050417411 5.83714889697303 0.0275165837856347 0.0377442926724762 -11.8387189004037 -3.2396242195535 -0.0171530432559956 3.20084994798155 11.8666206295941
"etap[278]" 0.000704082010623252 5.86241223326826 0.027635676295033 0.039640577208523 -11.920024384756 -3.20699805897542 -0.0111400371898801 3.21528311975896 11.8375075175307
"etap[279]" 0.0208713986550831 5.83589586900465 0.027510676955145 0.0384045887540779 -11.624997451899 -3.28229026233964 -0.0363107786579628 3.26527858352518 12.0121350853423
"etap[280]" -0.000167213681716081 5.85781614445875 0.0276140101246055 0.0380892110748914 -11.6746535733325 -3.26741649369787 -0.0154428743428731 3.23739211065661 12.0105913579053
"etap[281]" 0.0247968996025456 5.85340122694483 0.0275931980038557 0.0351362724320465 -12.0229488610216 -3.23906521066753 0.0354602989615937 3.27943014231141 11.9219291426692
"etap[282]" -0.0274085405554248 5.73524726249345 0.027036214873938 0.0367375918394031 -11.7271557751845 -3.2429214076528 -0.0672701220812029 3.23428921001667 11.58967427301
"etap[283]" -0.0292995805959657 5.77083959599432 0.0272039987431162 0.0366091724504727 -11.8421166118235 -3.33710191216447 0.0201465192762561 3.26869831725081 11.6634920699526
"etap[284]" -0.0285454043137486 5.79837425379005 0.0273337983647496 0.0387458519481171 -11.7978880857755 -3.2549077070903 -0.0268771862479251 3.20524358227151 11.7063081777966
"etap[285]" -0.0142417099546912 5.74163254300734 0.0270663153749457 0.0353376898315716 -11.7142044450709 -3.2249050663971 -0.0178731266268933 3.22388998090629 11.549264721949
"etap[286]" -0.0253289348026002 5.83412041271887 0.0275023073739492 0.0388293341825646 -11.8411821526756 -3.28540594782183 -0.010717213713155 3.25513802036343 11.6234119814647
"mean.p0" 2.38734536540643 0.592533311169221 0.0027932288160445 0.0121441712246492 1.4877921936306 1.97876765857698 2.30222611326975 2.69221700638832 3.81448009001547
"mumup0" 0.541373146432371 0.0805777688481641 0.000379847245102793 0.00123459338671393 0.379045887166944 0.488226837597088 0.542824118261634 0.595536911082942 0.697765620706122
"mupsi" 11.6169171265806 1.44464990249733 0.00681014494997565 0.00918963088813014 8.89523232236642 10.6173930392792 11.5882192596546 12.5772807274316 14.5380435391748
"ppo[1]" 0.872831417322814 0.0859518524493067 0.000405180918149669 0.000613761342594228 0.652318272554054 0.833375754571524 0.889497656399121 0.935139188715789 0.985105434962721
"ppo[2]" 0.927015999927307 0.0626142194801706 0.000295166261287543 0.00106467852769782 0.774449392038494 0.893095410954777 0.94148916895495 0.975920791419594 0.998717849224607
"ppo[3]" 0.723532392045489 0.148254945052882 0.000698880513275545 0.00242781576769062 0.374857811012108 0.632455194542505 0.752794842791915 0.840664067596527 0.925910433304159
"ppo[4]" 0.725679982931188 0.14790692017154 0.000697239908251424 0.00237402021639441 0.376349005699545 0.636350620991208 0.754705138589378 0.842852156222515 0.927848216741004
"ppo[5]" 0.803439054710973 0.115111764304859 0.000542642060895423 0.0011912306398867 0.516184511426388 0.742711037696765 0.831203060835571 0.88806932614405 0.9554962124338
"ppo[6]" 0.927869711906829 0.0628663003550022 0.000296354581927549 0.00108659087637461 0.774169919364155 0.894533444448298 0.942974071023204 0.976697446094691 0.998924855730621
"ppo[7]" 0.927313344184324 0.0623801661932091 0.000294062923511747 0.00107235134570973 0.775638562637439 0.892915463275305 0.942104104445117 0.976215455719051 0.998736021122247
"ppo[8]" 0.92840207044867 0.0615505869175564 0.000290152249302774 0.00105509227453599 0.778437641232479 0.894588265496881 0.9425127735143 0.976749440934987 0.998743002272232
"ppo[9]" 0.927531844797176 0.0621137044527152 0.00029280681082088 0.00110765228569438 0.773848287835581 0.894165333316297 0.941938901758502 0.976090841103285 0.998760387121522
"ppo[10]" 0.927961563751956 0.0623116074231316 0.000293739734370202 0.00107985819448135 0.77639790166567 0.893660724154804 0.94310814646036 0.976852365894553 0.998744817622875
"ppo[11]" 0.873048063274107 0.0867993498515926 0.000409176059217631 0.000597326244528593 0.648458503574715 0.834634687083844 0.890293726441357 0.934495440129312 0.984981391568875
"ppo[12]" 0.927659118160677 0.062036951904238 0.000292444995837536 0.00104830606344467 0.775916063872063 0.893237095525065 0.942366409154031 0.976233479116257 0.99872351078865
"ppo[13]" 0.802113620556249 0.117786022606744 0.000555248635428138 0.00126939094437757 0.506097010704141 0.742617361140138 0.830853299531282 0.887705902933251 0.957764688021888
"ppo[14]" 0.927174561007109 0.0625658328264534 0.00029493816441446 0.00100810065719507 0.773713825268346 0.893381490008625 0.941929150468275 0.975931267405462 0.998762894040564
"ppo[15]" 0.872697081335413 0.0874173870879104 0.000412089514689805 0.000623635317100841 0.646379397224497 0.833462121437433 0.890075138409173 0.934880419322318 0.984717139019347
"ppo[16]" 0.873239559292747 0.0868370998271256 0.000409354014308891 0.000636462018164229 0.647985727921657 0.834204960521507 0.891132906222191 0.93496976332268 0.985181054073349
"psi0" 0.999976145359167 0.000049548603612369 0.000000233574357417536 0.000000323350199660184 0.999862978039539 0.999975514207957 0.999990725376416 0.999996550510036 0.999999514479326
"sdeps" 1.26670355682954 0.784653686006701 0.00369889294838906 0.0252399180847062 0.109723620488389 0.741352140763614 1.14342000834258 1.6438481274387 3.09882969136562
