"Mean" "SD" "Naive SE" "Time-series SE" "2.5%" "25%" "50%" "75%" "97.5%"
"N" 19.8499555555556 1.10141437378121 0.00519211715064687 0.0190132571535751 19 19 20 20 23
"betapsi[1]" 0.082235836827271 2.52426071113274 0.0118994791088316 0.0174840530213448 -5.15804287316559 -1.15680761551956 0.00403671139786782 1.24330918521661 5.81905331307802
"betapsi[2]" 0.0993276823886961 2.51535182195 0.0118574822024719 0.0178167907251782 -5.10077342204867 -1.14004662917262 0.0206574284923397 1.24308090389925 5.82163316384715
"betapsi[3]" 0.122509917619441 2.50406202531223 0.0118042615907333 0.0172576418277368 -5.06804670263793 -1.11483006496312 0.0230404068251229 1.28929209643527 5.77492936653167
"betapsi[4]" 0.0933014342681595 2.5247640326545 0.0119018517892393 0.0180004920834669 -5.17519201035119 -1.14040490341686 0.0281227451480059 1.24237098881832 5.70020711318656
"betapsi[5]" 0.113566705100853 2.53043212149899 0.0119285714162946 0.0173719298520939 -5.12564879335006 -1.12149023355831 0.0252064407379416 1.2712395481703 5.7952202664812
"betapsi[6]" 0.0831717735322126 2.49883854104505 0.011779637849755 0.0169690686285823 -5.16403371987771 -1.14222640056094 0.0189879157723076 1.24396043007737 5.73485358094993
"betapsi[7]" 0.0992311356290303 2.50579844826953 0.0118124471670541 0.0175147182818577 -5.111015318914 -1.13236970189468 0.0241229375509874 1.24242873502986 5.75576268106724
"betapsi[8]" 0.086365613839595 2.52561425351653 0.0119058597688196 0.0175508254223706 -5.11902286975609 -1.15214514074814 0.00992143392340186 1.21973419722456 5.81205782587779
"betapsi[9]" 0.122257984542016 2.53809035238815 0.0119646726629188 0.0178401072513974 -5.07810713114454 -1.12550705463913 0.0254553114165911 1.2728653116356 5.88238200336825
"betapsi[10]" 0.0903082691354732 2.50841395409241 0.0118247767797447 0.0179394515352152 -5.16175583556896 -1.14241422638802 0.0140759535015617 1.24432477067834 5.76148896287993
"betapsi[11]" 0.1092780312026 2.50380315988053 0.0118030412873855 0.0177064235067509 -4.99505707638473 -1.12448397943588 0.0235052598726455 1.24479254953415 5.85139352365209
"betapsi[12]" 0.0875777756211775 2.51995364147681 0.0118791753877599 0.0176732221188783 -5.20096310147545 -1.13765148362702 0.0175312990438547 1.21797800495233 5.83604952652582
"betapsi[13]" 0.112997296862258 2.49102782499464 0.0117428177811872 0.0174874235590595 -5.09053078698419 -1.11555482049665 0.0290938846026516 1.24227722011119 5.73473641811138
"betapsi[14]" 0.0598138589634074 2.49467234892487 0.0117599982317557 0.0168196682576523 -5.21311527996237 -1.15213505994398 0.00692053043339521 1.21267186250687 5.65871289994271
"betapsi[15]" 0.101026507091287 2.50653056363004 0.0118158983919609 0.0169346787212875 -5.12866220077896 -1.12042985987539 0.0223672326650911 1.23432393602083 5.73292438831369
"betapsi[16]" 0.0563138461638445 2.51612089842481 0.0118611076637425 0.0170106073255432 -5.25520651116789 -1.16333123356274 0.00656946501190245 1.21457252738862 5.73244587178164
"etap[1]" -0.625910148037003 7.96221248456737 0.0375342296072385 0.695287778794242 -17.2932535329072 -4.77155353481525 -0.430136137264575 3.94667978927516 13.9586296621147
"etap[2]" -0.587995154809908 8.01505168119461 0.037783315968889 0.704207888894985 -17.2724933903522 -4.74025462914513 -0.378341381289991 4.04230716082731 14.2906567900027
"etap[3]" -0.603190074558449 8.13110931821609 0.0383304169165315 0.671989406062729 -17.3371521732194 -4.79187184833524 -0.419922365529492 3.98351224219768 14.438147366954
"etap[4]" 0.524970944589083 7.79435760478722 0.0367429541155865 0.867922643647342 -13.8546096736674 -4.62200419278343 0.89709946874185 5.29651953521443 15.7928740169243
"etap[5]" -0.219489310567582 4.27489556951961 0.020152050973811 0.100754261117275 -9.00980801866149 -2.10010529714266 -0.0758612001221608 1.86506753210082 7.7827073176601
"etap[6]" 0.317755796317025 5.35022299727947 0.0252211930815769 0.375691541989842 -9.96641323939483 -2.79486206066624 0.237213609492382 3.2888326016521 11.1582267701801
"etap[7]" 0.0864132912976023 3.93817374577189 0.0185647290741742 0.0912701427798521 -7.70142774573969 -1.8553519960353 0.0456714572664004 1.98761392608329 8.07891047057618
"etap[8]" 0.283526091858689 5.48877537240242 0.0258743352415698 0.388763963432935 -10.3718125859286 -2.85213337523683 0.19831957636191 3.29891367916965 11.5562075799237
"etap[9]" 0.499259361526623 7.97753810068842 0.0376064752544722 0.841500687103714 -14.5150791309169 -4.5718850229364 0.885264132330865 5.31628256918126 16.0495990779505
"etap[10]" -0.579949384894429 8.00271257411066 0.03772514886027 0.65684271007601 -16.891017743389 -4.73351836596104 -0.413223855610025 4.01468623786326 13.9855248785992
"etap[11]" -0.156855881718596 4.14732030050719 0.0195506553882751 0.0992788683487475 -8.75260407283705 -2.02753042373344 -0.0536400795760368 1.89915325623222 7.76134834345111
"etap[12]" -0.61966600491833 8.0287438157922 0.0378478613103748 0.742293315432387 -17.3716386036488 -4.76631190781522 -0.430296975259646 3.99479243390418 14.2975131496856
"etap[13]" -0.657981655827598 8.1250760998191 0.0383019760522589 0.721469148784999 -17.212603699923 -4.77307864703647 -0.39031943316701 3.93673638789148 14.0399164988203
"etap[14]" -0.225615278401742 4.19040633139305 0.0197537648857005 0.0874316956980366 -9.0567348277285 -2.12001632359326 -0.0445095113819377 1.84925604479424 7.73384352921761
"etap[15]" 0.0190859878241406 4.02978144043115 0.0189965718881904 0.103139453319915 -7.97850070293011 -1.88949587153799 0.0282539876373102 1.98944201735764 7.94037363879113
"etap[16]" -0.251787167308593 4.27093806208969 0.0201333951048757 0.0962880354262689 -9.17236901518836 -2.07964200074692 -0.0726331423424758 1.83063989132906 7.54590818416179
"etap[17]" 0.54689342746654 7.89383900478618 0.0372119139325278 0.799502954027624 -14.1708592177891 -4.60623100547979 0.91852906173779 5.35047388612252 16.0084738539428
"etap[18]" 0.0846712188568856 3.92611658733412 0.0185078910842196 0.0928108003059065 -7.68556763940694 -1.83990455885353 0.0510304742435663 2.01797998071738 8.02103210227733
"etap[19]" -0.659441302015124 8.07357380871764 0.0380591919236956 0.615560821212517 -17.292658596281 -4.77010771966659 -0.429267839845542 3.92342923854844 14.0901079137658
"etap[20]" 0.493069246979334 9.29058612744421 0.0437962430127565 0.381958437170148 -16.423929047496 -5.17377258860552 0.248582244680262 5.79929782658975 19.0162123150679
"etap[21]" 0.25887812506715 8.06328916309304 0.0380107096392739 0.135921595059549 -14.7165824461116 -3.99190127633626 0.160204510517663 4.35647684492116 16.1528953883498
"etap[22]" 0.148579083501119 7.35417553544448 0.0346679159409934 0.0787936434418699 -13.8133689547679 -3.66413589569187 0.0794211558797855 3.77421915375443 14.7383182238631
"etap[23]" -0.00954228481845075 7.24449052049817 0.0341508558219061 0.0788462823972628 -13.7554529234774 -3.57451242494557 -0.0330496860073687 3.5248003060359 14.0053040763085
"etap[24]" 0.104335995296837 6.92788387837945 0.0326583577978338 0.0631092415429396 -13.329860095303 -3.46248205757367 0.024577274726421 3.50805246184569 14.2080155318012
"etap[25]" 0.0154274066079619 6.98066381984782 0.0329071648279865 0.0569596173060373 -13.5074079767612 -3.48210663872433 -0.00785962917881942 3.46753761437437 13.8277831587487
"etap[26]" -0.0247208417630966 6.95333136958218 0.0327783184217913 0.067176544310086 -13.8597495804448 -3.42560690201263 0.00587140969325731 3.44732756134973 13.4084031205212
"etap[27]" -0.0624456093472605 7.05933442718292 0.033278021627498 0.0654662237060153 -14.1203091627908 -3.5415399131382 0.000724482901831538 3.46280446520904 13.8345635567056
"etap[28]" 0.0492706620305029 7.19677163734048 0.0339259068494298 0.0690798901670956 -13.8392835121896 -3.43961387947984 0.0200405148913192 3.46435899954079 14.0870550819718
"etap[29]" 0.0186528818327414 7.25940077579962 0.0342211434394586 0.0708714016425239 -13.924011452109 -3.45664354831616 0.0169593525972255 3.45231029476784 13.5541347800375
"etap[30]" 0.123488239449508 6.98271903595815 0.0329168532096427 0.0657280394356189 -13.1850238303256 -3.42993354545656 0.0177820714614994 3.51333854977219 14.2209019379222
"etap[31]" -0.0278053250556941 7.08427576740789 0.0333955962328644 0.058816876864449 -13.8962603499947 -3.50099577285056 0.00521497290845137 3.40816098560463 13.5474953865091
"etap[32]" -0.0245681215781218 6.85028464085426 0.0322925514840407 0.0595542335244689 -13.7063215038671 -3.49310685465855 -0.0619939501840681 3.42619466754089 13.7653536493035
"etap[33]" 0.0608813920352872 6.876532928257 0.0324162870974874 0.0524201347990864 -13.5083544510388 -3.43599963365956 0.00610456609344547 3.44227909741025 13.9446680992038
"etap[34]" 0.110513713364612 6.97839589760776 0.0328964737400189 0.0624055054790963 -13.2695077045504 -3.37111133193716 0.0666969250997376 3.54657589624598 13.9192467198636
"etap[35]" -0.00538667013306974 7.02283649820069 0.0331059687402806 0.0705356252189718 -13.675206996063 -3.4625078018043 0.0284535267708669 3.46066804129931 13.5822436367377
"etap[36]" 0.0294853268697951 6.87953772623554 0.0324304518509989 0.0670814899340156 -13.6089253778487 -3.51215114982168 -0.00113359799811151 3.51584471481478 13.935215302486
"etap[37]" 0.0818520610624566 6.87489197469767 0.0324085515682246 0.0656548986173407 -13.367636194053 -3.37671608779096 0.050969335748105 3.56145836230351 13.5520856133892
"etap[38]" 0.0500143663507216 7.06497835774026 0.0333046273712956 0.08445229610792 -13.789937227254 -3.47537863342368 0.0366572931767577 3.44713398850659 13.8971805653658
"etap[39]" -0.00690974930789623 6.96392818436379 0.0328282722857317 0.0553272320404625 -13.5905800135502 -3.49390431611932 -0.0239638627497869 3.46127317578613 13.7172592942862
"etap[40]" 0.0362868510524712 6.95009093312558 0.0327630428578416 0.0569955413959279 -13.5010616665429 -3.47966605160377 0.0126998383854351 3.51303035905538 13.8296689332582
"etap[41]" 0.0449111807301228 7.048844066695 0.0332285695939106 0.0636828772044786 -13.6153718887536 -3.53498566006848 0.000550183329508135 3.47580727234707 14.2915699504392
"etap[42]" -0.0656179757612907 6.95943735509764 0.0328071023135501 0.0550914405798402 -13.8043607265107 -3.4945891371384 -0.0100720427567506 3.39390305626921 13.5242489217328
"etap[43]" -0.0394511938204264 6.87995606820449 0.0324324239339529 0.0662571764364781 -13.7782442850552 -3.46192273870777 -0.0000128545543551752 3.46744089417754 13.5059286071934
"etap[44]" 0.00997205802047381 7.01753599295272 0.0330809819189169 0.0593134264668806 -13.622178569007 -3.51499274823585 -0.0389836618263812 3.46836960836421 13.9460055769784
"etap[45]" 0.0409131811675824 6.98006721708619 0.0329043524155971 0.0579248531280529 -13.8203866483511 -3.42514431414747 0.0249716933266454 3.52603584837921 14.0490399655084
"etap[46]" 0.0838063831381142 6.96414105299485 0.0328292757580819 0.0630001224242051 -13.4622798736381 -3.41848376096296 0.0668096032145379 3.52243553088552 13.7456677424852
"etap[47]" 0.0352075688251842 6.98002207727093 0.0329041396244672 0.0614138329838114 -13.5722101645889 -3.41609332942588 0.0126830846249928 3.50589887413124 13.7180254226027
"etap[48]" -0.00271487472221225 7.12279493086913 0.0335771773107915 0.0684514478756856 -13.6366642926404 -3.51381034307062 -0.0299772392465596 3.48363955748167 13.4824632909413
"etap[49]" -0.0351584270185853 6.88909740891703 0.0324755166273327 0.0568962458155199 -13.7036590886339 -3.50346361824006 -0.0181647697324051 3.42108017861799 13.5518700645745
"etap[50]" -0.0134700213441135 6.9876590116077 0.0329401404781806 0.0552136117704369 -13.7561178812874 -3.48693990969066 0.00570382280536243 3.48606166467905 13.7365663882533
"etap[51]" 0.0359468204563444 7.10076132550109 0.0334733098989933 0.0687146138883185 -13.6698537712874 -3.49705285163273 -0.0161398673126835 3.48880584374202 14.0100809443149
"etap[52]" -0.0847052331497067 7.19203807973973 0.0339035926449056 0.0968375760730038 -13.7186500670066 -3.48606939675034 -0.0647307871667762 3.39451911384621 13.4341810602769
"etap[53]" 0.0366886289693299 7.0571581373979 0.0332677624990658 0.0693058677799634 -13.4754358982656 -3.41674662616908 -0.00638261479003198 3.42497962077416 13.7987767685603
"etap[54]" 0.0441273062406679 6.87034643279629 0.0323871236782071 0.0511252070525332 -13.5350356077184 -3.46306240787245 -0.00496971145174176 3.4874747749643 13.8280065394734
"etap[55]" 0.0795929815855513 7.0313008348995 0.0331458700061338 0.0565379316373787 -13.4734260430997 -3.40280380577847 0.00850258930809966 3.45670987568135 13.9770182564712
"etap[56]" 0.0200793043856454 7.09717983978446 0.0334564266134136 0.0656888621275135 -13.8735763230772 -3.41896058368649 0.0345719830798887 3.47941874960018 14.1606825449561
"etap[57]" -0.125866427806049 7.21779393052732 0.0340250068898865 0.088024760018029 -14.0945341826306 -3.52660623062723 -0.0371853603987118 3.42460356434956 13.5296137430882
"etap[58]" -0.0907567574841294 6.99870843793019 0.0329922279733863 0.0659180956967333 -13.9892116371159 -3.56708397785357 -0.0305990913829364 3.47415901689191 13.2804432423214
"etap[59]" -0.0656371774514018 7.22082610012493 0.0340393006744477 0.0926967333300047 -13.7617644141146 -3.46169844557626 0.00863375979111205 3.43201481280632 13.5265587656209
"etap[60]" 0.0964960025820483 7.17265892151965 0.0338122384169649 0.0603186966600363 -13.5651219129418 -3.40371037865702 0.0553108630652888 3.50490055748428 14.4295119555091
"etap[61]" 0.0145132755226033 6.79366862915438 0.0320256610453958 0.0557812957814374 -13.425949887052 -3.42481272494125 0.00215176621132389 3.42809285203746 13.5395950692714
"etap[62]" -0.111017924176839 7.00334922793923 0.0330141048672893 0.0692543190490157 -14.147348627868 -3.52648809596355 -0.0381829827437422 3.39694886134516 13.5820810706547
"etap[63]" -0.0701379772586796 6.93628731651367 0.0326979719851004 0.0649870900997183 -13.7071806888825 -3.54244680750022 -0.0230720289639002 3.45973376433444 13.4886702280804
"etap[64]" -0.0283725375683916 6.9520466232096 0.0327722620693103 0.0610244241800542 -13.8556072422688 -3.52028821632004 -0.032487547470787 3.44452196165055 13.8288327066554
"etap[65]" 0.0763085664059934 6.97123703331444 0.0328627265301029 0.0715690027292894 -13.6679824945813 -3.38276605884011 -0.0038303598125972 3.46101530312431 13.8645221747854
"etap[66]" 0.116500141347939 6.97568513093608 0.0328836950633805 0.0634060200595759 -13.307993634664 -3.4480642717026 0.0438130327672003 3.51415922096364 14.0147594028013
"etap[67]" -0.0578658612015836 7.02820294494856 0.033131266412856 0.0624778863539895 -13.7759420427593 -3.46030592232601 -0.0552864310853662 3.36579216190746 13.6623685764203
"etap[68]" 0.0256155211650284 6.83372980476825 0.0322145112383217 0.0592487538359348 -13.5877168867132 -3.47826926583002 -0.0274795536729015 3.48316991244426 13.6775962772524
"etap[69]" -0.00729863357940746 7.15060625128065 0.0337082811325031 0.0672254262087428 -13.9820911984027 -3.50057900931514 0.0137139816534787 3.46119575151664 14.1322777853774
"etap[70]" -0.0425863134952789 7.15612935856446 0.0337343173099271 0.0648799622870226 -14.2656714853257 -3.46985936092715 -0.0172169196825692 3.43917418641019 13.8397960441547
"etap[71]" -0.0734006084452113 6.80381992066043 0.0320735146924741 0.0564649924274848 -14.1013677831968 -3.51557303328719 -0.00763700830039517 3.46165613377227 13.3057738820025
"etap[72]" -0.000810336951708966 6.98842553344836 0.0329437538967903 0.0617912200192591 -13.7644465310013 -3.49021231905266 -0.0135771668260036 3.48235094338452 13.7845158767738
"etap[73]" -0.0566637160592191 6.93648597739207 0.0326989084814622 0.0532880947984637 -13.5720624678835 -3.5140436396805 -0.0691921759343015 3.41817142876028 13.4247550653209
"etap[74]" 0.0256710848445709 7.10582346409643 0.0334971730491805 0.0681364620394777 -13.6702195861803 -3.48415413622221 -0.016244145005878 3.40133881717158 14.1561342151559
"etap[75]" 0.136324045587807 7.21478663519126 0.0340108303637187 0.0701237401321255 -13.7103209826074 -3.37982645883254 0.129603038090244 3.62408884297288 14.0407654873804
"etap[76]" -0.0333081486620998 7.10818291964163 0.0335082956292866 0.0621482148277213 -13.8531592837142 -3.50376779487346 -0.0355192192460082 3.47411055698949 13.8076100439532
"etap[77]" -0.127448563477692 7.02265194511965 0.0331050987487133 0.0650889655732534 -14.1909555359948 -3.58140833329343 -0.0527783241737464 3.42155937427908 13.5750511045345
"etap[78]" 0.0852855753525807 6.93584872056521 0.0326959044239713 0.0585404127765528 -13.4502968894399 -3.41752303596517 0.0494654657605808 3.51569859180181 13.8970327636004
"etap[79]" 0.114348334563404 7.06179450260171 0.033289618534237 0.0704050095756898 -13.447678828646 -3.38111405477187 0.0763127753808811 3.56006081622603 14.1092727785381
"etap[80]" 0.077182050140798 6.941843390018 0.0327241635667783 0.0583985242188295 -13.5763318511896 -3.45810420597182 0.0172985452177642 3.51722857263205 14.1585713426828
"etap[81]" 0.139712471868949 6.85801476174752 0.0323289916233941 0.0603038661745151 -13.3455412453192 -3.36563640330362 0.0932785692429064 3.53457817185939 14.0111914284081
"etap[82]" -0.0314463233392673 6.84869737718804 0.0322850690513612 0.0620561511856246 -13.7386890278027 -3.41940190295376 -0.014639358211978 3.45901978159864 13.4347452729152
"etap[83]" -0.0184929960705053 6.97886230624647 0.0328986724114271 0.0552862931099987 -13.6661325704769 -3.45122843324916 -0.0543962075123268 3.44501761631918 13.5398346289726
"etap[84]" -0.0666455701193351 6.97805519454396 0.0328948676503737 0.0575616426795016 -13.8511486195377 -3.55289653107495 -0.0151574185598319 3.45255193443713 13.4615280156038
"etap[85]" 0.0473419799224322 7.03018924546907 0.0331406299233061 0.0634599392135072 -13.3475456875423 -3.44975407377963 0.0859195635158985 3.49500839989585 13.8825286908267
"etap[86]" -0.00851371397953026 6.95218434826488 0.0327729113114472 0.0645201503484422 -13.765495028403 -3.4972540853558 -0.0255312746074444 3.46486189482732 13.7604083750401
"etap[87]" 0.064367452634411 7.01622340113407 0.0330747943017443 0.0584546924850358 -13.6880900307968 -3.46111115799027 0.0271536738100913 3.52044019446596 13.9595063695214
"etap[88]" 0.0561398419712851 6.99337576132054 0.0329670894947693 0.0612301532876668 -13.5735302646677 -3.4975472944283 0.0223833521725272 3.55848763307598 14.152127492012
"etap[89]" -0.0479512068099415 6.88852597434069 0.0324728228589065 0.061308730752059 -14.0274938038688 -3.50191205178059 0.0220642130521652 3.46233879943926 13.4709396464244
"etap[90]" -0.0713987045408794 6.90830372375999 0.0325660560637798 0.0546099349727714 -13.7411171851971 -3.52642575947096 -0.0116464906930561 3.43393445084092 13.4493538468143
"etap[91]" -0.0412324798150893 6.97652457853212 0.0328876522572979 0.0613923233231388 -13.7600241249933 -3.53034211286098 -0.0402639516209893 3.41415247431056 13.6113071420194
"etap[92]" 0.089184080591843 6.96663716885166 0.0328410425610751 0.056500306301568 -13.623957016387 -3.48434743795991 0.0307938515774774 3.54788155221573 13.8937124734608
"etap[93]" -0.0395150908401972 6.98522351299539 0.0329286594276184 0.056406641029478 -13.7697912032378 -3.47016640730671 -0.0382151096766052 3.45863871101146 13.7628491321595
"etap[94]" 0.0109107360628125 6.93358893852605 0.0326852517092787 0.0562027028515731 -13.5996713933644 -3.42585796921568 0.0187226397896306 3.46398421709313 13.4814104775784
"etap[95]" -0.0231726443265862 6.84713710089293 0.0322777138383693 0.0685134861567268 -13.6410967385477 -3.49164099139659 0.00176873746816151 3.44535153576142 13.6555803387292
"etap[96]" 0.0783231649744731 7.08096097931655 0.0333799701719471 0.0681968964280341 -13.2862079636792 -3.40316784627736 0.044022250766422 3.48211444524341 14.0863532864504
"etap[97]" -0.115970804722631 6.89279935104228 0.0324929677498682 0.0583944173001784 -13.9739583820446 -3.50111811580311 -0.0873898601241142 3.37857158568163 13.4283156352105
"etap[98]" -0.0364178762974883 6.99494167352614 0.0329744712756981 0.0668058240190742 -14.1260437509567 -3.48960624860193 0.0317012936052019 3.44709879285183 13.4484550578833
"etap[99]" -0.0188343475752254 7.03623062128542 0.0331691092420224 0.0617898627349602 -13.8564721731213 -3.47533328989871 0.0630364617270218 3.49349740574471 13.7903542144114
"etap[100]" 0.104084403983883 7.00018035880153 0.0329991666749163 0.0559915497619222 -13.3427764723357 -3.44271683392201 0.0542329602834233 3.58003740649301 13.9318055576617
"etap[101]" -0.0805629859737108 7.12566706673737 0.0335907166891177 0.0739715980627594 -14.0390646590004 -3.57669203548083 -0.0399561213685554 3.46022866984396 13.8316708387027
"etap[102]" 0.04241019720209 6.78444894130902 0.03198219902009 0.0548409086726118 -13.3431849125375 -3.45549731409414 -0.0389425584568791 3.43943031207164 13.842220297982
"etap[103]" -0.0535831211902201 7.04600395789314 0.0332151811926233 0.0697025951002153 -14.0515937841606 -3.52787196886618 0.00711465124695827 3.49728026405517 13.7738174528334
"etap[104]" 0.12162196640266 6.93810715739605 0.0327065507972911 0.056974451555523 -13.3365783487527 -3.35984663008177 0.0270783661333215 3.49393807795126 13.9526974240611
"etap[105]" 0.0214409702117715 7.15136322008056 0.0337118495176469 0.0919840428165781 -13.6679577410913 -3.45307575203456 0.00610861732036147 3.45926585444614 13.9807249981653
"etap[106]" 0.0108881608239892 6.91656545897839 0.0326050022570951 0.0707041488286994 -13.5680939434743 -3.45833829539136 -0.0108537501766145 3.42526386525602 13.959634467449
"etap[107]" -0.0251936483964385 6.88624295375072 0.0324620605966347 0.0648009799062141 -13.8296711678946 -3.47603566993382 -0.0186690916451103 3.46469270159385 13.579772927085
"etap[108]" -0.0115728536255262 7.07295204589773 0.0333422156977437 0.073013114370171 -13.8382965064147 -3.45789851303171 -0.000630891315736906 3.40481324837727 13.8337526364838
"etap[109]" -0.0453659594592503 6.78515747996808 0.0319855391033604 0.0529680603555113 -13.6430529660247 -3.47235733592654 0.0124463020802142 3.47342131366147 13.2001757723394
"etap[110]" 0.0483146095929447 7.12012672951035 0.0335645992889624 0.0568106749214511 -13.5621571195954 -3.44074280651359 0.00325388531451085 3.48502593993707 13.8206073080967
"etap[111]" -0.0636826124297247 6.79899594609213 0.0320507742582773 0.0586526942198705 -13.8560487892427 -3.50369227062083 -0.0303213673707639 3.46039415627349 13.4556397802998
"etap[112]" -0.0343167383674094 7.09644405519126 0.033452958091578 0.0628354236136887 -13.7248414450616 -3.53038039648428 -0.016156850418506 3.47052509935031 13.9341832881543
"etap[113]" -0.0237726809132995 6.92032864179404 0.0326227420710137 0.0607343620311066 -13.4863187357096 -3.48473935668506 -0.0158275249085901 3.4273594146187 13.7188554139448
"etap[114]" 0.0185716894759474 7.14080105132123 0.0336620589766218 0.0631253215021617 -13.7970636543256 -3.46025426717132 0.0225596525653482 3.47245463530516 13.9524706617963
"etap[115]" 0.168224152222513 7.31541186716883 0.0344851822563175 0.0939183906188169 -13.4314931773271 -3.42725777220664 0.0611785024761569 3.58237310063766 14.4151708618153
"etap[116]" -0.113602509954338 6.85864258598727 0.0323319512152429 0.05497449791148 -14.0510928206713 -3.52618273740944 -0.0407094197450083 3.39824190027944 13.2843570775452
"etap[117]" -0.0110203130033775 6.98935735613771 0.0329481465510737 0.0688920249358134 -13.8573940102049 -3.46235892696023 -0.00793869200749046 3.46273416225244 13.7382377778276
"etap[118]" -0.0539924003375246 6.98687245736468 0.0329364326259206 0.0579239486186559 -13.910332654431 -3.50699982243443 -0.0251014844767521 3.4056165142934 13.5501243414458
"etap[119]" 0.0337452771675996 7.08863502463922 0.0334161459685257 0.0574536337148955 -13.770598003384 -3.43290758606827 0.0383883708800832 3.4842985129942 13.9825141038711
"etap[120]" 0.0109474474372789 7.34194614473032 0.0346102660403016 0.0803746528940296 -13.2750902887567 -3.50372866632103 -0.017992517462633 3.5132924109143 13.88884240743
"etap[121]" -0.0268115339779337 7.0382661412271 0.0331787047750491 0.0605909163795914 -13.5717620148952 -3.47587102821799 -0.0636292260792863 3.37680323415466 13.7704067586146
"etap[122]" 0.0319155561347758 7.2741990426186 0.034290903138242 0.0916117116766226 -13.8165729337629 -3.44035652545237 0.012583765883404 3.47206562920829 13.851082311908
"etap[123]" -0.00984511017586766 7.00803062428506 0.0330361731812997 0.0631248801651688 -13.9737948908193 -3.44899664205427 0.0298875030289139 3.49444682388521 13.685011280799
"etap[124]" 0.0442022233668661 7.0282684641495 0.0331315752733311 0.0662498773568272 -13.3215961628724 -3.39987451014645 0.056839620295913 3.46078308323448 13.4216380026016
"etap[125]" -0.0578384727732013 6.9540265629356 0.0327815955946876 0.0607072007436125 -13.9964339099462 -3.52390508349627 -0.013512914689428 3.43584198118251 13.6793241908316
"etap[126]" 0.0220972101377089 6.98642851868735 0.0329343398789261 0.059761305567308 -13.5472044196473 -3.44997096487687 -0.0205927427073656 3.48736037444638 13.5055150971259
"etap[127]" -0.0267027566722171 7.13177369756732 0.0336195036229181 0.0796909205607192 -13.8871194655905 -3.48398482126554 -0.0127485997817669 3.46611978092807 13.8907492638796
"etap[128]" -0.0938336604271853 6.93979566765662 0.0327145105109935 0.0616555479708902 -14.1988221236665 -3.51070388130957 -0.00264719562553865 3.44351694415956 13.2424742592665
"etap[129]" 0.0367981802118782 6.90492856854481 0.0325501454295117 0.0565857007845661 -13.5578793793213 -3.48250610535227 0.00290664097852876 3.4829108722213 13.8299576535626
"etap[130]" 0.00922971019757671 7.10788903985842 0.0335069102667029 0.0632935599925758 -13.9058800125805 -3.45259684165395 0.0366765253498773 3.50627970551202 13.8141898481082
"etap[131]" -0.0148371204131821 7.22899595003559 0.0340778137162684 0.0640041157508888 -13.8014081878395 -3.47320106471814 -0.00214241478232477 3.489947093795 13.9077941052314
"etap[132]" -0.0141496928819508 6.98939737646467 0.0329483352087042 0.0626334518691891 -13.8702838460235 -3.4522459628457 -0.0366333068792199 3.44315781364636 13.5515073070737
"etap[133]" 0.0194829336068331 6.97590715454972 0.0328847416927324 0.0555927617370412 -14.1122377640967 -3.44229598567656 0.0129511369430113 3.51901405300978 14.0434296042137
"etap[134]" 0.0882393662905195 6.86248608282523 0.0323500696330935 0.0550123502287091 -13.3815873714615 -3.41823107047786 0.0117630984250348 3.48055268903573 14.0705118883049
"etap[135]" 0.0225054277297134 6.9934812989934 0.0329675870041303 0.062447073033039 -13.5245884010105 -3.4852233141041 -0.0131179515699185 3.44102402177412 13.9768383303987
"etap[136]" 0.0388183141970947 6.94213792561854 0.0327255520209146 0.0647077450499831 -13.5661316979952 -3.50106443605601 -0.00637443175216646 3.46036414533972 13.9713210284098
"etap[137]" -0.0999928027533682 6.9550783747369 0.0327865538830692 0.0625659440565308 -14.3901900689564 -3.54586490176488 -0.0269766763382444 3.42338999349618 13.5186249357312
"etap[138]" -0.139576794741231 6.90803434255067 0.0325647861885809 0.0700645754156468 -13.8530967027569 -3.54758930994946 -0.0511637549155417 3.35782629647098 13.3028653888746
"etap[139]" 0.0927720057682571 7.05237957866044 0.0332452361571488 0.0669817382369966 -13.3513757340902 -3.42204216846848 0.0388690325571769 3.45332982081469 14.1905905880362
"etap[140]" -0.00375052597629186 6.92291428480974 0.0326349309090813 0.0605720789922212 -13.8385993800612 -3.38933639424635 0.0153906406870912 3.49562757580588 13.192472346879
"etap[141]" 0.0118451235549869 6.87898327475645 0.0324278381416608 0.0606913174493408 -13.7270211420368 -3.4428383842707 0.00869883153977132 3.46194120703279 13.5950814648025
"etap[142]" -0.0699025766554004 7.0544693642893 0.0332550875010781 0.0548064145697563 -14.194444040598 -3.56872316147597 -0.0459997148397951 3.48177653436642 13.6672630036627
"etap[143]" -0.0240695783107845 7.11583219743196 0.0335443546705981 0.0627359812220173 -13.783552899572 -3.4499543870762 0.015230075672901 3.50776121347903 13.5957963686336
"etap[144]" 0.0887467670877533 6.90998756140544 0.0325739937505632 0.0612762918964034 -13.4871655350923 -3.39030767380354 0.0513725729644509 3.45252287648981 14.0111749591152
"etap[145]" 0.0397314641833169 6.95087626601136 0.0327667449525684 0.0568582727067457 -13.6235009156387 -3.43329775376437 -0.0116434181464512 3.44980779905057 13.9708396284945
"etap[146]" -0.102788094692402 6.86698216279787 0.0323712643573429 0.0573531238547212 -13.794648752542 -3.5355299277431 -0.0625082031311809 3.41593901998333 13.3285713368874
"etap[147]" 0.0118798508532938 6.96588765592235 0.0328375093232424 0.066440025285176 -13.4345274145618 -3.5023933183155 -0.037295005532265 3.41612676784124 13.6819821262733
"etap[148]" -0.067485884856475 6.96648832889135 0.0328403409227734 0.0654535851441013 -13.9166125804658 -3.50009257847835 0.0084471037671864 3.46514449475807 13.5391382414983
"etap[149]" -0.0340008504472911 7.15670617408453 0.0337370364443654 0.0772688462232665 -14.0859180239298 -3.45625302865874 0.0386291655029809 3.43833274038735 13.6782554167411
"etap[150]" 0.00253445438495322 6.78534537638997 0.0319864248555876 0.0598469918010958 -13.6186387449407 -3.4916721620954 -0.0407056212439559 3.44722748212866 13.5422228960582
"etap[151]" 0.0116736345558778 6.99748985879076 0.0329864835362336 0.0633049336345364 -13.848003428928 -3.47370681635138 -0.00341566535488473 3.45215759607277 14.0541302801662
"etap[152]" -0.0224957046978097 7.10325771721428 0.033485078002386 0.0668999028337792 -14.0455768742744 -3.43382035072065 0.0302344757841179 3.47860149234312 13.4324175570592
"etap[153]" -0.14086155559449 6.89380964751356 0.0324977303331072 0.0570069436972841 -13.824085404953 -3.52305974716959 -0.042660357703547 3.38083005450594 13.2008377455315
"etap[154]" -0.0662533189767579 7.13007892476203 0.0336115143872968 0.0729852352305733 -14.0682333582726 -3.50295310673767 -0.0280194041005654 3.41817245931036 13.7172508558391
"etap[155]" 0.11945847063824 6.98127082389614 0.0329100262725117 0.0618452084156502 -13.1357564151525 -3.44568722955133 0.0314603929057851 3.50890042241683 14.5888205798272
"etap[156]" 0.0878428695712264 7.04526222407563 0.0332116846258753 0.0687808456128881 -13.4709630035254 -3.46025914502763 0.0135897797691034 3.45476764855711 14.3099403760327
"etap[157]" -0.0181521004838131 7.17871988603305 0.0338408100776846 0.0675487911826155 -13.9209743689905 -3.41324157028719 0.0177350124998546 3.44979777567508 13.8331959360085
"etap[158]" 0.0285129577861947 6.95296787642832 0.0327766048986313 0.0601055404020183 -13.6388577607863 -3.49257113183353 0.00912880603690996 3.54087577927291 13.7781434278959
"etap[159]" 0.0125649820930118 7.07817097439985 0.0333668179626395 0.0597850336281899 -13.6506633745286 -3.46782395714369 -0.0308562980215704 3.43971634633249 13.8879298057215
"etap[160]" -0.0107772732067916 6.87000173154894 0.0323854987409439 0.0564864887961234 -13.4177190340183 -3.49750183521496 -0.0462652438611679 3.43227870070321 13.5699573583607
"etap[161]" 0.0385683780120194 7.20775611585683 0.0339776881777412 0.0729123207229038 -13.5556904445226 -3.46337594320129 -0.0359078375319967 3.46639540576599 14.2630272283919
"etap[162]" -0.00921008600338406 6.91507936552158 0.0325979967453565 0.0534257068434244 -14.0102544034919 -3.49883127562614 0.0116801089185675 3.47640947117022 13.6062846055657
"etap[163]" 0.0215244419424145 7.03099325097504 0.0331444200416087 0.0724282565985526 -13.7802818216939 -3.43460093860657 0.0251719442291345 3.47624133269544 13.6638304783558
"etap[164]" 0.116376911319982 6.94640029280296 0.0327456450125146 0.062905797733767 -13.333888217849 -3.37794031886733 0.0669657831653818 3.57134132357643 13.9557254898048
"etap[165]" -0.0807246705126018 7.08415262892356 0.0333950157524824 0.0652530558247015 -14.3087341087881 -3.42242779330833 -0.0368355659704223 3.40301302803063 13.4540137641614
"etap[166]" 0.00163786280155089 7.12412900644233 0.0335834662033543 0.0708695422008603 -13.7844284217287 -3.42892849638402 0.0784726505012358 3.49204320222583 13.8820156177574
"etap[167]" 0.0850449476773604 7.03890336518241 0.033181708677582 0.0776163847557337 -13.4349612645784 -3.46611210655404 0.000365396184794713 3.52224778474508 13.8383690676045
"etap[168]" 0.0482902376119931 6.79084659142113 0.0320123578319429 0.055496128353456 -13.2982188709145 -3.39279810215547 0.0133601666542492 3.45459116971197 13.8003423590657
"etap[169]" 0.146281133457294 7.19890432775456 0.0339359604484562 0.0756860070648579 -13.3464261359734 -3.42318941334205 0.0391178094876051 3.53364832582858 14.3817756163849
"etap[170]" -0.0489168288200328 7.18467468291813 0.0338688812594048 0.0713796980577974 -13.912716590486 -3.478993428709 -0.0596727828870545 3.39772185617012 13.6493578087613
"etap[171]" 0.0384250399505446 7.03473935768506 0.0331620793579934 0.0703278416404677 -13.5455820735334 -3.4190305148765 0.0494875505530525 3.49498968085031 13.7013410039625
"etap[172]" 0.0361532304007841 7.00498539788712 0.0330218178463915 0.0598392952519116 -13.5375733596159 -3.46051848105272 -0.0329954719794787 3.42868883038402 13.9710179974952
"etap[173]" -0.0448212087361342 7.11985003914647 0.0335632949580785 0.0716389614409884 -13.9091239463263 -3.46936277816437 0.0255497308596448 3.47482001031472 13.75023767091
"etap[174]" -0.0784813688002765 6.95756841957557 0.0327982920670083 0.0619529713611175 -13.7472971710796 -3.51500885120464 -0.050028209320083 3.43992714240719 13.4860332259696
"etap[175]" 0.0976493156811643 7.00352410568237 0.0330149292488764 0.0618014873397987 -13.5538212360403 -3.33703362666597 0.0644644945356192 3.46256956684021 14.1051930343872
"etap[176]" -0.0590464335995219 7.2211271892483 0.0340407200221868 0.065635889413237 -14.1689241383673 -3.55326989755038 -0.0348438415468405 3.44225728483877 14.0039371281787
"etap[177]" -0.0940063505321679 6.85437969670276 0.0323118557624394 0.0705615079931733 -13.5817032491072 -3.51736902188493 -0.0113137011114892 3.39735657937289 13.1888509903898
"etap[178]" -0.0184385345492579 6.82111497471224 0.0321550443591475 0.0513697899816926 -13.4843332893583 -3.506665999764 -0.0343323186800431 3.42061318452657 13.4173595430149
"etap[179]" -0.0830144494241051 6.92883022597033 0.0326628189231596 0.0596632263970905 -14.034961704305 -3.48705971466374 -0.0204982651668205 3.5023849425112 13.3074119191044
"etap[180]" 0.0867718958567631 6.9435624851455 0.032732267458926 0.0616131124675156 -13.50436539181 -3.47222354038151 0.0109988158147385 3.49522177650198 13.9714434200538
"etap[181]" 0.11312822702718 6.96174940491668 0.03281800142092 0.0760066751418678 -13.3750259907171 -3.45512630316257 0.0203334503709591 3.48558619994325 13.9538814700101
"etap[182]" 0.0189703490176428 6.95301388059083 0.0327768217643331 0.0671821345566882 -13.3739313200309 -3.46907520073844 -0.0123883170537999 3.50537005866867 13.6670016663832
"etap[183]" -0.103074863589834 6.91506881419271 0.0325979470059152 0.0571412290548169 -13.6429476175733 -3.56824125556603 -0.0860863542772042 3.4026464705541 13.305503749144
"etap[184]" 0.0400770957234904 7.03497873419496 0.0331632077896827 0.0608450023897511 -13.7456344369668 -3.41116360455767 0.00872293112969157 3.56970704062864 13.8867025373531
"etap[185]" -0.083262458358022 6.95927968740238 0.0328063590609068 0.0665713388293453 -13.6485511799477 -3.49766821510338 -0.0238022436682706 3.3973261870015 13.2017666221716
"etap[186]" 0.0687188307114134 6.85801537755077 0.0323289945263185 0.0643551018693278 -13.2388784339124 -3.40599484529649 0.0101125326495449 3.49746198963879 13.8776218304756
"etap[187]" 0.0655657686149967 7.1572170113639 0.0337394445543942 0.0812383754648485 -13.7471877415575 -3.48184999213888 -0.048160722579831 3.43018531073167 14.114063393411
"etap[188]" -0.0401064768060519 7.08309710378631 0.0333900399592673 0.0658666087388387 -13.6990599069105 -3.50242679502809 -0.0510879351952886 3.430303773243 13.8423509845614
"etap[189]" -0.0412117874500455 7.07445202040303 0.0333492866453724 0.0723683292714593 -14.3081380384902 -3.49743974712884 0.0256678728226424 3.47916150849011 13.7307153893149
"etap[190]" 0.0407150329023682 6.9345475213569 0.0326897705120789 0.0589733842687552 -13.451130797815 -3.44776048284435 -0.00425967158424895 3.47884735761052 14.1113286996033
"etap[191]" 0.185386203500472 7.01285175691449 0.0330589002184682 0.0719553126375736 -13.3861344356182 -3.33392664649878 0.103841953918431 3.5789489652279 14.1124098171055
"etap[192]" -0.00998877025805981 6.94777480065859 0.0327521245046847 0.0564701257433632 -13.5411907203227 -3.43952284459717 -0.0143804225786238 3.46770464774216 13.7217070542501
"etap[193]" -0.0418181746884473 7.01346176377283 0.0330617758183755 0.0583038395118184 -14.0506717547924 -3.51935560925184 0.00348405584494446 3.45986737675858 13.8453564826243
"etap[194]" -0.0867840801167333 7.17628514844886 0.0338293326146433 0.0649754828058131 -14.0708012735576 -3.53565833251306 -0.0653965006563338 3.42645492236534 13.6738387750998
"etap[195]" -0.0464073827511385 7.02759370350532 0.03312839442115 0.0615575155188116 -13.6557841210954 -3.54380423377337 -0.0814353711292908 3.39876259703945 13.8051043862721
"etap[196]" -0.0274349492366353 7.09526752890862 0.0334474118934934 0.0644605895796431 -13.6735250306223 -3.5302315380463 0.0427144476886747 3.53676102361552 13.5304730537237
"etap[197]" -0.0280328569970479 6.9798147896626 0.0329031624613105 0.0715523966978716 -14.2240707949093 -3.46334898429734 0.00492701917162235 3.50761852943632 13.6664688892579
"etap[198]" -0.0354813882590559 6.94732068365789 0.0327499837766137 0.0573423741198589 -13.8495920973225 -3.52155318795104 -0.00984796557727179 3.47975661097133 13.637572153548
"etap[199]" 0.0313648361397704 6.83519680499607 0.0322214267437156 0.0582676727677027 -13.5904602903531 -3.43584444168139 -0.0415089983666772 3.44623731018591 13.9780543803396
"etap[200]" 0.0439333896942546 6.899841249691 0.0325261635784478 0.05967230230696 -13.5114136023971 -3.45657393016198 0.000703746806524688 3.50380570459939 13.7768491579475
"etap[201]" -0.0563951865733651 6.877337645788 0.0324200805723081 0.0595963896131064 -13.6857981477505 -3.52579483947373 -0.0458291730796124 3.45186767139849 13.5411576931379
"etap[202]" 0.137196339197091 7.04655810131308 0.0332177934497565 0.0829014611354953 -13.4547742467253 -3.39421793370399 0.0219840453970458 3.51749415955152 14.3740074291319
"etap[203]" 0.0721966251746413 7.09092735126993 0.0334269520998942 0.0729428051390192 -13.4559371219294 -3.40188447507242 0.0362895132515316 3.4687425176381 13.7142724248924
"etap[204]" 0.05618669875483 7.09817822718388 0.0334611330567495 0.0663118106281219 -13.7396494864721 -3.43204529214639 0.0162005203640418 3.51282651058744 14.2581566454356
"etap[205]" -0.0353776099784276 6.92139325918688 0.0326277607255327 0.0522825961998746 -13.9560924404661 -3.4623283955609 -0.0148349318390784 3.47504215146817 13.677127909997
"etap[206]" 0.0606016732896481 6.90378946252084 0.0325447756322181 0.0617072669960406 -13.5271243668067 -3.41276092167919 0.0240289732142727 3.44927198936116 13.8415251001201
"etap[207]" -0.0843662129793809 7.08095896049339 0.0333799606551235 0.0744305094484539 -14.0671450884827 -3.51370936342362 -0.0135966628539797 3.46837064823999 13.7308628286026
"etap[208]" 0.0343567909971507 6.9755834272823 0.0328832156277587 0.0574437390330599 -13.4879932645296 -3.47688041610819 -0.00943340440441771 3.53631518200879 14.0542783593538
"etap[209]" 0.0172983696899048 6.86248246613992 0.0323500525838755 0.0629384672371826 -13.55410703568 -3.44928855060475 0.00995778804122362 3.46514469306513 13.5533932126441
"etap[210]" 0.0923501513798217 6.95911091605089 0.0328055634651261 0.0658410616924371 -13.2659387334231 -3.38077928964074 0.0524137497419811 3.49612189805851 13.7405832101939
"etap[211]" -0.0127841853690755 6.96532012362004 0.0328348339503123 0.07532203038143 -13.5719703175941 -3.41828378469373 0.0322302895621105 3.44153361824643 13.4619161269678
"etap[212]" 0.0419861482693043 7.00692077781542 0.033030941314868 0.0610487498598323 -13.5265052889025 -3.51850327109277 0.00534131624677828 3.47064770123974 14.0775729455282
"etap[213]" 0.0412280922897306 6.93835987377605 0.0327077421137312 0.0559753349684356 -13.7910129487971 -3.41770003126908 0.0470007745437219 3.53654448144969 13.8009755564467
"etap[214]" 0.111502633579959 7.04153884309177 0.0331941324395911 0.067907097747305 -13.64966178112 -3.43220108013 0.0801176062209874 3.52017354424084 14.1563689930765
"etap[215]" -0.0374877125836731 6.98347651070521 0.0329204239798442 0.0631141139825161 -13.6773710847746 -3.49629337176536 0.0246747037513997 3.50831949119599 13.4069178044456
"etap[216]" 0.0667018286347928 6.91946234019941 0.032618658286133 0.0565849679235873 -13.5815713110546 -3.43075027811728 0.00521340244612099 3.50506263563687 13.9715349777445
"etap[217]" 0.0558138029821077 6.86014380749979 0.03233902804132 0.0589216306970469 -13.2816038181494 -3.45171627353525 -0.0114898420916267 3.45820547754379 13.9695007371758
"etap[218]" -0.0512379897602721 7.08276856997238 0.0333884912360161 0.0592263744897222 -13.8784651145267 -3.49242029574612 -0.00885511226447803 3.44350236266949 13.4836053757407
"etap[219]" 0.0195489441506472 7.03918031232554 0.0331830142189349 0.0673520015390426 -13.5493764129047 -3.46789364976251 -0.0000557672525949581 3.41458025500119 13.4942842933001
"etap[220]" 0.0827808188572032 7.0772746088198 0.0333625924547723 0.0703695096389108 -13.6832418258619 -3.43357294713906 0.0284028414844294 3.49038333390835 13.9210641950628
"etap[221]" 0.0277766120645126 6.96521867546275 0.0328343557191126 0.0633201049170136 -13.8350881336929 -3.44114559962726 0.00219915265614732 3.4990614669108 13.7912775284254
"etap[222]" -0.00975703170289172 6.91289383102509 0.0325876940369366 0.0611492221591158 -13.7633160864001 -3.42506297102156 0.0338772070240068 3.48552819173654 13.2703615340658
"etap[223]" 0.00165984442966007 6.97573241990561 0.0328839179857207 0.0644549512619338 -13.5916317277016 -3.46804596909805 0.0206472116959406 3.49275885970692 14.0028734142387
"etap[224]" -0.0260077935351054 6.97760725544812 0.0328927560452255 0.0553154466987238 -13.6736937475687 -3.5157696630522 -0.0242389261052117 3.46170676419076 13.8132966615454
"etap[225]" 0.0197425186093312 7.07417916869288 0.0333480004100757 0.0731314180495714 -13.7364882150975 -3.46776548646243 0.0456545763221031 3.45765543106973 13.7147602574381
"etap[226]" 0.0163824698768673 7.00455345867963 0.0330197816654404 0.0633278854277842 -13.6388218121828 -3.46850765026449 -0.0514759062675616 3.46216046282807 13.6757792207641
"etap[227]" 0.096766881575609 7.24433137931747 0.0341501056231859 0.0601598842817726 -13.6172293174529 -3.41028825029433 0.046180970356765 3.52141641548451 14.0803439272086
"etap[228]" 0.0696243595184503 7.179101339325 0.0338426082657476 0.0649995077129386 -13.9775008052003 -3.45296784316532 0.0243887993156401 3.53832132402351 14.3157372142908
"etap[229]" 0.0732272646348296 6.96542876239939 0.0328353460784295 0.0727237600658308 -13.4861009160699 -3.4781088742285 0.0306268029512226 3.52304993173869 13.851887100087
"etap[230]" -0.0370548393616442 7.06139268245577 0.0332877243359036 0.0582376251451158 -14.2025338665815 -3.49953413595459 0.0189362274737852 3.50074772001286 13.6429118773889
"etap[231]" -0.0606189219939958 6.91566458136832 0.0326007554793145 0.0583131752674172 -13.5999507788955 -3.45040354110652 -0.0432963866186721 3.35318646615645 13.3386466085535
"etap[232]" -0.0173354210606068 7.02802044689874 0.0331304061087987 0.0777195928054776 -13.616398791183 -3.5477682273789 -0.054234281825993 3.41833840243342 13.6895085502168
"etap[233]" 0.031215311688004 7.10491999338488 0.0334929140474022 0.0720948345905874 -13.5684120132097 -3.46859411031771 0.0231816324301174 3.5103630844694 13.7260721729
"etap[234]" -0.0445511933652557 6.88160819802328 0.032440212148608 0.0525333142204292 -13.932151044906 -3.43389908628159 0.00142377974374504 3.44288883788403 13.5913425136785
"etap[235]" 0.0601719247702589 6.918556576631 0.0326143884757238 0.06054058142052 -13.3930324043555 -3.40611597730418 0.0549098481853639 3.50338080104609 13.7534277273088
"etap[236]" -0.0704360237577189 6.98200772153017 0.0329135000412721 0.0724433718221854 -13.7172620426801 -3.48330569171693 -0.0479273364735563 3.41190196907532 13.3684749121886
"etap[237]" 0.0176746288725678 7.35594079771818 0.0346762374671554 0.0721769626061619 -14.023121097531 -3.45829820606909 0.0364332610269854 3.54814015668301 13.8087489199608
"etap[238]" -0.000457294186286148 7.02354781651466 0.0331093219269699 0.062132280483694 -14.1394868090881 -3.48264255687438 -0.0294283629498683 3.47255106614694 14.1597752727068
"etap[239]" 0.0724762890194764 6.94457793553121 0.0327370543379506 0.0598958685875838 -13.3743773158098 -3.4350939028703 -0.0237211442391949 3.47370126443981 13.9990113490017
"etap[240]" 0.0182923238887451 6.95154835907113 0.0327699132296361 0.0640179668339982 -13.5014615042412 -3.45005672193862 0.00107729529484328 3.4423814278009 13.8249783483145
"etap[241]" -0.0505289964186302 6.97273040478187 0.0328697663507125 0.0578627147616775 -13.9154801283511 -3.45156561692664 -0.0134788598780735 3.43283850387875 13.6709032218452
"etap[242]" -0.021222417065955 7.07751596136709 0.0333637302015913 0.0725424002047082 -13.8572857394794 -3.46433482537049 -0.024856955007734 3.46806703433023 13.8566440511762
"etap[243]" 0.0717605090561863 6.86286166181138 0.0323518401294134 0.065427414420228 -13.2529406757562 -3.4421234607318 0.0352858461431529 3.43307715458155 13.9973052947957
"etap[244]" -0.0131286439134544 6.98532618122771 0.032929143410307 0.0654710762526283 -13.6705826088824 -3.50106145871386 -0.00945376604524998 3.43255493264713 13.7894700049402
"etap[245]" 0.0977015926145672 7.25919320668563 0.0342201649492715 0.084548460183112 -13.5783341446013 -3.50069735848146 -0.00111034761749955 3.50064349031294 13.9446599073374
"etap[246]" -0.0994531814462372 7.00933800047218 0.0330423362117496 0.0680209138782803 -14.0032159375361 -3.45716085767337 -0.0342772216638855 3.41785551637872 13.4340978970583
"etap[247]" 0.143260853123946 7.44604685860984 0.0351010015117054 0.135268026950274 -13.4815117931349 -3.48193188118056 0.0365589603018676 3.55502663004865 13.8683841107528
"etap[248]" -0.151239204547215 6.7862101566215 0.0319905014686939 0.0562649757990661 -13.9619230641855 -3.61544050932972 -0.0902259882337082 3.37618598898689 13.3188535440924
"etap[249]" 0.111489666141361 6.95197708494038 0.0327719342627655 0.0642937183343833 -13.4129487048259 -3.3943967648631 0.0513922472271756 3.49028315281261 13.9232379994301
"etap[250]" 0.079694214299025 7.04168223951809 0.0331948084168275 0.0626007940625338 -13.6833344016539 -3.4138123209943 0.0337093704879689 3.50761936697508 13.9778420788524
"etap[251]" 0.022174386157751 7.07371838966089 0.033345828276888 0.0645539799980677 -14.1075707265715 -3.45342877281299 0.0469521205305607 3.52332712486878 14.0712683295866
"etap[252]" -0.0662563824946185 6.92108499888394 0.0326263075725288 0.0565369213599514 -13.8628691560746 -3.50688459809368 -0.0256604113715002 3.34831458198621 13.717904090924
"etap[253]" 0.040768390423555 6.96381871673568 0.032827756250384 0.0605082719730802 -13.4602916208393 -3.40954340297631 0.0281809166818362 3.49520039702094 14.0097471490806
"etap[254]" -0.011789313687169 6.82885209764542 0.0321915175064337 0.0618337366221908 -13.5200911917783 -3.47155841682524 -0.0428696028471129 3.36956938543723 13.7805486275435
"etap[255]" -0.015510200173492 6.99102176419115 0.032955992645882 0.0519503172364775 -13.6053983602759 -3.46103502331252 -0.0343450225378904 3.42701393649633 13.7092118240454
"etap[256]" 0.169736215979259 6.94881481824252 0.0327570271945924 0.0628489268750224 -13.0468483330855 -3.38002853586196 0.102646879387893 3.51363567531278 14.0415316577563
"etap[257]" 0.0120305020295641 7.04511066868582 0.0332109701869163 0.063037065984855 -13.5333954571717 -3.48618993420896 0.0155742060459012 3.4355274795614 13.824967153007
"etap[258]" 0.0214627707526198 6.95744710659763 0.0327977201921461 0.0585900713698074 -13.643091339984 -3.49207891955501 0.0361532638191043 3.48953745710247 13.8328299670683
"etap[259]" -0.0712703799903925 7.00676634986625 0.0330302133345342 0.0607223576518176 -13.8651994288715 -3.48766374710848 -0.0163720335195843 3.45181683384111 13.3622800567592
"etap[260]" 0.0525186111390308 7.15239773837332 0.0337167262836474 0.0716781460995341 -13.8350685410214 -3.41892725569612 -0.0105499817047863 3.47002112717647 13.8861451508284
"etap[261]" 0.0228971275173803 6.92737998306714 0.0326559824125515 0.0516382854657391 -13.8068431969281 -3.38446007342763 0.0661875846817287 3.4396677716797 13.6925376867227
"etap[262]" -0.0100185691837169 6.94844839223467 0.032755299845826 0.0720188021148234 -13.4584848850407 -3.51195349937435 -0.0576860278542843 3.3979793576167 13.5626877279461
"etap[263]" 0.00853642212287908 6.89463008318713 0.0325015979039626 0.0667002570255076 -13.5938281213756 -3.40343957788632 0.0325816524569875 3.50682789281361 13.3961678525433
"etap[264]" 0.0632999835507716 6.98540030199254 0.0329294928189432 0.0606678774480896 -13.6121961785642 -3.44250579441895 0.00996661520868685 3.52031646896084 13.9274511190587
"etap[265]" -0.00534412315827936 6.97380288969635 0.0328748220930842 0.0680227032126027 -13.8040662537528 -3.44713247391855 0.00738052225643052 3.43205568391755 13.777456656707
"etap[266]" 0.0302200808124042 6.9291432504026 0.0326642945344845 0.0680960906263341 -13.4972517233697 -3.47765443655114 0.0386150934390541 3.45976639177456 13.7932446126758
"etap[267]" 0.195702447322592 7.08526515647854 0.0334002602576716 0.0790322483319769 -13.3421621498136 -3.36748992073985 0.0756521625577636 3.52350802740323 14.3862560615076
"etap[268]" 0.0178170627592177 7.09697020568897 0.0334554383888104 0.0715435830898416 -13.9342960408132 -3.46777819008979 0.0251030554770486 3.52361151322181 13.8935523519123
"etap[269]" 0.249456323707593 7.39503291558425 0.034860519478049 0.0922471886961051 -13.2235215172992 -3.38530874203285 0.0764966858352608 3.58306244800667 14.4397966353181
"mean.p0" -0.144337915658146 0.205738989011345 0.000969862895229245 0.00659018715759415 -0.559203291218809 -0.277030567154419 -0.137579717446312 -0.00707489568098817 0.258714353661371
"mumup0" 0.728778624583487 0.108980522875429 0.000513739111616475 0.00194820221373953 0.47856087650826 0.666924335241742 0.739775329747201 0.805121322129688 0.908212137805875
"mupsi" 8.12036509502696 1.35686104111711 0.0063963042886783 0.0101229220121337 5.58839271174376 7.17965446212643 8.07230444846516 9.0097348803536 10.9057527972134
"ppo[1]" 0.47762648419431 0.0773381537658182 0.000364575553148387 0.0017276316110392 0.332315452820047 0.429273137215671 0.473735015582314 0.520137594312967 0.648213140598905
"ppo[2]" 0.442470855793451 0.0794079457955262 0.000374332646347402 0.0018324463131944 0.263255543041842 0.396850060842347 0.450209589634324 0.494369345205758 0.584763787514182
"ppo[3]" 0.477260182968505 0.078495985973446 0.000370033626518318 0.00155714889881534 0.330680787778855 0.428501706041851 0.473215160824267 0.520376398844472 0.651763387974202
"ppo[4]" 0.443750672712012 0.079441199227751 0.000374489404530228 0.00189815790269211 0.262893668329665 0.39794139435154 0.45172254391802 0.495140510068743 0.587967081089581
"ppo[5]" 0.443872568033136 0.0784692205369174 0.000369907453040513 0.00179805815323541 0.265700006643736 0.39775036639619 0.451218841287141 0.495059117140613 0.587243066014975
"ppo[6]" 0.46070739311324 0.076248462178031 0.000359438697740878 0.00156413078630844 0.303016393180845 0.414222431890714 0.462940744093847 0.505509987855465 0.615191182063396
"ppo[7]" 0.495166037116405 0.0839200813415427 0.000395603057295543 0.0020219655203357 0.351903703275916 0.442430687787939 0.486027592126555 0.538027021413044 0.695739192533827
"ppo[8]" 0.47758817841396 0.0780444198650047 0.000367904923468766 0.00167250824297424 0.332137736567456 0.429273105819047 0.473732826478064 0.520111029200075 0.649808439079857
"ppo[9]" 0.443890778413345 0.0786654558301434 0.000370832515084168 0.00180988324941618 0.267948713002159 0.397734797275377 0.451577756558427 0.495451274965876 0.586876257938077
"ppo[10]" 0.494714468426468 0.0844527715589366 0.00039811418306215 0.00192317184673798 0.353322546096512 0.440761394373372 0.485072111241546 0.536658759952215 0.697620101394169
"ppo[11]" 0.477304522679598 0.078627965150166 0.000370655782323879 0.00160214910444502 0.330317500127 0.428447186328661 0.473181404970419 0.520536891033455 0.65126547680679
"ppo[12]" 0.460121475625975 0.0772624747498645 0.000364218798845891 0.001660582672039 0.300667330716353 0.413196959606003 0.463030850050446 0.505991676279962 0.615552832923282
"ppo[13]" 0.460207335105615 0.0768494709204394 0.000362271880122941 0.00167058607722647 0.299499516172776 0.413742638946489 0.463159270625393 0.50609671874276 0.614125499827422
"ppo[14]" 0.443592776939886 0.0792076263909438 0.00037338833161818 0.00180665750687873 0.265068449508208 0.397615819555667 0.451264251087793 0.495265741079301 0.58761873632538
"ppo[15]" 0.460294866542016 0.0772942425542524 0.000364368553711931 0.00154255317908997 0.299304795518133 0.414264825196695 0.463465005374624 0.506351644944458 0.614124220841315
"ppo[16]" 0.47705056759877 0.0782120080096342 0.00036869494155886 0.00163985733303793 0.329166739392164 0.428525267347145 0.473606751159549 0.519883696559044 0.648790521548897
"psi0" 0.999312616364901 0.00118954917028348 0.00000560758856574853 0.00000878665266290516 0.996272907229524 0.999238649022831 0.999688034035132 0.99987780068137 0.999981647984397
"sdeps" 0.251276391221099 0.203782365781916 0.000960639284870867 0.00821033610524427 0.00874630091678094 0.0907537842186915 0.205650853668503 0.361098713492925 0.746029068599878
