"Mean" "SD" "Naive SE" "Time-series SE" "2.5%" "25%" "50%" "75%" "97.5%"
"N" 47.6465777777778 0.889743591297029 0.00419429151282267 0.0135390318069219 47 47 47 48 50
"betapsi[1]" 0.00805112892923234 2.7753211658935 0.0130829894424923 0.0197209133516195 -6.02288936249362 -1.22744095596112 -0.00374773717064532 1.22475727349001 6.24351672539553
"betapsi[2]" 0.0226235535834284 2.82975245718834 0.0133395810103812 0.0199522902718623 -6.26733294578338 -1.2162365083278 0.00826201405779867 1.27435442291359 6.24272105900787
"betapsi[3]" 0.032964183429748 2.84507667370574 0.01341182005982 0.019867750994894 -6.14969265322153 -1.22436770845994 0.0075177903878674 1.27102635086482 6.36011816763457
"betapsi[4]" 0.016440214299192 2.84962022611349 0.0134332385712746 0.0202955601631742 -6.19034040461091 -1.23829596604903 -0.0032673728428273 1.22412077736842 6.40181438679984
"betapsi[5]" 0.00949774685600594 2.81628323580868 0.0132760864918821 0.0198818621706073 -6.15931633497121 -1.23046026208456 -0.00220710056886441 1.24276682742998 6.23550381604943
"betapsi[6]" -0.0193050161506445 2.81657051928314 0.0132774407591682 0.0198343645603956 -6.28859950182109 -1.22896524239609 -0.00355818294513149 1.22308510579393 6.11280277592591
"betapsi[7]" 0.0471330557404079 2.79039783719736 0.0131540615526035 0.0195287060110024 -6.01849473615804 -1.20840022722736 0.0123638270594352 1.26737254381663 6.24525866821976
"betapsi[8]" -0.0163854905014146 2.7947111869735 0.0131743948784458 0.0195698341914582 -6.15645248050575 -1.23752067361103 -0.0128388855534743 1.20332311621859 6.14670808205091
"betapsi[9]" 0.0167195131163323 2.81895400606924 0.0132886766236303 0.0199643492667065 -6.14134245133293 -1.22086209686635 0.0080138964450934 1.26305693757738 6.18028277705041
"betapsi[10]" 0.0548196410252583 2.81339510566617 0.013262471715824 0.0197199271745835 -6.07206715472088 -1.21104751572521 0.00896094107649819 1.26248987558249 6.38976076128412
"betapsi[11]" -0.00148188330606812 2.84051611305864 0.0133903213707561 0.0203039254471208 -6.21032123787196 -1.23736862463431 -0.00152503874895937 1.23408149430991 6.25737679806386
"betapsi[12]" 0.0305769068841914 2.81390036229929 0.0132648535184341 0.0205864163838415 -6.01409403773807 -1.21563913510612 0.0004240096156437 1.28126083065191 6.26519363273489
"betapsi[13]" -0.0209744985054745 2.78992685017877 0.0131518412985055 0.0191087611128252 -6.13622254072869 -1.27261888172488 -0.00579473406497588 1.20309325844259 6.15136080017334
"betapsi[14]" 0.0211854296158481 2.83059709861753 0.0133435626882628 0.0195175645331632 -6.18813500724725 -1.21492729946975 0.00866149087131801 1.26985938649002 6.24878888618009
"betapsi[15]" 0.0345237684871879 2.83703045513106 0.0133738898217062 0.0196278162084716 -6.12935914703143 -1.22824505080324 0.00329942796580244 1.2760940450604 6.33804305118336
"betapsi[16]" 0.0306169795142809 2.80008352412117 0.013199720318632 0.0191540619807077 -6.05848374515716 -1.21929248046439 0.00362507526088386 1.26200613199677 6.23097284842271
"etap[1]" 1.69744070489269 6.95165152754057 0.032770399570465 0.152006303788449 -11.959826276591 -2.28615456939723 1.8313955904414 5.33066053374801 16.198345096081
"etap[2]" -2.24906240483778 8.13757629287136 0.0383609025274149 0.298158300385612 -17.9770222519597 -6.76585521051415 -3.39406850847294 3.60015664800348 13.473678186422
"etap[3]" -1.42623821018995 5.81977524572579 0.0274346836082288 0.150776488880097 -13.1260825264394 -4.49591614488368 -1.71430305957154 2.06757541624029 9.91433124845968
"etap[4]" -0.547889986520322 4.17785468028072 0.019694595834923 0.0563027362273216 -9.15829195643764 -2.65157368822908 -0.495018815202311 1.72888986533896 7.66050021481423
"etap[5]" -1.35045109006884 5.70058203570555 0.0268728014277174 0.110646490107287 -12.8658710341388 -4.4447107250486 -1.6736154451183 2.09591691976068 9.76221740253672
"etap[6]" -2.22953689523521 8.03901089104041 0.0378962607672479 0.267620498898642 -17.8122020183452 -6.77443548312331 -3.38076138648479 3.61152208085713 13.4089900107543
"etap[7]" -2.23129511629143 8.06608652481577 0.0380238965288977 0.290371769328059 -17.9056642467935 -6.787718810441 -3.40394760614776 3.6361927676928 13.6007348989508
"etap[8]" 1.61543306524492 6.83600104602361 0.0322252179722775 0.151603632857387 -12.1759609002152 -2.29015173848082 1.86240988604504 5.30609695646123 15.6004609173342
"etap[9]" 1.58565204414222 6.9125665127485 0.0325861510437834 0.125662276859226 -12.2419512110445 -2.33134053790538 1.8013268587139 5.29053413239202 15.8356029850394
"etap[10]" 0.418258634248183 4.30244731839916 0.0202819311635862 0.0444178749601866 -8.14962820340544 -1.78971018627419 0.336204924981222 2.55582243540781 9.49211475940699
"etap[11]" 0.414457537899053 4.27541716256216 0.0201545097869937 0.038515611464317 -8.0978873021777 -1.83424316964892 0.328701525609261 2.6013545283898 9.33803851192556
"etap[12]" -2.21176443267049 8.05758355063671 0.037983813124216 0.271049029190533 -17.792941339317 -6.78178031656736 -3.40143118764045 3.63873842962383 13.387405443553
"etap[13]" 1.66077847362233 7.00892530360919 0.0330403907400803 0.162371647488609 -12.1159457633468 -2.28562926784394 1.82292639959568 5.31427411341777 16.0378008007612
"etap[14]" -1.42216619807792 5.97393679961163 0.0281614081425683 0.156192852840303 -13.1934725117751 -4.492863315454 -1.69379877033309 2.10639738819915 9.95809997801084
"etap[15]" 1.69374604463943 7.07470976890046 0.0333505016834415 0.173298269936411 -11.806724260158 -2.31401394636819 1.79264673881772 5.31699279883513 16.2579315669915
"etap[16]" -0.528233085605141 4.13072863092734 0.019472441507801 0.0505191000409654 -9.08528532534613 -2.69447537955128 -0.488106983885786 1.70831217599025 7.82594547207392
"etap[17]" 1.64513555435745 7.00192221314366 0.0330073778550307 0.159485603119027 -12.0571271002494 -2.33696769909988 1.84417979682865 5.4104951629471 15.9511819007097
"etap[18]" 0.441321167671546 4.36848357680771 0.0205932290710853 0.0447571736423264 -8.21788158274112 -1.7946315496167 0.347904058008277 2.57142295621424 9.46921831103875
"etap[19]" 0.492292575136599 4.3344237321343 0.0204326694235204 0.0389565915989145 -7.86853158442212 -1.78182265736527 0.346054531474666 2.59521580044311 9.81703845937347
"etap[20]" 0.407110978081628 4.31003763793852 0.0203177122730372 0.0386540908300001 -8.08739973995675 -1.78593022317793 0.317461655236372 2.54633085896739 9.40870943037134
"etap[21]" 1.70628187899083 6.90905119457221 0.0325695796749802 0.16082849997887 -11.905123057712 -2.2602549982778 1.90055263684161 5.37565891105699 15.7382662444633
"etap[22]" 0.505816794578413 4.40105314064053 0.0207467634673951 0.0540758308330113 -7.92174602295937 -1.80103872414408 0.344383607014888 2.62540371814581 9.84980335935755
"etap[23]" -2.27434415517977 8.10595060211124 0.0382118175914402 0.287091718050833 -17.9666258071148 -6.78124370348942 -3.40737400334923 3.59566683069345 13.4164849677519
"etap[24]" 0.446538520239294 4.33833901215839 0.0204511262305556 0.0412239158870546 -8.22853078307809 -1.7853599636052 0.333697021759602 2.53880934421425 9.59441030574882
"etap[25]" -1.40203977921281 5.69336705573752 0.0268387896859739 0.128431691196059 -13.1789821737295 -4.54112355678871 -1.6561644792514 2.07922396020209 9.74752243746517
"etap[26]" 1.69121239636351 7.02940013137504 0.0331369100037926 0.164661805703955 -12.0361810403508 -2.25267019765049 1.8788542091707 5.28391672982415 15.9515925486898
"etap[27]" 0.481896430413661 4.37694629998356 0.0206331227307183 0.0469357676072898 -7.98151547886083 -1.82551859134116 0.374407805071558 2.6016015489157 9.61677299836438
"etap[28]" -1.36130697607074 5.77004923356311 0.0272002729388848 0.135299859147559 -12.7164641773492 -4.42814522528904 -1.6836880724334 2.11378731745722 9.77614948525597
"etap[29]" 0.375167343248762 4.2701085558114 0.0201294847747796 0.0358755812238518 -8.05498693674621 -1.85027859146312 0.28714134255221 2.4491989248064 9.3675398082316
"etap[30]" -0.484273457013628 4.23060537988594 0.0199432650176109 0.048329743531254 -9.16705727196387 -2.5955366806304 -0.436545061042145 1.74377341582968 7.80625813102489
"etap[31]" 1.66055803162703 6.91120935048158 0.0325797533195027 0.141389626060781 -11.9550227893322 -2.30650388785705 1.8155611279179 5.28161009761662 16.1211425144672
"etap[32]" -1.44699433819603 5.77840047494121 0.0272396410682833 0.139646583346124 -13.4020115120205 -4.52149976832905 -1.69623913412301 2.03270862098181 9.6489648260901
"etap[33]" -2.26877741238385 8.0007466598604 0.0377158814516194 0.294624493879632 -17.8348886503397 -6.77752120650337 -3.40535446794495 3.58374417464655 13.3069296977343
"etap[34]" 1.7116007381034 7.03474603798474 0.033162110849228 0.177639648636266 -12.1186165246379 -2.26784226145589 1.85538636025455 5.35333612229122 16.2429142815349
"etap[35]" 0.422983469067132 4.3239484111247 0.0203832882867138 0.0465872975677803 -8.09591566781722 -1.80553819873619 0.315168424731555 2.54716331421981 9.46131200018954
"etap[36]" 1.65637744404444 6.85240574638282 0.0323025504713931 0.133920938016743 -12.0658564805889 -2.31823335336917 1.81399521110881 5.29787261823017 15.879940653621
"etap[37]" 0.518300747454114 4.41990548631943 0.0208356342772006 0.0464837433928968 -7.95447723949612 -1.74921508971363 0.391876569354141 2.60142031942458 9.76405605979113
"etap[38]" 1.67596115214584 7.03961935604215 0.0331850838908632 0.156779782760215 -11.855124295937 -2.35100042186103 1.83737544683554 5.37461070353455 16.2550610863331
"etap[39]" 0.419890173847811 4.39363559946312 0.0207117968429533 0.0445970068128626 -8.36433132376128 -1.81181323063006 0.347705659871163 2.57843670573329 9.63114071205338
"etap[40]" -0.503592702766425 4.20155314427966 0.0198063114655721 0.0518185435361589 -9.10310535856979 -2.6219440428598 -0.478668403001386 1.74600388589966 7.77216419302673
"etap[41]" 0.42555645874533 4.32889949133978 0.0204066279026757 0.0436953492886387 -8.2091814859651 -1.8014646261924 0.339652888695702 2.58713557258985 9.51408393674004
"etap[42]" 0.414527399683189 4.44378410242317 0.020948199153016 0.0524472063441896 -8.31817262785671 -1.82894759577346 0.313357903353216 2.51413650952634 9.60685358165623
"etap[43]" -1.36922023889307 5.83917198979186 0.0275261207366425 0.149780876326019 -12.9426817611179 -4.51150954978466 -1.70257305566 2.11286383968876 10.0337242077586
"etap[44]" 0.405109751464487 4.310035941515 0.02031770427602 0.0395500768710116 -8.23355795730996 -1.78505834956574 0.328810322236726 2.55211148672689 9.34178054060889
"etap[45]" 1.67855600263899 7.17968958357718 0.0338453812757456 0.1643088958593 -12.3585834068145 -2.25017578115151 1.84928097235379 5.36153127857333 16.1107402698226
"etap[46]" 1.58815326692263 6.83865326680999 0.0322377206609659 0.138577239704306 -11.9951344292805 -2.33277042208927 1.8207889270892 5.23606459662359 15.5735815308362
"etap[47]" -1.38515142321626 5.68541453336958 0.0268013011360145 0.120767402646423 -12.7959006093757 -4.49106453146252 -1.69841737857049 2.09623710581865 9.77201471221501
"etap[48]" -1.26875103453034 8.51577510644843 0.0401437488321952 0.116228232237394 -18.095251374359 -6.42035197831965 -1.60763717632378 3.96865195655555 15.8597702086016
"etap[49]" -0.544728432284774 7.13891784444337 0.0336531814542637 0.079602478882411 -14.9782837813132 -4.40539450976023 -0.49084028677713 3.38686405346893 13.470650657112
"etap[50]" -0.0968032345504133 6.54384888480599 0.0308479994767089 0.0578097387608729 -13.2681006831668 -3.65037578457405 -0.0769793142501084 3.42171556102334 13.0539202867829
"etap[51]" -0.0558905105381981 6.42518992552424 0.0302886357783312 0.0631144566419335 -12.8446089070751 -3.43517251083123 -0.0497065745511265 3.32946290324383 12.8364247714791
"etap[52]" 0.0175008465355417 6.33433437001569 0.0298603385822741 0.0517249674421816 -12.5774145438772 -3.35541646116749 -0.0231914915190297 3.33471694248986 12.7722109984277
"etap[53]" -0.0983939907800953 6.40399030264615 0.0301886997976932 0.0508749546030113 -12.9463312706539 -3.44370692040276 -0.0506812571948069 3.31576460192994 12.604019922008
"etap[54]" 0.0164930976615179 6.27930454286469 0.0296009254893008 0.0497613288180665 -12.7273428922213 -3.24751902020604 0.0385846912823428 3.34280143894232 12.7779570496001
"etap[55]" -0.000373364519389809 6.26435526195309 0.0295304539032577 0.0483337784496205 -12.7092801265474 -3.3098498815516 0.0259703487426965 3.35140539945679 12.6231478541386
"etap[56]" 0.0473765870966401 6.31852366812898 0.0297858062188113 0.0479971832518123 -12.6889015329614 -3.30807527695241 0.00177951236323738 3.31613803549781 12.9231945991713
"etap[57]" -0.0455828020574868 6.17504410965034 0.029109437093732 0.0458845574038068 -12.7274928365528 -3.31058507026249 -0.0208597440462007 3.26124233840653 12.3798470884715
"etap[58]" 0.0207616140212384 6.25700809418365 0.0294958190222425 0.056649189803679 -12.4915258641977 -3.3071902954895 0.0160995470303175 3.31185092688529 12.5459596851941
"etap[59]" -0.00140814679910012 6.36321947891921 0.0299965042914807 0.0522317057738544 -12.6495772654219 -3.32171053902653 -0.00383575457977411 3.2710154059028 12.8697346761245
"etap[60]" 0.0716008222707218 6.33022722843556 0.0298409773311901 0.0550916435241831 -12.4519573327604 -3.26809274213849 0.0161104036538365 3.33934842132878 12.9592143421036
"etap[61]" -0.0412295032780904 6.26422691826254 0.0295298488852984 0.0450724606275767 -12.9364061660683 -3.35955758605664 -0.0434099783107228 3.36857254735351 12.4835307222541
"etap[62]" -0.0780606461436752 6.35362160321185 0.0299512594714963 0.0543739538097301 -13.1172492270099 -3.43041477378371 -0.0199034509928122 3.29920258640075 12.4503882332373
"etap[63]" -0.0436338985441994 6.41415696798798 0.0302366259177283 0.0515326536298449 -13.0932874181981 -3.36675227782762 -0.00458040960625294 3.34001077480112 12.6873105063772
"etap[64]" 0.0343147138619248 6.30728006821269 0.0297328033805063 0.0519436717270697 -12.5525227064474 -3.31708034735934 -0.0473700839895984 3.267338421679 12.8089126855062
"etap[65]" 0.0872535981654226 6.3217601719653 0.0298010632442113 0.0515589908818765 -12.5370566942044 -3.24275041154426 0.0239018436862585 3.3475685594725 13.049473846882
"etap[66]" 0.0221741921498899 6.3092790605018 0.0297422267205274 0.0499765217803094 -12.765531619783 -3.26761375944505 0.0195518869654932 3.34579426455182 12.8408682617229
"etap[67]" 0.028910564639893 6.22482965903935 0.0293441284242524 0.0431892785645576 -12.5776017478215 -3.25915568960617 0.0363102643317735 3.32193007326401 12.5574718538302
"etap[68]" 0.0569349533381317 6.30480183640328 0.0297211208837211 0.0467051549682641 -12.7069370406562 -3.24972537907651 0.0183804146173783 3.38456405351375 12.7710942645464
"etap[69]" 0.0357963331731136 6.24936736460646 0.0294598002775942 0.043897305858108 -12.4594123418865 -3.27825330909142 -0.00744973313563812 3.31909116175539 12.7239092956696
"etap[70]" 0.0612682065323689 6.35794395918152 0.029971635252942 0.0484758729493582 -12.7595827819613 -3.32330158508741 0.029689874993086 3.39357404918482 13.0438362629608
"etap[71]" 0.0121934674768748 6.28815164467235 0.0296426311271811 0.0537182503085854 -12.7569702785554 -3.30559594759695 0.0197032278825547 3.34567202371878 12.5119104284354
"etap[72]" -0.0449095570786507 6.24680235213516 0.0294477086928457 0.0477785726897221 -12.8668688327942 -3.32615853395901 -0.0208401898657401 3.29496397252896 12.5314982010053
"etap[73]" 0.0352334359592097 6.27935715505166 0.0296011735055286 0.0529023865237186 -12.3943995747395 -3.32603090333303 -0.0405675151747524 3.29663494157298 13.1484840960594
"etap[74]" 0.0183750521658637 6.23559339329296 0.0293948691541299 0.04302390381091 -12.517589001928 -3.32230925952666 0.0310020608630699 3.31478085329513 12.6576570448493
"etap[75]" -0.000130869883127547 6.22033079818605 0.0293229205908059 0.0428410132503471 -12.6616034358442 -3.28817444203562 0.000693169831034876 3.2989981619559 12.4872560924241
"etap[76]" -0.0464230230778645 6.36763621860443 0.0300173250020284 0.0591933374160181 -12.8854510294984 -3.31808618868416 -0.0169962270858337 3.28524897599041 12.5959056645875
"etap[77]" -0.0159797687451287 6.32078998576115 0.0297964897425849 0.0544696448715517 -12.9261960718792 -3.32919313852559 0.0032978455226011 3.3384401267861 12.7531583019622
"etap[78]" 0.0188962786151564 6.31144668835745 0.0297524450162329 0.0497057327247566 -12.7908321341387 -3.32074099993594 0.0112468066294862 3.34903908957606 12.6760893938945
"etap[79]" -0.136620170313478 6.28736136633081 0.0296389057193522 0.0501144933103756 -12.8694264312225 -3.47255508667526 -0.0866880856232596 3.23119558820279 12.2562965287003
"etap[80]" -0.0436624608352726 6.175042616208 0.0291094300535773 0.0475205346932396 -12.7867801559809 -3.36699681669902 -0.0159130617311769 3.30992297289236 12.3455608281499
"etap[81]" -0.0237407467564947 6.23734156849395 0.0294031101310588 0.0471412380462161 -12.7147157553977 -3.34931074593665 -0.00934984817683541 3.29398542720099 12.6367553860147
"etap[82]" -0.101915450928152 6.25735308579633 0.029497445328301 0.0486570949712088 -12.8355110264447 -3.35897679837375 -0.0707848651085322 3.21574241326918 12.4752338525241
"etap[83]" -0.0365914263808717 6.29117282344481 0.0296568731004956 0.0489569623951578 -12.7752680082235 -3.33231115282017 0.0173635275540436 3.30079625140249 12.4207053827115
"etap[84]" 0.069344916656235 6.23826580295341 0.0294074670140833 0.0479886634659299 -12.4183746045221 -3.29675106001349 0.0394744989592086 3.43463664367127 12.7425741817631
"etap[85]" -0.0187651961389926 6.32101448873 0.0297975480597294 0.0461987359272205 -13.2215907635986 -3.30987525723594 0.0290209777637716 3.38136805594133 12.5071531068313
"etap[86]" 0.0413860463720109 6.26784639874045 0.0295469112799004 0.0460488011446064 -12.5575897842434 -3.27511446108808 0.0441339439188091 3.34352875735923 12.6152921950603
"etap[87]" -0.0259790267887736 6.23960622682884 0.0294137858328299 0.0515979050846791 -12.8246067224462 -3.30423076027223 -0.0410641087831466 3.25978113780257 12.5227523839337
"etap[88]" -0.0356354305995026 6.30897000316043 0.0297407698102483 0.047708066169881 -12.5577763299444 -3.37096514062237 -0.0484868258144006 3.27446688674159 12.5161412983028
"etap[89]" -0.0138506691228107 6.39787461617352 0.0301598701751839 0.050292937606746 -12.862668045275 -3.38475702217221 0.00548770163190934 3.33529818160764 12.7231433091214
"etap[90]" 0.0105768046079887 6.27346032768495 0.0295733755947387 0.0484854875481655 -12.6310556425165 -3.3467928806528 0.0148630520070446 3.29579702447594 12.6902183039037
"etap[91]" 0.0158187683625996 6.25498704660722 0.0294862917125999 0.0447328256320385 -12.6665891261655 -3.252497062707 0.007694284922112 3.30246599638269 12.6678890465367
"etap[92]" 0.0225802379308251 6.35821934142577 0.0299729334172909 0.0513323539511489 -12.8347711601352 -3.32048702382106 0.0335873713265399 3.33356150873293 12.707630646268
"etap[93]" -0.0281412653698753 6.36790308168381 0.0300185830066489 0.0505597882216747 -12.9246942429504 -3.3466310914344 -0.0123395755116709 3.32255380154642 12.6214768320712
"etap[94]" 0.0106775155182634 6.31357599521875 0.0297624826650385 0.0495076315681131 -12.5303769776209 -3.34054269449696 -0.0247737251367075 3.30866641860341 12.9250014817108
"etap[95]" -0.0595831157055235 6.32369040254092 0.0298101624384065 0.045107815362512 -13.0622619745496 -3.34820993756318 -0.049435878588644 3.33339121606012 12.4745388506556
"etap[96]" -0.0193026651836992 6.18004725065203 0.0291330221265955 0.0489062974670513 -12.4878972372969 -3.27007676892195 0.0217680673300792 3.37683662449809 12.1466466250935
"etap[97]" -0.0170504711158136 6.45209276609169 0.0304154569849873 0.0541004284876373 -12.945081990246 -3.32941380354921 -0.00151367618638167 3.36662672918074 12.5898688308625
"etap[98]" -0.0274935491407034 6.31310617640353 0.0297602679179041 0.0503337392137314 -13.0052870625491 -3.36995529012155 -0.0437091822074121 3.29941129350675 12.8598494033191
"etap[99]" -0.026789618413812 6.34734893721471 0.0299216898404117 0.0508800099581517 -12.7934650932462 -3.34039762804111 0.0102629481213032 3.28066718820914 12.7031536210411
"etap[100]" -0.00176851972937831 6.37055435247025 0.0300310812169946 0.0494839194281572 -13.0367922132143 -3.35526735485286 -0.0303793420010165 3.35830328306706 12.9312497884659
"etap[101]" 0.0306143313610187 6.25287861003813 0.0294763524472952 0.0506085006447791 -12.6203823147399 -3.27571769959705 -0.0148510186263476 3.3136677517841 12.7210726255726
"etap[102]" 0.0216089975836327 6.27216431738237 0.0295672661435825 0.0460740247929943 -12.4458212411301 -3.34101213203254 -0.0277341637446013 3.28249194883928 12.9444545547334
"etap[103]" -0.00954883470238079 6.3656887725239 0.0300081446531648 0.0510656382342871 -12.7834947105542 -3.41747570541947 -0.0122054721945193 3.35073473177304 12.6410796633546
"etap[104]" 0.0163236668939193 6.23235879173681 0.0293796210961646 0.0429445074870332 -12.6852406911821 -3.3145806568096 0.0139089900377399 3.39869767654734 12.4448426120651
"etap[105]" -0.0194085961629407 6.2929097252709 0.0296650609342255 0.0557537651680573 -12.5679714783424 -3.30864755889804 -0.0126385311306842 3.32143804320748 12.4816343224841
"etap[106]" 0.0242229731360505 6.35117349996744 0.0299397190021285 0.0460108352306472 -12.6847713270488 -3.29840922475318 -0.00225235021779388 3.27920539012651 12.9042313210832
"etap[107]" -0.0386478952419282 6.25596890339601 0.0294909202298899 0.0506611923861977 -12.7839464275884 -3.31061234222005 0.0164269990631893 3.31172932639206 12.2476065007056
"etap[108]" -0.0119430265089674 6.310460519329 0.0297477961708501 0.0545591506349077 -12.5657075303778 -3.29985719776588 0.00217539355115433 3.23165943750006 12.6120709083614
"etap[109]" 0.0578864565166192 6.23140335165272 0.0293751171084148 0.0485702637285422 -12.4283757586612 -3.22961566486517 0.029004844095945 3.30893518015492 12.8150223327531
"etap[110]" 0.0445370183781426 6.3808745973971 0.0300797313181365 0.0513286860243144 -12.6838010098249 -3.34890197045745 -0.0129677571462349 3.40282883077903 12.8976035114849
"etap[111]" 0.0959325036043264 6.26804794485273 0.0295478613773851 0.0476720501113318 -12.204005447064 -3.29187931083546 0.0300577179772237 3.3372290746642 12.822242331177
"etap[112]" -0.0201884908986813 6.22022505121626 0.0293224220948097 0.042845002895542 -12.3836136999552 -3.37956100252983 -0.00834804231466008 3.32835532998146 12.5742522114551
"etap[113]" 0.0132730089858968 6.26804579198659 0.0295478512286768 0.0490063377188923 -12.4624560985893 -3.33334508914 0.0344951893450965 3.32598430401774 12.748297506495
"etap[114]" 0.0578789745029648 6.20624066989957 0.0292564990890782 0.04754095775989 -12.3930253221964 -3.32252674539753 0.0160149357488624 3.37212876990968 12.6313317412152
"etap[115]" 0.0264297757085427 6.35061179172998 0.0299370710841034 0.0471011442955572 -12.7919792017951 -3.35804849871264 0.0110398054420644 3.35475829019129 12.7612198505771
"etap[116]" 0.0407417232278356 6.21775997658781 0.0293108016215703 0.0473551921892442 -12.5542093895949 -3.312096767847 0.0349665972609114 3.35935112473078 12.7444684220634
"etap[117]" 0.0441230267930911 6.28215395390307 0.0296143577417516 0.0487226540158725 -12.467557324198 -3.32764269638686 0.0346653700339179 3.34468514715458 12.7720426073598
"etap[118]" 0.0833754334484874 6.32460539065742 0.0298144757337523 0.0495444219595881 -12.4223831388099 -3.29728661841429 0.0112057869770069 3.40467945666736 12.952423442132
"etap[119]" -0.0430509221583174 6.23874601077 0.0294097307354399 0.0437759492361024 -12.7395587524023 -3.31668971920098 0.00203298650935009 3.32650243395033 12.528249664474
"etap[120]" -0.0229271361697529 6.33137710992695 0.0298463979245242 0.0522876670374926 -13.0564402743378 -3.31373967262004 0.0419247308504054 3.35892742537478 12.5680442343789
"etap[121]" 0.0298415636434089 6.25461270890652 0.0294845270677558 0.0470979096774541 -12.6603238068043 -3.31037128710555 0.0469441524770128 3.39710030489471 12.4754840118016
"etap[122]" -0.0476912741465715 6.37397444294057 0.0300472036780868 0.0461528465737084 -12.9163176588399 -3.35970568542842 0.0405594919684927 3.31438903641437 12.6908149044998
"etap[123]" -0.0131477310351627 6.22497912061352 0.0293448329928699 0.0447422978985636 -12.6686608225032 -3.32174870869236 0.0303089568971474 3.3133503147918 12.5317712921042
"etap[124]" -0.0880803011383182 6.28392486854673 0.0296227059134412 0.0467531808386015 -12.931080648105 -3.37928045343657 -0.067715956925824 3.24564287368784 12.4303596229048
"etap[125]" 0.0732563798652144 6.33609207051111 0.0298686244618715 0.048933886533507 -12.5916993362957 -3.27055124377231 0.0481400738997852 3.36832060636912 12.7016689390453
"etap[126]" 0.00516413879859626 6.42669828233728 0.0302957462405375 0.0543015009673878 -12.7442876789004 -3.35992187132781 0.0214381297733274 3.36920274064155 12.7966768136531
"etap[127]" -0.0344070377250023 6.3212899437986 0.0297988465673755 0.0493038856078857 -12.899269368343 -3.33211096111984 -0.0076563027883132 3.29103676793569 12.5436812169598
"etap[128]" -0.0611516980403757 6.32758650403254 0.0298285288369726 0.0484673044895296 -12.9214923276823 -3.37719255698155 -0.0656107727344673 3.2773397996559 12.7219408715977
"etap[129]" -0.00919367270740407 6.26320587612054 0.0295250356464818 0.0504849442078831 -12.7363880794557 -3.37298733543972 0.0228206361212522 3.30905700412985 12.7131408452774
"etap[130]" -0.00155970348710646 6.24811255415323 0.0294538850443903 0.0448353499826652 -12.6388708821343 -3.30112881516471 -0.0184295469047759 3.3207778926867 12.6598589285443
"etap[131]" -0.0733158828467743 6.1880715717131 0.0291708491388402 0.043642873868432 -12.8099273630104 -3.38931115124307 -0.0515729065508737 3.27917865309743 12.4263111611249
"etap[132]" -0.013406731633992 6.20798191898802 0.0292647074159994 0.0529139989370166 -12.6484549876536 -3.29909641428247 0.0267153680211162 3.28658061917201 12.4495374028389
"etap[133]" -0.0720089475445791 6.46504813161295 0.0304765291637396 0.0473988389114356 -12.8918264735266 -3.39397103182624 -0.0460860268185379 3.28802100198961 12.5156306205798
"etap[134]" 0.0471979976982188 6.23506579126067 0.0293923820142979 0.0455276237009745 -12.4850536546881 -3.27013753072954 0.0122092938445823 3.31674829848074 12.790721290846
"etap[135]" 0.035567285391714 6.23964399105427 0.0294139638550958 0.045371667455348 -12.5765309476901 -3.32195882625286 0.0238406076997451 3.37056528621224 12.7063919005067
"etap[136]" -0.012875358173651 6.30175503617496 0.0297067581297053 0.0457301372931561 -12.8505513509842 -3.35322891777372 -0.0143671675704057 3.33941606238811 12.6110623623135
"etap[137]" 0.0527445466085031 6.3466146867523 0.0299182285505379 0.0536338489885612 -12.3294025216275 -3.33563424957796 0.0167101016309166 3.37363924192 12.8043728784264
"etap[138]" 0.0378427306741549 6.32651681106577 0.0298234862559686 0.0568929514166783 -12.7382895074386 -3.31530707412389 0.0408918185451721 3.32851958411357 12.8761354258525
"etap[139]" -0.0845827237451901 6.3284245845505 0.0298324795864221 0.0527037641845653 -12.8567649002221 -3.39315087966035 -0.053263090869285 3.21654488918675 12.6012657712929
"etap[140]" -0.188107590514399 6.35594200302608 0.029962197941121 0.0515176218154769 -13.4411403402759 -3.43261937098025 -0.0980244145462547 3.20537877061793 12.2000004459246
"etap[141]" 0.0965928931495214 6.24692608214476 0.0294482919617045 0.0546087456913849 -12.3347613753646 -3.28006922289654 0.0391506102679065 3.38501638818772 12.745605666457
"etap[142]" 0.104797390422033 6.31152156418884 0.029752797984287 0.0460304910536529 -12.4139375798007 -3.22072932570434 0.051572303214016 3.37899312268761 12.7704108450355
"etap[143]" 0.0273787801343975 6.22174251884518 0.029329575505814 0.0462025400725638 -12.7268349658084 -3.30275540253058 0.0321195836198034 3.3396416001252 12.7402754989334
"etap[144]" -0.0252515401583156 6.22305812438984 0.0293357773298273 0.0451094287039408 -12.6265303164799 -3.31498464685306 0.00221764035594227 3.32166362781788 12.5676615932416
"etap[145]" 0.0633809580471205 6.2808974159854 0.0296084343652023 0.0531077707175939 -12.5584417733084 -3.22744745450304 0.0663769385002808 3.38770473351201 12.6527745888547
"etap[146]" -0.00500403434589202 6.42965492853866 0.0303096840043946 0.0532165492081047 -12.9142322247657 -3.33304328401885 0.00542322987033976 3.36158211232514 12.7275690578264
"etap[147]" -0.0183391714181935 6.19111667911706 0.0291852039128054 0.0476441011040668 -12.4755517236412 -3.29776825731181 -0.00756896871076278 3.26000330485687 12.4228387438079
"etap[148]" -0.0974013262881678 6.52364894760818 0.0307527760595615 0.0498195310859938 -13.373878299106 -3.38806648122116 -0.00332432645379071 3.33487918455884 12.2701334447435
"etap[149]" 0.00546606364894706 6.21596888435899 0.0293023583318321 0.0457369749136189 -12.6352585921762 -3.29896065258209 0.00425225063833669 3.3170285089632 12.5575908485834
"etap[150]" -0.0427767248581428 6.31249970747119 0.0297574089959398 0.0535393767144819 -12.6795931608064 -3.38975422306173 0.00305061494467889 3.29944313730204 12.5285164805996
"etap[151]" -0.0687831278793531 6.32935435951515 0.0298368625876386 0.0503498385030932 -12.8172297359725 -3.34700881790892 -0.0189816693369448 3.29478405201564 12.4119485093989
"etap[152]" 0.0637617423082089 6.30217267605401 0.0297087269029758 0.0498219114025411 -12.4711679459708 -3.25526366128689 0.0409372504071962 3.32831795306023 12.7895255510451
"etap[153]" 0.110710614803953 6.23879389500363 0.029409956463882 0.0512640166270401 -12.1611798633309 -3.2402702389286 0.0336667083443382 3.37336506405574 12.6669724234551
"etap[154]" -0.0445026030507942 6.14539505997039 0.0289696701331692 0.0505777076011438 -12.5296104029305 -3.28763103150479 0.00276307903756953 3.28987834280795 12.2095393584994
"etap[155]" 0.00707413399106129 6.19624856271969 0.02920939584411 0.0451211230691631 -12.5988570013672 -3.29963190145883 -0.0143874081761967 3.33550661982199 12.4726240338479
"etap[156]" 0.028617058358445 6.24055834134349 0.0294182741436951 0.0442338663434032 -12.5986331219513 -3.32919564737492 -0.000586603278884187 3.31839448459563 12.8789901820265
"etap[157]" 0.0358553297079669 6.26144323739639 0.0295167264878509 0.0566678670652629 -12.4354319771447 -3.28717272225302 0.0165585761057318 3.31194801024764 12.6928526210036
"etap[158]" 0.153285365091685 6.16486564145247 0.0290614553345 0.0501554736290654 -12.2763807493558 -3.17994528880964 0.0761682499240655 3.42949856899684 12.8371299022089
"etap[159]" 0.0325378857334388 6.23466084026797 0.0293904730570113 0.0451331513096888 -12.548283084182 -3.37173683371092 0.0251600677344781 3.39052929269427 12.6741481015117
"etap[160]" 0.0283056025190501 6.22014494761328 0.0293220444828039 0.043127401368978 -12.6258961076947 -3.2801380148602 0.0601961125806465 3.36537779764752 12.4339467215254
"etap[161]" 0.0213637793751733 6.2998300427791 0.0296976836238123 0.0479032716691133 -12.6704465198184 -3.28057191230952 -0.0101791735503217 3.36407650370818 12.8063927997202
"etap[162]" 0.035963439361052 6.32404778137749 0.0298118471383984 0.0515305725505085 -12.7742058920419 -3.28982082138393 0.0420539388905773 3.36029486402571 12.7170561762183
"etap[163]" 0.012354608923776 6.21030334876788 0.0292756507409286 0.0522532889561054 -12.4322325129278 -3.2834073143414 -0.00951788538034823 3.26498431820159 12.6517632003435
"etap[164]" -0.0271867075731983 6.3118881629448 0.0297545261473958 0.0520388294131732 -12.6030895686552 -3.30651230576797 0.0019879746373468 3.30080993859152 12.4862634972364
"etap[165]" -0.0232459845802192 6.25549134810215 0.0294886690126454 0.0441709180969231 -12.7346980876251 -3.37235384113121 -0.0502985398716115 3.32485418379182 12.6324251556734
"etap[166]" 0.0125429906350909 6.27058573534983 0.0295598246365167 0.0491221977257966 -12.6656293488828 -3.34597494530462 -0.00910520301205042 3.30630458396693 12.8580756747814
"etap[167]" 0.0114722483042271 6.47484937070722 0.0305227326479235 0.0602114246294445 -12.6622327998266 -3.31906980577287 -0.0305059846513234 3.33675786794735 12.8394170153462
"etap[168]" -0.107922486846653 6.34538181970254 0.02991241675953 0.0528509392397416 -12.940939987704 -3.40265709113002 -0.0438988408976712 3.27348053848897 12.5781284162138
"etap[169]" -0.0391073918268362 6.18218304155094 0.0291430903414476 0.043121121322624 -12.638844368969 -3.35937144016109 -0.0386775835008119 3.34284952711395 12.5005660625736
"etap[170]" 0.0340763302281788 6.35595562058264 0.0299622621348983 0.0479671220247636 -12.582054620739 -3.3116995639405 0.000372151840565117 3.35630744545276 12.8079446725056
"etap[171]" 0.0174067699254778 6.36831068933562 0.0300205044875466 0.0581033717837371 -12.7827142777658 -3.28394381801782 0.0108258631879085 3.32546621403549 12.6767855564385
"etap[172]" -0.0509819457476417 6.29350955106982 0.0296678885401585 0.0446888328735515 -12.8963019788068 -3.39094633752007 -0.0163711377736951 3.26366923864388 12.6773613858968
"etap[173]" -0.0394384657916803 6.23177498046859 0.0293768689834533 0.0447367707287955 -12.7509604225853 -3.33067928126398 -0.0110602216497112 3.28029663241474 12.5433725881266
"etap[174]" 0.00752755517755108 6.20990362657771 0.0292737664324536 0.0528156152774046 -12.4295708933004 -3.32464068975241 -0.0307582180380192 3.33133999752782 12.4933567867159
"etap[175]" -0.00727862299011326 6.33406249829806 0.0298590569667064 0.0469454223834394 -12.792561135405 -3.36868447988352 -0.0020582599144944 3.32658972598256 12.6211670275408
"etap[176]" 0.0153473016365098 6.34292770996607 0.0299008479752871 0.0487428771300089 -12.6922020855281 -3.30145902114734 0.0394734806626374 3.33624666904118 12.7460942199899
"etap[177]" -0.0611439895942503 6.26207611893498 0.0295197099200351 0.0527972489100101 -12.7223687498492 -3.34464359090335 -0.0582662818873443 3.28940809573281 12.2933557198661
"etap[178]" 0.0284799161556675 6.27649187295902 0.0295876664362105 0.0510808590684649 -12.6923296555831 -3.31443043247147 0.0330444065817342 3.4033485846537 12.729985204961
"etap[179]" -0.0107792455115565 6.30610955884823 0.0297272855464459 0.0454498773200079 -12.9787513371774 -3.35608348110687 0.00746820840284018 3.37002874653802 12.5691841972222
"etap[180]" 0.046361714741185 6.35637502352388 0.0299642392193236 0.0518399995399256 -12.6610545294163 -3.25623006614818 0.00815636988981096 3.30895231923132 12.8518705247049
"etap[181]" -0.0618696648557053 6.25526553580045 0.0294876045232467 0.0456878871938071 -12.9651693211154 -3.36098039152525 -0.0294089035841135 3.29848211381512 12.3484923696541
"etap[182]" -0.106413213739668 6.22393476847432 0.0293399098696728 0.0541890201994778 -12.8931290247711 -3.321112255586 -0.0508716503675782 3.22713665735736 12.3591849205066
"etap[183]" 0.0625740265225838 6.22995542715433 0.0293682915268717 0.0493435154418006 -12.5346534845454 -3.31846986147142 0.0475289718561413 3.30312747870856 13.0220937954712
"etap[184]" 0.0346031066973784 6.32001189894644 0.0297928218061646 0.0626671902988818 -12.585941495728 -3.28766523099052 0.0314436926527368 3.31819695101016 12.6585653723076
"etap[185]" -0.0179825265527475 6.25030375245804 0.0294642144522587 0.0562570943588661 -12.654389773123 -3.35763364057793 0.00286080000736531 3.27773396287574 12.5159903977209
"etap[186]" 0.0997170342267686 6.21296907517456 0.0292882170957216 0.0477473100881784 -12.188402238775 -3.25663027880274 0.0556461874226369 3.37322611780321 12.8886214886202
"etap[187]" 0.00593836821687371 6.18145557762577 0.0291396610436173 0.0465284299940533 -12.4671797404491 -3.32614248677615 0.0111169803748245 3.35313423857309 12.5883139918297
"etap[188]" 0.065922110520848 6.28614809234918 0.0296331862909532 0.0471961575376 -12.4727100216358 -3.2981368774482 0.0248437375302424 3.35577768722415 12.7249249712076
"etap[189]" 0.0602639326334874 6.34464169786363 0.029908927791722 0.0614484579543148 -12.5410359413728 -3.29870772420751 -0.00811488889577718 3.37327625681985 12.9197926830182
"etap[190]" -0.0494025747302396 6.18303475438731 0.0291471053542625 0.0450331828552602 -12.611725626254 -3.29943386191268 -0.00767658119874934 3.27518795318731 12.4732958795989
"etap[191]" -0.0364562826435753 6.18010698893056 0.0291333037355411 0.0429661352207893 -12.6153449416655 -3.37929223575116 -0.0478329561129158 3.29954998474188 12.3893701033359
"etap[192]" 0.0326673038172748 6.21470351725462 0.0292963933340975 0.0506563725849449 -12.5887902250181 -3.2699041031441 0.0465620265224889 3.32855118720995 12.5651999327551
"etap[193]" 0.0259005803790138 6.27734469252654 0.029591686666206 0.0501996006351052 -12.5369638541366 -3.2770739133097 -0.00568425254183411 3.35337736815352 12.5402134032583
"etap[194]" -0.0671730682543942 6.25091901600362 0.0294671148324273 0.0491215546411748 -12.7899289990846 -3.39610660131716 -0.0574501676415577 3.29657134662336 12.4073580853602
"etap[195]" -0.00488615122900104 6.30185019840892 0.0297072067287783 0.0518966446804932 -12.4689071009429 -3.37062045073117 0.0097069640226175 3.36373696889925 12.6925693860071
"etap[196]" -0.0536701040022921 6.31922401974571 0.0297891077079941 0.0533261156262525 -12.7986197447157 -3.35910607153822 -0.000638727195236199 3.31736499984292 12.4632720422174
"etap[197]" 0.0239642232954355 6.35611133204648 0.0299629961657781 0.0532576564972041 -13.0051858115657 -3.30239981006388 0.0447403647476347 3.37006264488652 12.8201979237127
"etap[198]" 0.0402122790194926 6.19726819300461 0.0292142024273684 0.0455316505684246 -12.3455471570597 -3.31047115209543 0.00746986342381686 3.33595009634927 12.6132664953829
"etap[199]" -0.0738832833629219 6.29854765804646 0.0296916384042087 0.0487545536108007 -12.8583018900785 -3.34905670394934 -0.0606924616525289 3.27387176990289 12.4964999563756
"etap[200]" 0.0159321106649417 6.29202109152158 0.029660871874558 0.047041758384406 -12.5704157198406 -3.36841697696684 -0.0055865213324632 3.30092998942979 12.6745090067562
"etap[201]" 0.101221474519324 6.50665158964858 0.030672649745725 0.0702199504339188 -12.7874413656409 -3.27560324179063 0.0827388972212479 3.39464036645907 13.1005935971427
"etap[202]" -0.0101090150613382 6.27276772090851 0.0295701106150833 0.049702716187182 -12.7897249832715 -3.31764123910808 0.034104724347421 3.3122155111894 12.5898053143578
"etap[203]" 0.0511607760577799 6.29073976977564 0.0296548316659217 0.0462470731223411 -12.4831830512505 -3.29530462705773 0.0281837619741772 3.31284178995593 13.0209035551058
"etap[204]" -0.0466644176590208 6.27030220173992 0.0295584880462616 0.0457838896090837 -12.8013557417928 -3.37264946858297 -0.0311031729677198 3.3034154084321 12.5287053851193
"etap[205]" -0.0791432307678697 6.31653182204347 0.0297764165663171 0.0488433744071405 -12.8513546808915 -3.38950651326245 -0.0195835767583473 3.2934683207677 12.5852866036635
"etap[206]" -0.0186853574554696 6.30600892730412 0.0297268111647977 0.0508511676548586 -12.557442853665 -3.34335656652366 -0.0281594809736205 3.28445548135973 12.6410691511189
"etap[207]" -0.0130811764642923 6.28072365749961 0.029607615259845 0.051874940907589 -12.7185715170135 -3.31992112832247 0.0194287868417747 3.31834676828366 12.4712840453439
"etap[208]" 0.0192602317336769 6.28088015960964 0.0296083530178668 0.0435749046056082 -12.5538003713731 -3.33596099771287 -0.000189301212811289 3.37564738265405 12.6779450874258
"etap[209]" 0.0741461227129508 6.29038477770956 0.0296531582172738 0.0535545152893393 -12.5348510591984 -3.2864271140378 0.0500495700586211 3.34732007248041 12.7425461247987
"etap[210]" -0.0238580133955604 6.20670467686099 0.0292586864388711 0.0472769659697571 -12.6144090486259 -3.33302267792323 -0.0133547195364627 3.30843014375966 12.480197013965
"etap[211]" 0.121969261258091 6.35738631034854 0.0299690064711332 0.0519718203688118 -12.5548406251342 -3.24989026014119 0.0323221439076667 3.40018778192329 12.9634637725991
"etap[212]" 0.0148613185464527 6.16586442149609 0.0290661636287784 0.0472780977191382 -12.4977478005642 -3.3338407475472 0.0227939727312301 3.36251550794572 12.514154330242
"etap[213]" -0.0181823196997905 6.25307231435356 0.0294772655781951 0.0516265414265247 -12.3844468232802 -3.33360788087852 -0.0406570050468667 3.28456965102883 12.6953895704793
"etap[214]" 0.00344275531714196 6.33380580151154 0.0298578468864501 0.055514960874385 -12.7187411134168 -3.34069986556556 0.0195338060275967 3.31675381314708 12.8840229539672
"etap[215]" -0.0414411598714862 6.28226927076375 0.0296149013506461 0.046129435503729 -12.7472947115626 -3.36343112363036 -0.000936333143757213 3.32157437842115 12.6344440151231
"etap[216]" -0.0187015422526186 6.29044103133336 0.0296534233993994 0.056471604517574 -12.6690305482008 -3.33475734734626 0.0160893682849284 3.33620261615945 12.6491306194899
"etap[217]" -0.0853032165804548 6.2458516359197 0.0294432269736261 0.0456186651750577 -12.7552980873126 -3.36559909827806 -0.0317122848935815 3.24424004761158 12.4434815507798
"etap[218]" -0.0630688994004253 6.20956509915621 0.0292721705988845 0.0546792866114627 -12.684490850498 -3.34415430874356 -0.00299163685711752 3.27722319911605 12.2872330201269
"etap[219]" -0.00572301661597909 6.24692242210467 0.02944827470811 0.048708383452609 -12.7480563111308 -3.3199323261747 0.025575305665912 3.37173452407878 12.5210949110258
"etap[220]" 0.030632982090859 6.34789974244804 0.0299242863611823 0.0503147605433414 -12.7909269515122 -3.28488217011723 0.0502652459526331 3.37778146927617 12.6859025823985
"etap[221]" 0.0459328959989348 6.38927065000823 0.0301193106897133 0.0571339363633883 -12.6187201366963 -3.38663207938482 0.0133435604196316 3.36126229361531 13.1178891320946
"etap[222]" 0.0953528734695389 6.14038417594842 0.028946048599358 0.0480303428809502 -12.141152007306 -3.25157618886996 0.0243506991214449 3.38858597245956 12.5820797300114
"etap[223]" 0.00428394569411124 6.25774550800516 0.029499295224334 0.0432488058458156 -12.3998964474272 -3.34088092015829 0.0109688570713389 3.36549693246806 12.6726585322775
"etap[224]" 0.0849481456523168 6.44155839277337 0.0303657974729278 0.056607144955897 -12.6520780663097 -3.24255807224055 0.00209948559429785 3.34468638108166 13.2553956927663
"etap[225]" 0.0913695545690583 6.33852375911509 0.0298800875518822 0.0549487255747504 -12.4663841809484 -3.24929904224408 0.0517897553859335 3.41568546675617 12.7794017116226
"etap[226]" -0.00834710191746631 6.38072160137248 0.0300790100879598 0.0543424583924956 -12.8323134786896 -3.33097496250054 -0.0377914321976871 3.34412851810878 12.9275331998084
"etap[227]" 0.0372636880217389 6.30036136804155 0.0297001883151196 0.0565653498973777 -12.6459300284739 -3.25118090751275 0.0509877616450149 3.35545213060987 12.8101855135592
"etap[228]" 0.0415457408693235 6.23933720644839 0.0294125176585946 0.0481355477706646 -12.4335383016265 -3.29626979127801 0.00476731143934486 3.30929925066979 12.6694330874605
"etap[229]" -0.0174530210031703 6.23413254124961 0.0293879826315555 0.0538071890601491 -12.6428998531071 -3.34183722382816 0.00526980163498564 3.32639525273467 12.3831759102797
"etap[230]" 0.0172271512644958 6.24747837821935 0.0294508955103682 0.0521726133974092 -12.5586080320285 -3.30577135973876 0.0167844102102106 3.29455446737209 12.6041786576967
"etap[231]" -0.0543095990982114 6.23086048611122 0.0293725580157104 0.0443198353157459 -12.6034990901841 -3.36416763612097 -0.0451870825140828 3.31889995211848 12.4622678236188
"etap[232]" 0.0336131200801352 6.28703212912947 0.029637353680301 0.052447298845788 -12.4255962529371 -3.31823944786127 0.0147711988003968 3.36878633561999 12.7017411441432
"etap[233]" -0.0121592988706218 6.38904164509178 0.0301182311501844 0.0523856895331396 -12.7208660620943 -3.339511992364 -0.0271980267479805 3.2871639922311 12.7976643262117
"etap[234]" 0.0400414903823532 6.3178571611469 0.0297826642747664 0.0516844546398386 -12.7318537758883 -3.34064670016239 -0.0115546576060444 3.35978222765761 12.8739441249986
"etap[235]" 0.0175476755831731 6.33270998955574 0.029852681179351 0.0542594209310989 -12.5282759081878 -3.27887994735034 -0.00309831246951015 3.30056886056211 12.8089696318024
"etap[236]" -0.0378570577138116 6.2995419317873 0.029696325455572 0.0494992984486337 -12.5148305468841 -3.36937690831012 -0.046054035657663 3.2652866057352 12.5001138568071
"etap[237]" -0.0502081674798561 6.33236194323841 0.0298510404732767 0.0468391732731668 -12.8901915498633 -3.39103192285754 -0.0422994014681707 3.30846362150707 12.6002371754795
"etap[238]" 0.00067764345835427 6.25707711156922 0.0294961443733182 0.0481059809199621 -12.5872279790973 -3.32472389464088 -0.0447774208586044 3.27065220074588 12.6267883999874
"etap[239]" -0.0673372815020069 6.32212074163139 0.0298027629859179 0.0461094729173433 -12.7253944554466 -3.30760142892158 -0.0276137720682983 3.21793731010477 12.629260137713
"etap[240]" 0.0136282171840449 6.3298147930647 0.0298390330922065 0.0493960571047916 -12.6019985920245 -3.3075217627967 0.00823780326499076 3.31617142085802 12.8650007671878
"etap[241]" 0.0450182389677977 6.31779608351113 0.0297823763520302 0.0584558906216994 -12.5753412815285 -3.27094494401314 0.044738167167685 3.31916800835449 12.713495701099
"etap[242]" 0.0195739066110201 6.32646651870794 0.0298232491755202 0.0463451704115696 -12.6879878416334 -3.29154723019005 0.00529234622795392 3.32811203281245 12.7983493460837
"etap[243]" -0.0427889234858993 6.30232473011549 0.0297094436926956 0.0500618836723772 -12.7409384237059 -3.4017691471755 -0.076883590146776 3.29109751444213 12.7634814168996
"etap[244]" -0.0450822775015148 6.41746029785421 0.0302521979640543 0.05103801240889 -12.920580417049 -3.2996109003583 -0.00876939588930054 3.30869693552365 12.806527019603
"etap[245]" 0.0849190093028864 6.52422032100829 0.0307554695396003 0.0589711819845854 -12.5970361230549 -3.24802607132444 0.0416674277205687 3.35754751992343 12.7650377766834
"etap[246]" 0.0606166010785096 6.32297176015626 0.0298067747257169 0.0505838287825488 -12.4872716494789 -3.31521337250211 0.0262058377966704 3.36274644743093 12.9132924338031
"etap[247]" -0.033019718384754 6.35719683203218 0.029968113261784 0.0540122961218921 -12.7298975861117 -3.37367583062458 -0.0465368027897356 3.25731933769578 12.5790863896849
"etap[248]" -0.0877377802987201 6.22906204792548 0.0293640800967991 0.0469668972758482 -12.8042791380404 -3.34137674354583 -0.0645885512010032 3.25010426566595 12.3243504939423
"etap[249]" -0.121901525001219 6.33033153204712 0.0298414690231303 0.0514368602939235 -12.9408853641276 -3.41763405922337 -0.0914010985243649 3.25559047774934 12.5196254963877
"etap[250]" 0.0426241786981108 6.33256546519853 0.0298519998849975 0.0530248367770879 -12.4109835883332 -3.33639538843347 0.0241090634669668 3.39298073396226 12.8123112495441
"etap[251]" -0.00481005424448831 6.38281057698416 0.0300888576134315 0.049837510505518 -12.7144369597605 -3.31319410245498 -0.0177392117541531 3.259040105848 12.7245839779953
"etap[252]" -0.0564122753201963 6.43065339777511 0.0303143908335139 0.0481370039471651 -12.6505195880975 -3.3901726466852 -0.0643510023432631 3.26606213097658 12.692175193835
"etap[253]" 0.0992360512125532 6.25538333586341 0.0294881598380689 0.0493074596412134 -12.5089962019734 -3.25774622864827 0.0810338276961712 3.38684580965045 13.0454316484358
"etap[254]" 0.0394459981262488 6.25523960410462 0.0294874822800602 0.0521357759246085 -12.5100441003531 -3.22954288628458 0.0321720081014535 3.32212050264743 12.6459449666274
"etap[255]" -0.0262880623211116 6.21471617261885 0.0292964529920566 0.0462446250329744 -12.5394462269679 -3.33228295933607 0.00268814119512825 3.29698645723066 12.544559836896
"etap[256]" 0.0615724284922893 6.30869528324983 0.0297394747681703 0.0513412867695233 -12.6709367208577 -3.28094724381231 0.0331975101705789 3.36795157150893 12.9580535652735
"etap[257]" -0.0437234025558514 6.20732743701777 0.0292616221584038 0.0448012411507986 -12.5620124559097 -3.32571250658126 -0.0418065858087473 3.29478539379306 12.328949282325
"etap[258]" -0.0163180477855083 6.20989406353699 0.0292737213518472 0.0456674534381769 -12.7464085710115 -3.32883640672522 -0.0124699359432576 3.34911225526202 12.5433360646628
"etap[259]" -0.00676910910914526 6.2604303992281 0.0295119519229373 0.0548002785378833 -12.596790004283 -3.31168241771411 0.0176506252673071 3.29765695622847 12.5296293528112
"etap[260]" -0.0214380445524896 6.35793607279427 0.029971598076156 0.0500811433239764 -13.0368447168423 -3.3003737196933 -0.014788854240254 3.29268052998939 12.7236357823502
"etap[261]" 0.0491377843201956 6.28499167306941 0.0296277348781891 0.0480837469894003 -12.3791880731983 -3.33013223874697 -0.0250285173502896 3.36466647060996 12.7928106916416
"etap[262]" 0.0352407440015835 6.44092879584658 0.0303628295245522 0.0619907958509462 -12.6793998924541 -3.2978389579029 -0.00281254751010673 3.35545851314221 13.0394233064247
"etap[263]" 0.0120459713993175 6.22197421030418 0.029330667709826 0.0463014565272077 -12.4356110877193 -3.37075358295751 0.0208697957926559 3.30430801800547 12.6621383904746
"etap[264]" -0.0000973824839458376 6.23855239680783 0.0294088180304694 0.050721744052158 -12.4143419481641 -3.29496516890702 0.0135558367812563 3.30583172761155 12.510377529497
"etap[265]" -0.026099375053315 6.35733183050416 0.0299687496506839 0.0571768763114348 -12.8798955553853 -3.3492183009446 -0.0591061287742959 3.24937300477084 12.743107939854
"etap[266]" -0.0192855087857406 6.3284070593127 0.0298323969716589 0.0489077888453122 -12.6643882298851 -3.34190872664284 -0.0029975655233144 3.32755090358221 12.5196478126646
"etap[267]" -0.119149424366974 6.28507561413319 0.0296281305801585 0.0452515849863411 -13.0346929712887 -3.40684521994582 -0.0467351362803499 3.26481000424438 12.444093880344
"etap[268]" 0.0345697546358681 6.27292552301717 0.0295708545013574 0.0481525010543466 -12.6843893993197 -3.30161299846451 0.0111696463041892 3.36797678358612 12.6976325194479
"etap[269]" -0.0109588579713821 6.29385124065107 0.0296694992802916 0.0478328543048547 -12.668444777265 -3.33259474584549 -0.0395248816708404 3.36448849173768 12.6380266767759
"etap[270]" -0.0520566565352277 6.31480227898406 0.029768263422146 0.0535509650905668 -12.921449008943 -3.38817508597452 -0.00702004807564302 3.33026037588105 12.4942202412036
"etap[271]" -0.135917056660496 6.30365381489629 0.0297157090584374 0.0533690457452803 -12.9539153633829 -3.41769118966863 -0.0868335683739782 3.24985591477433 12.2551279392981
"etap[272]" -0.0471218130368257 6.26079356107992 0.0295136638843245 0.0460905083236884 -12.7763854546945 -3.38925239114136 -0.0180625212713065 3.33340882988355 12.4211968947349
"etap[273]" 0.00372933887133538 6.33376826550279 0.0298576699400079 0.0502667904618546 -12.8968770669823 -3.32775280626185 -0.0246459772310275 3.33058323592045 12.8852680022619
"etap[274]" 0.0414248115844254 6.30856454959752 0.0297388584838231 0.058211813743021 -12.6710082201033 -3.28367240973438 0.0296968954607522 3.32028305379536 12.8668028204062
"etap[275]" 0.0959464454187352 6.29073771300355 0.0296548219702051 0.0621986154405176 -12.2570445382951 -3.29274874792438 -0.0109724919921941 3.35160891262425 13.1450414796998
"etap[276]" 0.0212765132304497 6.25915192887704 0.0295059251559054 0.0503841044203102 -12.3918348333661 -3.30002578770127 0.00301454103318261 3.36260226800794 12.639215700388
"etap[277]" -0.0711839718205516 6.30687148369065 0.0297308772945982 0.0544650462868971 -12.4926657621103 -3.42088567340349 -0.0554572288474936 3.29144642149515 12.367058423557
"etap[278]" 0.0666192692550239 6.31380392502454 0.0297635571364473 0.0532464523567992 -12.4484275502907 -3.28046116280973 0.0528367446600263 3.35476611765145 12.8559260425396
"etap[279]" 0.0356629010005449 6.26813592917763 0.0295482761394703 0.045859700863782 -12.7044343353586 -3.27396212439397 0.0279127107856416 3.32117902309482 12.6121314208704
"etap[280]" -0.0775265035434992 6.26684462823793 0.0295421888884635 0.0509996018197302 -13.0447645581278 -3.38518294731538 -0.0216707919340771 3.29918762443221 12.3689569098795
"etap[281]" 0.0398679118337059 6.33426187762604 0.0298599968498721 0.0451848171459617 -12.6825331011396 -3.2886049799639 0.0106582015746718 3.37432918995829 12.7602292048249
"etap[282]" -0.14905228767443 6.11963225921406 0.0288482231257214 0.045187114135658 -12.6767898512712 -3.38397370880146 -0.0848843572140023 3.18762563009736 12.0268007893804
"etap[283]" 0.0993053030577864 6.33169935249402 0.0298479169905533 0.0587201680894688 -12.4294347596643 -3.28561745172203 0.0305325487093547 3.35920705626921 12.8975620450321
"etap[284]" -0.0374975262073191 6.27474791973847 0.0295794453618884 0.0430804181101355 -12.6006626388073 -3.30505601850025 -0.044549156264136 3.31292067100934 12.3190974731028
"etap[285]" -0.0122326018799438 6.29348048637881 0.0296677515278911 0.0495546700179025 -12.3117374968163 -3.32673772142649 -0.0178115661445291 3.27597731426577 12.7385020170216
"etap[286]" -0.0478577053085236 6.25578853977404 0.0294900699876221 0.0489705244704176 -12.8166595957953 -3.34006151271174 -0.0421388008850887 3.25963437748303 12.5738357966323
"etap[287]" 0.0528479929513381 6.30900092876662 0.029740915594954 0.0513517000508745 -12.2612018664548 -3.32167612733456 -0.0188573466249992 3.28767592359405 12.7663108434664
"etap[288]" -0.0011907302366347 6.21988357722141 0.0293208123709607 0.055821441338232 -12.4732391722815 -3.31479219473488 -0.0168035862933284 3.26163800609425 12.6212678247975
"etap[289]" -0.0145397572376567 6.31711519544602 0.0297791666149098 0.0490486848574002 -12.8562449066081 -3.347188166724 -0.00163565070085764 3.40669068688849 12.5838218995061
"etap[290]" -0.0236919574930708 6.42246690287065 0.03027579932644 0.0638595280764813 -12.7911155821358 -3.39142202805229 -0.0251565483167982 3.31513011425723 12.6715565178188
"etap[291]" -0.0315404878010139 6.34389147271749 0.029905391196467 0.0524645273232439 -12.819028348285 -3.30632714122733 0.0115801925615415 3.33265247600067 12.6736550863392
"etap[292]" -0.0766944847390939 6.26498150397545 0.0295334060364622 0.0458754992256203 -12.9277692669907 -3.3897797146857 -0.0523263253900895 3.26834566098019 12.2589644115589
"etap[293]" -0.00274039219216486 6.21924168507927 0.029317786462384 0.0548155611139094 -12.7606997057229 -3.31192488783419 -0.00243121830477841 3.27000922496381 12.6810378393371
"etap[294]" -0.0565926392036522 6.26039970570007 0.0295118072322586 0.052068200241401 -12.7309583032035 -3.3765823638196 -0.0364447242520731 3.31192180263068 12.3984577077778
"etap[295]" 0.0637297109922248 6.26722269249844 0.0295439711004791 0.0440753163781175 -12.3252748496321 -3.27794263006303 0.0313380674531435 3.36063287007343 12.9031422411557
"etap[296]" -0.00911657994934838 6.28720861849012 0.0296381856591258 0.0486770443591312 -12.8805316725173 -3.33158784554351 -0.00472292723128394 3.35000625703366 12.5417468159957
"etap[297]" 0.0874432339046011 6.2267353546914 0.0293531119597087 0.0506916399518197 -12.2915167033858 -3.31576707266191 0.0576331364125735 3.44356203799193 12.8594532920804
"mean.p0" 1.89651213029654 0.494017458491817 0.00232882063282738 0.006712790098552 1.06589879406744 1.56162440420623 1.84451222463018 2.18034036352109 2.99662997378864
"mumup0" 0.737962265031774 0.0530077714473914 0.000249881030973581 0.000709855061516582 0.629324714313406 0.704151039646186 0.739221265658618 0.773768217820605 0.837916844506071
"mupsi" 13.2369999362797 1.44668908819487 0.00681975776354116 0.00910611312060151 10.5014973296672 12.2440515328009 13.2138448137589 14.1985529982411 16.1563589213522
"ppo[1]" 0.499226794883771 0.182264492685355 0.000859203058315604 0.00316095274419913 0.156918624388587 0.362570560398288 0.502056025403021 0.637417000163419 0.826582791854845
"ppo[2]" 0.847734899863803 0.0977688372172075 0.000460886718566741 0.000685191941163146 0.608060797561227 0.796459849479759 0.865053619462 0.920741653130655 0.980079509212866
"ppo[3]" 0.845840918909939 0.0988511619671756 0.000465988846367731 0.00066649627032827 0.600697061765366 0.793818486010067 0.863112747870784 0.919316087867182 0.980825623609879
"ppo[4]" 0.592681459355154 0.163205923539644 0.000769360101764635 0.00219835632524688 0.252351011862847 0.479047473081973 0.606304252827601 0.719635910025897 0.858787223020365
"ppo[5]" 0.847178144998443 0.0974606101068246 0.000459433722034092 0.00066840022261491 0.606321606324571 0.796618445400209 0.864365255763903 0.919316627936286 0.979926082326589
"ppo[6]" 0.912121338378296 0.0733559531872237 0.000345803279593925 0.00104332194318574 0.731975569034096 0.87239920373096 0.930395307805213 0.969261437788526 0.997234760881766
"ppo[7]" 0.911488252046878 0.0747726845552199 0.000352481815310124 0.00100458911765959 0.724991461179353 0.872106662676881 0.930698315709461 0.969363177732059 0.997189712243097
"ppo[8]" 0.846476377193772 0.0986059965733892 0.000464833125618007 0.000675849332077621 0.602873073327982 0.794758996368539 0.86404635689312 0.919702372581571 0.980458354509434
"ppo[9]" 0.846600505664908 0.098408974669862 0.000463904355457831 0.000705106977346096 0.604304136027398 0.794338845104088 0.864377559730579 0.920438798725082 0.979551282672737
"ppo[10]" 0.911599207006752 0.0737261898824269 0.000347548592112741 0.000983508651971683 0.729301963986549 0.871362610348316 0.930451801552069 0.968828663129084 0.997309290225643
"ppo[11]" 0.847878655710009 0.0977953799799734 0.000461011842350362 0.0006787398416677 0.60606143787406 0.796818446191545 0.86506866327335 0.92050992332002 0.980339147904128
"ppo[12]" 0.768847200129025 0.12297433588828 0.000579706578790099 0.000859019477614974 0.472473940010395 0.699663750721651 0.790830560773337 0.859460658467052 0.947865269824722
"ppo[13]" 0.847266716684507 0.0981838363882576 0.000462843043420316 0.000671366210717845 0.603345754013475 0.7954026754934 0.864429229534583 0.920759693991698 0.980502961416905
"ppo[14]" 0.911137891585678 0.0740545446938656 0.000349096471538098 0.000996288351564952 0.729946339860237 0.87042673959653 0.929850526726213 0.968834658026166 0.997192081658601
"ppo[15]" 0.768817768855479 0.122058581247823 0.000575389670015633 0.000853838691740584 0.477824019794565 0.699464045790203 0.790233854001264 0.858407121367934 0.946521962405746
"ppo[16]" 0.911489135348157 0.0742234251579559 0.000349892581680552 0.000999817334658907 0.730418079567555 0.871534844633531 0.930163336366578 0.969254663808172 0.997385383876562
"psi0" 0.999995232936601 0.0000100030698611299 0.0000000471549235432514 0.0000000660563020657242 0.9999725055069 0.999995186356838 0.999998174846816 0.999999318216499 0.999999903754057
"sdeps" 1.28574973601488 0.598322933762573 0.0028205213586863 0.0139446987472217 0.264675510511643 0.882743925127027 1.21215294443987 1.60874166288278 2.65326581073588
