"Mean" "SD" "Naive SE" "Time-series SE" "2.5%" "25%" "50%" "75%" "97.5%"
"N" 23.9903111111111 1.198565922766 0.00565009394457965 0.0218691508883511 23 23 24 25 27
"betapsi[1]" 0.0828934137722491 2.65213468944304 0.0125022828235017 0.0196798658084399 -5.52332968491765 -1.13386241488112 0.000974713389707146 1.2433943762604 6.05491375533792
"betapsi[2]" 0.0531411965133192 2.62441963311499 0.0123716327950315 0.0198588169877547 -5.50620541471057 -1.154704771398 0.00165962914691595 1.21239521494611 5.91698510758042
"betapsi[3]" 0.0627564795790488 2.61886190997605 0.0123454334369015 0.0197468845513881 -5.53180784388847 -1.14282063223875 0.00744086345243562 1.21485663653545 5.99670234967384
"betapsi[4]" 0.102735517135687 2.62095624625373 0.012355306232795 0.0198720232342844 -5.43054580663037 -1.115517737731 0.00465261712314681 1.25135891375986 6.13240320023224
"betapsi[5]" 0.0834231250278167 2.63183776557799 0.0124066022068203 0.0207595055473623 -5.43704444981619 -1.13647885030756 0.00560037907379804 1.21828176152725 6.01425508073633
"betapsi[6]" 0.0480541453994148 2.66258857578692 0.0125515629163251 0.0200989447068963 -5.60597003194784 -1.18290152616429 0.00376458285438896 1.19386086684598 6.05651591460997
"betapsi[7]" 0.0847812126490843 2.67209257967646 0.0125963652203165 0.0214431883623526 -5.54469383854655 -1.14636382100301 0.00587903561466697 1.23330605766583 6.09809487756246
"betapsi[8]" 0.0415454028004826 2.64378111723851 0.012462903706482 0.0194171607051794 -5.56279001531277 -1.19449049317718 -0.00126693385636035 1.17843591492602 5.98138224811057
"betapsi[9]" 0.091763205769241 2.6447818053669 0.0124676209955582 0.0197445160487185 -5.42282870531669 -1.12526940536614 0.00742429146559409 1.2193217905915 6.08195458635225
"betapsi[10]" 0.088672245849735 2.63543097007301 0.0124235407352511 0.0202188146059682 -5.48121182640738 -1.12149964492348 0.0134646608323392 1.24865517022814 5.96053613879474
"betapsi[11]" 0.0878152990368408 2.63508899389451 0.0124219286440856 0.0202624778377728 -5.4460911986666 -1.13922769461481 0.00209230411128701 1.21782981312327 6.09533140127153
"betapsi[12]" 0.0736001659464336 2.64641904830324 0.0124753390327765 0.0204219670521647 -5.50429353478671 -1.16037005647896 0.00503440761044536 1.22194236658399 6.05694502870475
"betapsi[13]" 0.113551792214762 2.64601835466129 0.0124734501448338 0.0206167544260268 -5.44526504733492 -1.10520912275371 0.010534713115359 1.2652585571733 6.12528654461951
"betapsi[14]" -0.450680899928172 3.18705260794072 0.015023910073821 0.0413691273834423 -8.75168027651695 -1.55653919080883 -0.0596457967709768 1.0040781062402 5.62896284969263
"betapsi[15]" 0.104251395157122 2.66039778100963 0.0125412354107037 0.0204446456541506 -5.47495972698498 -1.14221429344793 0.0126787576341898 1.26778724922069 6.19296046544589
"betapsi[16]" 0.0523666279846533 2.63346489784383 0.0124142725818807 0.0201057466946639 -5.48119279509733 -1.19350451828083 -0.00132187901134378 1.21581219937224 6.02815253051418
"etap[1]" -0.201140208739915 3.49823561275435 0.0164908408264459 0.0513646742814393 -7.14907229955393 -2.0229834696553 -0.215557239600207 1.62012742146267 7.00856303602094
"etap[2]" -0.220793082928769 3.48746359170699 0.0164400610322481 0.0533172398965559 -7.08878106741889 -2.0361966660355 -0.247718328887895 1.58779208540409 6.86282439241702
"etap[3]" -0.983660673666219 7.03513902741373 0.0331639634191625 0.348816740720969 -14.086855984638 -5.31667875512299 -2.14850150725467 3.94408528359809 12.9250836612271
"etap[4]" -0.585436544109912 4.9600112064807 0.0233817170590918 0.170311765927258 -9.98982565061989 -3.35896532917621 -0.820365161125089 2.27417738937014 9.41690759613059
"etap[5]" 0.201451160285053 3.79919103184326 0.0179095582775966 0.0576408888721923 -7.36998840426532 -1.73371061617216 0.149304566631857 2.06632705167577 8.17333697127011
"etap[6]" 0.849998362175784 7.24991371324499 0.0341764209976858 0.352067343845643 -13.6820905208658 -3.46078170328484 1.30729006087306 4.98427526557104 14.7945202035739
"etap[7]" 0.952793218921982 7.11218295164031 0.0335271519609614 0.35193394212812 -13.2913046166946 -3.38508836986842 1.30371604934849 4.9910578141282 15.2988206092511
"etap[8]" -0.237927582372388 3.51337216766144 0.0165621952305699 0.0632605817430578 -7.3052693636057 -2.03537886331031 -0.219657109005297 1.56887249110051 6.84414736013787
"etap[9]" 0.916001786180334 7.24020668841363 0.0341306616437965 0.34975883884388 -13.6001841907461 -3.46195016813124 1.2743028903512 4.95036570921706 15.5691875582635
"etap[10]" 0.904076307232082 7.20773467042009 0.0339775870829829 0.337263486359443 -13.7183833995502 -3.40045855278372 1.30716267650455 4.99842282748618 15.2006794680111
"etap[11]" 0.939362798597927 7.31648625333677 0.0344902469612839 0.346600660995113 -13.831432264763 -3.3943620492014 1.32080347215465 5.02732473597127 14.9838679043253
"etap[12]" -0.986359874318962 6.9848401015411 0.0329268520086897 0.372852523233651 -13.9003623994424 -5.29703564263342 -2.12386873274716 3.89483946345675 12.98225271421
"etap[13]" -0.205748613018521 3.4905307699771 0.016454519849274 0.0500794798099723 -7.11940656701982 -2.00284745979347 -0.210936708869856 1.58210332715356 6.85532520923416
"etap[14]" 0.863297754534664 7.21867321607664 0.0340291518817166 0.340382004221582 -13.6213228866286 -3.4893030170206 1.28570959952045 4.96377763746962 14.8097997300404
"etap[15]" -0.577005574613313 4.90367001618613 0.0231161221409757 0.182166143709151 -10.0139123433554 -3.35810737970671 -0.850544370435085 2.3182670361184 9.49221318275612
"etap[16]" 0.911038984206623 7.24438137796125 0.034150341319053 0.357100585369032 -13.6977995537297 -3.41688173235469 1.34157836684728 5.0241214012222 14.7212292320418
"etap[17]" 0.194732939212606 3.79776923625916 0.0179028558689367 0.0527500944680425 -7.66814055310346 -1.68590911087801 0.18787951339601 2.09131751216196 8.05529357641077
"etap[18]" -1.07841311055864 7.06379820341861 0.033299064070471 0.397250709992381 -14.5051872260368 -5.37534997643895 -2.1775713007226 3.90786771633119 12.7674486897323
"etap[19]" 0.868085132429984 7.14296371388026 0.0336722538656945 0.321792032421344 -13.5299349404831 -3.46428944597713 1.31542968391443 4.98168121970583 14.9141433452981
"etap[20]" -1.0304502026448 7.20977046072829 0.0339871838905296 0.387663405124285 -14.4413799569203 -5.34391793256504 -2.15552745517375 3.90365916599381 13.2649150844486
"etap[21]" -0.238052278508654 3.44637971130634 0.016246389762723 0.0486423767084366 -7.25167988898883 -2.02371703042841 -0.231726808168636 1.55947322104088 6.72814314720277
"etap[22]" -0.253231771250815 3.47080245698847 0.0163615196899698 0.0544736124864266 -7.18073836063466 -2.04097006350184 -0.271244042380806 1.5383118858116 6.83487424705696
"etap[23]" 0.908997527607925 7.31571839052438 0.0344866272212728 0.336024148525151 -13.7913933101058 -3.38223219241098 1.28445888563576 4.96575688023306 15.2949641265951
"etap[24]" -0.849599898959599 8.63960641730018 0.0407274952297052 0.221732307629077 -17.0403485831814 -6.16117817080155 -1.27365689645689 4.8514801677235 16.0097211497014
"etap[25]" -0.358142236279829 7.38053409594566 0.0347921713868113 0.120152247263184 -14.8984763557861 -4.46670344951857 -0.301860299901806 3.92635044742185 13.841553200613
"etap[26]" -0.202526035134097 6.70855847568975 0.0316244479343114 0.080166598729455 -13.6757621819363 -3.82569132819779 -0.166880830895664 3.55783359502232 12.9258842697516
"etap[27]" -0.140825459783632 6.54448194464048 0.0308509837493881 0.059899858900714 -13.2119293417417 -3.56899592471428 -0.0675948717849058 3.40881232345188 12.7470790404437
"etap[28]" -0.0772279421490185 6.42597590913932 0.0302923409406254 0.0540876064276809 -13.2829901992504 -3.47932087803299 -0.0101849246904923 3.38472669513404 12.7511492699772
"etap[29]" -0.0980708178469844 6.24864867705087 0.0294564123519668 0.0503007905518525 -12.7948311250704 -3.44727835733871 -0.0273308262948886 3.30648005471958 12.2797259626133
"etap[30]" -0.0600080014154 6.33944660721779 0.0298844378995583 0.0538739707852217 -12.7763947427488 -3.41931661291092 -0.00385924996669416 3.34499160930804 12.8107424247962
"etap[31]" -0.0895463718178167 6.3447978822867 0.0299096640521532 0.0507213150638938 -12.9499218226754 -3.43495224462623 -0.0892684352921334 3.29355187694584 12.5734422603145
"etap[32]" 0.0827695269161035 6.34892348153061 0.0299291123134986 0.0542240819996711 -12.7648973694467 -3.28656706477526 0.0750976707949858 3.47773947815335 12.8705556179972
"etap[33]" -0.0439824835202413 6.2492999054717 0.0294594822721833 0.0454839807331273 -12.6249687976695 -3.398270808904 -0.0407197967519223 3.34775191221595 12.5526882541777
"etap[34]" 0.00186083119564751 6.22974939173171 0.0293673202665751 0.044585800990877 -12.5373672241718 -3.36191401127159 0.00179088913435569 3.33005296962814 12.648669923737
"etap[35]" -0.0473419991082988 6.3305306367291 0.0298424076116023 0.0525262025539977 -12.9730930608871 -3.45713218502817 -0.0357625698084432 3.39435100424867 12.5101524585996
"etap[36]" 0.0119307370322721 6.41943460819128 0.0302615049522377 0.0478275410297662 -13.0490673701212 -3.38519921909484 0.0138804866738041 3.47779516004519 12.8665996741664
"etap[37]" 0.0391938297908211 6.27265876281797 0.0295695969817187 0.0491805649295131 -12.7760622479409 -3.32379466393927 0.0417614552771246 3.4176022908688 12.6567995890844
"etap[38]" -0.0129420917226728 6.35630310710694 0.0299639002020829 0.051096848603783 -12.6545559787376 -3.39807464548875 0.00144452402205366 3.38538131969709 12.7291922438898
"etap[39]" 0.0269638091607334 6.35215897564589 0.029944364579028 0.0517139075401853 -12.6437991868 -3.38012746657941 -0.00430485869327052 3.35453673620538 12.7806126098013
"etap[40]" -0.00282924582071505 6.1851690809573 0.0291571666662018 0.0400148964598243 -12.2905943039463 -3.38293165243729 -0.0189956175166169 3.30857867041641 12.8050601390527
"etap[41]" -0.00708176086951322 6.31049182467758 0.0297479437456786 0.049798764178102 -12.8174134727429 -3.3388723570494 -0.0418916273800082 3.33228575035667 12.7278432222807
"etap[42]" -0.0160527153831908 6.40986623586922 0.0302163992125455 0.0572738383349348 -12.6658053620423 -3.36111235505759 0.0129225983400435 3.34096701452637 12.7632640594428
"etap[43]" -0.034465975845146 6.23950989605723 0.0294133317252176 0.0457810610542348 -12.7331904678194 -3.34927564432712 -0.0100978666176378 3.27034693717157 12.5427805022601
"etap[44]" 0.0700011999557372 6.26309927566311 0.0295245331271063 0.0452699028612463 -12.5669210942552 -3.26683033548849 0.0617662177637097 3.4405909317066 12.6608110848832
"etap[45]" 0.00324996557876933 6.30841458916348 0.0297381515635576 0.0493521478259826 -12.7675054985057 -3.3650741458429 0.0265872115230633 3.38299601040046 12.8513763779761
"etap[46]" 0.025207230052264 6.30781943720406 0.0297353459903154 0.0464931357837746 -12.7035190217713 -3.3258472458456 0.0248677337249849 3.35460446575923 12.8627827251252
"etap[47]" -0.004032650426583 6.27894041353395 0.0295992089671742 0.0475759288324587 -12.5725927142722 -3.3541838403382 -0.00837728602995805 3.37870770005263 12.6775084159771
"etap[48]" -0.0956622710815652 6.25459196316993 0.0294844292714156 0.048481458401082 -12.6489655900524 -3.41426324160984 -0.059645536527327 3.25176166477404 12.3222521552037
"etap[49]" 0.0119177473722822 6.35359660962814 0.0299511416506128 0.049752026133478 -12.9077445020757 -3.35605709717189 0.00934798695781543 3.37193980767639 12.897938063711
"etap[50]" -0.115034569957138 6.39078783177747 0.0301264627531622 0.0497615972910544 -12.9672849586423 -3.46649739618367 -0.044073926955494 3.31305472231671 12.5697836108648
"etap[51]" -0.0630307897430617 6.31882135330321 0.0297872095201804 0.0499562455157611 -12.7907214377684 -3.43324441425178 -0.0745732246551395 3.31976600905194 12.6702132431198
"etap[52]" 0.0479971657431696 6.2063379480619 0.0292569576627332 0.0471378379163034 -12.374401909397 -3.33224999749512 0.0187750218835631 3.35479864264138 12.8396009882104
"etap[53]" -0.0107388417724738 6.22781906632036 0.02935822062532 0.0461413826327942 -12.4790651984061 -3.38737543817652 -0.0303836864410298 3.34553780351202 12.7936485009224
"etap[54]" 0.0850062987710636 6.45844865156272 0.0304454189164341 0.0574196025442162 -12.6303343185017 -3.30405474382509 0.0403166649274761 3.43283408029227 12.889125767804
"etap[55]" 0.052328685127006 6.3731959722988 0.0300435339322885 0.0512482936897189 -12.5626671060123 -3.29878322009563 0.0246244550401476 3.37695689633259 12.702154544572
"etap[56]" -0.0448639467724422 6.29660174676539 0.0296824652904591 0.0518304106310634 -12.9024140781104 -3.39022403511928 -0.031526466343086 3.3131377159793 12.6490579213211
"etap[57]" 0.125747971241641 6.24049579808043 0.0294179793119255 0.0474891812987592 -12.3095282644584 -3.27945616788242 0.0666430812998897 3.41467298110758 12.6876031097719
"etap[58]" 0.059358663143651 6.32025270407814 0.0297939569724418 0.0410632959981407 -12.720793635783 -3.28858125201491 0.0558530225630448 3.39422606077254 12.8978578665045
"etap[59]" 0.0695784827531635 6.31795527056303 0.0297831267669894 0.0526610528190754 -12.380203990444 -3.3420607459451 0.0152650171021363 3.46320065390723 12.8670239070935
"etap[60]" -0.0227211971859325 6.27520195857052 0.0295815857214688 0.0437872450755397 -12.8596026690064 -3.35886531988639 0.0144754862393089 3.35658136990481 12.5742971778265
"etap[61]" -0.0318420349167695 6.407121210625 0.0302034590394473 0.0497904051641793 -13.0275855337665 -3.39074973002318 -0.0127429396635648 3.36263394001122 12.8733325185289
"etap[62]" 0.00532370987158894 6.28997021608336 0.0296512039550264 0.0426056583157022 -12.6727171521485 -3.32754496510877 -0.00557459061536614 3.32747213627118 12.564073009338
"etap[63]" -0.016981233706999 6.36610950363686 0.0300101279986517 0.0428635351387849 -13.0070450952069 -3.38392984683156 0.00515420240632887 3.36031588096365 12.7168743064136
"etap[64]" 0.045101554941291 6.36886622384553 0.0300231233023409 0.050997767445335 -12.5671110955332 -3.33421169821071 -0.0188675952232813 3.38209368594041 12.7864097355595
"etap[65]" 0.0519263207599819 6.36935892183288 0.0300254459029271 0.0477286446327342 -12.7876635288049 -3.36096490191797 0.031133657975379 3.38336789386172 12.9632778471485
"etap[66]" -0.0021182447272692 6.37604247944327 0.0300569524956522 0.0468412736140528 -12.7026634820416 -3.43277310265544 -0.00254753813214037 3.33507465192068 12.8700429197246
"etap[67]" 0.0394003254947738 6.404720496607 0.0301921419650352 0.0504017611950064 -12.6182464891279 -3.30863791344531 0.0568816504399208 3.39197218849155 12.7177585648043
"etap[68]" 0.0289550852692413 6.3913192262277 0.0301289677706238 0.0586830728181544 -12.7552060697291 -3.33419172816948 -0.0037909413847143 3.40898546278288 12.8251048836609
"etap[69]" 0.0444064535306936 6.32535592106938 0.0298180137680443 0.0505140561917704 -12.5856858372088 -3.36268599210822 0.0258953938959737 3.40720691991481 12.8901814473366
"etap[70]" 0.0461220320567279 6.35468698977611 0.0299562817519241 0.0497992556737926 -12.5482342027295 -3.2655431183833 0.0286290713445967 3.36313605363028 12.7056219656982
"etap[71]" -0.032114439106214 6.21794214216861 0.0293116603583536 0.0431494753678345 -12.6199367556594 -3.37409846377325 -0.0902353789935837 3.36223358998529 12.6164148842092
"etap[72]" -0.0118387919758667 6.36397448331064 0.0300000634163141 0.0569261258051051 -12.7937339036415 -3.35729828495279 -0.0200927968943159 3.32322135751364 12.7481460897762
"etap[73]" -0.0438332147034161 6.32576604995298 0.0298199471341426 0.0555291264108651 -12.8351876049209 -3.35482154347775 0.0182117939203485 3.30319573558908 12.4030379019643
"etap[74]" -0.0430359523837768 6.35001273913979 0.0299342471231114 0.0479329718731671 -12.9623713935328 -3.36674238204652 0.00950680876870451 3.36913138870304 12.5406948664831
"etap[75]" 0.00384940622190742 6.39139872334251 0.0301293425236169 0.0555471259425354 -12.8221192519608 -3.32566357746954 -0.0203310705503909 3.34014039219081 12.7260253745018
"etap[76]" 0.00488647544825648 6.26751186609728 0.0295453342778969 0.0399879580060665 -12.6890636555777 -3.33460434331661 0.0257459544522233 3.35078712390394 12.8601728124575
"etap[77]" -0.00380726723083603 6.33639173774619 0.029870037106765 0.0537494968594623 -12.8620679161082 -3.30101208367511 -0.0201469300727418 3.37665661142364 12.6726788606834
"etap[78]" -0.0550894969888342 6.29071942920889 0.0296547357795705 0.0525607957463902 -12.8077103527179 -3.42400252193472 -0.0293054493139133 3.36423580151313 12.6421573808768
"etap[79]" -0.0275311532027854 6.22350320855853 0.0293378754767198 0.0471433506817877 -12.6551423529401 -3.3336838032607 -0.00512408094399819 3.37525401799823 12.5108221873277
"etap[80]" 0.0015839927685858 6.25542926312417 0.0294883763412524 0.0423076890848322 -12.5213633878783 -3.38770412559437 -0.0366003284543088 3.37891851691068 12.790948163403
"etap[81]" 0.0621798569170622 6.34740104490357 0.0299219354784126 0.0634569219091952 -12.4924447156521 -3.3766588087552 -0.0147453467629777 3.36240589145092 12.9727286484788
"etap[82]" 0.116236165263978 6.46220759145389 0.0304631387290149 0.0577008185332868 -12.6594286176631 -3.29991236591864 0.060972508232478 3.46508267165822 12.7490251938859
"etap[83]" -0.0047720403708657 6.28590659685293 0.0296320478702664 0.0421639658592904 -12.8492854807343 -3.33915468582294 0.0418936030371994 3.35578914784842 12.6067208214332
"etap[84]" 0.0529286636322191 6.29639049660137 0.0296814694476358 0.0533345997908094 -12.4291330533152 -3.35370533963627 -0.019419950640516 3.34888144185132 13.0222351576804
"etap[85]" -0.0923705378747461 6.271513402843 0.0295641977030174 0.0453809525574269 -12.6560170183239 -3.44814767825057 -0.0600086415487848 3.295231418992 12.6438801270436
"etap[86]" -0.000181596584348391 6.29797317432127 0.0296889302619569 0.0473155684137094 -12.7358388393428 -3.37354533912919 0.00696348803759498 3.36020333056334 12.6701509702267
"etap[87]" 0.0012547355636779 6.31355482810422 0.0297623828823038 0.0457122192796499 -12.7697152498266 -3.37131079227046 -0.0384262855054798 3.34820269512485 12.8035165472241
"etap[88]" 0.00575844940340569 6.45252309546728 0.0304174855771182 0.064568679851896 -12.8537738047775 -3.38971078328305 0.0195465852889788 3.41069060437631 12.9431705716431
"etap[89]" 0.0347391828613174 6.50681742691486 0.0306734315100953 0.0509722479832055 -12.635782836592 -3.39451042849235 0.0288275163741257 3.35002335954901 12.9659575081942
"etap[90]" -0.0507778079348049 6.44258030431631 0.0303706148101397 0.0459221835033381 -13.0657534406773 -3.37138406800356 -0.0402486378337308 3.34073899121894 12.9733242255441
"etap[91]" -0.0191661839577453 6.23598834961036 0.0293967309960653 0.0442369918778484 -12.8283297994589 -3.36804200163347 -0.0490670375745366 3.37886695949065 12.3959630837047
"etap[92]" 0.0552240363618465 6.38922295199623 0.0301190858391285 0.0513213611211855 -12.7478640271264 -3.30315694147598 0.035868137619153 3.39585950175743 13.0111297972821
"etap[93]" 0.0154140433251004 6.33831597858252 0.0298791080650583 0.0451584437357818 -12.7551101060178 -3.30766181468189 0.0116358695136336 3.36532424372689 12.7976019706704
"etap[94]" -0.0131576285341595 6.39496394502074 0.0301461491397843 0.052639965366421 -12.7782423627721 -3.38510434811767 -0.0563355786587285 3.32375485611338 12.8223268350231
"etap[95]" -0.00704824312429596 6.2532052117433 0.0294778920624983 0.0479408911252038 -12.6555015657606 -3.34163621955889 0.00194119269834858 3.3597645258599 12.5610749220692
"etap[96]" 0.0625597019713545 6.27162193111516 0.0295647093101987 0.0484586668351653 -12.5652833139128 -3.35821518943242 0.0286958178024881 3.44867345649932 12.8741574294815
"etap[97]" -0.011004404940895 6.50923879524906 0.0306848459498878 0.0586587254804821 -12.9696625760511 -3.4295453001946 -0.00998579468292213 3.3935414485833 12.7996045082513
"etap[98]" 0.0338008713481484 6.2437816396152 0.0294334689174665 0.0482041479695553 -12.317099811822 -3.33289158705661 0.0553452705723377 3.4186426327576 12.4352247130568
"etap[99]" -0.0898921646867191 6.28858062707179 0.0296446533696054 0.046984814451349 -12.9303578603006 -3.4519067679864 -0.0479775272248431 3.35815118899442 12.3775039458461
"etap[100]" 0.0464353204724316 6.23465950472924 0.0293904667612214 0.0452454528059888 -12.5516752245504 -3.31800695952634 0.0488181989263524 3.43755128034818 12.5874086598375
"etap[101]" -0.065684967491325 6.25137435336728 0.0294692613133445 0.0452224604953342 -12.8205069669281 -3.39245286809378 -0.0754488608860839 3.30514051319108 12.676672482806
"etap[102]" -0.0719231345844204 6.34947542449498 0.0299317141975849 0.0457644609858693 -13.1178495785294 -3.42349574896299 -0.0322215075612963 3.38249009032781 12.507800973831
"etap[103]" -0.0525818708887336 6.37742387389275 0.030063464451537 0.0477434478328439 -12.8168534409254 -3.39763454739525 -0.0147991296937104 3.36586317451433 12.5803550438727
"etap[104]" 0.018539464856739 6.31187380473295 0.029754458462136 0.0556914795155524 -12.6150921875673 -3.41934046807109 -0.0179262131741676 3.33577726271228 12.9479039615903
"etap[105]" -0.00186671101486863 6.29377106791577 0.029669121342393 0.0463347363960305 -12.7411596902484 -3.40597374569991 0.00586040300634073 3.36548872694532 12.6228927414001
"etap[106]" 0.0364885615528275 6.29878342958336 0.0296927498418923 0.0424218822720979 -12.4926829758485 -3.36401823432882 -0.0331320010506618 3.33076318288059 12.8783242768559
"etap[107]" 0.0533948394156942 6.30110052848945 0.0297036727508869 0.0474971672267577 -12.7417511728644 -3.33690282674544 0.027889078106943 3.42118255271888 12.8258114969293
"etap[108]" -0.0694396051342147 6.33950612821368 0.0298847184842238 0.0520453450294514 -12.9169268062603 -3.42265392975906 -0.0488403765092644 3.2957536401955 12.5863133570951
"etap[109]" -0.0822002028052101 6.40394658203957 0.0301884936967773 0.0430728215047841 -13.0370282207666 -3.44052429003813 -0.0214910311549128 3.3417163968729 12.519913335992
"etap[110]" 0.0782043947118892 6.39496579424297 0.0301461578571015 0.0572750894534477 -12.5166548478422 -3.32512220249538 0.0381963208520481 3.3851666392746 12.906651998283
"etap[111]" 0.0171877952199821 6.21499559054408 0.0292977701807881 0.0485562100564846 -12.6801917846218 -3.29764124978001 0.0225959225619573 3.32910696622325 12.5684099419146
"etap[112]" -0.0118753332834606 6.37708234417389 0.0300618544650024 0.048798409278552 -12.8835756279815 -3.43789154615792 0.0127370571381306 3.38166792551182 12.9539594806398
"etap[113]" 0.0258808118137595 6.34839448006467 0.0299266185766732 0.0467829306748292 -12.6827419453997 -3.31398403261915 0.0217480226611751 3.37602196752887 12.7801444866837
"etap[114]" 0.116153136302881 6.28496784909543 0.0296276225708987 0.049703601699782 -12.5759346246009 -3.33424440548656 0.0641375594847674 3.46906441329743 13.1204394047352
"etap[115]" 0.0809193391951066 6.28673725881255 0.0296359636482966 0.0449585237379263 -12.5275462235708 -3.32670988154565 0.0301574360505235 3.41234147982047 12.9765939210162
"etap[116]" 0.00266289988094956 6.22834907073994 0.0293607190901143 0.0550337070279937 -12.7320829422284 -3.33107975604828 0.0116148725168994 3.3758338895716 12.5658430162125
"etap[117]" -0.00383852267509463 6.28720149163216 0.0296381520627952 0.045653683385131 -12.7814315858993 -3.30679024093281 -0.0164179444409944 3.34243393852523 12.7244850493403
"etap[118]" 0.0524415619156508 6.41208821035135 0.030226873700705 0.0590523654573051 -12.8407058323034 -3.38166128267205 0.0190358483507541 3.40646019821393 13.0872566269561
"etap[119]" 0.0935542912110697 6.23972070484278 0.0294143254873629 0.0445735870572143 -12.4904227516914 -3.26788941957716 0.0616740272576236 3.41196946005151 12.9429912382493
"etap[120]" -0.00237615599776941 6.31036534751868 0.0297473475266337 0.0514556198569476 -12.5981619173238 -3.34891055761517 0.0296034876412097 3.36708991784461 12.6002017317029
"etap[121]" -0.0194742356431723 6.3024627628362 0.0297100943851812 0.0428533522728375 -12.8278780285141 -3.38124994767457 -0.0360213307179047 3.3458371422082 12.8047139350532
"etap[122]" 0.039709114621454 6.17919259838802 0.0291289932571859 0.0443224296081646 -12.4764492124591 -3.32522859205505 0.0491976243475679 3.37922646189682 12.6419959414211
"etap[123]" -0.0550352314651606 6.4273849935971 0.0302989834284611 0.0589855706210293 -13.0835043023861 -3.4141464187779 -0.00780949964297193 3.39307032458201 12.5330803912502
"etap[124]" 0.0485507855191034 6.24001633456955 0.0294157190992597 0.0494426309700816 -12.547815643336 -3.31585062251451 -0.00113145947948211 3.39746928707623 12.9014552225311
"etap[125]" 0.0240760987671107 6.28266201676441 0.0296167527730484 0.0490736698785763 -12.6006659354733 -3.37348852353032 -0.00248690964938886 3.34478254216825 12.931245078234
"etap[126]" 0.0356466007053174 6.33501182571282 0.0298635321390567 0.0495338093329406 -12.7852309995092 -3.32685886323009 0.00602529459168735 3.40950766718683 12.8971742801991
"etap[127]" -0.033232751687221 6.40493745537028 0.0301931647184536 0.0532284772032224 -12.8967656751814 -3.38583516313402 -0.0217892894330149 3.34302111747433 12.8609956983567
"etap[128]" 0.117241549500728 6.44981031975673 0.0304046974297797 0.0568052950156264 -12.3580727983446 -3.30898211561736 0.0660826727619773 3.48304404950535 12.890724082134
"etap[129]" 0.0670822624370218 6.3660662211151 0.0300099239628874 0.0449606017193563 -12.6577885145105 -3.36119623818124 0.0563174196209552 3.42949094355529 13.1003477468716
"etap[130]" -0.055807054923835 6.29220504183789 0.029661739024665 0.0482218186114514 -12.5892498075006 -3.33815015696014 -0.00854509015647846 3.30255847141862 12.4473335952107
"etap[131]" 0.126620518547718 6.33331569808473 0.0298555365167395 0.0488755846047238 -12.3765046641358 -3.30436850316248 0.0470098773065279 3.45564828913655 13.3971099316851
"etap[132]" 0.0172200499841519 6.30223396084109 0.0297090158022326 0.0471348802522329 -12.8621189398359 -3.35489158602321 -0.0198147921894919 3.38589828753111 12.8276011961456
"etap[133]" 0.0616405801641505 6.35387187823139 0.0299524392792528 0.0458348104256879 -12.6357643889669 -3.31313205117609 0.0561771374995633 3.37238280349067 12.9514281869049
"etap[134]" 0.00263231925810675 6.41594720398098 0.0302450651711321 0.0545636815165732 -12.9032623164548 -3.33356089473788 0.0166622993431334 3.35734399632136 12.743232691913
"etap[135]" -0.00153618303352157 6.30939834139552 0.0297427890160529 0.0494196492668847 -12.7653348136055 -3.40365939233757 -0.0163018628506082 3.41933342016672 12.9651898241717
"etap[136]" -0.00219522698153257 6.28146651021887 0.0296111171011464 0.0506154549810895 -12.68818169321 -3.33817226731888 0.0283873873878158 3.36404089744451 12.506020920356
"etap[137]" -0.0145706897876711 6.38967244634867 0.0301212047758265 0.0490170850474055 -12.9166930833339 -3.27957243754135 0.0172008108396999 3.35837182254414 12.7561220854515
"etap[138]" -0.0180030663527894 6.30838351802 0.0297380050927826 0.0520104513791716 -12.743322800415 -3.353460636575 -0.00908244095001801 3.29230071621493 12.8519140173526
"etap[139]" 0.040555460235656 6.43843871518482 0.0303510911717413 0.0576639614679527 -12.5416367581973 -3.35305158272327 0.0182884904316754 3.33719123422586 12.9442412176699
"etap[140]" -0.0697636467382588 6.39421016289997 0.03014259577679 0.0575737217582662 -12.8971010774626 -3.39089993957986 0.00192779466145309 3.37130391440618 12.4688271172982
"etap[141]" -0.0282412070483037 6.35337751303463 0.0299501088193661 0.0462350336694407 -12.8776772903424 -3.36468134072548 -0.0179663472693075 3.33797500039957 12.6820854500565
"etap[142]" 0.0198624139269746 6.35436044960671 0.0299547424268033 0.0492146151966313 -12.7146910233567 -3.32909850518959 0.00747499041872199 3.33961943216407 12.7472392264859
"etap[143]" -0.00935496614145284 6.29286092879529 0.0296648309054335 0.0440524199690585 -12.789868042766 -3.34717588306266 -0.0313447205923511 3.34228577959151 12.7729567050768
"etap[144]" 0.0565203332062142 6.46313584696355 0.0304675145674519 0.0509082863219143 -12.5812855557741 -3.35087376206827 0.0254597400190103 3.40107620876458 12.9229638625922
"etap[145]" 0.097275687684682 6.37407240699088 0.0300476654850487 0.0571668289046074 -12.6535707931802 -3.27290128522389 0.0466364438914528 3.40834382562534 12.9890648236156
"etap[146]" -0.00365534307108558 6.33319249945739 0.0298549557528407 0.0494340640751661 -12.7006984657963 -3.36966833225464 0.0033614569774753 3.36605492746317 12.7598760593636
"etap[147]" -0.0104539322733351 6.43660095060423 0.0303424278664269 0.0610142755254651 -13.0101546779883 -3.35497394571636 0.00156271393021957 3.34061532903691 12.9549928373452
"etap[148]" -0.0145203221020173 6.33423376144899 0.0298598643089423 0.0489140951199381 -12.743374802028 -3.40284484158247 0.00310582352566146 3.35614605757561 12.6382953304715
"etap[149]" 0.00464280306231953 6.31624222709049 0.0297750514026167 0.044694002647443 -12.5808666108542 -3.3725971852074 -0.0248625049726077 3.36933637031938 12.859176981252
"etap[150]" -0.0214438893676509 6.39847252285486 0.0301626887343098 0.0464258224288683 -13.0787873331305 -3.42120732902857 0.0191607715813605 3.3902209941331 12.8832118918792
"etap[151]" -0.0366071966271601 6.25214431626466 0.0294728909532511 0.0458188087687925 -12.5820150249375 -3.3721956902253 -0.00554176199725123 3.35618968799111 12.4330651129569
"etap[152]" 0.128365971697028 6.31265572092776 0.0297581444504272 0.0474995362656564 -12.4914971398628 -3.250268911907 0.0793871463498724 3.51437844899339 12.9301549330123
"etap[153]" -0.0936065946341349 6.32046344056431 0.0297949503937645 0.0506800196212761 -13.1099825847365 -3.38956104248766 -0.0333620732816033 3.26522732156361 12.4695134778661
"etap[154]" -0.0329611225108942 6.24149512098912 0.0294226901652944 0.0447700838499047 -12.6889083412346 -3.38899449555152 -0.0311708453233517 3.36047228306291 12.4943578694975
"etap[155]" 0.0512871531102847 6.31506059389792 0.0297694811303278 0.0542561299260359 -12.3763665050026 -3.37153560682171 0.0528206977905024 3.40388778511978 12.7720055118238
"etap[156]" -0.00119811247100988 6.28430163238861 0.0296244819952245 0.0574156709910146 -12.4888256711325 -3.34941352775776 -0.0263457123827914 3.36076165055126 12.5988546173076
"etap[157]" -0.0155761922864397 6.25616906407904 0.0294918637963986 0.0425221875636457 -12.558750384149 -3.3731334069568 -0.00936243552864049 3.38133450265599 12.7116252157254
"etap[158]" -0.0137189520254782 6.49639161467335 0.0306242837598597 0.0591726124203528 -12.7410191170904 -3.32598755444439 -0.0242540328753293 3.34756149852258 12.8634204558571
"etap[159]" -0.0731009221020737 6.33505696067783 0.0298637449073222 0.05017393285338 -12.8879271931656 -3.43857505414131 -0.029504685783633 3.35459844170529 12.6630909447603
"etap[160]" 0.0126173396055845 6.30536526924371 0.0297237769316025 0.0473406995536408 -12.6948016711057 -3.37384731880149 0.00237456507227996 3.4087478320662 12.7237678364668
"etap[161]" 0.00348542656458603 6.25034678450283 0.0294644173072632 0.0528480661499866 -12.7035123853936 -3.3344955477838 -0.000510979157466208 3.34215667401551 12.599434834238
"etap[162]" -0.0254085424643298 6.22172629021421 0.029329499003314 0.0528986071723694 -12.9270727542997 -3.38963515371441 0.0032919673375306 3.38525403183612 12.5391121776666
"etap[163]" 0.0307194885488924 6.29425563102146 0.0296714055947792 0.0483362030023503 -12.8005950021998 -3.29105330328772 0.00549633488783201 3.39854506493214 12.6663837055035
"etap[164]" -0.070156743656522 6.43278649778522 0.0303244463633946 0.05066159780429 -13.0934146100885 -3.40571080942832 -0.011617982900449 3.3590205034818 12.609459505779
"etap[165]" 0.017035496133056 6.31549668181176 0.0297715368684682 0.0473880005170076 -12.7928361208007 -3.33942620328499 -0.0167051875523027 3.38193290076353 12.7570107334732
"etap[166]" 0.0287371980103753 6.34994588817812 0.0299339319846559 0.0577767715366402 -12.8186515223587 -3.35233163872069 -0.0084235130606323 3.3621808845084 12.8645217859253
"etap[167]" -0.012459658475985 6.32794139008495 0.0298302017858673 0.0429269557107872 -12.9642185227249 -3.40083891399474 -0.0410395080451376 3.40896238194441 12.8341578336828
"etap[168]" -0.0348968827839636 6.42797475969723 0.0303017636125192 0.0507015294715689 -12.9382545498225 -3.34529856308854 0.0529768944005771 3.35670464043786 12.5485030089185
"etap[169]" -0.0150551583307776 6.29119511790624 0.0296569781975947 0.0453469203634413 -12.8039455974749 -3.32208818836565 -0.0211614097332872 3.32838524275499 12.6188352593205
"etap[170]" 0.024050096983218 6.31297036660762 0.0297596277043865 0.0486658071389602 -12.715234476073 -3.28584470859564 0.0232320472072738 3.34552189672901 12.7787108675269
"etap[171]" -0.0663160481255095 6.30517426407302 0.0297228765245929 0.0472768528747315 -12.8653477032598 -3.39697208742962 -0.0444359816783074 3.32066504462199 12.3854874068874
"etap[172]" -0.0049913184736732 6.3831199718451 0.030090316114793 0.0470695515765391 -12.8686207039061 -3.33777708211824 -0.00519635361174074 3.36607683427575 12.749029090226
"etap[173]" -0.00419150102334837 6.42110531391568 0.0302693807345517 0.0501180723267009 -12.8574959859514 -3.30480956676119 -0.0163672823730999 3.37487381392177 12.6951134125581
"etap[174]" -0.00578816293364465 6.3938635231328 0.0301409617012568 0.0578810872415661 -12.7550745795959 -3.3774495853712 0.0195503912268862 3.36758444199441 12.7833383818316
"etap[175]" -0.036753673492782 6.20825683707008 0.0292660033922667 0.0455169059288218 -12.5297388585661 -3.37502207572174 -0.0161744141571622 3.34219349269198 12.5698764357121
"etap[176]" -0.0487950093247373 6.32778335435472 0.0298294567982905 0.0547670227104525 -12.9129591298107 -3.45034131730848 -0.0291778826577676 3.36920322028699 12.5315797534706
"etap[177]" 0.0179320306517939 6.56205231453213 0.030933811267377 0.0591269271814995 -12.7447058496543 -3.35124032776844 -0.0227422141777167 3.35596913586727 13.1328087133941
"etap[178]" 0.0484554524624336 6.33608537674075 0.0298685929071354 0.0584847774640382 -12.4860609023489 -3.3499729874409 -0.00223897468081384 3.37963410333304 13.0441563939528
"etap[179]" -0.081787813295965 6.26634733637838 0.0295398446321561 0.0495761606096437 -12.8967741182194 -3.35028666906705 -0.0380960533798111 3.29449194385982 12.5297506254652
"etap[180]" -0.0469590305800848 6.19664835202863 0.0292112804689859 0.0434955848559718 -12.6389168614681 -3.37725739772003 -0.0332664842792367 3.33187165188804 12.6226413296398
"etap[181]" 0.0507035555997723 6.39990908060079 0.0301694607324679 0.0521796947848425 -12.6717691981097 -3.3997071727213 0.0177369439772704 3.43727027200983 13.175611157403
"etap[182]" 0.115750154624659 6.34202082230799 0.0298965728658684 0.048894442492019 -12.4247174288287 -3.30580815582146 0.0742361554124187 3.44130278354936 12.9673969825035
"etap[183]" 0.0632868301568097 6.21537290389233 0.0292995488529693 0.0417286498834643 -12.2952077648363 -3.31324092346753 0.0282970451391678 3.37216674020404 12.6948329058278
"etap[184]" 0.0174482896812686 6.25324579979702 0.0294780833964185 0.0472948167942218 -12.4783019158092 -3.3502969662983 -0.00829534981003174 3.34334822035161 12.5968095975263
"etap[185]" 0.0386674051974739 6.35002910467994 0.0299343242710075 0.0439557840695163 -12.7251342060219 -3.35177550418388 0.0185487298627706 3.42388420924105 13.0024794084903
"etap[186]" -0.0219262104016181 6.25635011485187 0.0294927172779266 0.0426801090867447 -12.7008079503762 -3.36094803488787 -0.00296213467719103 3.36878424983303 12.6143439261811
"etap[187]" 0.0459878311857732 6.28895168638793 0.0296464025599965 0.0472405074037137 -12.40256847242 -3.36083837948876 0.00902688174548396 3.41899611728146 12.6398081643524
"etap[188]" 0.000629574970578127 6.2881035589941 0.02964240444912 0.0509389170962613 -12.7811745268719 -3.35230183019355 0.0358671977634645 3.41527668776782 12.7417676035586
"etap[189]" 0.0325575186472717 6.32598670700991 0.0298209873214844 0.0550766771885309 -12.6353541389076 -3.36642158688684 0.00786998937070467 3.38618095748874 12.9531589450259
"etap[190]" -0.0489407302593215 6.37074077157512 0.0300319600050826 0.0506987760001997 -12.8006021561307 -3.40703396625106 -0.0718213139197774 3.28857460274991 12.7484960928699
"etap[191]" -0.0362420222704073 6.24147231845444 0.029422582673115 0.0553212384440668 -12.6770540770726 -3.38009066343108 -0.0248441757691916 3.30355468524707 12.5082209012801
"etap[192]" 0.0134518002913475 6.38489825673878 0.0300986990301744 0.048914093650043 -12.6252406932536 -3.33808533057636 0.0019728333132841 3.35521910735746 13.1156126983485
"etap[193]" -0.0463045997769673 6.28894693153666 0.0296463801454127 0.0469047460222603 -12.8265195631978 -3.31979467048376 -0.0421609035246748 3.33279767920088 12.4403214020209
"etap[194]" 0.0264847480326474 6.45176650542651 0.0304139189774621 0.0527097080605844 -12.8542815900197 -3.36198651871767 -0.0124561102726167 3.35333951369328 13.0826262381124
"etap[195]" -0.0268055776267402 6.28931426131279 0.0296481117545835 0.049887341248844 -12.5070054797408 -3.36388621576878 -0.0200393531044113 3.28841972352108 12.5755637622332
"etap[196]" -0.0681980059736941 6.32669054659246 0.0298243052530957 0.0519208591653921 -12.8641831197332 -3.42727704135544 -0.0642967025127577 3.3180881906773 12.5885163247258
"etap[197]" 0.0570118540800362 6.2733804949233 0.0295729992594912 0.0476282450088077 -12.4241027093842 -3.30713394760337 0.0574390659252073 3.36287906975146 12.6569775638978
"etap[198]" 0.0373092932977293 6.32737300061806 0.0298275223722247 0.042487097222235 -12.6813027292556 -3.30712345011693 0.0673561188305674 3.41081912797958 12.6693900502162
"etap[199]" -0.0824515656243955 6.28833616401443 0.0296435009597014 0.0533774984641064 -13.0596118365732 -3.40886769304913 -0.0214010758903503 3.32995513576639 12.4295593047458
"etap[200]" 0.0424877018832089 6.36412686026734 0.0300007817281766 0.0556690266255052 -12.6637371401767 -3.37421900705802 -0.013394447654141 3.38588356645549 12.9222582488189
"etap[201]" 0.00110983923512878 6.2597363401431 0.0295086800970337 0.0474596302872799 -12.7125235477618 -3.35817311391128 0.00475678231344195 3.374885006269 12.5302946238275
"etap[202]" 0.0996816620830955 6.34542026483113 0.0299125979916042 0.0478047159540856 -12.7343662406987 -3.27985094419936 0.0776680477382396 3.46291780384343 13.0695340324481
"etap[203]" -0.0327728586196428 6.37999732755957 0.0300755958284628 0.0477955353628352 -12.9015121624563 -3.45774463471621 -0.0314251114881827 3.35130323844675 12.8172223124673
"etap[204]" 0.00420525924514476 6.22917250013087 0.0293646007734886 0.0424922429898727 -12.7120526075791 -3.41718318042682 0.0015429451281946 3.42664102142811 12.802570039436
"etap[205]" -0.0461312154586563 6.34457960388124 0.0299086350778819 0.0480630040487968 -12.7068950713468 -3.43022194025059 -0.0428804271885344 3.32251179596968 12.7730163840012
"etap[206]" -0.038137652144435 6.46482254752831 0.0304754657501664 0.0484161804915911 -12.9888108712753 -3.37896622500148 -0.0421233090954431 3.31032576033545 12.8467451518773
"etap[207]" -0.0290387893578725 6.30552049447245 0.0297245086703482 0.0518037000767301 -12.9215636714223 -3.35358286487807 0.00203127306728799 3.34944766892807 12.5865674361354
"etap[208]" 0.0590833218829014 6.4749048459751 0.0305229941608442 0.0679840746920871 -12.8106729494373 -3.33887633350534 0.036569253875754 3.41055905539936 12.7392836330753
"etap[209]" 0.0128496515946325 6.27547040836881 0.029582851205954 0.0469383190500277 -12.6208922756614 -3.36040020778765 -0.0220159199961702 3.36765091170266 12.8552484917376
"etap[210]" 0.0355039993119474 6.37100856271733 0.0300332223846332 0.047346040654396 -12.4285235906545 -3.37208565631818 -0.0158158592391302 3.37510492230606 13.0325142055558
"etap[211]" -0.0452311824078354 6.36697068915203 0.0300141876661026 0.0478255377565728 -12.8627372964591 -3.41842366053522 -0.0265513346109386 3.33662534620719 12.7378257136736
"etap[212]" -0.0094133527486358 6.2507021453205 0.0294660924942229 0.0446613917036412 -12.8000795346155 -3.36158311903417 0.0200231205651625 3.37148075455206 12.6181741183532
"etap[213]" -0.00899444850298197 6.2772056980897 0.0295910314401471 0.0478000983085867 -12.4653275810105 -3.40629009541329 -0.0450869226957259 3.30764346276034 12.8975712312811
"etap[214]" 0.00320790081163173 6.33050238338385 0.0298422744240555 0.0490563448500192 -12.8052666210977 -3.34999997485903 -0.0222141788866634 3.36017722304384 12.654966695108
"etap[215]" 0.00874990308205822 6.32541941828932 0.0298183130968096 0.0467744844599632 -12.8740937475412 -3.346693362876 -0.0060802422388968 3.33792411492205 12.6567504064427
"etap[216]" 0.0562634557942444 6.37168920665894 0.0300364309709444 0.046784841279334 -12.6532372032591 -3.38389079580372 0.0228890131913057 3.43206991701579 13.138497820177
"etap[217]" -0.0209828025670626 6.34069216876174 0.0298903095329857 0.0501510497641501 -12.832015684411 -3.39215632142453 -0.0292357097839144 3.34099761441312 12.8432281545369
"etap[218]" 0.0104421686598884 6.29817709848604 0.0296898915696886 0.0438367110983632 -12.7739124992272 -3.32967077151272 0.0168562109747396 3.40280763806733 12.7792668604039
"etap[219]" -0.14407085864143 6.3325812980604 0.0298520745218241 0.0641316650429357 -12.9752038060422 -3.44012315117142 -0.0898303484090318 3.26607648622789 12.4322519076504
"etap[220]" 0.0150107622145674 6.33467938282328 0.0298619649882464 0.0524695608861565 -12.6632437778352 -3.37857689975049 0.0212797504614491 3.40899235754204 12.7720902202054
"etap[221]" -0.0163471557760842 6.24018011745169 0.0294164911791704 0.0451612288608989 -12.7235977870232 -3.38592821333806 -0.0281047245788684 3.3826608360225 12.4477067838958
"etap[222]" 0.0284855380667431 6.35564125217796 0.0299607801880266 0.0507500491120995 -12.8330916841951 -3.34951530335976 0.0152737185007604 3.39844014145679 12.9114063945836
"etap[223]" 0.00107248683011019 6.26777469505234 0.029546573265473 0.0521940252067216 -12.4813624048702 -3.34388688605526 0.0207468284569085 3.37889206967633 12.6032658871858
"etap[224]" -0.0589360793235445 6.34157128553021 0.0298944537291754 0.0456093287305849 -12.6228627767087 -3.42503900718851 -0.0332278180382044 3.22847655097815 12.7461428562402
"etap[225]" 0.0380220837892209 6.39136657664557 0.0301291909826342 0.0516218337836656 -12.8455567546253 -3.31667914458179 0.0187354311178243 3.35502042321457 12.581275737089
"etap[226]" -0.0543527818093221 6.38327805682517 0.0300910613345358 0.0515653357644877 -13.0031871446538 -3.40772540590752 -0.00413643754856694 3.36095047830926 12.7920560789228
"etap[227]" -0.0506218322000281 6.25185672558179 0.0294715352377707 0.0431133605360984 -13.0585407986068 -3.39656318914287 -0.0267894879529981 3.39887566365216 12.6495156979951
"etap[228]" -0.000350106631342052 6.28620848101661 0.0296334709658615 0.0531661318404095 -12.6837140414669 -3.33034222581229 -0.0363098682578697 3.35125120896886 12.5901733539934
"etap[229]" 0.000152453644568002 6.24479500143844 0.0294382459509132 0.0439671101841308 -12.6871313663873 -3.3963343765933 0.00955748591461853 3.41789245706881 12.6161035026364
"etap[230]" -0.108067417795064 6.43531328333463 0.0303363577447052 0.0522225540342336 -13.0855462060861 -3.45559521933121 -0.0576083705595216 3.3099395673941 12.5766810171916
"etap[231]" 0.0127803801195145 6.60132997406163 0.03111896793006 0.049669736513954 -13.0287632457896 -3.36568205431516 0.013610331320324 3.35571193562341 12.6451628270637
"etap[232]" 0.0461633609525005 6.35629875492163 0.0299638796856846 0.0486339805670652 -12.873762340395 -3.33891297480707 0.0495301109555057 3.42409303596195 12.9362858612062
"etap[233]" 0.00373939361581948 6.15247075184141 0.0290030252645264 0.0441808681633515 -12.4663303957399 -3.34335830807456 0.0572802223366649 3.35788849372715 12.5045305136608
"etap[234]" -0.0784876844972643 6.28892178992361 0.0296462616267122 0.0465862953882583 -12.8019954015929 -3.39862646884936 -0.0351086179019367 3.31236438485982 12.5492447910672
"etap[235]" -0.0296682743852036 6.34916168143164 0.0299302351986006 0.0596055162522911 -12.7953877608332 -3.37487774922974 0.00837150372237693 3.37181260630952 12.647477893281
"etap[236]" -0.0376310841593843 6.36133866681974 0.0299876380582162 0.0495788716841918 -12.7355730290165 -3.42002918403132 -0.0341290934762332 3.32344271502923 12.6563784525668
"etap[237]" 0.0225646455011334 6.21942193871013 0.0293186361861488 0.0493530224357725 -12.6283833289812 -3.29428983177921 0.0131639669287293 3.38918182811837 12.4751913934258
"etap[238]" -0.0302599207759696 6.32663047896751 0.0298240220915961 0.0491743034946456 -12.6878852532071 -3.3752896080987 -0.0275885612666977 3.33750095301887 12.7406522023231
"etap[239]" 0.0060434697090422 6.42991908492314 0.030310929249533 0.0542979957944376 -12.897546418339 -3.39915286921792 0.0450821754933749 3.41273250638597 12.9609884789321
"etap[240]" 0.015691210504898 6.29609710940854 0.0296800864071453 0.0479754802809307 -12.4035884123601 -3.33638569269592 -0.0422614940737135 3.38547171065781 12.8626324347448
"etap[241]" -0.0272331434620269 6.22752685341409 0.0293568431204695 0.046459945499278 -12.7073877352732 -3.35755808356354 -0.0447640871323706 3.31859948320748 12.4726668457219
"etap[242]" 0.028396735194059 6.34053792101384 0.0298895824021289 0.0500697116864459 -13.0317361392287 -3.27488318406316 0.0336589328179281 3.37579626919542 12.7307447506598
"etap[243]" -0.0211699818040995 6.29691966412167 0.029683963967249 0.0497022686246026 -12.7026254148167 -3.41157380405817 -0.0536392483548206 3.34692162544941 12.9908809595052
"etap[244]" -0.0439256444444216 6.24856279295764 0.0294560074904687 0.0462203762167427 -12.6454611864624 -3.42215116996596 -0.00826646949503672 3.33229715131443 12.648837359784
"etap[245]" -0.0108545967360785 6.31289944843469 0.0297592933929132 0.046860964997002 -12.6549511521225 -3.37981308285308 -0.05901264731982 3.37154591098792 12.8325996002813
"etap[246]" -0.0855233157087732 6.39123153051458 0.0301285543690676 0.0571857717295442 -13.1620941949422 -3.45087238958168 -0.0743679697080853 3.30518402092743 12.6646693874137
"etap[247]" -0.0725119523959861 6.30587390730639 0.0297261746744244 0.053954479720145 -13.1046653261453 -3.37741644748711 -0.0000620309704463456 3.36038305239909 12.4251946852104
"etap[248]" -0.0971983136456974 6.30774141966519 0.0297349782121101 0.0475379060547591 -12.9481743152244 -3.4402267214576 -0.0679589906342445 3.30345652473362 12.601526358222
"etap[249]" -0.042290105643056 6.22505296903305 0.0293451811176582 0.0482406334762066 -12.8764193845837 -3.42871328275092 -0.0435625528393329 3.28268140197305 12.6803171439048
"etap[250]" -0.0293183898385817 6.25952448760906 0.0295076814146108 0.0481776642914914 -12.7047468644211 -3.39618545593373 0.018016762927816 3.42009790080695 12.4545213658924
"etap[251]" -0.0475435214636567 6.29825437395815 0.0296902558497576 0.0505460462030596 -12.9154649370346 -3.38055175477137 -0.00985811792997636 3.36836302247425 12.6087624475891
"etap[252]" -0.0212426106773952 6.33776083088007 0.0298764910736919 0.0477971938423088 -12.9300845811575 -3.37548730802256 -0.0102326361296067 3.36662385339244 12.781303675013
"etap[253]" 0.123158680128292 6.25151058181745 0.0294699035004172 0.0461994611634261 -12.3910581454534 -3.249113490343 0.0919652143329831 3.46222343768226 12.725616710715
"etap[254]" -0.038258394939365 6.36273886083697 0.0299942386361133 0.0451761345239651 -12.7341105054595 -3.42528453783646 -0.0217021117045512 3.3196649231934 12.4836875642658
"etap[255]" 0.0116031689602789 6.23693320849644 0.0294011851035694 0.0475707428391809 -12.716486083752 -3.33016628227645 0.0126622791244865 3.39361617516602 12.6709708571889
"etap[256]" 0.0390549171295772 6.39366095043881 0.0301400067644194 0.0493852969596584 -12.9990787146256 -3.32086585214292 0.0421813734054767 3.36556553023322 13.0486330188401
"etap[257]" 0.089954600303165 6.33907305713662 0.0298826769675883 0.0456425614562126 -12.5016794506161 -3.32828638597859 0.0520348818378202 3.44711122244272 13.141420004463
"etap[258]" 0.00635621146394626 6.24464884043679 0.0294375569413438 0.0499511915106657 -12.6620208708286 -3.30089975093227 0.000487356802600409 3.28104119080703 12.4963545478546
"etap[259]" 0.0149024438161529 6.32342239738311 0.0298088990499766 0.0461074159405383 -12.7064249230663 -3.36737867957063 -0.0040111493403222 3.36692547430386 12.8459289916692
"etap[260]" 0.0276792540434382 6.40262923145308 0.0301822836465579 0.0521958581333723 -12.7622045229384 -3.41971468088257 0.00275136525416443 3.40663508984087 12.9994632453034
"etap[261]" 0.0376641713071047 6.33249976494817 0.0298516901710471 0.048933865241462 -12.8876163236935 -3.33686165180798 0.0455189183031133 3.43915874022759 12.7409018800721
"etap[262]" 0.0033851166997004 6.27842022964995 0.0295967567968285 0.0479695060391302 -12.6006072931159 -3.34221656770608 0.0142740656582488 3.28843630479702 12.6811030809147
"etap[263]" -0.0183256386935373 6.33856184814584 0.029880267105295 0.0552123687124325 -12.646802663441 -3.37793303934938 -0.0019816871208125 3.33387563164387 12.6193739733502
"etap[264]" -0.0940494172700904 6.25655987216117 0.0294937060833653 0.0461233592478622 -12.6843027499608 -3.41368146590015 -0.105441818746316 3.26060193786431 12.4420665701238
"etap[265]" 0.0579504542617749 6.3170000946472 0.0297786240245406 0.0532584841798095 -12.5566457119049 -3.33559141229854 0.0144347926644269 3.3527439706075 12.8130331149056
"etap[266]" -0.0203825346674092 6.29781221846324 0.0296881715087657 0.0449408539146988 -12.7454720626738 -3.43033532208687 -0.0167363693951755 3.32639644462881 12.6822168002369
"etap[267]" -0.0123948409825471 6.22276808893528 0.0293344100895826 0.0530917942052387 -12.2909009717494 -3.38231237931902 -0.0192543331170577 3.34319794708334 12.4644259380861
"etap[268]" -0.0966342688926349 6.47461169750485 0.0305216122457028 0.0547483890114855 -13.0507851856051 -3.41908872386065 -0.00660211049035774 3.33285430200402 12.538098091005
"etap[269]" -0.00108695262810696 6.32056857466916 0.0297954460006877 0.0487170414253401 -12.8368504516504 -3.31505009765138 0.0342800483970045 3.35203787306114 12.5088474346024
"etap[270]" -0.0107373093506733 6.19482770773492 0.0292026978694779 0.0425195008285305 -12.7703406737487 -3.3077197702048 0.0203321157703111 3.34589550118533 12.4684981606246
"etap[271]" -0.0275537021650351 6.30529016447298 0.0297234228843179 0.0465643072571495 -12.9266105600051 -3.40110079901898 0.017558250712998 3.3739611886188 12.5804737025101
"etap[272]" 0.0227415589372445 6.24351404092022 0.0294322074451208 0.0452723103541903 -12.6657443184445 -3.3240923170074 -0.00727082375350677 3.41274839488662 12.7456786711179
"etap[273]" 0.0231977033577129 6.36519185234485 0.030005802148976 0.0498967511324976 -12.8084884219587 -3.34630790769481 0.0296026556952472 3.41936067376209 12.9691758113364
"mean.p0" -1.0154978048977 0.324769046687192 0.00153097596821336 0.00430800371101232 -1.70697862063912 -1.210708226774 -0.999507177197005 -0.807892073293987 -0.398436094897381
"mumup0" 0.722964353407941 0.101225866620519 0.000477183311459027 0.00182374983160565 0.493658002930367 0.66303434390961 0.732464835737502 0.793556090069622 0.893740880922122
"mupsi" 8.96638798896114 1.40374440918025 0.00661731460522708 0.0099966067354073 6.34596070378152 7.99707732585967 8.92548935393875 9.89061914882925 11.849215220958
"ppo[1]" 0.226967167992639 0.103090910270564 0.000485975211540064 0.00128540303813623 0.0531940600488588 0.151237447505445 0.220193914275115 0.293209508825237 0.449417171355921
"ppo[2]" 0.227362866833957 0.102844776685957 0.000484814926695041 0.00117688628446026 0.0518829273978093 0.151983685208205 0.222028659088902 0.293089534913119 0.447380472193049
"ppo[3]" 0.226165020944677 0.102239053685751 0.000481959521088599 0.00125197424197439 0.0515166483938302 0.150815553926274 0.220929033592212 0.292416765446534 0.447856098209735
"ppo[4]" 0.226962399195275 0.102895689529754 0.000485054932142365 0.00123829476187354 0.0517134411918292 0.15160687905632 0.221392399503733 0.29289399790673 0.447440986543475
"ppo[5]" 0.28374039217645 0.111850820876162 0.000527269826152105 0.00089555687007354 0.0927606901566257 0.205947050325937 0.274434942820905 0.349111567109662 0.536304935870858
"ppo[6]" 0.283889658519722 0.112195952789899 0.000528896793596157 0.000856696514704437 0.0941739517705785 0.205398327694683 0.274097950151363 0.349443004826037 0.537284860593659
"ppo[7]" 0.226151969996781 0.10241417618201 0.000482785056452886 0.00123185361408091 0.0520253651584058 0.150719181136964 0.219937290981365 0.292344672379433 0.44707953277768
"ppo[8]" 0.282939107941548 0.111684531012772 0.00052648592821847 0.000843135501575026 0.0942036023267989 0.204540792622749 0.273605080887012 0.347696522289143 0.534142594314896
"ppo[9]" 0.474822205997604 0.157662759429711 0.000743229375555548 0.00281388581418475 0.220486512606144 0.350223055887162 0.460278053103574 0.585265837023666 0.802916372514414
"ppo[10]" 0.344316267597444 0.124044786407892 0.000584752730932382 0.00117247828629404 0.138558903880921 0.256671503118317 0.327323199336187 0.418387046289563 0.624761620733126
"ppo[11]" 0.539265629623555 0.174594626823923 0.000823046963906205 0.00388036309854372 0.2478281799765 0.399164514440427 0.532127927413652 0.671888306184208 0.875288285201237
"ppo[12]" 0.227078363010939 0.104175836136624 0.000491089601119901 0.00118402993958907 0.0521952351778807 0.150411999988637 0.22134348832417 0.293163612347964 0.452946135445655
"ppo[13]" 0.283555363855767 0.11159854698031 0.000526080595602283 0.000866027835984095 0.0924526494828036 0.205361071207496 0.274746332782885 0.349138442028568 0.535101235744006
"ppo[14]" 0.182436976542337 0.107083375746694 0.000504795874285561 0.00193852880157871 0.0225128034728711 0.100418130793185 0.170953320154237 0.249558328081041 0.409750832555977
"ppo[15]" 0.283887898438874 0.111625928070874 0.000526209671301047 0.000851164858058741 0.0938392315908867 0.205833435644286 0.274128757091634 0.349705167678448 0.536150683417757
"ppo[16]" 0.285069039518168 0.112026202241965 0.000528096581839126 0.000820069686752125 0.0936599739099571 0.207313925041591 0.275345375993761 0.349606892329721 0.543899687217455
"psi0" 0.999684733088619 0.000593411974386191 0.00000279737087417182 0.00000439527488915125 0.998249253436951 0.999663668646469 0.999867061281812 0.999949354987141 0.999992855889986
"sdeps" 0.800243350297553 0.408246028047719 0.00192449023216677 0.01126334794653 0.091526948201155 0.514761876318162 0.773330515462934 1.04797096772836 1.69151463879923
