"Mean" "SD" "Naive SE" "Time-series SE" "2.5%" "25%" "50%" "75%" "97.5%"
"N" 30.6143555555556 0.902445328829553 0.00425416807777001 0.0126272525194327 30 30 30 31 33
"betapsi[1]" 0.0308835598812289 2.62779907924732 0.012387563656877 0.0179261511873964 -5.63508663823238 -1.18198037133267 0.00975381872625082 1.22445764369204 5.86882191086895
"betapsi[2]" 0.058739120445639 2.63826005225018 0.0124368771565312 0.0186665542731881 -5.55797308360277 -1.17442444743268 0.00711083976497034 1.23801504784272 5.95810935811345
"betapsi[3]" 0.064803675627958 2.62820474996847 0.012389476006996 0.0180043581679848 -5.52556859993949 -1.14835597577861 0.0107092160738616 1.20418727460205 5.99330055464903
"betapsi[4]" 0.0377259675800967 2.65601481583368 0.0125205739147196 0.018336008286163 -5.70304793857895 -1.18521930616087 0.00671074086314912 1.22536743177647 5.92475627295493
"betapsi[5]" 0.0451544524677346 2.66593345857335 0.0125673308449955 0.0185635107958514 -5.69728920970387 -1.18470225352965 0.0110193105370086 1.23932484601267 5.94179992069789
"betapsi[6]" 0.00938315905552257 2.66146429034909 0.0125462629839446 0.0184252383718738 -5.71181192616958 -1.21756681318136 -0.0120125772141241 1.2055388731462 5.86064771953811
"betapsi[7]" 0.0265526969439879 2.62676982920804 0.0123827117256616 0.0182927212859775 -5.56354169318219 -1.20541752902743 0.000477356997428403 1.20762838503814 5.84758305221233
"betapsi[8]" 0.0535045830249541 2.64390558773168 0.0124634904660138 0.0179357033581526 -5.59564459300022 -1.16512288281215 0.00939161486490336 1.23281226807911 5.95777905371163
"betapsi[9]" 0.058283612106523 2.65936058113003 0.0125363460035816 0.019047255757378 -5.57009270778489 -1.16915311636141 0.0104119918557557 1.23478135507619 5.9583012680585
"betapsi[10]" 0.0295728464184001 2.66417927444971 0.0125590615417337 0.0185830349898404 -5.62375690191045 -1.20213112435063 0.00145601889653453 1.20500772965501 6.00639298037426
"betapsi[11]" -0.0240839430633425 2.62974907913158 0.0123967560444868 0.0180661455871788 -5.6672069413934 -1.2715625847574 -0.0154284514109051 1.17977899204226 5.73847788203045
"betapsi[12]" 0.0146563850977463 2.64456431665591 0.0124665957439424 0.0175835471525078 -5.7297092066548 -1.21582471845986 -0.0000053759090164576 1.19946931365054 5.84304832152857
"betapsi[13]" 0.0486575252974995 2.6446048401588 0.012466786773567 0.0184786015974955 -5.56140454995738 -1.18883103793137 0.0107505746844675 1.23220140617789 5.96204535467191
"betapsi[14]" -0.0158625659313789 2.70243385698506 0.012739395373215 0.0202722279951515 -5.8992893679031 -1.24945276599641 -0.00465586770212434 1.20179661353496 5.95450833365646
"betapsi[15]" 0.0418367840498979 2.64996128635553 0.0124920373030922 0.0179843626090332 -5.66589721710755 -1.1841574678801 0.0102626365445266 1.2111142937998 5.90976107612933
"betapsi[16]" 0.049552078058818 2.65180288160978 0.0125007186663754 0.0185253906050723 -5.60770389077797 -1.19093906924567 0.00834179701577219 1.24767926453275 5.9226655137427
"etap[1]" 0.852783715524441 8.27202726991332 0.0389947105114383 0.574393736649685 -15.9391238826091 -4.09563394084283 1.26485312604381 5.47075402841793 17.0852159209874
"etap[2]" -0.355007572548499 5.2727509355089 0.0248559862800404 0.184463285950702 -11.0649022271316 -3.14450530827904 -0.343882045242395 2.49774729678307 10.3584252944725
"etap[3]" 0.410444256385423 5.66121472712241 0.0266872221553427 0.215758555964487 -11.2640185388123 -2.49930027300555 0.453908043382393 3.33127887965518 11.708047940111
"etap[4]" 0.402087339534981 5.59244408292568 0.0263630342296222 0.214526538079595 -10.9459836416673 -2.57342788109274 0.42059090376843 3.34145665460662 11.8002824922651
"etap[5]" -0.71218341445087 7.2301842207455 0.0340834152781141 0.508015058847959 -14.8283490101687 -4.94214806401465 -1.18033855702591 3.65732849341968 14.3303062346544
"etap[6]" 0.346723042721796 5.53616130920795 0.0260977146898902 0.205594792699683 -11.0955485836695 -2.60745514323976 0.397380954448603 3.29792426882825 11.57195040635
"etap[7]" 0.359070344591746 5.68898686400608 0.0268181412641326 0.21438982885072 -11.4129783362343 -2.59248897052645 0.433855739221984 3.36696856896138 11.6767736705593
"etap[8]" 0.392746894758016 5.65991578499403 0.0266810988834271 0.223370924406998 -11.1626378224827 -2.59998905356434 0.395820379155369 3.36287811263681 11.7829589472263
"etap[9]" -0.743178744710858 7.26488341773475 0.0342469888613996 0.460940515033756 -14.821426684308 -4.92180461792837 -1.1505641016066 3.62408421742061 13.7801995412946
"etap[10]" -0.751306076667892 7.1628261029773 0.0337658860658351 0.49899167431677 -14.7899089570369 -4.89904880920136 -1.14082198711808 3.6242949817138 13.7884134513418
"etap[11]" -0.0144888656653864 4.57373564175825 0.0215607965842791 0.0381292126328483 -9.47729482160898 -2.35866267082408 -0.00161547228387365 2.3464103499604 9.36499839096318
"etap[12]" -0.400809212638515 5.2906801405057 0.0249405053629372 0.1668312841481 -11.1922619532151 -3.1980949809302 -0.42083992546261 2.43232513405011 10.4916755735009
"etap[13]" -0.400775140627249 5.25298551886696 0.0247628112124371 0.164114442212299 -10.9267145594215 -3.18298239247903 -0.418819576775922 2.41265665154793 10.115550011435
"etap[14]" -0.00723474336512489 4.53808315339179 0.0213927291423451 0.0384860576283117 -9.31098224710086 -2.3475546257555 -0.0074140313163261 2.3416185018533 9.31104764171196
"etap[15]" 0.785109230328228 8.14218993562317 0.03838265144792 0.580684916915191 -16.0002992646869 -4.03744421322187 1.29604216718812 5.4749751928941 16.4237523371373
"etap[16]" -0.0199686381933079 4.63657751362672 0.0218570360092168 0.0404890696440151 -9.50930527589108 -2.36568124233796 0.00402781610323553 2.35665430436529 9.34033133796034
"etap[17]" -0.436195730460862 5.16920604575546 0.0243678709886945 0.186950937899168 -10.9441400174996 -3.20620282487679 -0.43241058664057 2.41050075837012 10.0060894476926
"etap[18]" 0.38716042884503 5.72667876852917 0.0269958226060267 0.209682030631054 -11.1240333055202 -2.58893228997205 0.395301087313798 3.35613090419357 11.9836278541898
"etap[19]" 0.0104450864217357 4.48943898179916 0.0211634183183561 0.0387154924954868 -9.09364906181164 -2.28522342338653 -0.0179525676319419 2.27415873165075 9.3699922156864
"etap[20]" -0.406858436225088 5.35307401275872 0.0252346328974345 0.185569205888556 -11.2270286418695 -3.19640460553109 -0.411755974095622 2.39140443841482 10.5322588889467
"etap[21]" 0.0262703245313284 4.67388232887675 0.0220328925947781 0.0444843859505627 -9.30298312166494 -2.34501103884907 0.0122024943486023 2.39478167123637 9.4178800728256
"etap[22]" -0.740658363447112 7.13152585817513 0.033618335296819 0.499112315880427 -14.7838012519371 -4.95660055832951 -1.10803014822057 3.62703428341554 13.9187523062565
"etap[23]" 0.43418198993528 5.64723425988917 0.0266213176007775 0.227352900942663 -10.9574573715358 -2.5191682149715 0.438639154708086 3.38126655545498 11.9169951424663
"etap[24]" -0.766004484573431 7.27224689923824 0.0342817006460947 0.436198906768945 -15.1112262234308 -4.93436931295684 -1.14845165859706 3.56999674782251 13.9770475159562
"etap[25]" -0.770170770250623 7.16796688806766 0.0337901199591552 0.466244665442551 -15.1053297170741 -4.90361750798187 -1.11704049189663 3.59279678054536 13.8276512473944
"etap[26]" 0.778813580458427 8.2002228820178 0.0386562213807726 0.565263173546367 -15.8537610155583 -4.11652934966152 1.25693282701725 5.47335033197091 16.649436149528
"etap[27]" 0.763291448527297 8.08684801192141 0.0381217671176972 0.577553531069613 -15.7398179008959 -4.15814747773408 1.24336235983635 5.47381332050044 16.4495265521144
"etap[28]" -0.0449850686773834 4.53032087425643 0.0213561374075846 0.0411522806696309 -9.27918680406792 -2.37068193577294 -0.00804034468003583 2.29541791487005 9.12573402410198
"etap[29]" 0.375048270790525 5.71900031305487 0.0269596260197939 0.209746706294461 -11.2733124785481 -2.59382548281238 0.395328290848843 3.33822887528104 11.8440090072861
"etap[30]" 0.372526658939087 5.61207496391117 0.0264555750900589 0.223395082083836 -11.1905846978934 -2.56842593638573 0.404741249193108 3.32281290326013 11.6863143507378
"etap[31]" -0.413185411463888 7.99670230063403 0.0376968161593893 0.233643629170029 -16.2515871678867 -5.02214410747243 -0.568878614342102 4.15411080259019 15.9694340297972
"etap[32]" -0.0359281955523294 6.96918551432602 0.0328530555768465 0.0974063940136513 -13.9416336990126 -3.77393207121879 -0.0360887804310368 3.67546993145986 13.9907656758458
"etap[33]" 0.000612289685048841 6.55425282790371 0.0308970441348121 0.0599574310583659 -13.325978396851 -3.46712267936807 -0.00467644056841341 3.42533635497371 13.632341445949
"etap[34]" -0.0557143536008217 6.43478798867741 0.0303338814819436 0.0519419886616084 -13.4730561209462 -3.35556844430085 -0.00444113842429489 3.38264722121939 12.9452740259663
"etap[35]" -0.0094827138723194 6.40618399227136 0.0301990409497586 0.0517171376295994 -13.1572998031377 -3.38358067265701 -0.0259648196039763 3.36641923985731 13.1847312055837
"etap[36]" -0.0976878462644027 6.49025396548434 0.0305953506041124 0.0540934631955102 -13.4231086234523 -3.4527702030149 -0.067748652270319 3.32851730052861 13.0526723041931
"etap[37]" 0.0448053062951227 6.41536660365283 0.0302423281949375 0.0507534163811448 -12.7715602541396 -3.37433841201055 -0.0153065831549566 3.36910178635523 13.1920614851889
"etap[38]" 0.0375232278242198 6.35624779968865 0.0299636394804128 0.0478829446835451 -12.5266341738875 -3.34275893970763 0.000839867664527457 3.35182433441285 13.1075620857227
"etap[39]" 0.0240127188123641 6.29763622995171 0.0296873418909663 0.0477386838758782 -12.7606444727449 -3.33117235584127 0.0343978994393528 3.40371131575126 12.5532665369504
"etap[40]" 0.0397502529428724 6.26509449473149 0.0295339386799943 0.0495585282941191 -12.6549990248818 -3.27941422154935 0.0271836369395439 3.36281857394557 12.9148667809536
"etap[41]" -0.00227436198536624 6.25963612118743 0.0295082076603459 0.0516178762772901 -12.8195091379332 -3.28761484570525 0.0118125194703178 3.30423140609837 12.7906837077814
"etap[42]" -0.00640052032976286 6.35690006477924 0.0299667142875374 0.0504335593484059 -13.0799187324962 -3.33800388120768 0.00719157945051025 3.35602930621024 12.8394245623725
"etap[43]" 0.00237677552040505 6.49734634353613 0.0306287843948801 0.0561871992497943 -12.7436108769209 -3.38723171073175 0.0140631686412246 3.32116467042464 12.8243029235839
"etap[44]" -0.0376939742295787 6.35468887242789 0.0299562906268297 0.0483856489215766 -12.9104267664242 -3.36272216087162 0.00865330049529359 3.27813835808973 12.6193786403972
"etap[45]" 0.0460214066661468 6.41773159447558 0.0302534768685922 0.0469895181032263 -12.8012016457821 -3.32528975137482 -0.0228749984770354 3.3669821771136 12.9691964843344
"etap[46]" 0.0221536146142221 6.42225563937183 0.0302748034207558 0.0523137594077104 -12.7465366680443 -3.31460247817858 0.0101069468400302 3.30431220679253 13.1453952162262
"etap[47]" 0.0774379858272577 6.48719552707022 0.0305809329871626 0.0477006978601212 -12.8664838883325 -3.31724496446523 0.0309681858872372 3.43196417899104 13.2250516701223
"etap[48]" -0.000823344197487279 6.42913859877403 0.030307250002542 0.0503399738227454 -12.9670796794488 -3.34402436553975 -0.0211151700785419 3.31954107368247 12.8704413974516
"etap[49]" 0.00517140161342718 6.35214816734631 0.0299443136282152 0.0504682811159062 -12.8136591996839 -3.33785405552522 -0.0122458404481264 3.33746225448381 12.9905745892248
"etap[50]" -0.0263053406866824 6.25176181598977 0.0294710878296633 0.0460001320630474 -13.0759535460203 -3.3201856018713 0.0511467553825519 3.3810353250141 12.5710079035462
"etap[51]" -0.0377247324427043 6.40055336152645 0.030172497901878 0.0525263980692254 -13.0077127387732 -3.3471422405924 -0.0410795955124039 3.3586859409528 12.8771362130163
"etap[52]" -0.0154683289972719 6.48328762975372 0.0305625109825447 0.0526384989927392 -13.4389311104704 -3.39410761616283 -0.0223258884949324 3.36722072457986 13.1526462592632
"etap[53]" -0.0609670404972342 6.4507852424993 0.0304092932596624 0.0553915702692071 -13.1269003330219 -3.36667932486308 -0.0506511153311934 3.32716715998083 12.8332875058863
"etap[54]" -0.0212660295319009 6.38179915797307 0.0300840897384891 0.0523050386340647 -12.940724593686 -3.35037172927601 0.0639274697574747 3.28113775403817 12.9022504293583
"etap[55]" 0.0676693254519129 6.39075309045322 0.0301262989809891 0.0571924243554775 -12.6892467661882 -3.32713590835224 0.0273708462950901 3.32005579802591 13.138639582188
"etap[56]" 0.0627967943963768 6.40870194780629 0.0302109107059818 0.051664507578691 -12.9263683573368 -3.30745792614024 0.045312840332047 3.41579445967159 13.0733269208161
"etap[57]" 0.098958580585153 6.36136608961744 0.0299877673305243 0.0514349975101481 -12.6017188229903 -3.29196782095357 0.0446091150510343 3.37128122379043 13.3238995715825
"etap[58]" 0.0466108108300544 6.31184180625836 0.0297543076198802 0.0557121399334523 -12.8542061050653 -3.30845221198994 0.0204728778085672 3.3572390504414 13.1039669497185
"etap[59]" -0.086985411728416 6.41115504576016 0.0302224747206357 0.0536327048269775 -13.1434185805695 -3.37166504067655 -0.043766778220939 3.37127758358542 12.4919818192873
"etap[60]" -0.00595592557676467 6.37543728392483 0.0300540995766186 0.0517616141090837 -12.9310359144822 -3.33438959890146 -0.0169536949866767 3.3070560126353 13.150409494825
"etap[61]" -0.0471281889422931 6.39270586283992 0.0301355044383007 0.0509096760079066 -13.098729296459 -3.41459807890612 -0.038093005429255 3.26214424342811 13.1812128545352
"etap[62]" -0.00971602486952164 6.35495287799157 0.029957535160992 0.0492016171412375 -13.0510706527068 -3.32551490624901 0.0156973505674166 3.36892306181647 12.7675430000422
"etap[63]" -0.0304405477255002 6.40540578495969 0.0301953724453102 0.0541495598608824 -12.9327530156378 -3.35538511965464 0.00416271147986152 3.30637458630609 12.778825532104
"etap[64]" -0.018235446596885 6.45433670168443 0.0304260349988152 0.0546342966590962 -13.1835231164894 -3.38194318204453 -0.0571939868794862 3.29748649485461 13.2182911932193
"etap[65]" -0.0342041816582159 6.41185088730021 0.0302257549491131 0.0456803797457214 -13.1424328082209 -3.35002190141708 -0.0155249832217477 3.3412019764447 12.777251739311
"etap[66]" 0.0417782057021163 6.39603837971867 0.0301512140735233 0.0576648495959585 -12.9672628006622 -3.31561573136935 -0.0177449247310689 3.36051276477901 13.1033086526972
"etap[67]" 0.0448005639288177 6.43895084940846 0.030353505395624 0.0487279843664411 -13.086346796445 -3.31009637940692 0.0478656602301307 3.40298877658073 13.25164679902
"etap[68]" -0.0153305046532692 6.3409569211211 0.0298915575875767 0.047313377841012 -12.7774844645366 -3.3790862767538 -0.0191598873863014 3.31989272254865 12.9336298426438
"etap[69]" 0.0401033555021741 6.36806800247475 0.0300193604507131 0.0516208817403703 -12.7046490660099 -3.28889903263387 0.00803514814565096 3.38881510496432 12.8178889047721
"etap[70]" -0.00692135626433146 6.28265507075037 0.0296167200292242 0.0468839971346557 -13.0636002341604 -3.28182869754426 0.0317426598340079 3.33171710253007 12.7399866153842
"etap[71]" 0.0405518714312129 6.40749147249444 0.0302052044706386 0.0529460773035521 -12.9209232420813 -3.29201922470878 0.0549505532925563 3.33450507371395 12.9336611872146
"etap[72]" 0.120066304380728 6.4801468711711 0.0305477053045992 0.0568333702732785 -12.8917915118451 -3.25991157431718 0.0469879651162202 3.4015795920541 13.4383574095217
"etap[73]" -0.0204200560336245 6.36677391234579 0.0300132600513421 0.0537351094132509 -12.8853151791991 -3.37130670742801 -0.0375884170541652 3.34037142248025 12.7905119251364
"etap[74]" -0.00232485915705911 6.38703748140971 0.030108783431983 0.0537384810090129 -12.7570713242308 -3.35116082611333 -0.0334939492319347 3.33328892696121 12.9995284232284
"etap[75]" -0.0816331779548596 6.37016137553488 0.0300292287059556 0.0473250344698862 -13.4169966987073 -3.38355187656431 -0.033131883342092 3.31149515141177 12.6447905146343
"etap[76]" -0.0767138026733242 6.24739191726568 0.0294504879295239 0.0494627636185576 -13.1061077009251 -3.3664566489584 -0.0122411402699323 3.27057273970867 12.3967895428446
"etap[77]" 0.00900078001918482 6.2255208591202 0.0293473867726813 0.0478019057431057 -12.6518322696956 -3.35549943652348 0.00727486158684121 3.3353961643982 12.6569952865478
"etap[78]" -0.115948594470404 6.28453373595422 0.0296255761419257 0.0515308781639744 -13.3716646594949 -3.3389995314608 -0.0543959809951523 3.24039061405186 12.5118292618644
"etap[79]" -0.013983839485032 6.35955084211583 0.0299792101717381 0.0534493330721689 -12.9087051178885 -3.35577101727407 0.040018785285671 3.39508486868453 12.6987257677363
"etap[80]" 0.0524636284320943 6.43225132790795 0.0303219235483992 0.0487954686615815 -12.9844362159839 -3.31559170740062 0.00796717133951338 3.3634237594464 13.2813528712156
"etap[81]" 0.0420353769737623 6.36689586025969 0.0300138349193212 0.0529323883841247 -12.9068737679522 -3.33907680051935 0.0146771085085611 3.39689849534811 13.0301126885019
"etap[82]" -0.0291308150463152 6.43963714542756 0.030356740626084 0.0574758002818816 -13.0789228581732 -3.35654205114336 -0.0231189755700709 3.26289450298718 12.8872524325877
"etap[83]" 0.0450168397545984 6.4530182816 0.0304198199069342 0.0649933531915705 -12.7175979391844 -3.36660632347415 0.0269483629562027 3.37934491280341 13.1176724710297
"etap[84]" 0.035858745314004 6.26871848500648 0.0295510223339836 0.0480604506657535 -12.5496090966704 -3.2736077051131 0.00117171268388187 3.32185523206 12.9565638364984
"etap[85]" 0.0052808166263871 6.40967175910999 0.0302154824403105 0.0494102741161067 -13.0468187294737 -3.36266466358956 -0.0176498728137701 3.39476637709509 13.274513830145
"etap[86]" -0.0860020576620129 6.50734815366809 0.0306759333800031 0.0512814171406465 -13.5542985928351 -3.36179261320868 0.00339504993701282 3.34962768329238 12.5247043898495
"etap[87]" -0.0485719297027711 6.36650339440514 0.0300119848175403 0.0510056581045935 -13.002379941678 -3.37158531251071 -0.043980067826894 3.319133424363 12.8881148903053
"etap[88]" -0.0268772248926029 6.42764894119362 0.0303002276893636 0.0525871646493722 -13.284200056928 -3.34319282561754 -0.0106127990052544 3.33464574703278 12.7538244948351
"etap[89]" 0.0758123746175182 6.42823982390246 0.0303030131371657 0.0509127830893284 -12.7940219406855 -3.29803119779065 0.0309094853528791 3.40362525075855 13.2954595757148
"etap[90]" 0.0115198987289987 6.44444528093653 0.0303794063942391 0.0504739364755127 -12.7647749934231 -3.33395025899033 0.0147967610617989 3.33841605397919 12.8154363565489
"etap[91]" -0.0727942603146234 6.35154756613919 0.0299414823669729 0.0535981321235633 -13.161031251276 -3.35438669052939 -0.0242543290726416 3.31640252802655 12.6859318139424
"etap[92]" 0.0628419851367226 6.29420135027704 0.0296711497128961 0.0475892728387965 -12.6731016741426 -3.31394520965241 0.0246893268101534 3.41229469001231 12.9204148427001
"etap[93]" -0.0511727144982606 6.37275075959378 0.0300414351794699 0.0488621984720092 -13.0547058962156 -3.36630232416475 -0.0196921435562809 3.30244887214686 12.7854663004617
"etap[94]" -0.0428825482009112 6.27428972292635 0.0295772854014019 0.0461808821692877 -12.8244180523969 -3.39658573363807 -0.0377412499168278 3.28716359315612 12.9063375487335
"etap[95]" 0.0986847399194807 6.46901931317327 0.0304952494931437 0.0560306385865972 -12.7218546836328 -3.28065681995399 -0.0164484350052549 3.37191093877565 13.4201490302619
"etap[96]" -0.00421733877628637 6.46207738499611 0.0304625249298865 0.0565137378258242 -12.8267515958881 -3.35703411476537 -0.0352940403301401 3.3717387205351 13.1812636423361
"etap[97]" -0.123202261127311 6.32025450899327 0.0297939654808933 0.0486034391351298 -13.1416375227619 -3.43768873390627 -0.0516989067177156 3.23601259804375 12.4890604345284
"etap[98]" 0.0673976955899651 6.35092382875886 0.0299385420407642 0.0476280364144984 -12.6885383524113 -3.36285351784798 0.0367304558166427 3.42142033702486 13.3133226243864
"etap[99]" 0.0118336385857984 6.35888170315273 0.0299760558204157 0.0450990751135839 -12.9014444435859 -3.31269409016728 0.0056087164073508 3.34256543237172 12.9655262069256
"etap[100]" -0.0283730795874787 6.34740507141657 0.0299219544595769 0.0468587778924307 -13.0141123407203 -3.3796904613896 -0.0441649841775285 3.32949248558864 12.7902486895097
"etap[101]" 0.00288844868166046 6.25075713297596 0.0294663517085166 0.0481423986265918 -12.7096455390961 -3.37800764248797 -0.0239587816709965 3.32094043759393 12.8260313125954
"etap[102]" -0.062135167479783 6.37974604644099 0.0300744112779099 0.0491333769436249 -12.9314820586966 -3.39351709241154 -0.0494256325626415 3.31036874232064 12.5532526400215
"etap[103]" 0.0200389210443891 6.29446107114604 0.0296723740488141 0.0501637509693775 -12.6427080630602 -3.29354413916704 0.0112829466722069 3.3549376772433 12.700517928502
"etap[104]" -0.0952140671377903 6.44071926474134 0.0303618417854496 0.0516874600992127 -13.21490570763 -3.41130948724879 -0.0673600287161728 3.26415482339227 12.8672045417948
"etap[105]" 0.0260866414918828 6.30564884544152 0.0297251137226188 0.052248116218327 -12.5793156627188 -3.32764446168447 -0.00239564635155422 3.27723753189436 13.1983344285899
"etap[106]" -0.123885530323921 6.52158149926252 0.0307430300145951 0.0582539368259605 -13.2985537986009 -3.45134830351755 -0.0610150920004378 3.27168333862791 12.8060804528104
"etap[107]" -0.123625445054353 6.33267281198482 0.029852505922601 0.0487568518264867 -13.4638923014953 -3.38671769647411 -0.0468515884894656 3.19174680871671 12.5726037867227
"etap[108]" 0.0456677244567603 6.42417703344446 0.0302838609592764 0.048028551957716 -12.8425027886457 -3.28606946141727 0.00837235938825356 3.33081531731147 13.1370210443644
"etap[109]" 0.0396058233043629 6.3659000951125 0.0300091408374009 0.0510517908416362 -12.7373576262124 -3.36028563818708 0.00175036116557401 3.35984896079321 13.1205474445271
"etap[110]" -0.0114222219248508 6.41218971254531 0.0302273521866361 0.050472659435285 -12.9874259446961 -3.32371563236884 -0.0281759644576929 3.27752153414516 12.9563178035149
"etap[111]" 0.0164693006648972 6.33161306894364 0.0298475102459961 0.0473412026690676 -12.6988261376068 -3.32800217484407 0.0442602121967651 3.33042462512295 12.9442033167475
"etap[112]" 0.0816851427427497 6.33684821091617 0.0298721889419245 0.0501940777161493 -12.544834874772 -3.31474098610423 0.0291567816497935 3.35161216321073 12.8731588859879
"etap[113]" -0.036850472269436 6.32418051791567 0.0298124728644402 0.0472570795013088 -13.1787084590121 -3.32602077697938 -0.0235350652036279 3.31260537981143 13.0050754727298
"etap[114]" -0.00502655850516521 6.48284892611498 0.0305604429137589 0.0524340883515073 -12.8215940319086 -3.30802933788504 0.0165462290008553 3.33005327530711 12.9637749189921
"etap[115]" -0.00520204771982751 6.38709442605666 0.0301090518716231 0.052197132052143 -12.5681635761814 -3.40343486005902 -0.0507832206432258 3.32570289934798 12.9211419746963
"etap[116]" 0.0531925122883421 6.39951572354276 0.0301676064295135 0.0473712271218997 -12.9282048495509 -3.33972905216722 -0.00291817716205893 3.4377081156837 13.1798120815572
"etap[117]" 0.0198453654661549 6.37025883071222 0.0300296881140673 0.0520267429099444 -12.8463994299865 -3.32193861929167 -0.0372845093791497 3.32053367548254 13.1467721882995
"etap[118]" 0.022546799492522 6.39771868871104 0.0301591351260766 0.052971107063588 -13.0041771129001 -3.28856742084307 0.0139031238625463 3.33339868259328 13.0249469433511
"etap[119]" 0.0152365007678638 6.33970714380108 0.0298856660807903 0.0524537041606509 -12.829713669596 -3.31778358652371 0.0123749793911278 3.36157475937788 13.2421982999337
"etap[120]" -0.0239186389554741 6.27977023384998 0.0296031207776583 0.0511967320618891 -12.8965294001942 -3.32802523066041 -0.0235756648418443 3.37671317701569 12.7551033299455
"etap[121]" -0.0376531026955098 6.37853014148604 0.0300686794469838 0.0495810662386307 -13.1414937588865 -3.42189762018227 -0.00947431014227272 3.36361364488521 12.9563827826201
"etap[122]" 0.0385841578983766 6.24968247839152 0.0294612857382226 0.0468110868027132 -12.772102408513 -3.29639510641436 0.0331110167157947 3.39237020161812 12.7028279268952
"etap[123]" -0.0355005828727707 6.33983435981789 0.0298862657828447 0.0526829238238366 -13.021647341416 -3.39555972590547 0.03900431751634 3.3295589211649 12.6357187499552
"etap[124]" -0.0722136634327359 6.41462430503018 0.0302388289656726 0.0493113956385022 -13.3536094339158 -3.39111197997383 -0.0392851964822578 3.2865860897616 12.9824064246485
"etap[125]" -0.00678805962091581 6.45222628768613 0.0304160864118198 0.0561319664945906 -13.1790447302212 -3.3752158995478 0.0399822952029614 3.36919883429692 12.984779518895
"etap[126]" 0.0756520172184595 6.33134215869622 0.0298462331628425 0.0479264370159762 -12.561398952973 -3.26299018467196 0.0453588617134824 3.35441074033459 13.1307523510595
"etap[127]" 0.0242542159617833 6.35371002158032 0.0299516762796825 0.0525758823761971 -12.7765371760414 -3.32473543398313 0.0396849285732569 3.36401468314972 12.9140587596259
"etap[128]" 0.148019918814826 6.34620860777686 0.0299163142758897 0.0541180995145624 -12.4771221435127 -3.26564358186441 0.0209578783563187 3.37936828176217 13.641060669002
"etap[129]" -0.00145135507673127 6.31505487493267 0.029769454170867 0.0582033362255987 -12.6777632840409 -3.35071478028134 0.00309443868196675 3.33099906212554 12.9543032332839
"etap[130]" 0.0486354676533121 6.40996114311978 0.0302168466096151 0.0557306513083357 -12.7208844240673 -3.30642577639227 0.0444443049194389 3.37554499094683 12.7936281658456
"etap[131]" -0.0133233912146023 6.36073687467826 0.0299848011828555 0.0481793133353224 -12.9288754470036 -3.34164261787794 -0.00415967938753587 3.31633902997467 12.8857403496167
"etap[132]" 0.121033674015651 6.54729338469011 0.0308642370048813 0.0548258985487464 -12.7232092662966 -3.3181332362474 0.0733444211335394 3.4125789569598 13.1848926989202
"etap[133]" -0.0328823917354019 6.29969710254601 0.0296970569375435 0.048717747744713 -12.9602955795852 -3.36327920961723 0.00373155552271457 3.29543555347907 12.7104084027945
"etap[134]" 0.0277199733070339 6.48863705700843 0.0305877284244599 0.0563806750231458 -12.9834859923039 -3.36429145543337 0.0191712382008928 3.37595882122905 12.7694871326388
"etap[135]" 0.0420897878570886 6.43460219865936 0.0303330056593994 0.0588397213334856 -12.7990583553529 -3.33579441122909 0.0149393410918448 3.41636477073417 13.2454551495432
"etap[136]" -0.0455370663429968 6.33645508701743 0.0298703357380935 0.048511379095524 -13.0332960648466 -3.37460475296465 -0.0538830637038114 3.29036787466431 12.8661297032999
"etap[137]" 0.0541155809086846 6.50292507663546 0.0306550827949132 0.0518966112909636 -13.1317130054588 -3.2921114474323 0.0509271257010129 3.3617465218076 13.3109117077425
"etap[138]" -0.0401685234827517 6.36763281447255 0.0300173089547968 0.0499200054078666 -13.0430867644483 -3.41911930134042 -0.00159893703426056 3.30551986747408 12.9189534132589
"etap[139]" 0.0074276714030949 6.34797534904014 0.0299246427740755 0.0509785389943277 -12.8847478674224 -3.34528482011851 -0.0224368057692904 3.31558968329007 13.0959392224315
"etap[140]" -0.0937261819568285 6.32567980102084 0.0298195405527774 0.0499828630346929 -13.2167006468872 -3.40754412579166 -0.0279856757277987 3.31949143323188 12.5414803318005
"etap[141]" -0.0287415142154037 6.3349017598749 0.0298630132837209 0.049281054958869 -13.0551222667479 -3.32324774636586 0.00251406992752645 3.34431028217509 12.6582513281913
"etap[142]" 0.0782008252456106 6.40002523259212 0.030170008278206 0.0519077200165154 -12.6293946988047 -3.30026155346606 0.0346288523384546 3.36671680606891 13.1269525959128
"etap[143]" 0.0222040020511466 6.35526780971297 0.0299590197633641 0.0548162862279773 -12.9703279160294 -3.36632028547956 0.00610282179961668 3.35325455868065 13.1097912711073
"etap[144]" 0.0891031249530543 6.32911064745812 0.0298357137179841 0.0537870874053933 -12.6726401191964 -3.3310636778529 0.0244030984819504 3.42527996449753 13.2472780391145
"etap[145]" 0.00537048005763081 6.45905312478615 0.0304482684305363 0.0523797227829663 -13.1602674842156 -3.39975939617852 -0.00740019442967197 3.34891506786494 13.1297106609769
"etap[146]" 0.0552371445725819 6.44144380400333 0.0303652572962855 0.0472433245925841 -13.0282631082556 -3.28569119294496 0.0550208961967527 3.41157867491368 13.0196874548538
"etap[147]" 0.00820833090276604 6.44509982168374 0.0303824919289119 0.0516149512389019 -12.8772502133799 -3.38567726716174 -0.0145846973604222 3.34869362718145 13.15038690282
"etap[148]" -0.0452876476748423 6.30133093570725 0.0297047589009278 0.052419796682077 -12.8409557123687 -3.33575047560862 -0.0385128175989901 3.25331782121448 12.6073016307658
"etap[149]" 0.0211708551731482 6.2179413031073 0.0293116564029806 0.0486182149770009 -12.6552370833675 -3.32993525715167 0.0284394877946959 3.38331057278203 12.639798606994
"etap[150]" 0.0487315667952508 6.39845498099979 0.030162606041212 0.0546167894095222 -13.005225866264 -3.33629312256671 0.013604298927459 3.35124325024372 13.2741230332552
"etap[151]" -0.00362145794379628 6.35161240396529 0.0299417880154163 0.0489264735209579 -12.9188931830925 -3.38564354327295 -0.0326759631038163 3.34238806811962 12.9258156897265
"etap[152]" -0.0184587023898591 6.36540602931452 0.0300068117888935 0.0501109780512849 -12.9381340517414 -3.32896727172167 -0.0129490036196261 3.32262248159437 12.8708200291942
"etap[153]" -0.0480163784565174 6.3721972355423 0.0300388258420675 0.048434794171958 -13.2391497331655 -3.30999169561256 -0.0333973154454255 3.32967644684458 12.8735202338955
"etap[154]" -0.14011924606237 6.43430515669195 0.0303316053901363 0.0479522117350941 -13.6160045426169 -3.42278025952121 -0.0670236170646444 3.25394539507574 12.7589699738522
"etap[155]" -0.0468935692093349 6.39124142244622 0.0301286010000805 0.0541861387638996 -13.047742893429 -3.31651420688518 -0.0460142959977695 3.2612010058947 12.6371992124216
"etap[156]" -0.035822891615298 6.36239466192342 0.0299926160668743 0.0529080163334511 -12.8976340336415 -3.37268052012488 -0.0172131482851546 3.30335701210915 12.8794145719311
"etap[157]" 0.0194913365463618 6.32441842004385 0.0298135943458275 0.0486197535123295 -12.7377961323778 -3.35519860996585 -0.01366993051929 3.34149752043079 12.972141260994
"etap[158]" 0.033542590354521 6.28300095410605 0.0296183505389996 0.046485790458942 -12.8047709464569 -3.3006337626482 0.0109655527755421 3.3542083532455 12.7407804230688
"etap[159]" -0.022961470245724 6.4160196125585 0.03024540650844 0.0484883916280894 -12.9661689848919 -3.40147170375593 -0.0107326324464554 3.32148934443765 12.8578627089508
"etap[160]" 0.0391462671128178 6.4216638201923 0.0302720135583886 0.0569173379125733 -12.8299155974301 -3.33749698800401 0.037632159385135 3.38186667930099 13.2372638793924
"etap[161]" -0.0555611838661584 6.34139389281129 0.0298936174918788 0.0527936112307358 -13.0143490046053 -3.3492262845174 0.0290585389138605 3.28600435843886 12.720067990751
"etap[162]" -0.00139027193811176 6.38405345622466 0.0300947166023591 0.0514817765450756 -12.8780371822304 -3.37620890010019 -0.037827526841318 3.33978667917246 12.8845808185027
"etap[163]" 0.0397954527720114 6.19412839152482 0.0291994012612488 0.0541290181906341 -12.2338481049251 -3.40808373574855 -0.0163269379405954 3.3540944370505 12.8491870065674
"etap[164]" -0.0614601223240808 6.32657628049386 0.0298237665975412 0.0510646862716739 -13.0679770986864 -3.38393906160529 -0.0343007992710406 3.28696207263143 12.623027900464
"etap[165]" -0.0214978875195957 6.32980883890339 0.0298390050240209 0.0527836870648332 -13.0328390110075 -3.34837124347386 0.0085362884207667 3.30180006123852 12.7537114631741
"etap[166]" -0.058034474604977 6.50234284623698 0.0306523381344934 0.0526799124689869 -13.3335544282479 -3.40254516053641 -0.0521376961148075 3.31678457576753 12.898185242924
"etap[167]" -0.0417173387365535 6.36892223548432 0.0300233873437383 0.0501091588506531 -13.1225629865814 -3.36051410377046 0.00625323715091915 3.26518612358015 12.9712127908028
"etap[168]" 0.0887502100053104 6.42023874820438 0.030265295704613 0.0540009920528734 -12.8439672311724 -3.29288585591745 0.0552052716960213 3.44896790299834 13.128554099746
"etap[169]" 0.00539134716541554 6.34238107182127 0.0298982710983602 0.04380310200294 -12.7398096612816 -3.31293998211448 -0.0291684741396857 3.33876755418586 12.9114773494657
"etap[170]" 0.0195083890253034 6.39152602660439 0.0301299426369485 0.0489365714665138 -12.7617711725002 -3.37182828629302 0.00582502140771324 3.40053944428825 13.0058993671087
"etap[171]" -0.0910261421801905 6.40029690276422 0.0301712889436789 0.0479523372726708 -13.1901522335142 -3.42295034161359 -0.0845063150466459 3.289855307601 12.6939099200094
"etap[172]" 0.0508057111309271 6.42717384120079 0.0302979880465191 0.0494049768920893 -12.8061647694875 -3.32452610845743 0.0228232584806546 3.39282189376896 13.0518365984437
"etap[173]" -0.0500448423354426 6.33977866567352 0.0298860032381303 0.0497602376475156 -13.0254026160531 -3.38220616301006 -0.0146453474396838 3.31283250048531 12.7517722947964
"etap[174]" 0.0123780245670048 6.48208909428984 0.0305568610321848 0.048822908930422 -13.1067432085384 -3.3508366428237 0.0015560695785815 3.35772855778633 13.0818466238178
"etap[175]" -0.0328652188723725 6.44447048459292 0.0303795252054147 0.0540864080897287 -12.9547609699619 -3.43483669252801 -0.0222857985447874 3.33210409650932 13.0117892951814
"etap[176]" 0.0418505660491136 6.40739182785898 0.0302047347413223 0.0514464725983747 -12.9436989819872 -3.30563837147874 0.017075264557622 3.36659236769015 13.1594981182029
"etap[177]" -0.0229969587344627 6.43320863637006 0.0303264363437675 0.0524643143936286 -13.0820736988812 -3.3957245996266 0.000202538413431225 3.33480750664799 12.9575514823307
"etap[178]" -0.0192801129561121 6.39275982226746 0.0301357588054815 0.0596457619582991 -12.7953422996511 -3.37521075135075 -0.0199269443341719 3.35574875746133 12.8261214562955
"etap[179]" -0.0371927259676953 6.30892868479228 0.029740575033593 0.0473742521359293 -12.7421863670659 -3.3669826184392 -0.068302252205491 3.26371085759044 12.7447095991814
"etap[180]" -0.0169102873384522 6.330362980821 0.0298416172740721 0.0489562419212707 -12.9318867582678 -3.32226282163156 0.0207465922261138 3.37128379063071 12.794587381821
"etap[181]" -0.0581912336723589 6.40307417360839 0.0301843811239929 0.051247958142175 -13.1797729777419 -3.39126113931201 -0.0230675195854245 3.32077345216522 12.748882529424
"etap[182]" 0.0478016991756535 6.37227899349475 0.0300392112527515 0.056291369796596 -12.7488323859414 -3.32902375570961 0.047713469304954 3.37379035438351 13.1060470833641
"etap[183]" -0.141948486858497 6.44486197833574 0.030381370724617 0.0669126672844472 -13.502459867249 -3.42146410325512 -0.0179729485757758 3.30826214632126 12.65701954611
"etap[184]" 0.085253672680013 6.50209934600207 0.0306511902633779 0.055269796226286 -12.763940054891 -3.33309417077037 0.0381431579022857 3.37295672157131 13.344838771454
"etap[185]" -0.0304937988882425 6.26616292412966 0.0295389753044787 0.0493921132208569 -12.9148362289849 -3.38180219391022 -0.0401301243740843 3.34515318541021 12.8017665478133
"etap[186]" -0.0096291438623362 6.37691236843089 0.0300610531916657 0.0489936489910825 -13.2277342365686 -3.33933383215635 -0.0287520726615906 3.36733537151701 12.9850352794434
"etap[187]" 0.036468221640282 6.4651580450326 0.0304770473005688 0.0536684409028274 -13.0385405681751 -3.3091122733076 0.0053244355488513 3.34033144573314 13.1601509012114
"etap[188]" -0.0554767630480318 6.44958847143646 0.0304036516267687 0.0599060096510253 -13.1806669930195 -3.40668035401442 -0.0346170002701172 3.31687913858292 13.1167444135301
"etap[189]" -0.051100222281774 6.38630142215292 0.0301053136153708 0.0494985607326 -13.1427125462461 -3.42633192896965 -0.0403748241406488 3.35630862936245 12.7683418089753
"etap[190]" 0.0299121464671071 6.30486353571657 0.0297214117370732 0.064854391702922 -12.7309277245515 -3.33157175169525 -0.0216580351946052 3.34931679974225 13.1820467481893
"etap[191]" 0.130070638212166 6.47461930781741 0.0305216481210603 0.0646923566135357 -12.8282004413064 -3.27014744463373 0.0612641687496952 3.37088480154145 13.2795945542437
"etap[192]" 0.0686289924331398 6.40828903011044 0.0302089641932964 0.0635034024125915 -12.8270507932565 -3.26721847046692 0.0536464331337334 3.37895114449284 13.2809782249643
"etap[193]" -0.0650933076392151 6.38555115642779 0.0301017768288246 0.054735459158038 -13.1979020069976 -3.39513252825216 -0.025702883275123 3.32354028957585 12.7034453539037
"etap[194]" 0.000858369535806185 6.3843569264657 0.0300961471747947 0.0546841898089541 -12.8914198483723 -3.35640643794551 -0.0192029196312949 3.28847615665124 12.9378380540335
"etap[195]" 0.129524643712376 6.3786290478122 0.0300691456958767 0.0545231284637908 -12.7841444164229 -3.25232647928723 0.0992933577898007 3.41854162698923 12.9586235060221
"etap[196]" 0.0370703920192873 6.37169721404232 0.0300364687181117 0.0505530110592396 -12.8099082032615 -3.35962481222508 0.0218272757369114 3.3847629328837 12.8976904343432
"etap[197]" 0.0139181823281865 6.40960863888603 0.0302151848887212 0.0491032165971996 -13.1242121713103 -3.34297495847107 0.0289218346030966 3.37786785821655 13.0297651901905
"etap[198]" 0.0718506851392305 6.42694868512362 0.0302969266505925 0.0508800581867479 -12.7971430893365 -3.3102575501633 0.0540218130561158 3.40505740640958 13.1352742227464
"etap[199]" -0.010116753970748 6.36501080410061 0.0300049486793679 0.0515018725400922 -12.9579675159285 -3.34750719535615 -0.0333795827475904 3.33780834438578 12.9817884176987
"etap[200]" 0.0250200166319628 6.40161769591585 0.030177515222306 0.0505957565549004 -12.8536347501009 -3.31993599752415 0.0000872577533596757 3.30377374196892 13.1958912334684
"etap[201]" 0.120646501965432 6.38987375017962 0.0301221537311862 0.0553075756308728 -12.8654665776008 -3.26793662977681 0.0537923691452856 3.40250829346226 13.2684487731727
"etap[202]" -0.0226753111575099 6.39490936785992 0.0301458918605808 0.0646144158455788 -12.9152892649025 -3.36360861556187 -0.00344036203553658 3.32970076588869 12.8470473358504
"etap[203]" 0.0536796441052345 6.33487184893872 0.0298628722822155 0.0511075650473439 -12.8669201511565 -3.33227180639534 0.0358673688074591 3.36810850974158 13.19425041687
"etap[204]" 0.0145385355637082 6.30533432600272 0.0297236310637656 0.0479253857716123 -12.7487318300378 -3.33642431760581 0.0264780054550802 3.38194109469061 12.7952670874677
"etap[205]" 0.0141648869314818 6.36826265195188 0.030020278037148 0.0514753911332411 -12.8419962781055 -3.35170193499908 -0.00731098789887963 3.39539513025969 13.1645734926984
"etap[206]" 0.0416690586786194 6.35614862633292 0.0299631719727304 0.0523641424223778 -12.6058640210414 -3.36183877635389 0.00759247066648198 3.3568933147725 13.2248035042197
"etap[207]" -0.00865056584468633 6.24453298296006 0.0294370107839608 0.0477885194498617 -12.7317778862293 -3.28693939273893 0.0151466694951997 3.32959516094803 12.7092646444927
"etap[208]" 0.0393491490130386 6.35095252702102 0.0299386773256693 0.0520736214811885 -12.917456990412 -3.24457356473222 0.0234612976696458 3.35490216568623 13.0638926485296
"etap[209]" 0.086342888222086 6.46705942535373 0.03048601049336 0.0524881303642382 -12.9306005747755 -3.31105817917433 0.0142410016253111 3.41594533917542 13.3912408741113
"etap[210]" 0.0748798757123265 6.38266048049268 0.0300881500517851 0.0504248535956906 -12.7434707740599 -3.32475245260403 0.000729012319591101 3.39298074994371 13.3325448161606
"etap[211]" -0.0206395089214734 6.36711201275724 0.0300148538719665 0.0503000323372295 -13.1617188329939 -3.32904720556132 0.00986722763828697 3.3182813056755 12.6590026402381
"etap[212]" 0.0636709155139421 6.32030951439496 0.0297942247788436 0.0515592525901916 -12.9258529741661 -3.25402127610171 0.0174144606954216 3.38410830473716 13.0267517830899
"etap[213]" -0.016431171535113 6.40832812826158 0.0302091485037484 0.0517349314606125 -12.7648518573645 -3.3702218971509 -0.0658494624960655 3.28355581309531 12.7476448188196
"etap[214]" 0.0182560073346049 6.33737627863717 0.029874678277034 0.0497360074265596 -12.7677918253148 -3.34167432170892 0.00313464253693101 3.33306110477562 13.1363714251437
"etap[215]" -0.0462705976685533 6.33204197462361 0.0298495321267614 0.0483982677485915 -13.1100573687459 -3.35500328405768 0.00207403018476593 3.32612996762359 12.546511187462
"etap[216]" 0.0764107480023889 6.33769054554389 0.0298761597454397 0.0470867663181206 -12.7415326609306 -3.34827855267946 0.0280608614742086 3.39827595683531 13.3417386471093
"etap[217]" -0.0170115616138985 6.44108122602133 0.030363548087287 0.0575562801793566 -12.7277234164496 -3.38135544594707 -0.0537891973812353 3.28107198038613 12.8797292575134
"etap[218]" -0.00729493578604322 6.36912905362382 0.0300243622937977 0.0525400334964528 -12.8319820052281 -3.38302122805315 -0.0438045593932269 3.29907155739139 13.0329939433487
"etap[219]" -0.00438952959971497 6.3136877062372 0.0297630092758297 0.0470360897180107 -12.6581972408234 -3.37726826025281 -0.0181383643785032 3.3670372389585 12.9505840911588
"etap[220]" -0.100389923080729 6.34441836916006 0.0299078750101172 0.0498270058086919 -13.2561123690503 -3.44180679264405 -0.0557881538720917 3.25299922995448 12.6138740823884
"etap[221]" 0.000340435685617992 6.41091956335651 0.0302213646459393 0.0499872972959168 -13.0269722677915 -3.33709317990015 0.0190110308944059 3.3182646683716 13.0377253628388
"etap[222]" 0.0890699940670266 6.42861464879848 0.0303047800786705 0.0510376492503392 -12.6563336338044 -3.25775140931086 0.0432845210842802 3.3974873025185 13.057742014621
"etap[223]" -0.0139930438710583 6.29153168089571 0.0296585647707423 0.0496209438811441 -12.8236925754139 -3.36146356629428 -0.0665607390866779 3.34731294057817 12.9228118688761
"etap[224]" -0.025381330626797 6.30453495375269 0.0297198627868409 0.0482304391543162 -12.8900370873298 -3.345521629927 -0.0501340423951797 3.30736339709822 12.8334553947144
"etap[225]" 0.0223415058478816 6.37453531069084 0.0300498476340173 0.0523762520763422 -12.7709713703319 -3.32016909896309 -0.0107513267936169 3.34455636441006 12.9452732978701
"etap[226]" -0.0883917090070313 6.29277151018636 0.0296644093820686 0.0516596296652013 -12.9005134535113 -3.40371965357024 -0.0641069913245151 3.2633275984768 12.5176448039597
"etap[227]" -0.00127046389894626 6.35883884133711 0.0299758537678792 0.0534719792992485 -12.8113490105103 -3.33445072396233 0.0199292090843784 3.32482216041938 12.7588320736048
"etap[228]" 0.0104411084792804 6.30925723402189 0.0297421238295144 0.0487120056537197 -12.7746467668446 -3.26398423547124 0.0187015072340136 3.34070957734917 12.8137881364212
"etap[229]" -0.00378443959112176 6.26155283807869 0.0295172431504221 0.0503851096929778 -12.7710345277695 -3.29468583226247 -0.00676200666766047 3.29447360807772 12.9077564565263
"etap[230]" 0.00215860830803119 6.33486571362596 0.0298628433600738 0.0500966771461995 -12.7905895036662 -3.40937963331106 -0.0305446070757667 3.33439162710776 12.9905406649193
"etap[231]" -0.0276254774673992 6.29911705788814 0.0296943225808037 0.0463465122301302 -12.904308884193 -3.36764564344895 -0.0360533419809433 3.31343003700411 12.7689762351748
"etap[232]" 0.00434380303737414 6.36519149310848 0.0300058004555195 0.0522907859723174 -13.20985164773 -3.3160508623712 0.0452875949347588 3.34200296585384 12.9703510601957
"etap[233]" 0.0516722299994341 6.40217774653831 0.030180155326259 0.0483892657297437 -12.8941831029095 -3.32342980766175 0.0149249289803454 3.39303969625171 13.0642807422078
"etap[234]" -0.01583570003755 6.34981216877706 0.0299333016253541 0.0505419857036313 -13.0278245945129 -3.30060385055442 0.00616814621796389 3.33972606770849 12.6530933762668
"etap[235]" -0.0884163708770801 6.38815671976353 0.0301140595721814 0.0515714652119071 -13.2441996792274 -3.42665175672289 -0.0253982489684924 3.27612040522862 12.7226894878889
"etap[236]" 0.00181962922423456 6.3778754438223 0.0300655931725994 0.0506234494859369 -12.6970373720352 -3.35675154644132 0.0415800948051498 3.32342243710396 12.9286454627279
"etap[237]" -0.0533621037318022 6.40239260868117 0.0301811681961139 0.0554142937879735 -13.3495686227222 -3.34638209440454 -0.00649693899988124 3.32792923001068 12.751678422586
"etap[238]" -0.0115938098775004 6.32241412836106 0.0298041460242249 0.0512878626731289 -12.8636143635614 -3.3800484186054 -0.0216880789835701 3.37499858685231 12.6750505660045
"etap[239]" -0.00876620122588099 6.34727655095365 0.0299213486083046 0.0533826330412542 -12.8361335433466 -3.3743514114333 -0.0198264643928664 3.34639062711166 12.917658647355
"etap[240]" 0.0365007218448652 6.44019240244196 0.030359358132752 0.0554086027612298 -13.0194098945055 -3.32096457023544 0.0423734884121664 3.38362347704527 12.9363600320529
"etap[241]" -0.0240921544859618 6.29836421669767 0.0296907736533975 0.0506200944185381 -12.9718183758642 -3.33800145061962 -0.0282122002523144 3.30275755746253 12.886447331963
"etap[242]" 0.0653194014006128 6.40122830664411 0.0301756796236755 0.0521993635441062 -13.0054475384052 -3.26345062703799 0.0253970989130197 3.39721712320304 13.3864628974503
"etap[243]" -0.0495805717033228 6.46245824294114 0.0304643203114572 0.050472115571877 -12.8689486738028 -3.38079557182408 -0.0596148550306224 3.24980858795999 12.9031588491537
"etap[244]" -0.0179572205053467 6.34087568986571 0.0298911746597665 0.0510013294003194 -12.973685914464 -3.37175511465027 -0.0128521913649943 3.32053474796107 12.9359533707332
"etap[245]" 0.0267761523545574 6.36452451198437 0.0300026562763477 0.0540558693890114 -12.8046349368643 -3.28497302309195 -0.0237671595626298 3.33277019142878 13.0710541155803
"etap[246]" -0.00302209108770643 6.37009643424773 0.0300289225697921 0.0492011979144709 -13.1025095658416 -3.36266157244044 -0.0158491852323893 3.32666696745547 13.0774442254418
"etap[247]" 0.0442470881703927 6.38023146044353 0.0300766995414625 0.0477451483477782 -12.7571599125009 -3.31769149274197 0.0259022658408746 3.34627158426533 12.975226732266
"etap[248]" 0.00307812095101008 6.40623757029971 0.0301992935190064 0.0512909696560616 -13.2039120968412 -3.35305844201831 -0.00458004677047776 3.34507260388604 12.9625400709676
"etap[249]" -0.0673169840160827 6.27234065610458 0.0295680974122908 0.0529748782342197 -12.862392052047 -3.38411044766326 -0.0426949343254216 3.19940263783891 12.6903805029853
"etap[250]" 0.0621065131071546 6.45103201576651 0.0304104565600002 0.0481855956973501 -12.9841586954968 -3.29349631053923 0.0794226633957623 3.44332742487208 13.0227601132594
"etap[251]" -0.0487052597607692 6.26418240313932 0.029529639038995 0.0488707781066222 -12.9145659712634 -3.36241100849074 -0.0405070734197736 3.30225078403413 12.6089830363838
"etap[252]" -0.018443678326435 6.47008601374348 0.030500277967855 0.0555530748771247 -13.2118245730809 -3.32261701732171 0.0361566880569877 3.34041561324126 12.9802574546243
"etap[253]" 0.0265498419765244 6.45460351378316 0.0304272927631106 0.0541055219242163 -13.1191468919804 -3.35062852793489 0.000729009832683327 3.37882938059657 13.0159219555639
"etap[254]" 0.0513872324552332 6.41626468644769 0.0302465617978329 0.0481580253109233 -12.8250888048352 -3.30907705187769 0.0374005597792055 3.39058232286421 12.9363411727275
"etap[255]" -0.0179934389287226 6.36532178670598 0.0300064146654285 0.0520194059277867 -13.098113807145 -3.33598055073256 0.0118677758779153 3.36342951388935 12.9484292853318
"etap[256]" 0.0579887023084083 6.4358063178278 0.0303386819315951 0.0525341430341251 -12.5786669035444 -3.28803704157916 0.0254085274330071 3.31504526581733 13.0301346415238
"etap[257]" -0.0687879171464295 6.42655885806397 0.03029508898821 0.0506197967589378 -13.1775916131192 -3.37913146406909 -0.0337520918095765 3.32140767922897 12.8715563358604
"etap[258]" -0.00148747567122993 6.32750054292211 0.0298281236124119 0.0454048771237026 -13.1500584735189 -3.34998262966243 0.056744459595276 3.38484586758381 12.6916100581741
"etap[259]" -0.00599110310132678 6.43038487601765 0.03031312500981 0.0528272220219144 -12.8834970055112 -3.40326679215711 -0.0380096495107357 3.31214240877889 12.9495105454331
"etap[260]" 0.0399656255432329 6.39181294075504 0.0301312951632254 0.0499243393799153 -12.8464358716432 -3.34087948914977 0.0351391831133179 3.45537446971453 13.0494275862395
"etap[261]" 0.00468469598506562 6.26910172710899 0.0295528289545804 0.0487471077666148 -12.6801505314065 -3.3244747843244 -0.0132649919638116 3.35250698238996 12.7981433547096
"etap[262]" -0.0269510487626276 6.45895187279803 0.0304477911240869 0.0532971475258865 -13.006322427878 -3.3854329616141 -0.0372888340532865 3.30692555907389 12.992786269046
"etap[263]" -0.0396584692982297 6.36590627043821 0.0300091699481655 0.0509114188607752 -12.7712610682065 -3.41584384239478 -0.0398236691000524 3.31168054561269 13.0309149457176
"etap[264]" -0.00405248168480236 6.26064017846391 0.0295129408317386 0.0499856076394668 -12.7363791412675 -3.35958255495393 -0.0404615231571741 3.32945449539138 12.8672140690359
"etap[265]" 0.157405922571587 6.37098807518847 0.030033125805496 0.0527717558118321 -12.4513227953045 -3.27886719638284 0.0515496620284639 3.40041435801187 13.2524129275615
"etap[266]" -0.0519170232549563 6.35212934918195 0.0299442249185377 0.0493105741139083 -13.0525075897637 -3.45320038509082 -0.0300021902927389 3.32927334925197 12.8804133789817
"etap[267]" 0.0787277386592433 6.26964159693736 0.0295553739253577 0.0418403525726553 -12.8191995663165 -3.28946481265989 0.0613013790564354 3.45060636419764 12.9079932368926
"etap[268]" -0.0528889597990157 6.32043510362707 0.0297948168121613 0.0483222732475542 -13.1035808816204 -3.38573487231025 -0.00342818277063205 3.3321864379934 12.8307122586983
"etap[269]" 0.0073587986990274 6.43146992919227 0.0303182399995281 0.048503891893183 -12.8574178644339 -3.39644460048891 -0.00475824229419445 3.33702656224557 12.9367629619207
"etap[270]" -0.0426675613387134 6.37556885459804 0.0300547198067201 0.0472766721101798 -13.0231761092836 -3.39307004561093 -0.014368598130396 3.27823881919758 12.8039663989508
"etap[271]" 0.0138341960367194 6.49034554463863 0.0305957823123858 0.052894656602282 -12.9332908234522 -3.36076956885011 -0.00772248628241342 3.33966001893382 13.1749449106055
"etap[272]" 0.133478982603647 6.38076283573162 0.0300792044685929 0.0506689568128212 -12.8065509669128 -3.21473965945673 0.0663571758838814 3.38455094088607 13.4274510493966
"etap[273]" -0.0737752767833161 6.44073964059734 0.0303619378381559 0.0537130601530387 -13.2969039262821 -3.38547646990939 -0.0294092395770722 3.3494191545661 12.7424450836555
"etap[274]" 0.0438856443741152 6.3339342723043 0.029858452503575 0.0485744377907012 -12.7816416841642 -3.28025601022147 0.0376845379308681 3.37227421995855 12.9445993467911
"etap[275]" -0.0293093132676583 6.44507423277761 0.0303823713016516 0.0476280312180875 -13.0376853508596 -3.35236782728935 -0.0339037555152919 3.31709570808914 13.1591887747336
"etap[276]" -0.0317000628202401 6.29414504132733 0.0296708842699616 0.0513256898761357 -12.68819952606 -3.34199033576719 -0.0327381129323174 3.25022767735911 12.6342934763538
"etap[277]" 0.0379918163024334 6.36537538227912 0.0300066673173832 0.0490006233242083 -13.0961250954168 -3.31630510848947 0.0312201300757643 3.38597707514753 12.9810115879172
"etap[278]" -0.00758284910350966 6.33024988772684 0.0298410841481135 0.0525648574212162 -12.956198166595 -3.27225723621613 -0.0183586256899283 3.30210428431449 12.8058325694776
"etap[279]" -0.0101105268882584 6.33862883518394 0.029880582885221 0.056426848804097 -12.6560105001219 -3.39151638933439 -0.0275456716589454 3.37677859669481 12.8392942678978
"etap[280]" -0.0364123040716033 6.32108609651671 0.0297978856220731 0.0532472455600099 -12.879279116743 -3.35350520335161 0.00523895398764231 3.31632047576525 12.7511320025157
"mean.p0" 1.87929172650288 0.398475412466978 0.00187843110861004 0.0100459275956994 1.22496294352103 1.60604650795661 1.83355785872996 2.10397167429363 2.80052317754339
"mumup0" 0.600977673848627 0.0642643637455031 0.000302945115953895 0.000771789631190841 0.469042481139296 0.560245492199062 0.602353753260069 0.643535576628039 0.723697427572056
"mupsi" 10.3180676414236 1.395472300822 0.00657831951246153 0.00871340855155459 7.70552499341883 9.35006918387588 10.2747372630208 11.2330296602712 13.1372636117854
"ppo[1]" 0.850977623550551 0.0738382309988799 0.000348076759000845 0.000911276989365572 0.6739456116815 0.81377674249203 0.857884674673928 0.901273988320123 0.968945195686897
"ppo[2]" 0.809998204383178 0.0905007664073604 0.000426624704194828 0.00113602506922961 0.575456215000255 0.771265044525678 0.827801773764713 0.869694782796223 0.940044976822903
"ppo[3]" 0.849828765967572 0.0750240517042235 0.000353666771414311 0.000897421843337445 0.66697509901055 0.812541331470078 0.857243450316983 0.900970111793318 0.967978782633428
"ppo[4]" 0.763355903652775 0.118139239098035 0.000556913713936265 0.00251571206075508 0.452535955794862 0.709656000716902 0.795176885515286 0.845341081014999 0.914412639676372
"ppo[5]" 0.808819718857093 0.092702076780542 0.000437001780810648 0.00123706012784016 0.562352087429924 0.770636669763249 0.827481659133475 0.869975013211381 0.937914385013277
"ppo[6]" 0.883898429159573 0.0665091126167485 0.000313526963613351 0.00163480564517376 0.745977467949179 0.839985390375567 0.886799898535959 0.935697141794353 0.990750196665916
"ppo[7]" 0.884477935732192 0.0660223540832502 0.000311232361881104 0.00170400651563101 0.74752185499063 0.840599995784899 0.887870180353735 0.935647382236125 0.989685487699816
"ppo[8]" 0.809330524335229 0.0925535826816533 0.000436301772915379 0.00120101420491054 0.566112934385846 0.770928405904435 0.827747004127412 0.870174161893873 0.939248131816614
"ppo[9]" 0.884530568598697 0.066450353145223 0.000313249968808187 0.00170393862727504 0.746515945580104 0.839879060225813 0.887538858466251 0.936410808557304 0.990290726193479
"ppo[10]" 0.884711166602298 0.0664229991418128 0.000313121020799494 0.00167935738349685 0.747548051698788 0.840150375999441 0.8874863012855 0.936577364163409 0.990691009145423
"ppo[11]" 0.884549134363009 0.0666296161258514 0.000314095022602974 0.00175348759617061 0.746023523345549 0.840360624661804 0.887855341863855 0.935928409069744 0.990889504963534
"ppo[12]" 0.808877175551986 0.0925135933226248 0.000436113261269083 0.0012152106201974 0.567622201956039 0.769030562879291 0.827381675018709 0.870212279350954 0.939342660643726
"ppo[13]" 0.850695229166325 0.0743097094100025 0.00035029932954543 0.000916396810340283 0.672583123434843 0.813427044772204 0.85802198892557 0.901638125548939 0.968058243508101
"ppo[14]" 0.884228433692826 0.0673056968184398 0.000317282097552031 0.00166685495337339 0.742560679573902 0.840024705948095 0.887582100526242 0.936579401748597 0.990652815579652
"ppo[15]" 0.850459674099801 0.0742465749494784 0.000350001710844343 0.000948812013447852 0.675420244116835 0.812768971548919 0.857293914397931 0.901133381060128 0.968887122707955
"ppo[16]" 0.809267241114251 0.0928002487757421 0.000437464568034172 0.00114188524493498 0.565758215449964 0.770878918200421 0.8279002677867 0.870076171181183 0.939603063732504
"psi0" 0.999918935706989 0.000153626174692737 0.000000724200732619888 0.00000098352698702062 0.999549870490166 0.999913048158582 0.999965507607169 0.999986770255471 0.999998029583429
"sdeps" 0.698850178489625 0.509807040260778 0.00240325343510026 0.0190045293124438 0.023028910751345 0.30375038170368 0.612868138329149 0.988696127429258 1.918922890887
