"Mean" "SD" "Naive SE" "Time-series SE" "2.5%" "25%" "50%" "75%" "97.5%"
"N" 10.5589111111111 1.09575978038519 0.00516546114174565 0.0332873950364619 10 10 10 11 14
"betapsi[1]" -0.462913540309633 2.9565268219895 0.0139372010972579 0.0403663369745453 -7.42454579405818 -1.63189831802487 -0.115083064922628 0.914216914128589 5.40777036634557
"betapsi[2]" 0.280717651497237 2.43768856372127 0.0114913740921881 0.0218127715823456 -4.44339859804522 -0.942780047406073 0.0618947799522866 1.29237517350434 6.09923017735175
"betapsi[3]" 0.320273912249334 2.46922732963021 0.0116400492604845 0.0240663497429635 -4.35406310655532 -0.923876224046228 0.0658844967451572 1.34510131362879 6.20758455272219
"betapsi[4]" 0.315409636710329 2.4262099695805 0.0114372634804852 0.0246422355396344 -4.26505863291703 -0.931895747898999 0.0615456493793407 1.32486542889125 6.14875935031462
"betapsi[5]" -0.40745592791001 2.91754602311148 0.0137534438491065 0.0406863088188871 -7.30922645164076 -1.57105755558309 -0.0872872823727251 0.943294252517448 5.46767328002886
"betapsi[6]" -0.4535200959242 2.9618949495701 0.0139625066933547 0.0440832502489545 -7.56369571216765 -1.58331746520101 -0.0993159847085839 0.910687193834993 5.37358236861792
"betapsi[7]" -0.46162463765354 2.96172880824004 0.0139617234956139 0.0412744447767798 -7.53191952554822 -1.623408391083 -0.109911227096932 0.920986347710997 5.34988749619923
"betapsi[8]" 0.301244763345025 2.4328947829994 0.0114687759931483 0.0226986078107412 -4.39372147614713 -0.916336910335894 0.0610274838312168 1.31531534272812 6.08632439693305
"betapsi[9]" 0.307376119021544 2.43953094480049 0.0115000591598857 0.0225793032534618 -4.2926039554856 -0.928166569907982 0.0557112760082355 1.32277248975014 6.23197856743203
"betapsi[10]" 0.30714339437765 2.41859779271573 0.0114013793346141 0.0212282081670736 -4.34470338777148 -0.910268639460083 0.0622820842530334 1.30608370366725 6.12658405620697
"betapsi[11]" 0.315904907199163 2.40203703663954 0.0113233111817937 0.0230623626960076 -4.26439201807369 -0.893780659366762 0.063061760225502 1.32016213906145 6.08039196155383
"betapsi[12]" 0.322237662271804 2.4229513904509 0.0114219023911547 0.0222623638102535 -4.29948703735413 -0.906153209191517 0.0643962731928638 1.36048585612194 6.12000988784177
"betapsi[13]" 0.263614505275095 2.41427196440373 0.0113809871843896 0.0216705820109595 -4.37321822130018 -0.945536556063578 0.0433934236357839 1.27893273378198 6.00774401777542
"betapsi[14]" 0.283501793447852 2.40334042944402 0.0113294554343977 0.0208701551414645 -4.31636793576875 -0.91753844899086 0.0535921913137815 1.29879766969102 6.06095090497731
"betapsi[15]" 0.310253607147985 2.43891608392526 0.0114971606779232 0.023604977827709 -4.27330495146222 -0.927577800567891 0.0594940575157352 1.32594665000397 6.15283547255971
"betapsi[16]" -0.479032250632435 2.94785895146234 0.0138963403637366 0.0446038560045398 -7.47531817603536 -1.65553435402355 -0.108155654230049 0.919564738845571 5.33414337579666
"etap[1]" -0.358701860878017 6.17206469265054 0.0290953919873017 0.200785566161187 -13.1064837414303 -3.63561527953328 -0.308293684119147 3.0020952110678 11.9197835504312
"etap[2]" -0.303173359365247 6.34074357678531 0.0298905518727329 0.207796534406081 -13.2165107340948 -3.58866307381917 -0.273998864808043 3.03280178865994 12.0906584997349
"etap[3]" 0.194232585218853 4.58606757318647 0.0216189298665326 0.0829563409939416 -9.15766101784535 -2.10416122028427 0.123414897160586 2.45308337310988 9.81023772210263
"etap[4]" -0.374143324139092 6.20779516705503 0.0292638270589446 0.20274012434608 -13.1664679839252 -3.64934600021344 -0.304075691006133 3.02818527661705 11.8118690534158
"etap[5]" -0.346866750855509 6.26421477461328 0.0295297916395867 0.21842161661735 -13.3833800766368 -3.63600002988552 -0.298814319644114 3.00059460642498 12.1395792545341
"etap[6]" 0.415761936008853 6.08375332752563 0.0286790882197307 0.167233511391744 -11.5718360987898 -3.02019147745996 0.391268568129044 3.84273148450062 12.8575286439286
"etap[7]" -0.390287214516742 6.27874775588799 0.0295983007703214 0.212791393324544 -13.4569010964093 -3.56881014948653 -0.29733676340336 2.96257459416883 11.97443878072
"etap[8]" -0.343884627903928 6.18702084706039 0.0291658959753263 0.217302520337656 -13.0623027496255 -3.57174658786331 -0.317899750087294 2.9975538091983 11.7452276072783
"etap[9]" -0.421425951490774 6.17625216741024 0.0291151319326259 0.204660073515151 -13.2914561480851 -3.68377796212831 -0.333252033516859 3.00132249575662 11.740120611662
"etap[10]" -0.353355967487542 6.32933704798103 0.0298367809802842 0.225905528381647 -13.5152978459472 -3.60917403258519 -0.305574692759231 2.98042915546854 12.1492068900767
"etap[11]" 0.250617435608284 7.45961504273842 0.0351649625450768 0.219730789473476 -14.2024337151309 -4.22207710316418 0.243452311540177 4.65165611504204 15.0966002499909
"etap[12]" 0.123918584802765 6.82216968385202 0.0321600163057137 0.123275076878339 -13.4142029516514 -3.71429025735139 0.0728641594823562 3.87549839874431 13.7585795221307
"etap[13]" 0.128097288221127 6.63383442188457 0.0312721953665555 0.085530961676051 -12.8891881662021 -3.60741151881225 0.00729689363140696 3.64465544036292 13.7859209912123
"etap[14]" 0.0117231477532905 6.4063641913395 0.0301998904163122 0.0470320282291297 -12.9128957881491 -3.55953328535766 0.0047701754187842 3.52173898256953 12.9972335268287
"etap[15]" 0.0339619990248655 6.5001065185622 0.0306417959847347 0.0476758693545514 -12.8818190674643 -3.54999824323874 0.000562161210372915 3.56031299629085 13.2994892818953
"etap[16]" 0.0197907623872722 6.3283118187289 0.0298319480032412 0.0407040730068691 -12.7756056936329 -3.45612338856157 -0.00567575680893116 3.49537809336153 12.7618927816336
"etap[17]" 0.00989637754389288 6.45102591332092 0.0304104277927958 0.0451629932500171 -12.6991574926102 -3.54236635258655 -0.0220983854887187 3.54092127249963 12.8198580261788
"etap[18]" 0.021784020037633 6.39201681087563 0.0301322562161904 0.0419026201628459 -12.8773829781185 -3.50228080344808 0.00380538716642592 3.57310672763303 12.9492880824618
"etap[19]" 0.0613614470086497 6.38763553090438 0.0301116026643375 0.0441533951489972 -12.8720842986447 -3.41442516081979 0.053631353407276 3.57090920173921 12.9377165798016
"etap[20]" 0.0192229577250935 6.47511691275745 0.0305239938532433 0.0422121884511402 -12.9840282128306 -3.54771232346309 0.0292020139016579 3.53612992331728 13.1093638494257
"etap[21]" 0.0258561032695991 6.46457002263499 0.0304742753364032 0.0436741574989863 -12.8603723942289 -3.45869035576255 -0.0279052363307006 3.46469348369589 13.1336295924656
"etap[22]" -0.0460714337109131 6.36340821593931 0.0299973940063258 0.0401942957788851 -13.0382514662143 -3.53377846433361 -0.0142565107281909 3.46575568920541 12.7594498418689
"etap[23]" -0.0292934515974956 6.49722511989411 0.0306282129411514 0.0461970639304559 -12.7763221790411 -3.50846370106833 -0.0171107716544296 3.46148880168256 12.8233431811722
"etap[24]" 0.00227618671223397 6.43761958694484 0.0303472297641869 0.0451568361965413 -12.998394241658 -3.43954965305966 0.0094777712898336 3.51760584073931 12.9411989627183
"etap[25]" 0.0369373016471909 6.39354659834531 0.030139467703481 0.0433194048988004 -12.9061287246803 -3.44003554818677 0.0136430258468545 3.51729685196832 12.9934389464611
"etap[26]" 0.0779759755004486 6.4022880250255 0.0301806751840331 0.0454185251103772 -12.7800456093909 -3.44854780769022 0.0623585915355966 3.54794188064168 13.2267069414265
"etap[27]" 0.0167160681476262 6.40351676221309 0.030186467506684 0.0436334541738299 -12.8081411454701 -3.43757334917177 0.00557950837912121 3.46892757348054 12.8885493496139
"etap[28]" 0.0786552395281107 6.43085968071901 0.0303153632606371 0.0487085320582319 -12.6029416897886 -3.40480596335587 0.0100660460331003 3.50690275884195 12.9515944481857
"etap[29]" -0.028801379601291 6.38186737776473 0.030084411329671 0.0425498060247919 -13.0362030601656 -3.5318857752994 -0.0110991035844894 3.50786962862359 12.7381506577359
"etap[30]" 0.0775799939183837 6.46331453460289 0.0304683569090619 0.0448961063732942 -12.7066570943224 -3.39017368137977 0.0407987276735421 3.50646985218916 13.1564025331243
"etap[31]" 0.0391702874163196 6.35587006330815 0.0299618588140384 0.0424839261413064 -12.6453670602826 -3.45913650446557 0.0196774946707365 3.46978516984066 13.0320115129406
"etap[32]" 0.00190025324578938 6.36085858187891 0.0299853749161015 0.043484958548912 -13.0169443786114 -3.47439713599456 0.000654793770106797 3.46960331973026 12.9718890197809
"etap[33]" 0.00976495460206689 6.41631761072895 0.0302468112852874 0.0430519486202131 -12.6637831780775 -3.53031148510651 -0.0410555385355721 3.48805650023577 12.9572382868465
"etap[34]" -0.0968510630651025 6.38971620103171 0.0301214110373804 0.0436487889445577 -13.1181384912578 -3.58151933868614 -0.0657434205537164 3.3787840283497 12.7874441198036
"etap[35]" -0.0131225009433369 6.37598702886968 0.0300566910991415 0.0433199809078782 -12.6735743115332 -3.51605832242099 -0.0316599546298881 3.4964535347702 12.6007150242286
"etap[36]" 0.00669407180909246 6.46531690481946 0.0304777961727858 0.0420835849689946 -12.9183739998384 -3.48163124937533 -0.00592479742029832 3.50558502623823 13.1703936827639
"etap[37]" 0.007469536409201 6.38954636444622 0.0301206104200385 0.0419309600151737 -12.9491404230545 -3.50641785960062 0.0363999687552918 3.49003287854676 12.9621454589843
"etap[38]" -0.0697599478167305 6.49136099012293 0.030600569168305 0.0446895456268626 -13.3184678849713 -3.51611148763475 -0.05093940690216 3.44587504776177 12.9560961892087
"etap[39]" 0.0225819768526418 6.43571347862791 0.0303382442834097 0.0457490272793948 -12.8326268645802 -3.4784865337705 0.0184213867794151 3.49032231632568 13.0268882761102
"etap[40]" -0.00771380703068583 6.47260242884201 0.0305121404623914 0.0415817801524572 -13.0232271392697 -3.55104999515475 0.002371908191179 3.57336494233901 12.840041717793
"etap[41]" 0.0918191000960079 6.3425234028471 0.0298989420532504 0.0481497251748221 -12.4859087267505 -3.40493325966108 0.0117421438941706 3.52000843043359 13.0271496372268
"etap[42]" -0.0138529719202195 6.38507971305549 0.0300995544234546 0.0427889144964249 -12.8621405138514 -3.48832249984494 -0.0251878227739721 3.43172508585142 12.8569801797664
"etap[43]" 0.021442151587747 6.60245632950035 0.0311242776205183 0.0555747086356538 -13.1321595361462 -3.58887287227395 -0.0395390302064849 3.54817766848337 13.235859628771
"etap[44]" -0.0456865032789246 6.49522107867429 0.0306187658002426 0.0486682852402286 -13.0796345305754 -3.49419132431468 -0.00145965996004432 3.50244511414204 12.6757346914076
"etap[45]" 0.0143484632834908 6.38942605425038 0.0301200432723364 0.0444894113802364 -12.9019290918784 -3.45601782196924 -0.0100355358925606 3.47108337721537 12.9894024573031
"etap[46]" 0.0196032794742901 6.37886258189392 0.0300702465860955 0.0414795329066572 -12.9515444429488 -3.42958968677528 0.0268337772307136 3.55826894422937 12.6147155752423
"etap[47]" -0.01758217792993 6.5150051157569 0.030712028645445 0.0478161651978801 -13.0780873991506 -3.52759939248037 -0.0120389061997801 3.46282768974233 12.8946682270874
"etap[48]" 0.0296635321224709 6.49383967210955 0.0306122537872459 0.046296791754886 -12.7941841660011 -3.49569492084598 0.00752949862364122 3.53330185794322 13.092359932289
"etap[49]" -0.0109140606631564 6.54172867607675 0.0308380047169091 0.0467805540774393 -13.2377007908518 -3.58387597454097 0.0179391576514236 3.57218809194029 13.294353787867
"etap[50]" -0.00163475726227167 6.36839522456431 0.0300209029904363 0.0448213785153899 -12.8112649896464 -3.47172408971012 0.0313548835465036 3.42322400156602 12.6800755504241
"etap[51]" -0.00456014190809856 6.42004109527763 0.0302643639597808 0.0427730882721919 -12.823848717904 -3.52405150645475 -0.028807756223284 3.49251393862537 13.2274752690978
"etap[52]" -0.0863793183244411 6.44568333971729 0.0303852426593016 0.0409322800070648 -13.1580319516552 -3.54024439577401 -0.0453840229109801 3.39691240497322 12.7796946379695
"etap[53]" -0.00644468570637046 6.42356236166974 0.0302809633687423 0.044413067377398 -12.9222034873317 -3.47622043353099 0.00703678911014472 3.45712467647675 13.1969554967353
"etap[54]" 0.00477748444860599 6.44247644115845 0.0303701251945181 0.0420923595858817 -13.0887705212754 -3.50529140508565 0.00679306718622241 3.52316420851875 13.0332718760647
"etap[55]" -0.0570552507191932 6.44870897247035 0.0303995056288821 0.0407655346751648 -13.1402333999188 -3.53609741136435 0.022780936264667 3.45348790031445 12.5724339549014
"etap[56]" 0.032601415890099 6.34120860360351 0.0298927440301768 0.0416224006222605 -12.6209886806593 -3.50786518408315 0.00653671603260299 3.54016857605979 12.9133664148496
"etap[57]" -0.0183322236091337 6.34659126493743 0.0299181181390438 0.0429441098995178 -13.0352142090411 -3.45236291668194 -0.0271809794352264 3.46331948525349 12.7888473938662
"etap[58]" 0.0237452278759528 6.48006015583618 0.0305472965245901 0.0461293338410896 -12.9188315128853 -3.50746604691464 -0.0525691171694824 3.51292244724675 13.243255757522
"etap[59]" 0.0575150691729716 6.43959816826259 0.0303565568859663 0.0471857046362474 -12.7383549198866 -3.43179355769392 0.0508612644742398 3.51667172878149 13.1627683095909
"etap[60]" 0.00223548978482636 6.45390762612014 0.0304240123172075 0.0457955453893572 -12.8692268392135 -3.50285964927947 -0.0331139872320081 3.48382310160164 12.8718557803322
"etap[61]" -0.0303075975913832 6.43655551646661 0.0303422136878481 0.0456344702063807 -13.0514700721262 -3.48408235830513 -0.00476709163538068 3.45842851111114 12.9545306843229
"etap[62]" 0.0183033093357304 6.4170938560569 0.0302504705408557 0.0420703591500132 -12.8999148719761 -3.51066802527909 -0.0269900786263286 3.54293989666608 13.0917521843596
"etap[63]" 0.0111605499564062 6.48340386069043 0.030563058900435 0.0444548373590965 -13.1757789435402 -3.49380701890179 -0.00739429268488984 3.50456562372191 13.1264047209375
"etap[64]" -0.0674614860987052 6.34775422438748 0.0299236003824663 0.0429194846432009 -12.8206445249016 -3.55358937286211 -0.0289124399330591 3.44921990323257 12.4396673056278
"etap[65]" 0.0869116420592723 6.3905063200165 0.0301251356939944 0.0445139530183512 -12.9962429703358 -3.42937675226125 0.0372469774799304 3.52788420969968 13.1891328562349
"etap[66]" -0.0175470025895555 6.43265034564784 0.0303238045360638 0.0435210405021809 -12.9531433803587 -3.53882313723221 -0.0212044337765935 3.4969223275689 12.8526322642128
"etap[67]" 0.0105763345398262 6.47186328035207 0.0305086560829944 0.0432393893880027 -13.0224705092373 -3.52244534841614 0.0272874336901152 3.56393460454503 12.9103738102364
"etap[68]" -0.0524000595691549 6.36350879823523 0.0299978681558159 0.0442115616630726 -12.8504135035375 -3.53082922923343 -0.0190596267435659 3.50353275567507 12.6690695881191
"etap[69]" -0.0757506285550934 6.34656844393647 0.0299180105598135 0.0463704025547813 -13.0494329263096 -3.52490095375495 -0.0160724205163812 3.46714307753591 12.5064925299717
"etap[70]" -0.0099140391891 6.43550996765729 0.0303372849234939 0.0468434387997967 -12.8340625700938 -3.53763090338274 -0.00770574523309991 3.50100273636438 13.0238793291952
"etap[71]" -0.00746721874182228 6.43634008274668 0.0303411981235531 0.0430219418091447 -13.108009580117 -3.51511533225044 -0.0190790731142958 3.50659527084833 13.0133472472928
"etap[72]" -0.0172780523882565 6.42287991737569 0.0302777462954883 0.0452886683498989 -12.928377917261 -3.53695923143581 -0.0301045573590763 3.45508626372964 12.7930107254102
"etap[73]" -0.0314811449374618 6.37627970300937 0.0300580707782671 0.0540825905682127 -12.6944827453141 -3.50603570851835 -0.0317087748788098 3.4424243504233 12.700391125479
"etap[74]" -0.01404075498803 6.3752720547125 0.030053320678642 0.0434588088102377 -12.7494924961774 -3.5319172063771 -0.00618570456846185 3.49757643787547 12.8259790814398
"etap[75]" -0.00153684636074785 6.48528482600114 0.0305719258559442 0.0493258957109406 -13.047298303366 -3.4525998386307 -0.0350746949525033 3.50187489453259 12.9586541749577
"etap[76]" 0.000903811238400301 6.46657533414131 0.0304837284654999 0.0405113193173517 -13.1906837156776 -3.51083983449813 0.00275808526306239 3.52195286359432 12.9984254398386
"etap[77]" 0.0375967406902564 6.40773431302555 0.0302063492318806 0.0432466770985188 -12.8182654443172 -3.46287078027611 0.0648466613676525 3.5089619206116 12.889510676682
"etap[78]" -0.0543294484923752 6.44375329968005 0.030376144363313 0.0484974048548468 -13.0458403678598 -3.47499067392997 -0.0202367173162834 3.44890874474133 12.6567190656311
"etap[79]" 0.0685187518061447 6.4429070171624 0.0303721549492662 0.0429824009075897 -12.999047184034 -3.41718648902479 0.0240342249234921 3.53904079149731 13.0956274011383
"etap[80]" -0.0746704812662457 6.4582479015637 0.0304444725718632 0.0463307984660702 -13.3223143580434 -3.51990352899674 0.00450855466935253 3.44908107211855 12.7671507832457
"etap[81]" -0.0729245427986058 6.45338947476371 0.0304215697282888 0.0481920964490284 -13.3722507340816 -3.50856646575782 -0.032629763494541 3.42106699076326 12.8301679297131
"etap[82]" -0.0606799801627939 6.51903863580649 0.0307310428413058 0.0435070392781348 -13.1722021533791 -3.51225035121618 -0.0396251363803823 3.50127808197857 13.0732266169143
"etap[83]" -0.00217407280889988 6.34560609116807 0.0299134739853573 0.0434203892871882 -12.8002107891865 -3.50969493289579 -0.00120408128515247 3.45901076246319 12.8979618700733
"etap[84]" -0.06392226404636 6.41402249826561 0.030235992021378 0.039886780077857 -13.1426104750441 -3.48098037142618 -0.0332142276931338 3.46794819053807 12.5370151469132
"etap[85]" 0.0111280290417387 6.40674049918612 0.0302016643485133 0.0446990532766718 -12.963531885993 -3.44053490293478 0.0399824007194775 3.51961515685839 12.6340074677021
"etap[86]" -0.0186550058422703 6.48433070097989 0.03056742806746 0.0418285882018284 -13.1356051870767 -3.50302444079546 -0.0331334199784301 3.46902999908287 13.2959217991677
"etap[87]" -0.0926536914055054 6.48184960636734 0.0305557320752913 0.0527354174705842 -13.1399898933283 -3.59144463897791 -0.0972162562795854 3.39081660941111 12.7070424195704
"etap[88]" 0.0420190367351411 6.3602926445589 0.0299827070619901 0.0412552093788952 -12.8963952738128 -3.44408428363206 0.0648129143397886 3.5305533959012 12.8734080866417
"etap[89]" 0.0170886775928968 6.41244338428692 0.030228548006694 0.0460452934436617 -12.9632417705497 -3.4602350852053 0.0656426461467978 3.51972670245819 12.9601312097527
"etap[90]" 0.00507996944743834 6.43049577931964 0.0303136478129893 0.0449198950653583 -12.9025650210263 -3.50107374545489 -0.00190508542841496 3.47151479519557 12.9194582204128
"etap[91]" -0.0397834472127677 6.48996040179756 0.0305939667316215 0.0478718224296465 -13.1645302806769 -3.52245036442216 -0.0363917791417158 3.47778118071211 12.9644110602553
"etap[92]" 0.0185457068138292 6.43469116625291 0.0303334250566574 0.0437118877313997 -12.8967105897115 -3.4314469619441 0.00933953161013217 3.51512906075468 12.9894586155564
"etap[93]" 0.0196642921554136 6.39497597563759 0.030146205852656 0.0471886694130252 -12.9148052817864 -3.48003182277098 0.0168466523849806 3.46963444047609 12.8353838348825
"etap[94]" -0.0379411917109206 6.54588622594258 0.0308576035949308 0.043836649025666 -13.191327529053 -3.51717240428549 -0.0528990045231111 3.45958729205463 13.0194833439089
"etap[95]" 0.00465520447661631 6.45862470314646 0.0304462488315588 0.0449086099232139 -12.937911947185 -3.47068442914625 0.0157127195380264 3.5154655619929 13.0113830228051
"etap[96]" 0.000165060816363584 6.43085784381919 0.0303153546014083 0.0465129778246983 -13.0074639729363 -3.49118908924032 0.0393909451914525 3.52380162168391 12.8184541241867
"etap[97]" 0.0230796292357996 6.45277707074579 0.0304186828280627 0.0422093225446024 -12.860565007695 -3.51159034669517 0.00521202345778951 3.55092744508119 13.0098916450117
"etap[98]" 0.0338008944552829 6.49570824127989 0.030621062306789 0.055386793870227 -13.2155917937338 -3.48964143539521 0.0615630246403268 3.59756609710942 12.8232276686062
"etap[99]" -0.0234146111078772 6.31138306301812 0.0297521450835069 0.0458974151351094 -12.7583782022584 -3.48625347904028 -0.025577983046529 3.42741251950989 12.6532299486861
"etap[100]" 0.0170253197344182 6.39822763060781 0.0301615343011861 0.0474238601579951 -12.7954902195903 -3.45697333545221 0.000998109097133538 3.46786771000555 12.9597837615856
"etap[101]" -0.0533610478430341 6.46924958298558 0.030496334995449 0.0486400466720613 -13.1628960893506 -3.50798418676791 -0.0182100466400811 3.41972541695706 12.845959715693
"etap[102]" 0.0254339156042742 6.42500570974762 0.0302877673768322 0.045137091350192 -12.8324452843142 -3.44404327867527 0.0131973372864199 3.46051288617006 13.0926385466582
"etap[103]" -0.0473980892087155 6.45801811291364 0.0304433893377786 0.0487579107311275 -13.1758219251323 -3.51126860055714 -0.0342468089331638 3.47477282983866 12.770181862022
"etap[104]" 0.00805220954319541 6.3252535604092 0.0298175312352646 0.0417688852296615 -12.7323556121139 -3.49359716400423 0.000716193453002689 3.47107745434639 12.6856583611119
"etap[105]" -0.0198932745064658 6.4069572510925 0.0302026861267989 0.0485659461244927 -12.7573277598023 -3.48290695236432 -0.0551344197330398 3.36721851551069 12.8953976350404
"etap[106]" 0.0036274920290961 6.47086573046019 0.0305039535877069 0.043715197950431 -13.161753923409 -3.43138568880174 0.0632277469573005 3.49076595668113 12.979605152316
"etap[107]" -0.0636013350095243 6.41646754843852 0.0302475180984287 0.046424323672275 -13.1589841677852 -3.53602559129451 0.013537190145487 3.50663933813638 12.6463606770745
"etap[108]" -0.0178133445078677 6.34202266555352 0.0298965815550112 0.0432625993603417 -12.8036828751051 -3.50709059588695 -0.0134352817009406 3.43740226062929 12.7200250679213
"etap[109]" 0.0830491181279794 6.353201990653 0.0299492813989241 0.0436593623603315 -12.5773094877079 -3.41309725186344 0.0391428717306656 3.51201117246002 13.2183935626926
"etap[110]" 0.0501860735087449 6.28919251517667 0.029647537837794 0.0420165320863877 -12.6700838802853 -3.42278960680619 0.0424048952319661 3.50309669490193 12.8118018161667
"etap[111]" 0.0404605656581131 6.47440355456728 0.0305206310504854 0.0475677955334355 -13.1312896454347 -3.45136504796265 0.0312023340146529 3.46133746775358 13.2592435144663
"etap[112]" 0.0290483021776125 6.33611168394172 0.02986871692047 0.0435336673806671 -12.8483597912009 -3.44631654436574 -0.000869422038918735 3.47104587868064 12.7924802485322
"etap[113]" -0.0370073167148729 6.49788537913704 0.0306313254330715 0.0464695076231346 -13.1360125961562 -3.55887339815036 -0.0230382826654032 3.43029984509009 13.0024937940874
"etap[114]" 0.0207905847027493 6.3613540732405 0.0299877106847802 0.0411223939816351 -12.7996301920394 -3.40790807575338 0.033476907275064 3.45738495539216 12.8550504125597
"etap[115]" -0.03604707344735 6.57413940277365 0.0309907903477795 0.0459927419226599 -13.2821808709427 -3.51851498353427 -0.0351689651275775 3.51365960463733 13.1416995339185
"etap[116]" -0.0015821480478453 6.41445276218386 0.0302380203049399 0.042577954943033 -12.836989549843 -3.47189558944718 0.0259281184459431 3.50022524318078 12.8374938725828
"etap[117]" 0.00758198938361595 6.33783170574421 0.0298768251810056 0.0434457158141454 -12.7453795534419 -3.47884889532535 0.0183421650124484 3.47701570395874 12.8735469802538
"etap[118]" -0.0394285786210901 6.38013788820849 0.0300762584377163 0.043696232412835 -12.7884275784943 -3.4982590970678 -0.0597299042628605 3.38677064671032 12.7710667116014
"etap[119]" -0.00842117911536907 6.40193990451526 0.03017903412821 0.043964697665795 -12.7319620512555 -3.50994961334335 -0.025006629248082 3.49660325117317 12.8608817395499
"etap[120]" -0.075397715350989 6.42721666774001 0.0302981899327611 0.0439309054270009 -13.2586618122384 -3.55604953140836 -0.0803353776905939 3.4064151958992 13.054843157199
"etap[121]" -0.0405420205787564 6.38712780073747 0.0301092092013772 0.0432301432198388 -13.1098686090078 -3.50402991306591 -0.0069540226117893 3.46836619667717 12.7832159171809
"etap[122]" -0.02133158830057 6.42693783737462 0.0302968755138133 0.0433097849510202 -12.9899893633561 -3.528195367815 -0.0140227032668138 3.48080929907893 12.9730967676748
"etap[123]" 0.0671133019318465 6.43547321878848 0.030337111687665 0.0439372094432641 -12.8027127635732 -3.41788202116611 0.0903206175004103 3.54735807928562 12.9214290578089
"etap[124]" 0.0141201000396048 6.41365908052924 0.0302342788537394 0.0440043116953938 -12.9656596283635 -3.44759241923338 0.0192687915200407 3.51672938373849 13.0232272524011
"etap[125]" -0.00079978940795799 6.47235118886155 0.0305109561057654 0.044536975455558 -13.0742764634479 -3.47007050213373 0.0111081517219875 3.48141666801831 12.9107133621215
"etap[126]" 0.0369213242050609 6.35353395780329 0.0299508463070781 0.0410205623429229 -12.6860966011218 -3.45233108357194 0.0146271664984315 3.51355344147944 13.0584400331203
"etap[127]" 0.00975948518293608 6.47096008117467 0.0305043983612404 0.0463325376964049 -12.8977806182335 -3.46802713136204 0.0225447004995591 3.51281564601059 12.9213304720871
"etap[128]" 0.0316938569641948 6.53419435031715 0.0308024875646672 0.0472141439421412 -12.927924107939 -3.46595028840281 0.0239230153773946 3.46395692778509 13.1788487091411
"etap[129]" -0.0493314186204791 6.44027225781635 0.0303597345745969 0.0441616523914878 -13.3188257612213 -3.44327220583399 -0.00161578448383048 3.44621669146434 12.6520113526364
"etap[130]" -0.0350943929676876 6.3550110204033 0.0299578092469494 0.0439958411306234 -12.9197584787266 -3.50245484500718 -0.026193204515335 3.44688947836241 12.6982453867906
"etap[131]" -0.0414983183502543 6.38013987551616 0.0300762678059745 0.0435037123193298 -12.8482083034597 -3.55866857240919 -0.0516147325105684 3.52354860998474 12.5866431465635
"etap[132]" 0.0217098723521231 6.43214105682784 0.0303214037255425 0.0412734025147074 -12.8230889874945 -3.49728287269509 0.00806621887280362 3.50631068650007 13.0223926058122
"etap[133]" -0.0554647191218863 6.34950364491362 0.0299318472299141 0.0424991204323012 -12.937146532383 -3.51566406558911 -0.0416666139273062 3.42685804639389 12.6417839780776
"etap[134]" -0.00315632001631458 6.48673082249468 0.0305787423487852 0.0459134350686185 -13.0253001707404 -3.49458536909292 0.00978264448784105 3.48749474116094 13.0666272368634
"etap[135]" -0.0180539162627945 6.33031579697028 0.0298413948472667 0.0435552541171732 -13.0735896669556 -3.46330784329174 0.000290511580316191 3.44252294990758 12.7452841896976
"etap[136]" -0.0533105259382144 6.31941472105488 0.0297900066825867 0.0376961817128275 -12.9263629959439 -3.54459446502891 -0.00436358854676159 3.46503057626786 12.5395740630385
"etap[137]" 0.0187790080733781 6.36658245854109 0.0300123575294515 0.0445466756473693 -12.781117019366 -3.42927830361303 0.0337173326664731 3.47930141110654 12.806860883019
"etap[138]" -0.0538794614268171 6.41104569302294 0.0302219592268889 0.0453445810089056 -13.1106969937806 -3.51412835084803 -0.0106670023402023 3.4399547145964 12.7110122571028
"etap[139]" -0.0802390902372116 6.40623544449895 0.0301992834978855 0.0445151247085901 -12.9908206153742 -3.56760743881465 -0.022091631148532 3.46293886241944 12.7538705936456
"etap[140]" 0.0378949555284732 6.4881659196559 0.0305855074616809 0.0478971284374435 -12.8583171265673 -3.46230516762848 -0.0113403441607225 3.48734819476575 13.0095351222097
"etap[141]" -0.0132731157224549 6.47560126834622 0.0305262771273855 0.0405577204241314 -12.968077684126 -3.52660003305307 -0.0169327527446124 3.50321414605191 12.8881621463736
"etap[142]" -0.0069070569630882 6.44984819932419 0.0304048759957732 0.0469903955872123 -13.1599351530836 -3.52021849032443 0.0178276023371032 3.56575603342408 12.7201617081693
"etap[143]" 0.0498161106697972 6.49916477988874 0.030637356586054 0.0422489169640461 -12.9145038744955 -3.42476537795128 -0.0262009081573794 3.48239198569295 13.1724123889192
"etap[144]" -0.0551964804273203 6.36810354103966 0.0300195279811147 0.0447323933578985 -12.9719909591598 -3.51175383405314 -0.0434772809225204 3.42405201729813 12.4722738618691
"etap[145]" 0.0294010274736197 6.41094541060617 0.0302214864910427 0.0437037974055188 -12.9760834674881 -3.44635207733681 0.00886196432584482 3.52169573505076 12.9886297101454
"etap[146]" -0.0883954467083363 6.49836386573446 0.0306335810405231 0.0438765737248051 -13.3451641450064 -3.59101283398074 -0.0802651252630923 3.4428040426381 13.0981749350579
"etap[147]" 0.00906002789774612 6.50697562018116 0.0306741772403042 0.0514540247493474 -12.8705291411653 -3.52166622676263 -0.0107795188558351 3.50884337162624 12.9802591011892
"etap[148]" -0.0104750673980671 6.42877587358615 0.0303055400996082 0.04287197690579 -13.1104613113171 -3.47907987132125 -0.0238353139837006 3.48404690022197 13.0365457002188
"etap[149]" 0.0692799372047877 6.40708972310804 0.0302033106058689 0.0444457484739316 -12.7931525120803 -3.37202299120428 0.0208363434217963 3.4991280980483 12.8407075797507
"etap[150]" -0.0226723998420315 6.55285666503649 0.0308904625599385 0.0464780795496656 -13.1493043755807 -3.50105034615383 -0.023549374409452 3.4959340867302 12.9972896810482
"etap[151]" -0.0204055789837313 6.49181814166486 0.0306027242013405 0.0435498876621009 -13.236365848188 -3.51525659425344 0.00239897025988988 3.52717354668479 12.9935483874774
"etap[152]" 0.000785875065277884 6.36848315284323 0.0300213174883182 0.0431704870488796 -12.9520844027835 -3.47704992963108 0.017910668607716 3.4659925289844 12.9108885441946
"etap[153]" -0.0589841084364013 6.42961376840616 0.0303094899736692 0.0452839996309764 -13.0630140519075 -3.48929051435418 -0.0297790669753219 3.41704613962609 12.8550221220157
"etap[154]" 0.0406341868236269 6.45072038904622 0.0304089875375527 0.0504350855876216 -12.8225374973898 -3.42931944852785 0.0402518597206212 3.49969933633159 13.2477736698796
"etap[155]" 0.00710956763293527 6.37276981090159 0.0300415249881962 0.0446110003137457 -12.9639090255926 -3.43911867174484 0.0361395404294889 3.50634767488167 12.8640552040584
"etap[156]" -0.00548369439903028 6.45551600765475 0.0304315943004732 0.0453438505528476 -13.115780816432 -3.48667771287655 0.00442769121159934 3.55339665325413 12.7084019928109
"etap[157]" -0.0890525960313961 6.51145439577199 0.0306952903909155 0.0449567168830245 -13.2446458684633 -3.58741681184154 -0.0466419914400891 3.45635361417611 13.0303883524362
"etap[158]" 0.0230094021498532 6.38605391792599 0.0301041468692559 0.045827724892602 -12.9124287630183 -3.47578049364193 0.0388841922660979 3.51391309708417 12.8207475167968
"etap[159]" -0.0167349091554294 6.3939540189549 0.0301413883026533 0.042942835767255 -12.8383200143637 -3.44494904729652 -0.0410075488593829 3.45161229111002 12.7508218139188
"etap[160]" 0.019197921640981 6.42877632129444 0.0303055422101254 0.0438851102746347 -12.7299346364328 -3.54580948078125 -0.0164885270361857 3.54639299776803 13.19156445262
"etap[161]" -0.0139263310671804 6.40009720858845 0.0301703475763066 0.0488829060946869 -12.9569155151385 -3.47706736522897 0.00705412271230951 3.54894953452407 12.5586205236689
"etap[162]" -0.000182827452543233 6.47447052360068 0.0305209467455364 0.0468271358854366 -13.0282375840254 -3.44265260145259 0.00863539181331048 3.46527380228509 12.8207152664373
"etap[163]" 0.0422395380139979 6.42380248364646 0.030282095314596 0.0455407100180444 -12.9316272587845 -3.4586492064974 0.0504155066533922 3.5409250349539 12.9542979509773
"etap[164]" 0.00571311405379236 6.47083076170231 0.0305037887434014 0.0427522552718426 -13.027697293919 -3.4744578953785 0.0199798338114232 3.48724800818147 13.0477239036963
"etap[165]" 0.0208163280722215 6.48842917149088 0.0305867484427321 0.0476284860008538 -12.976730634217 -3.44116812719104 0.0078849066181408 3.53703917676528 12.9919324816344
"etap[166]" 0.000456714117848509 6.35388389046601 0.0299524959054699 0.0461522247379738 -12.6523429920173 -3.49124727428837 -0.0069756042958607 3.42380376804943 12.9895383038138
"etap[167]" -0.0673258966533187 6.4129451047965 0.0302309131398579 0.0404354998939799 -13.1776085119049 -3.50297966451982 -0.0141740500419718 3.44889898114318 12.7407684218417
"etap[168]" -0.026382060856385 6.49371097432204 0.0306116471000574 0.0421554787674938 -13.0214918871772 -3.51572215162027 -0.0153610492573619 3.45938412358557 13.0928902128791
"etap[169]" 0.0389265021992733 6.44024136980214 0.0303595889671016 0.0431066939778173 -12.9862323279173 -3.49187762680911 0.0454105213681108 3.60343162357685 12.9165671082807
"etap[170]" 0.0350292783053426 6.53661213730212 0.0308138851218175 0.0460997935777552 -12.8383541054041 -3.41893716664796 0.0193373192964457 3.53524400330167 13.0232917389169
"etap[171]" 0.0118842646099333 6.38438543260602 0.0300962815540289 0.0437772219944454 -12.8444769575017 -3.49130124832523 0.0372374383657871 3.50117774308205 12.8113553044477
"etap[172]" 0.0508244906709029 6.45006520039466 0.0304058989486295 0.043645533612331 -12.6706291265942 -3.47011502076771 -0.0236150980802594 3.48501135995899 13.2075241029165
"etap[173]" -0.0912292411055788 6.40229263522107 0.0301806969167034 0.0480068459635823 -13.0894609189751 -3.54228397214338 -0.0701039415930843 3.43527286141866 12.6209807840211
"etap[174]" -0.0864956344764834 6.45910426358772 0.0304485095011588 0.0431202554733269 -12.9996169584915 -3.54424463765826 -0.0659932508804226 3.43162005302715 12.6279066215422
"etap[175]" -0.0273010925178143 6.36268923300774 0.0299940046882827 0.0435753400255122 -12.9650060630649 -3.49294052452671 -0.0218384829433345 3.43583484476105 12.8077111426522
"etap[176]" -0.0493555616894952 6.44959414180558 0.030403678357145 0.0442095318437406 -13.0940689193225 -3.4764354564316 -0.00312814118075259 3.45623587782408 12.6415834950049
"etap[177]" 0.0218850558401588 6.33057444096298 0.029842614106741 0.0440641305211368 -12.8043742545976 -3.47726194580776 0.0329817531259027 3.55446879505437 13.0302438078065
"etap[178]" -0.0692980454577506 6.53329907564962 0.030798267199411 0.0464471089388961 -13.0578786543545 -3.46552103045703 -0.0317944284672091 3.36873055901926 12.8586723577168
"etap[179]" -0.0110525701072012 6.41916827812015 0.0302602494602422 0.0444313658006609 -12.851691662155 -3.50244932427522 -0.0282926897419361 3.48110039480678 12.8458165065761
"etap[180]" -0.0466206626470631 6.35588050285716 0.0299619080265444 0.0427535292865163 -13.071818520693 -3.4541364696009 0.0109284997678184 3.40113964726379 12.805128793085
"etap[181]" -0.060751281596392 6.40844095735192 0.030209680385181 0.0425786335489704 -12.9235397614898 -3.5289617086272 -0.0352337493846821 3.39790834108 12.8785296099277
"etap[182]" 0.0368139678958359 6.28997665528729 0.0296512343097248 0.0429364624782627 -12.685038977847 -3.48168721056921 0.0249716213165826 3.51122393653767 12.9515947789176
"etap[183]" 0.0242765662673865 6.45743741728977 0.0304406519123556 0.0455298869674433 -13.1009996030715 -3.42258224743006 0.0783528534834008 3.50728921414301 12.852159842451
"etap[184]" 0.0050637758946125 6.36985402734418 0.0300277798526901 0.0490313757161786 -12.7969057495496 -3.47449821172574 0.00108493906044042 3.50948121559536 13.0226838593977
"etap[185]" -0.0456649067841023 6.29666352645436 0.0296827565227058 0.0413499552717868 -12.8697523529775 -3.49016266840914 -0.0137802104218417 3.41096367225936 12.7297851722684
"etap[186]" 0.0686848745739274 6.37411918963808 0.0300478860205626 0.046036490759844 -12.6623327984526 -3.45734562602639 0.0411043639466555 3.54950078508208 12.800630128502
"etap[187]" -0.0260957460753229 6.48519203300448 0.0305714884255629 0.0532191771473048 -12.8574368915894 -3.47955784708667 0.00427769765685159 3.48552487250221 12.7030019734987
"etap[188]" -0.070245613445929 6.43194380344162 0.0303204738641624 0.0437506382378935 -13.1948672609248 -3.46155728741168 -0.0455290269326561 3.43967021080853 12.8895151687301
"etap[189]" -0.0217289842966379 6.4111421715921 0.0302224140312255 0.0443304129106899 -12.8877034743521 -3.53769541631813 -0.0432304699851414 3.40506925061972 12.9224642779774
"etap[190]" -0.00756763656462452 6.34766819303991 0.0299231948268045 0.0434882326071188 -12.8676699588184 -3.4257406992879 0.00177647731885223 3.45414668801457 12.7540645036744
"etap[191]" -0.0575279158764585 6.41119470222786 0.0302226616630173 0.0428035705522564 -13.0715967852983 -3.58289716475801 -0.0422970629482737 3.47026512639876 13.0455614314927
"etap[192]" 0.055956333752951 6.48715226121931 0.0305807290299855 0.044707162863131 -12.8139341119827 -3.43840658152752 0.035774563976445 3.51125957969771 13.0750276496985
"etap[193]" -0.0155630872908672 6.47484799913999 0.0305227261822936 0.0457572292162567 -13.1215117611183 -3.47585571074822 0.0267582701704932 3.46001476033148 13.1441580093923
"etap[194]" -0.0485074905696161 6.41553399684913 0.0302431172940323 0.0410033205714245 -13.0249380572664 -3.51160696696601 -0.0259002087735481 3.40970755741078 13.1660784107904
"etap[195]" -0.027920387299241 6.55461462543313 0.0308987496647219 0.0504286668688352 -13.3602836587908 -3.45630366508541 -0.0209189201009141 3.47379769580903 13.0776244673976
"etap[196]" -0.0755599954244974 6.45053690670881 0.0304081225935193 0.0448411574636901 -13.3594011935269 -3.58131054438227 -0.0796989775456885 3.47426258995545 13.0161184170427
"etap[197]" -0.0410139107973172 6.41041784236892 0.030218999510522 0.0473959939267691 -13.0479126521188 -3.48252035083412 -0.0011558377492166 3.40695900304128 12.8310875244723
"etap[198]" 0.0209532430416675 6.43337761843717 0.0303272329328712 0.0417762268000965 -12.806746961852 -3.48761039269846 0.00261631848297153 3.55071275214654 12.9936707574194
"etap[199]" 0.0222554213299835 6.51836219647972 0.030727854075739 0.0462531990914847 -12.8724324135314 -3.48308710473262 0.0000470376492999017 3.50305749206347 13.3081268960332
"etap[200]" -0.00996263660627738 6.37075401064744 0.030032022414668 0.0372188083567323 -12.9529711898898 -3.50629646231917 -0.0140002251548913 3.44991539766673 12.8966469653442
"etap[201]" -0.0429117727896638 6.47353292499369 0.0305165268633162 0.0477964847866886 -13.1766767713654 -3.54915216363008 -0.0324497308476703 3.47817777678464 12.9292890043691
"etap[202]" 0.0220916794899404 6.43919094644333 0.0303546372239007 0.0433018959205633 -13.0080615591257 -3.50194724293566 0.0233382054256785 3.5206372028034 13.1892665491462
"etap[203]" 0.0773211832220692 6.39811067537198 0.0301609829689171 0.043314039471791 -12.890928844997 -3.41180536997803 0.0589278248829321 3.57371041413024 12.7864177999712
"etap[204]" -0.0910444543030489 6.40537970887905 0.0301952495214873 0.0407587242315097 -13.0708376712687 -3.55294145994585 -0.0322075181866797 3.43001772062838 12.4957993090503
"etap[205]" 0.0203560292548275 6.53124005492311 0.0307885608826222 0.0449061502074034 -13.0186832397758 -3.47968308171047 0.0281273989886224 3.50135216620283 13.1525681078172
"etap[206]" -0.0334735911793856 6.34063805507925 0.0298900544386401 0.0423874940866313 -12.7993522189558 -3.44999744593055 -0.0421741469679203 3.43194437332347 12.7986509935719
"etap[207]" 0.0468443292640673 6.43571508220732 0.0303382518427556 0.0456616702512144 -12.822231768018 -3.45596313896891 0.0360582336091574 3.56599716300518 12.9963814905105
"etap[208]" 0.0736605766383405 6.42426515865901 0.0302842763855217 0.0417166127680199 -13.0370470623651 -3.36981229882119 0.0823375641806066 3.52178110587617 13.1736686485887
"etap[209]" -0.0249641866400038 6.3768902323598 0.0300609488412258 0.0394098664758867 -13.0736070750919 -3.50606505989854 0.018779611393724 3.48910813263792 12.7135604049365
"etap[210]" 0.101319563953149 6.36072106841127 0.0299847266713983 0.0417917124320237 -12.6610109513332 -3.38778243723834 0.0920905364223409 3.53813299238493 12.8905996539894
"etap[211]" -0.0129629601626647 6.51761106549132 0.0307243132103026 0.0462993017809813 -13.0994377618875 -3.51486567174296 -0.00114520790228816 3.51587769120247 13.044266793513
"etap[212]" 0.05931686412797 6.42373477430286 0.0302817761296893 0.0437270507217234 -12.8383216039828 -3.48520378393738 0.0251380551451272 3.55708524187085 13.0563001423635
"etap[213]" 0.0357334082950879 6.38357316401928 0.03009245248319 0.0416282485487197 -12.6496923112842 -3.49541866375234 0.0201216361667712 3.52203379515281 13.0294306987191
"etap[214]" -0.0542753668011092 6.43984822948215 0.0303577356858601 0.0420313983260991 -13.1726606722679 -3.51882596449107 -0.0104562609686873 3.43674396321503 12.8383380304044
"etap[215]" 0.0403331539551667 6.44517440691417 0.03038284352706 0.040331294848228 -12.791832178446 -3.4713764110129 0.0302152963958749 3.51403662976602 13.1146879312483
"etap[216]" -0.0286362452089552 6.38285280283974 0.0300890566680236 0.04326362491252 -12.8489429881307 -3.47036561046008 -0.0101214320957312 3.44637243037279 12.6930770219062
"etap[217]" -0.021392357155964 6.40398554454794 0.0301886773678032 0.0453979166334649 -12.8993084594548 -3.48562599077492 -0.000312769984356201 3.48419711160975 12.9523701912676
"etap[218]" -0.0345120313668133 6.44517064601989 0.0303828257980343 0.045777918439272 -13.1789985654054 -3.52846430431744 0.00855414154977067 3.54017906080667 12.8924676299136
"etap[219]" 0.0386573444466794 6.40507466595585 0.0301938115353569 0.0444377179489864 -12.6895974621371 -3.41680198088768 0.0224882820157363 3.50404391075681 12.9808461031286
"etap[220]" 0.0384483828759452 6.52128826309015 0.0307416476860219 0.0470420435179991 -12.9066262175256 -3.45171109792196 0.0303373906112186 3.51484443646608 12.90495773388
"etap[221]" -0.0591612513717071 6.42096011805724 0.030268696274711 0.0448609022418194 -13.2591672394569 -3.52360589745663 -0.0258126405103112 3.4450236029363 12.965203824881
"etap[222]" -0.0357077017182542 6.37352217141877 0.0300450716496868 0.0440197014493614 -12.7724169548602 -3.51086162501754 0.00937449956155914 3.41746302523194 12.6967691985765
"etap[223]" -0.0889559157185857 6.36378899131783 0.0299991889986743 0.0495987600236806 -12.7679935560955 -3.49000851664755 -0.0342994759012895 3.3511192376204 12.6897639184016
"etap[224]" 0.0340370590810571 6.45311470632927 0.0304202744574671 0.04104657766138 -12.7621073903794 -3.49839873250076 0.0237472643917539 3.4955143450359 13.1789725824199
"etap[225]" -0.00405505923358149 6.43041171742334 0.0303132515414098 0.0452793473641574 -12.957409312236 -3.50724488529685 0.00476251694059568 3.50668340280745 12.7733430971093
"etap[226]" 0.0616141607067411 6.41120484691733 0.030222709485542 0.0425526047587284 -12.4979631847649 -3.44715315438736 0.07403149702187 3.54858275053969 13.05196676067
"etap[227]" -0.00946147204325672 6.41825845722562 0.0302559605234143 0.0426252149744152 -12.9137005768056 -3.52344752850124 -0.0305828884427337 3.46921092286872 12.9845765995262
"etap[228]" 0.0142294380160602 6.30373858860464 0.0297161086855311 0.0400659811742245 -12.8258858512631 -3.46736521431991 0.0150801921650827 3.49512986751068 12.6594179766434
"etap[229]" 0.0427885334069899 6.40600989393297 0.0301982202423208 0.0418460511683318 -12.726516856551 -3.46073911632215 0.0338011365234006 3.50593876558559 12.948039969749
"etap[230]" 0.0457428681236319 6.33830623925562 0.029879062153431 0.0419926692543475 -12.6753525355684 -3.44521209121598 0.0217055265873436 3.48155110503795 12.9919102535276
"etap[231]" 0.0864391941944541 6.52076193117609 0.0307391665335847 0.0475152197046224 -12.7823933265582 -3.45680936835766 0.0502227500533914 3.54483280219218 13.3225281730695
"etap[232]" 0.0246994061078443 6.49139195520741 0.0306007151391131 0.0503946978164534 -12.8331212392953 -3.48315573204079 0.00990534809618657 3.51245290233202 12.8460232107327
"etap[233]" -0.0319755788966742 6.43398473517328 0.0303300949086117 0.0441587865177816 -13.1171238848278 -3.49999263690676 -0.00735180440955542 3.47494294747757 12.8264118890136
"etap[234]" -0.0298473288577722 6.34546361219054 0.0299128023330161 0.0430254851237564 -12.6276741421024 -3.53204089768423 -0.0375252927857734 3.43473982942159 12.7783353906495
"etap[235]" -0.069953748027478 6.43952149546902 0.0303561954469512 0.0424003683858353 -12.9715994869961 -3.55397227404583 -0.064695841418446 3.45577567966362 12.8157810420253
"etap[236]" -0.0238658504249133 6.431750668776 0.0303195634186175 0.0422937198090131 -12.8916690838102 -3.49529769182739 0.0116956168263724 3.48468469368861 12.961297295896
"etap[237]" 0.0500718229871207 6.44101300656933 0.0303632264977061 0.0439644198690849 -13.0278200241688 -3.49134401448729 0.0355838963792126 3.55249125430371 13.1186783148702
"etap[238]" 0.082823788497241 6.37854531749952 0.0300687509873974 0.0448082118353201 -12.9688845217325 -3.45765606226424 0.0917195385749767 3.58776162779255 12.8097203166727
"etap[239]" 0.0565201156124939 6.44225633082534 0.0303690875844571 0.041230996426835 -12.8462730047082 -3.44648866518715 0.0467950773633832 3.57454548379679 12.933231957992
"etap[240]" -0.0124278353636937 6.33509215354407 0.0298639108080847 0.0428304416010844 -12.8595395544694 -3.49700440195696 0.00182860060872062 3.42459223267319 12.8108493396896
"etap[241]" -0.00574002221742184 6.39172121588385 0.030130862768036 0.0444394772227077 -12.8722908505569 -3.49952994160652 -0.00822397599870451 3.46653929166454 13.0362047416186
"etap[242]" 0.0346669139276829 6.42791771697881 0.0303014947105658 0.0412543461313406 -12.8471528680716 -3.43977415577275 0.00572923219234427 3.48734586832318 13.1404351040985
"etap[243]" 0.0808290817884229 6.43233736700273 0.0303223291405817 0.0466446871144986 -12.7026938980459 -3.45949512407269 0.0326070454971013 3.54275369232794 13.1031918485725
"etap[244]" -0.0585023455111791 6.45409980277312 0.0304249182466375 0.0447320245158059 -13.1912996147272 -3.5822636750788 -0.0279424474654572 3.46443815618646 12.9356736042705
"etap[245]" -0.0511171207461994 6.50123321813575 0.0306471072974602 0.0527834352314759 -12.9370767714731 -3.51243497998169 -0.0421417679202247 3.42597408618818 12.8676829220925
"etap[246]" 0.0529634040844743 6.35426899314446 0.0299543112969057 0.0421314873614582 -12.7311804988543 -3.45507359938906 0.0464992779121919 3.52916257698873 13.0710457867994
"etap[247]" -0.0236153662931156 6.43498634244141 0.0303348165305543 0.0400032527049229 -12.8930881662768 -3.50558303805461 0.0052026470163824 3.45672240180533 12.9620862920831
"etap[248]" 0.0207766514032652 6.38447245547927 0.0300966917837874 0.0454445093479727 -12.9608024733128 -3.45472211553955 0.0210940800256404 3.49902736510087 12.8017899777477
"etap[249]" -0.00213805969161925 6.38902400338971 0.0301181479864033 0.041772658009048 -12.8079726538441 -3.46212913969696 -0.00185884128845224 3.49170824601369 12.8338556173483
"etap[250]" 0.0553956288099329 6.39613025459268 0.0301516471758328 0.0442732143877839 -12.9179697255017 -3.46317198349662 0.0255165741753229 3.52376198821318 13.0677970665525
"etap[251]" 0.00517002068857241 6.43336530178225 0.0303271748716031 0.044657657772646 -12.8714348538879 -3.50437396448626 -0.000530576541017913 3.48777091038722 12.8725589495381
"etap[252]" -0.0119112768412922 6.41305148209051 0.0302314146072309 0.0432520634566107 -13.0447660086619 -3.52366213067963 0.00894605300878592 3.49863923302445 12.8239944331558
"etap[253]" 0.0245189134429747 6.40862823778549 0.0302105632336114 0.0426372737095412 -12.6644582400964 -3.45800956658143 -0.0100715918513518 3.51371382749605 12.9181991777994
"etap[254]" 0.0201241162623262 6.39454264863572 0.0301441631295793 0.0423807155466062 -12.8751606364134 -3.43737043237101 0.0211053078054248 3.48096973131316 12.9363439013319
"etap[255]" 0.0665479407359915 6.41562497211339 0.0302435461555409 0.043517440575231 -12.7132886416401 -3.50208907276216 0.0458131896070196 3.56626022632342 12.9991128731353
"etap[256]" 0.0198832659294572 6.315464106114 0.0297713833051563 0.041995746286527 -12.7665032935564 -3.43970956792546 0.0334586157133259 3.51524190851484 12.7418317129471
"etap[257]" 0.0312417183605661 6.42662503735994 0.0302954009604031 0.0490005931383394 -12.7681052128982 -3.49508138644126 0.0305087564912771 3.52619655524711 13.0131492890326
"etap[258]" 0.0443101972682003 6.37439176335071 0.0300491709453664 0.045719087952262 -12.6594964297087 -3.47811099181672 0.0435545971480792 3.51680917919773 13.0026484655026
"etap[259]" 0.0725415913131694 6.40649744833877 0.0302005185958311 0.0431818222365959 -12.7234268787273 -3.45245328444293 0.035988170457869 3.49120695091025 13.3753957878912
"etap[260]" -0.00171933833102341 6.45167828311323 0.030413503093489 0.0440344215460006 -12.8888376859894 -3.49841213612125 0.0295996039497085 3.50791371031555 12.9113679784708
"mean.p0" -1.84727629157835 0.366901948344497 0.00172959237136633 0.0115564522696015 -2.63314683113102 -2.0688490241195 -1.82626292985618 -1.6113036192845 -1.16340360034936
"mumup0" 0.895006044397804 0.138932631497974 0.000654934705735393 0.00354260120041309 0.435712358284647 0.887738865122066 0.940616401039067 0.970626801785795 0.995820384110615
"mupsi" 5.50024373013195 1.3258463227554 0.00625009950421062 0.014040027764463 3.12342824459976 4.57424202487224 5.42445488366296 6.3528512512817 8.28452187770623
"ppo[1]" 0.127769792535992 0.0697321131731134 0.000328720333941175 0.00184144073650238 0.017272474451556 0.0813011685309171 0.123719227654917 0.163346417316438 0.286008485199853
"ppo[2]" 0.148813897621268 0.067353331635524 0.000317506650233236 0.00131732528287394 0.0403697274490001 0.10455665776992 0.141064420949493 0.18197008123097 0.307180854075695
"ppo[3]" 0.149103189046095 0.067876668503826 0.000319973683889378 0.00129542705867138 0.0399519531608941 0.105039161386126 0.141094236625746 0.182258291762008 0.309175818128143
"ppo[4]" 0.149001171426717 0.0673292421807462 0.00031739309145438 0.0012298797866203 0.0399931294008883 0.105153063854542 0.14113408095499 0.1824009083287 0.309001326045532
"ppo[5]" 0.12745196916468 0.0668251241716873 0.000315016656369555 0.00170775944633973 0.0190942855664541 0.0815934067092519 0.124114570618353 0.163273680795952 0.284014908122783
"ppo[6]" 0.128077505166051 0.0680172755919684 0.000320636512059434 0.00169183096083158 0.0180047652973745 0.0820305736285745 0.12443582042604 0.164341785363797 0.285768180010587
"ppo[7]" 0.127658276328566 0.0681142508378087 0.000321093657752374 0.0017322101153075 0.0186216813880237 0.0817887860805525 0.123858325350135 0.163089369124631 0.28208803806702
"ppo[8]" 0.17861399942641 0.0823894532841943 0.000388387607436707 0.00147413495402017 0.0633654555979553 0.124623789875928 0.161880029161674 0.214599765513386 0.388943748256464
"ppo[9]" 0.148700306487539 0.0671845102122941 0.000316710818412067 0.00124457779854244 0.0403762497048819 0.10426372713961 0.141024459255711 0.182436308218075 0.305381327703227
"ppo[10]" 0.148461053698363 0.0673050039429839 0.000317278831305808 0.0011990243460057 0.0379792356084933 0.104425529676323 0.140898351100729 0.181901442042191 0.304259725320381
"ppo[11]" 0.149099256261974 0.0685956338000461 0.000323362918798678 0.00121210449336474 0.0402846308639118 0.103568012293063 0.140850028320463 0.182979361575564 0.311318363265301
"ppo[12]" 0.179383521722677 0.0826428080478762 0.000389581933246343 0.00144741167494448 0.0638077194797479 0.125936963515654 0.1625459611687 0.214486919780981 0.393542251062456
"ppo[13]" 0.149195154356926 0.0672549232239393 0.000317042748532187 0.00128906132862667 0.0412636475536583 0.104709416756768 0.141456747387272 0.182453716472628 0.308224950246713
"ppo[14]" 0.179215517188661 0.0820889657406528 0.000386971095572039 0.00144075830142783 0.0644597278555717 0.12605347627927 0.161984671496541 0.215163721001532 0.390142267486037
"ppo[15]" 0.21318444070449 0.10432870139288 0.000491810214848614 0.00228284943057074 0.0825533840550371 0.141808440042638 0.185181949624477 0.258528474887897 0.493756482574082
"ppo[16]" 0.129035763955379 0.0696553064062652 0.000328358263369979 0.00147761535379997 0.018751795674489 0.0825475272526365 0.125190678706714 0.164309644016483 0.288231319570713
"psi0" 0.991412784787035 0.0126325090144543 0.0000595502185834721 0.000125566618876313 0.957848859001971 0.989791180864824 0.995611872441379 0.998261254684444 0.999747670360859
"sdeps" 0.531163994376262 0.404966309046402 0.00190902948852532 0.0174098348470724 0.0161665415311571 0.214642420737478 0.452105974370325 0.759614956562366 1.51848574136562
