"Mean" "SD" "Naive SE" "Time-series SE" "2.5%" "25%" "50%" "75%" "97.5%"
"N" 10.3108 0.701959858739061 0.00330907050823427 0.0112961976265777 10 10 10 10 12
"betapsi[1]" 0.39441462275022 2.66495776210182 0.0125627313677195 0.0186219850035676 -4.6323916817311 -1.10822929506746 0.110168320226854 1.70694042917138 6.55490767569676
"betapsi[2]" 0.355391455755518 2.68533694659313 0.0126587997647118 0.0189651988282221 -4.73573935384373 -1.13788062288821 0.0994866152653176 1.66392910091827 6.61110728074564
"betapsi[3]" 0.347196108195318 2.66944057405321 0.0125838635459169 0.0183447697202612 -4.67909396317618 -1.15596463192251 0.0855259340784812 1.65408304515103 6.46295502257073
"betapsi[4]" 0.348596069676631 2.68947613900962 0.0126783121048874 0.0187813801595682 -4.74510250573163 -1.15026399181565 0.0927778186208975 1.66302789595203 6.58089742520699
"betapsi[5]" 0.362617624795913 2.65344448910746 0.0125084572783331 0.0180115576237353 -4.66572248254043 -1.12529304317538 0.106412597280669 1.66935084053814 6.47052831461122
"betapsi[6]" 0.401862835675468 2.71403215891588 0.0127940702928519 0.0197687088916268 -4.65868597617047 -1.11215058368919 0.112676496074026 1.72424339771868 6.73927097949723
"betapsi[7]" 0.395387185214092 2.68891309992998 0.0126756579132122 0.0181823868629627 -4.66760673551865 -1.10784379300999 0.103783857490959 1.70415176545512 6.67227270466475
"betapsi[8]" 0.386401102422339 2.67880770736977 0.0126280206358397 0.0197115321436567 -4.62570675696855 -1.11550358413342 0.10795789159847 1.67872042603022 6.65278325462429
"betapsi[9]" -3.96694617977823 3.14589412625704 0.0148298871304752 0.0874687284760386 -10.3619564754017 -6.11607179961004 -3.90984577339522 -1.37202869112159 0.899550339353606
"betapsi[10]" 0.400656285330485 2.66974915077116 0.0125853181905154 0.0183397979110458 -4.61347475493935 -1.10172434192645 0.10898062032559 1.71258387651891 6.61766086345395
"betapsi[11]" 0.366514655119502 2.66405982828594 0.0125584984671177 0.017712993177412 -4.66224815842931 -1.14325605230603 0.0982739976360244 1.69069783382646 6.51736628885149
"betapsi[12]" 0.381604585147789 2.67912336986489 0.0126295086831121 0.0185199349757964 -4.6097841848174 -1.1403638204518 0.0931864237069595 1.67230825675909 6.69178513579643
"betapsi[13]" 0.353145148206249 2.6826025632836 0.012645909758175 0.0185975250705738 -4.71496173070818 -1.14758868307923 0.0956503255892684 1.65715929313529 6.66983951430324
"betapsi[14]" 0.34245206677848 2.65989672644878 0.0125388734168522 0.0184440188715651 -4.70079174811679 -1.1598393694982 0.0903857797018625 1.6767972682912 6.35420684019752
"betapsi[15]" 0.360741047233801 2.64248506020504 0.0124567940350342 0.0188545594510577 -4.63629695062632 -1.1253668574088 0.0998718186598939 1.67193378815835 6.54207634969306
"betapsi[16]" 0.387603889961299 2.66816933348388 0.012577870860403 0.0184783825933475 -4.56930034108023 -1.10859797969319 0.104513406464491 1.68792765931575 6.52726580924166
"etap[1]" 0.0652226647881791 5.39020412883075 0.025409665943173 0.0780390572152451 -10.5191622886925 -2.73011698833629 0.0554129658768229 2.86532873585122 10.631692698265
"etap[2]" -0.0243782960946285 4.85418797477211 0.0228828615607704 0.0491311736378162 -9.49079899222469 -2.46368069282867 -0.0209233373321795 2.37608336765652 9.54241772259511
"etap[3]" 0.159593251516848 7.1217807415904 0.0335723963766822 0.174172908764351 -13.618981656481 -4.04738560800057 0.194687020160912 4.37915893316528 13.8453132611607
"etap[4]" -0.090188191052334 5.58271809893059 0.026317185501378 0.0935024565963111 -11.006485896166 -3.01272697011281 -0.129935549204328 2.8566809450348 11.1555871600317
"etap[5]" -0.050393305356317 5.64660378008455 0.0266183454904759 0.0979174209969489 -10.8277643009384 -3.01902777973554 -0.0690664955885507 2.89866018574538 11.087056872065
"etap[6]" -0.0802684368921754 5.57594191445066 0.0262852422614024 0.102111023955077 -10.9945173171965 -3.03732192199306 -0.0613432712041878 2.86061963564379 11.0471775319368
"etap[7]" 0.0606185434094748 4.88336414071449 0.0230203993260162 0.0428383085924871 -9.55194375446263 -2.38356459091061 0.01955301648017 2.4543244106783 9.93665815643899
"etap[8]" -0.0689914988867134 4.96306684937542 0.0233961214978367 0.0558936601754563 -9.88900042941803 -2.48889033061285 -0.029856203419466 2.46206660767306 9.40252107595156
"etap[9]" 0.0530049179844989 5.28076121356057 0.0248937470929039 0.0794547399649266 -10.2024294203135 -2.64658344508244 0.0727027599562146 2.78720757892359 10.234825713838
"etap[10]" 0.310140321333538 7.36648256669233 0.0347259318426709 0.176332789207208 -13.4974105070618 -3.97022852834623 0.28301171029518 4.48218956292696 14.5433957815954
"etap[11]" -0.0863014091594463 7.03607226085752 0.0331683627238061 0.107621824844376 -13.6756263927033 -3.86625782621545 -0.0423590266744138 3.79657918401767 13.1872560998501
"etap[12]" -0.117856490980394 6.27170425965769 0.0295650974106701 0.0628328806433735 -12.7075380852662 -3.46943469716474 -0.06163051042734 3.29789272062462 12.3851346842494
"etap[13]" -0.0500147068154001 6.1638675427164 0.0290567502519362 0.0576880454764664 -12.279158655155 -3.28547219657735 0.00745913703579699 3.25654816131652 12.0584429327544
"etap[14]" -0.0701682055411566 6.17155642760859 0.0290929960029164 0.060951408965828 -12.3386885302161 -3.29780047140552 -0.0496946457166382 3.22342820159129 11.9923048564696
"etap[15]" 0.101591960834087 6.10150130825925 0.028762753003258 0.0479040451525171 -11.8162532955405 -3.16479155516034 0.0122851869011331 3.2928096276155 12.3909628392594
"etap[16]" -0.0792321944799575 6.0621011419057 0.0285770188378682 0.0534083549092389 -12.2048253900381 -3.30018057125681 -0.0489724326004224 3.17937317587799 11.8995475668447
"etap[17]" 0.0659582460552888 6.21785314457008 0.0293112408196507 0.0479636292119051 -11.9894929741053 -3.17161043272787 0.0510986968277023 3.27396383098227 12.1602116758797
"etap[18]" -0.0184119581004914 6.34878162501512 0.0299284435954716 0.052717489310472 -12.3267504136927 -3.2498864765134 -0.0358810562275949 3.21413024295849 12.1914531976907
"etap[19]" 0.0504079968479322 6.29155137973034 0.0296586576319393 0.0522183497592767 -12.2079692609854 -3.26023534975884 0.0433151848176849 3.31112013693591 12.3566565864973
"etap[20]" -0.0644780013477823 6.05883573083276 0.028561625542448 0.0575837097772589 -11.996856639171 -3.25391038333187 -0.0101310629977469 3.20582160459847 11.843476276174
"etap[21]" -0.0139420675576994 6.24567305900514 0.0294423851539777 0.0513435240292301 -12.2096468488751 -3.25065728399898 0.0155533700372952 3.2545799629086 12.2646623249301
"etap[22]" -0.0424912756425266 6.24274687346682 0.0294285909830634 0.0532964119365252 -12.2477139923292 -3.24226189537764 -0.0411456720132164 3.19788182755422 12.1545736294814
"etap[23]" -0.0335760253115081 6.06200925618965 0.0285765856844488 0.0464082944560857 -12.0464588414179 -3.18628041838065 -0.0231145773228964 3.21121154767221 11.7908921100223
"etap[24]" 0.00175955749519659 6.15533427666612 0.029016524050004 0.0592951165335592 -12.3205214368494 -3.21760421332853 0.00597369810790188 3.27438383653839 12.0879623301307
"etap[25]" -0.0549726754091294 6.29881826412122 0.0296929140534786 0.058735302923877 -12.260714184276 -3.25962595736149 -0.0193009455005324 3.22103263277242 12.111911758726
"etap[26]" -0.00318140864312401 6.12255613657347 0.0288620064157761 0.0522125069157675 -11.9467477896245 -3.2787693608435 0.0118108573417712 3.16549627533649 12.1106103372468
"etap[27]" 0.0105383015986961 6.29098370214691 0.0296559815741476 0.0628615206902748 -12.279735400003 -3.20918545873267 -0.0146687819792899 3.23436209934617 12.3557514435978
"etap[28]" -0.0324283931141217 6.26800750486631 0.0295476707414609 0.0678648353523482 -11.9706054472022 -3.26514387074255 -0.0443103945473853 3.22140078148044 12.1803587023404
"etap[29]" -0.0378455650007617 6.42265907084983 0.0302767052149814 0.0587654600022165 -12.3884618039908 -3.25369106740801 0.0242845301439022 3.24156463439361 12.1597270083573
"etap[30]" -0.0416387991802372 6.20318238232873 0.0292420821832105 0.0471959045919385 -12.2655088679434 -3.2831745916083 -0.0193023878055284 3.21969427333934 11.9030450970409
"etap[31]" 0.0665868319488786 6.16241673046593 0.0290499110573993 0.0484747293299154 -11.7204738029987 -3.20706560308388 0.0317935782932341 3.28609574795885 12.1264879628397
"etap[32]" -0.113534951515585 6.37120353494748 0.0300341414925404 0.0717382912090842 -12.5205510670004 -3.23664021824122 -0.00993046288998199 3.16519267361841 11.6503891459052
"etap[33]" -0.0444733804378651 6.27274646225364 0.0295700104008231 0.0589167950915176 -12.1460835760794 -3.25260531064424 -0.0294691495724608 3.24763587443565 11.980019527026
"etap[34]" -0.0306877919202385 6.20901782340694 0.0292695907162612 0.057078990616999 -12.3048732226851 -3.20227458311521 0.00272210596650165 3.25700580774735 11.9388225056329
"etap[35]" 0.085951019220657 6.30902836833329 0.0297410449463118 0.0533396368548382 -12.1961800757437 -3.21187333870925 0.045507230777928 3.35384457515098 12.3285959610965
"etap[36]" -0.0462807644588804 6.28636291222148 0.0296341989615428 0.0591288653327295 -12.3496219462645 -3.2249252847976 0.00577650763423729 3.18923733661034 12.0129332276902
"etap[37]" -0.0598629317262515 6.46670876261882 0.0304843574533749 0.0632595154498097 -12.40506731267 -3.26383900337307 -0.0117370260985067 3.20793873858002 12.0358328059525
"etap[38]" -0.109648567887331 6.12686437082715 0.0288823156268142 0.0575351055085535 -12.2236019209037 -3.30454420618961 -0.0365202746809889 3.17910784247212 11.671066832217
"etap[39]" -0.0154676859637051 6.14894267587082 0.0289863937549041 0.0436343245613056 -12.2638970422402 -3.22013698873596 -0.00402372568489422 3.25080994008149 11.8806197826283
"etap[40]" -0.0889364877895136 6.27851199444234 0.0295971893802084 0.0612262000653497 -12.2531428971538 -3.27924971551449 -0.0632314694518215 3.16850254018468 11.9691019023284
"etap[41]" -0.0591747100466484 6.32328968367994 0.0298082734315802 0.0627994190134438 -12.5174880418322 -3.32060664988506 0.0155659811683119 3.30130468256662 12.2675335003855
"etap[42]" -0.0870475885890688 6.18312058353916 0.0291475099567644 0.0586958902874591 -12.2797740738098 -3.29086762225837 -0.0171969895164348 3.17478593165969 11.9887041287774
"etap[43]" 0.0432145333624345 6.10884136964879 0.0287973543844772 0.0453057070082082 -11.9875571422226 -3.26002628967385 0.0108627185393593 3.26443468654934 12.2831314114733
"etap[44]" -0.00406398249850055 6.31506843379402 0.0297695180879524 0.0635624449008695 -12.2667194723119 -3.24978008472183 -0.0429292001891175 3.24976108134488 12.2075569750258
"etap[45]" -0.0684213283604144 6.29846820638619 0.0296912638654903 0.0686983633030811 -12.2284949642551 -3.37126809442754 -0.0461765785666985 3.18256323664325 11.8240561313558
"etap[46]" -0.0444342760200475 6.1796971370433 0.0291313716752161 0.0614928416693682 -12.409841860682 -3.30041501335642 -0.0271304961778934 3.24478843464674 12.0455393074809
"etap[47]" -0.0081619382538122 6.13058357287563 0.0288998481134081 0.0492895324220089 -12.1595795501852 -3.21141042913044 -0.000239202809541225 3.15737341010498 12.2481742093616
"etap[48]" -0.0189072195590278 6.08659737667894 0.0286924951960129 0.0424813542827919 -12.1151918022118 -3.2458846404333 -0.0138912592520971 3.22906008937041 12.1441644859901
"etap[49]" -0.0464897254399659 6.21294055451035 0.0292880826480212 0.0567894350376862 -12.1643429284294 -3.27717444991114 -0.00127327442652151 3.2160626997182 12.0360019719459
"etap[50]" 0.0634256644297103 6.50084438196447 0.0306452743061703 0.0716438582026611 -12.2694863584783 -3.19950850436384 0.00363535731773608 3.25552273316871 12.5256330555371
"etap[51]" -0.0216874325734269 6.27652396552149 0.0295878177220008 0.0687452295597438 -12.2803174162121 -3.27215317373854 -0.020095604602448 3.26344451513134 12.2075256410094
"etap[52]" 0.0177517053270392 6.14514853215138 0.0289685079898853 0.0558853307594567 -11.9964626179886 -3.26666133540665 -0.00689413948422449 3.21654632860657 12.1261099359103
"etap[53]" -0.012488216066526 6.14669703402081 0.0289758076977023 0.053603050536476 -12.0858709832039 -3.24973068775314 -0.0125120318315071 3.2496481064895 11.943410455881
"etap[54]" 0.0367330309072849 6.18022644339585 0.0291338668492908 0.0458542191070294 -12.0509577442776 -3.19753791871947 0.0229956880017123 3.26441084345536 12.2373631976347
"etap[55]" 0.0426518867459656 6.23126493632609 0.0293744646123076 0.0542439636206047 -12.0307515287253 -3.24989570008371 -0.00294746150206266 3.26023559807642 11.9538903023115
"etap[56]" 0.0874667686775369 6.30583034411451 0.0297259693155685 0.0707218744708678 -11.990677881803 -3.18757082887788 0.0366894339568268 3.24187001622711 12.3545205372104
"etap[57]" 0.0498732066603085 6.22343876849863 0.0293375717033642 0.0473635885373915 -11.89285097387 -3.11499635721696 0.0244941518713498 3.19715072688474 12.1248189609806
"etap[58]" 0.114676480580573 6.26141255805036 0.0295165818640268 0.0716969904394042 -11.8911938475251 -3.20549206813524 0.0158520104020066 3.31972210022976 12.5030095870766
"etap[59]" -0.0889258887810924 6.28214408527902 0.0296143112206117 0.0581015276164804 -12.2970214879055 -3.28750805925561 -0.0743001356172412 3.13554301074207 11.8856877441098
"etap[60]" -0.0209675491278339 6.1830329426416 0.0291470968136113 0.0493191016944663 -12.302501028897 -3.23357347692943 0.017345902317498 3.27103123739093 12.1842582175098
"etap[61]" -0.0737885803448636 6.31784017337261 0.0297825841936304 0.082432097814305 -12.3201436473388 -3.26694114633492 -0.025362836173657 3.20979353364131 12.1012472401263
"etap[62]" 0.0127455390668657 6.3469894956297 0.0299199954165303 0.0696104734246784 -12.3071611042247 -3.22615642367518 -0.0592922891964807 3.21538849422758 12.3626254487139
"etap[63]" 0.0191271342122066 6.14291642109347 0.0289579857174493 0.0478719297555666 -11.9956322727164 -3.21028626827079 -0.00803471993792673 3.21876084736231 11.9750220838881
"etap[64]" -0.0315695994027639 6.39400921048961 0.030141648478043 0.0716088488745168 -12.1669079264812 -3.26688554486614 -0.018084197902707 3.25985335261192 11.9926124081068
"etap[65]" 0.0534111904255654 6.17635980653481 0.0291156393483253 0.0533530425397015 -11.8059438241284 -3.22459136432127 -0.00535538106353521 3.18322233448124 12.2040810994723
"etap[66]" 0.0346074864806415 6.21872193145346 0.029315336320295 0.0484052113594145 -12.1995687038833 -3.27812656198272 -0.0175370879908047 3.26962702030817 12.3342625419534
"etap[67]" -0.0263763755547381 6.18777101391323 0.029169432295784 0.0484538986864677 -12.0108411263893 -3.21106022290152 -0.0196382847903274 3.17646699509576 12.0579042607161
"etap[68]" -0.144045283459271 6.20353165778451 0.029243728683499 0.0577947994575941 -12.3615437472773 -3.31709155344812 -0.073941928861492 3.18515151878758 11.6989035715356
"etap[69]" -0.0285730028024331 6.20010720427903 0.0292275856548618 0.054501517232771 -12.1317636664065 -3.27639900398168 -0.00870920367038045 3.23947030994071 12.2829114749396
"etap[70]" -0.0265709922839582 6.11585289826234 0.028830407047338 0.0452813634168601 -12.0032788296336 -3.20767189280011 -0.0151816261157453 3.22107346293891 11.9262821044283
"etap[71]" 0.0351725651716552 6.19007521719118 0.0291802944142045 0.0633316274575517 -11.8121547974196 -3.21346039013784 0.0195855421322917 3.24720229339579 12.1058363231551
"etap[72]" 0.025003671511949 6.2713805230488 0.0295635713016603 0.0480961661880714 -12.0641954006991 -3.2204436362612 0.0357213892517327 3.23312030598102 12.1834889558221
"etap[73]" -0.0320823070973165 6.06760494351246 0.0286029640074579 0.0446249161665866 -12.2473788366333 -3.23062892851018 0.00356807670383608 3.25252060679081 11.9065553858902
"etap[74]" -0.0523842257208588 6.10734077368629 0.0287902805072711 0.0429026159766044 -12.0470372004807 -3.27401763794025 -0.0311679556920129 3.15407760822474 11.960313617142
"etap[75]" 0.0679459992602343 6.08243030356301 0.0286728514249597 0.0522961031772371 -11.842932358447 -3.18789314032514 0.0522507266528285 3.24775103422952 12.1724187408193
"etap[76]" 0.0679887837252529 6.15150022268488 0.0289984501462069 0.0601202950243849 -11.9014393174802 -3.14621338416286 0.0500969789424102 3.29055456137191 12.3205097702846
"etap[77]" -0.0150601689144763 6.21637916397656 0.0293042924084972 0.0437951915966877 -12.2140987162562 -3.29592593101427 -0.0322181534656553 3.21058128862767 12.1209933910286
"etap[78]" 0.0470878988432662 6.42961946188796 0.0303095168129999 0.0783042493354088 -12.213846181182 -3.24653191232267 -0.0383581150306785 3.25253596544146 12.3293356123226
"etap[79]" -0.0141389311516179 6.21680378692729 0.0293062941002833 0.0443913408419112 -12.2674493116465 -3.22066632899336 0.00407233265361099 3.25505323462752 12.0596458254826
"etap[80]" -0.0406385361745098 6.24834617978185 0.0294549863661654 0.0652667326524291 -12.3851468072178 -3.25491293668329 -0.0131737181564534 3.28274468955932 12.0760736866839
"etap[81]" 0.00743423081828942 6.20852534824786 0.0292672691660975 0.0529014918228631 -12.1973302198436 -3.20735363831204 0.0310594132541475 3.29018522231526 12.161122246364
"etap[82]" -0.0388797916637608 6.14552482369484 0.0289702818452326 0.0512848829815362 -12.3644101538336 -3.18226051131471 0.0138228351043619 3.21679461341477 11.7859774064797
"etap[83]" -0.00106286124521493 6.22647649525982 0.0293518916846458 0.0512591097035133 -12.3225409632258 -3.23883255415443 0.0294922922556542 3.25457688232095 12.1471637488628
"etap[84]" 0.0305486454639723 6.22892443810084 0.0293634313978647 0.063846455044046 -12.1454674046215 -3.23602308633133 -0.017141875814381 3.25174495540397 12.3137010392811
"etap[85]" -0.0223669678804618 6.2313993911667 0.0293750984385046 0.061680814300282 -12.1479346712554 -3.20419925434076 0.0413870569722317 3.26974086442557 11.8439850487573
"etap[86]" 0.00385530682564683 6.1046784954344 0.0287777304072357 0.0426399574031986 -12.1013281992943 -3.28995211637039 -0.00623447632618531 3.21485289114614 12.0830278600216
"etap[87]" 0.0576220387670405 6.24513679510799 0.0294398571817232 0.0461348587134939 -12.0674758148577 -3.20208632220705 0.0821737728642671 3.2838376972773 12.1116197592939
"etap[88]" -0.0867294997996552 6.19993463568023 0.0292267721586856 0.0569352423844534 -12.1610025552005 -3.29352808427411 -0.034979289966158 3.15581569369859 11.9607443761163
"etap[89]" -0.0886466837784408 6.22603056972139 0.0293497895714983 0.0536632151173943 -12.6305461176784 -3.30714586133493 -0.0239284293011076 3.18583579244296 11.9887745107911
"etap[90]" -0.000163683275661591 6.24620315331757 0.029444884042531 0.0522360891361079 -12.2721486550619 -3.19930305878382 0.0105457362479187 3.25233433034966 12.0346294343171
"etap[91]" -0.0850961519439704 6.21989093848935 0.0293208470723105 0.0680799894285795 -12.2910860843774 -3.25581313612054 -0.0215782353864345 3.19076572653466 12.007399298406
"etap[92]" 0.0221297279515375 6.06711895698739 0.0286006730450082 0.0458877858853369 -11.9733237152857 -3.22976058111093 0.0358391148288449 3.27842013534335 11.9715369756161
"etap[93]" -0.0490716669136354 6.31138090338636 0.0297521349029052 0.0712911520314236 -12.2306197785398 -3.26900224940085 -0.024070459619586 3.18465113294372 12.0843419306769
"etap[94]" 0.0532138498623055 6.07328701628017 0.0286297495553595 0.0490530487194529 -12.03338470249 -3.2082608872707 0.0212537130134839 3.29985901773972 11.96574744228
"etap[95]" 0.0170300389012087 6.11492923581445 0.0288260528608018 0.0536344560869133 -12.0474461360955 -3.20560691317372 -0.0199046588747974 3.21172161214192 11.9147781641535
"etap[96]" -0.0514136141558415 6.21908081165386 0.0293170280977839 0.057165721843349 -12.2657653510428 -3.24803248244145 0.0049042844275232 3.20809674702184 12.0445506114728
"etap[97]" 0.0705675569476658 6.21773084295495 0.029310664284308 0.0660567192766316 -11.971792712138 -3.19370475392331 0.0535670745505216 3.31517117912413 12.1599727312153
"etap[98]" 0.00165341129839392 6.19116579662226 0.0291854354549454 0.0459674779916332 -12.1853770731005 -3.24860307181732 0.0151900552804362 3.25946651437103 12.1323371405101
"etap[99]" -0.109729467484681 6.173865832945 0.0291038826440756 0.0528200038824634 -12.5572809002944 -3.30271229042083 -0.0323472966441657 3.21265123138804 11.8515614944045
"etap[100]" 0.0246660095463675 6.29971063490882 0.0296971207297136 0.0543398052695454 -12.2940490877793 -3.23415979383968 0.0222958381061564 3.27304903238544 12.3901620463635
"etap[101]" 0.0375328885246315 6.37591064822815 0.0300563310373443 0.0592837327289485 -12.1042874267153 -3.17864688342474 0.0546944233283465 3.31204714121011 12.1908292301019
"etap[102]" -0.00653291444324417 6.4319218784501 0.0303203705087612 0.0729427360870227 -12.1735052471113 -3.22044538378661 -0.0279986856650313 3.21722756676191 12.0794168631293
"etap[103]" 0.0923955427656127 6.16425023611456 0.0290585542859159 0.0491549501340653 -11.845866183042 -3.13588001357051 0.0627877337043114 3.25774290476027 12.0334234911602
"etap[104]" 0.0512472913490387 6.20789870271228 0.0292643151307135 0.053535998241642 -12.0162796316706 -3.24035105303406 0.0206548853493786 3.27426820633077 12.3751703391561
"etap[105]" 0.078750082398273 6.26408009013125 0.0295291567308496 0.0568347159035862 -11.665066996134 -3.2321906787668 -0.0405383946392496 3.22380854969867 12.7192034345393
"etap[106]" -0.017802864957221 6.11297136607313 0.02881682337433 0.0508281478277835 -12.2028796683002 -3.23817010297751 -0.0294189021187992 3.21674790343626 12.0204252470606
"etap[107]" -0.0000627752756999191 6.16940756137499 0.0290828661503454 0.0565154176458304 -12.0561586432569 -3.21957708013045 0.0168999301729357 3.25900732950159 12.1581724418598
"etap[108]" 0.00307340827588502 6.33354449375378 0.0298566150698668 0.0519654040375594 -12.0083957690542 -3.20481856847957 -0.00209551073634919 3.24499617050818 12.1191252387657
"etap[109]" 0.0552165524418419 6.12742207501172 0.0288849446695529 0.0531951669927688 -12.1259166113131 -3.22060702446357 0.0667302952156813 3.28620689197335 12.2289461700078
"etap[110]" -0.0431563421558134 5.99229913430627 0.0282479690184416 0.0429659230499214 -11.9668724091709 -3.24494927925086 -0.0551541007010506 3.15319584196614 11.924893583607
"etap[111]" -0.0379460101059053 6.23722622690112 0.0294025664055758 0.05344322914029 -12.3919317714683 -3.24263501644738 -0.0150066690497822 3.2392901437453 12.0300407465163
"etap[112]" -0.0218477208146038 6.36780330029737 0.0300181126326823 0.0571456713237885 -12.4017934948867 -3.30731569284294 -0.0330188113514477 3.21753411903034 12.4785813491847
"etap[113]" -0.0174658056396027 6.0984871744956 0.0287485442404335 0.0471907273193778 -12.2271475025949 -3.26217741627798 0.0339601383877573 3.26752477528344 12.0688786173643
"etap[114]" 0.0135028258481975 6.21105037744155 0.0292791722678679 0.0501338120860245 -12.0813475352711 -3.25259349921207 -0.0475788410630497 3.21233200852978 12.5771286158121
"etap[115]" 0.0142491690240953 6.29050963002078 0.0296537467767132 0.0727681405063912 -11.960259351194 -3.27540790834729 -0.0174619903224281 3.22213648800731 12.357916733774
"etap[116]" 0.0842066685712216 6.16343478367242 0.0290547102062387 0.0616602219260992 -11.8578738819679 -3.25475052612665 0.0108119235999709 3.29714424590306 12.529630048457
"etap[117]" 0.0295805403336277 6.22674586273798 0.0293531614951154 0.0692495617090475 -12.0364377979271 -3.21292850582652 -0.0188908580030261 3.26559726977437 12.1967089611177
"etap[118]" 0.0311787084763995 6.16588577018046 0.0290662642674416 0.0475813582004599 -11.9985667417862 -3.22407328791914 0.0500303369749528 3.25737038468666 12.2219208695756
"etap[119]" 0.0287210716072676 6.23704551168435 0.0294017145058742 0.0612413087015122 -12.1424771439822 -3.2348326392213 0.0134970019079938 3.26706815718118 12.2450157030057
"etap[120]" -0.146681333286597 6.27586992147533 0.0295847345287993 0.0727075353438533 -12.4032952828613 -3.33645936269388 -0.0427724640474655 3.18743738577811 11.814507409199
"etap[121]" -0.0118096329914639 6.39436763769804 0.0301433381201073 0.0535062468014906 -11.9976519767537 -3.27398371232504 0.00474076055433846 3.20813195894331 12.2437206696142
"etap[122]" 0.0212915830122764 6.0680054347864 0.0286048519414286 0.0465518279931232 -12.0548607259791 -3.20907787014816 0.000331948563816505 3.22715604860119 12.0752159460257
"etap[123]" 0.105175284540355 6.19709139661457 0.0292133690011932 0.0606374427351044 -11.8552320008697 -3.16182695134522 0.0345872454444706 3.25690290549516 12.2539050311553
"etap[124]" -0.0330674546662258 6.25399451765979 0.0294816128862715 0.0581933797625266 -12.2416655701278 -3.2460667659833 0.0278957013129999 3.21918075318757 12.0366340322272
"etap[125]" -0.100744977073115 6.27860540114025 0.029597629703605 0.067961380270301 -12.474292341474 -3.29000402553206 -0.0379149031987526 3.2069224589811 12.013285018934
"etap[126]" 0.0264754045380969 6.29694732742385 0.0296840943733061 0.066639647217385 -12.1779446202754 -3.19161853456359 0.071288376827166 3.29804595962327 12.2695260974099
"etap[127]" -0.0335557011225279 6.14102466468968 0.0289490678922394 0.0483675020026584 -12.3982602566001 -3.23878549422238 -0.00927403003960338 3.22442425000965 12.005974139591
"etap[128]" -0.0239420436124016 6.21438584642573 0.0292948958194489 0.0483913857647398 -12.0407326147378 -3.28354073616476 -0.0501128706897416 3.28376780732702 11.9983667275222
"etap[129]" -0.0999153423832297 6.26757955384764 0.0295456533610121 0.0791777051023603 -12.1650112898353 -3.26590402807595 -0.0735073216088018 3.21968562383428 11.9716394988449
"etap[130]" 0.0217262084498973 6.25544751595637 0.0294884623859286 0.0617215277546773 -12.130359800604 -3.21497580241827 0.0397705858390478 3.2388736386837 12.0926145549546
"etap[131]" 0.127674329895609 6.24469046139336 0.0294377531444146 0.0670346694805505 -12.0199859620886 -3.16252007663533 0.0537577657043925 3.30412769901479 12.4308555936998
"etap[132]" 0.0757248961185825 6.07518737544758 0.0286387079343859 0.0474606960511934 -11.9878069170092 -3.20595103767423 0.0418212783594273 3.31428924336942 12.2169460382922
"etap[133]" -0.0110721823723875 6.09063462510478 0.0287115269676079 0.0472789180939235 -12.2289976697707 -3.25630506207502 0.00843971934562913 3.26441244335753 12.047764286674
"etap[134]" 0.0575032335767997 6.2013071411647 0.0292332422115875 0.0553432833659217 -12.0016273937027 -3.23741539611817 0.0445944247841335 3.31470709474284 12.2345862152899
"etap[135]" -0.00622830907469899 6.1336064228563 0.0289140979648737 0.0484839245907956 -12.0914757056184 -3.18936274218247 -0.0156371123396773 3.25622606566985 12.0848676654797
"etap[136]" -0.0133902947076556 6.20229550212717 0.0292379013898463 0.0451214638114688 -12.279552959772 -3.28220018749884 0.00353904714838787 3.26861905411776 12.1844846040244
"etap[137]" 0.0242849341003471 6.35516428883206 0.0299585317612515 0.0570498166966218 -12.2580632797978 -3.25521404651516 -0.00454854584463481 3.21538928329318 12.2553256974245
"etap[138]" 0.027909556980493 6.15750255173366 0.0290267453966956 0.0539736142478185 -12.0176630574779 -3.25592496434597 -0.0013595247597192 3.26011690385564 12.1482953588114
"etap[139]" 0.032550401078455 6.17908947403459 0.0291285071243218 0.0672641327029668 -12.0585001998078 -3.17277025663361 0.0246321576578813 3.25257749132134 12.0532139046817
"etap[140]" 0.0392538957463769 6.14975651076556 0.0289902302093897 0.0532682442022939 -12.133383850228 -3.21548583435457 0.00777618460676859 3.29427627955304 12.3335331368456
"etap[141]" -0.0660721868336351 6.2154294675531 0.0292998154966233 0.051118048192974 -12.2530169609429 -3.29423708684298 -0.0374453799562176 3.18545807612215 12.190861045673
"etap[142]" 0.0190995151543063 6.25672727042311 0.0294944952063399 0.0532597997023775 -12.1113022283317 -3.221543111656 -0.0137197752671185 3.2428888438153 12.2557949108521
"etap[143]" -0.0860460985179596 6.22368559031464 0.0293387352325632 0.0510125162298467 -12.3347345932598 -3.24437760397047 -0.0196191653721996 3.18231538311393 11.6309053057154
"etap[144]" 0.0431572178397431 6.23724579105426 0.0294026586318781 0.0553676748254882 -12.1675002534457 -3.22174076148125 0.0274402908544915 3.32421422882297 12.308318733813
"etap[145]" 0.0189206229963702 6.18187737017577 0.0291416493927663 0.0502894044500481 -11.9845415275801 -3.21353682601861 0.0478428705789543 3.26198958325803 11.9871043615825
"etap[146]" 0.142833351247372 6.36628278359156 0.0300109448481918 0.0782543046908503 -11.8652268275904 -3.18711610112429 0.0124402571556536 3.30507943065036 12.6851757867114
"etap[147]" 0.041495267995462 6.12537072136686 0.0288752744957336 0.0484752841061095 -12.1320097600146 -3.25167536701195 0.0584945645931554 3.29795517341835 12.2373629830819
"etap[148]" -0.0949049350129258 6.36501513565824 0.0300049690985264 0.0496429324202277 -12.3736489620026 -3.32016394783803 -0.0110053480832915 3.24376589365793 11.8752313966315
"etap[149]" 0.018205560952008 6.22546838677077 0.0293471394156539 0.0542341894087383 -12.178378478756 -3.21482424517568 0.0427911980638453 3.32244148882271 12.2593960908939
"etap[150]" 0.0697897588463345 6.24949817091254 0.0294604169044346 0.0560665551910591 -11.6949737510023 -3.18366198203661 0.0221365650996988 3.24246191956126 12.2176957439379
"etap[151]" 0.021257962957501 6.18832971617138 0.0291720660434867 0.0565548849882003 -11.9554016719363 -3.20666488196104 0.00488330071702126 3.24103872954241 11.9763376473556
"etap[152]" -0.0412961834752128 6.20917329789612 0.0292703236300319 0.0580543572035981 -12.2651440789283 -3.22090903869063 -0.00306577444382995 3.21580858721698 12.0203010321114
"etap[153]" 0.0788693998966034 6.29633283545074 0.0296811976303649 0.0766516224798466 -12.2391386416817 -3.20264753432658 0.049050996421016 3.27391389952454 12.3985174818533
"etap[154]" 0.00262986453051583 6.21717207092465 0.0293080302076962 0.0601737365737234 -12.1002842937614 -3.27377122397009 -0.0401573875313852 3.22492596821725 12.2259734018341
"etap[155]" -0.103413698291163 6.38769005708014 0.030111859703195 0.061889174702425 -12.4515206647575 -3.27458311647561 -0.067950605347472 3.18257806135924 11.8594889346015
"etap[156]" -0.0784678576901951 6.11581715268561 0.0288302385410733 0.0611824094258487 -12.2602314433579 -3.26164637713044 -0.0354169106886246 3.18966602923637 11.7626941412553
"etap[157]" 0.104621209568749 6.30979177561095 0.0297446436827307 0.060536797836196 -12.0030145164685 -3.13682268405299 0.0706179095691189 3.30702068417914 12.5908079255608
"etap[158]" -0.0103600458080953 6.1516081005963 0.0289989586875583 0.0699258120334493 -11.8340152603515 -3.25797836672778 -0.0194089050886396 3.21761526517902 12.0154821540945
"etap[159]" 0.0455049193768952 6.24996627449108 0.0294626235658658 0.0543254146295028 -11.9287743925164 -3.2183899773596 0.000334878797816707 3.26741789689447 12.3085976606788
"etap[160]" -0.037361865859472 6.24480623357404 0.0294382988997082 0.0518716279753974 -12.5184531783205 -3.20847422251671 0.0207330477428025 3.21339602905893 12.2999632545494
"etap[161]" -0.0216756550155234 6.23070589976294 0.029371829288676 0.0476403293161123 -12.0631995657376 -3.20818352873313 -0.00420200630912352 3.21910169342329 11.8246053577179
"etap[162]" 0.034317589442715 6.09856316139732 0.0287489024461234 0.0471033272258456 -12.1061412566127 -3.22723498213469 0.0176500062192898 3.23214180007786 12.2771938591538
"etap[163]" -0.0522051768030324 6.33560738374046 0.0298663396265229 0.0517430739326556 -12.3446887385111 -3.28257456273304 -0.0252382433789681 3.24114587103198 12.101255781098
"etap[164]" 0.0824160889100577 6.14839569976789 0.0289838152848272 0.049094767889459 -12.017739108976 -3.14901813858342 0.0503031122555925 3.30132393850332 12.3376231636567
"etap[165]" 0.0529467146531183 6.10794832022121 0.0287931445091026 0.0451877487738317 -11.8954377825551 -3.22914813177796 0.0262373686730944 3.23502609202548 12.3175981161153
"etap[166]" 0.100304394334689 6.12026105021312 0.0288511872749173 0.0546856732693963 -11.8401643012237 -3.19598143812409 0.0259303151417872 3.28384942873483 12.3420331731239
"etap[167]" 0.0366923545911056 6.36003401473803 0.0299814878693224 0.0572935535351373 -12.2065807733002 -3.25646550576932 0.0283209296933219 3.30676439341775 12.347493339632
"etap[168]" 0.0759222770717232 6.25716820950209 0.0294965738130921 0.0545868460508374 -12.0430189195354 -3.22914306843455 -0.0342298951238662 3.25159943316097 12.5195352003158
"etap[169]" 0.0241885759336755 6.15579018362886 0.029018673216037 0.0494680212864776 -12.1867941081708 -3.21019630878805 0.00575624939848942 3.27885903697596 12.1348354815012
"etap[170]" -0.0333828451553597 6.39079695390919 0.0301265057553035 0.0583201893181315 -12.2838078632549 -3.2586370685564 0.0163560050968087 3.21195875311154 12.0308545753435
"etap[171]" -0.0341966993271028 6.16025992533538 0.0290397437805092 0.0516894335107439 -12.1511068702091 -3.23912279164816 -0.022792377415475 3.21991289441484 11.8746944228369
"etap[172]" 0.0234501702304996 6.14456141791452 0.0289657403068306 0.0465484184306136 -11.8733878492165 -3.23986346036388 0.00215367390338819 3.24194837980732 12.2947099531424
"etap[173]" 0.0385059895274112 6.20402571391312 0.0292460576864245 0.0541066067855643 -11.9730200773004 -3.23881804828897 0.0245048488614305 3.27416200691625 12.146038299587
"etap[174]" -0.0799147016530079 6.0192326601038 0.0283749348766596 0.049988974738699 -12.3255125642494 -3.27005602658116 -0.0431300785069273 3.15712024012821 11.7829043669348
"etap[175]" 0.0610602964095971 6.14909063766634 0.0289870912534972 0.0552293896858854 -11.8755116946963 -3.16068810742741 0.00869470727868102 3.22113383630957 12.2673731565985
"etap[176]" 0.00216043367279536 6.18309807099608 0.0291474038316186 0.040414925536452 -12.457204578472 -3.20617825828203 0.0155982517622578 3.29228423536167 12.2261337587288
"etap[177]" 0.0470404401423026 6.25599381435609 0.0294910376612819 0.0510402210376318 -12.1218464249925 -3.26714724109326 0.00460618519011342 3.2982847028021 12.4562522985259
"etap[178]" -0.00713762164471592 6.12977971488932 0.0288960586905199 0.0485455821787477 -11.9961369042281 -3.28338136101093 -0.0390994845699898 3.25324311846082 11.9601734523159
"etap[179]" 0.0368473541090945 6.24921240318467 0.0294590697824464 0.0612851192492305 -11.9447504107917 -3.23998093211019 0.041636425796303 3.34887206401928 12.1524965079087
"etap[180]" -0.0869367493879493 6.13340064755169 0.0289131279307851 0.0578762669737422 -12.2461846683986 -3.3063510409542 -0.0579512760848138 3.1548653827466 11.8028656635828
"etap[181]" 0.00927862104665891 6.40177591236409 0.0301782610617956 0.050344829053047 -11.9069238701364 -3.18906214539152 -0.00971468137497442 3.21621143240876 12.3129404735786
"etap[182]" -0.00173631939761705 6.17043826862607 0.0290877249509231 0.0615441498347654 -11.8503890726706 -3.27040353696824 -0.0357869064313166 3.20457200480978 12.4166100529933
"etap[183]" 0.0752880239036401 6.2131557636241 0.0292890971535125 0.0665912043627893 -12.00262751697 -3.1883200540432 0.0102874406528097 3.24390563881537 12.2740261947093
"etap[184]" 0.00351312879944443 6.2255748851071 0.0293476414536259 0.0503347510593965 -11.9543331560954 -3.26383715864606 -0.0173774887096344 3.20644466064734 12.3764261061575
"etap[185]" 0.0618163597558126 6.15901279318571 0.0290338647431754 0.0541093101558609 -12.0806542689164 -3.22698579548131 0.0640088508365533 3.30609421004373 12.3179056719724
"etap[186]" -0.0442257224981452 6.14796185707144 0.028981770130743 0.052372701169823 -12.1286571648261 -3.22660827996118 -0.0226081331840037 3.20548657383167 12.0686126956367
"etap[187]" 0.0324054474559427 6.089468701305 0.0287060307501067 0.0515149550953336 -11.9326465768308 -3.24609461037994 0.000936291656963711 3.27285866354926 12.0311268914959
"etap[188]" 0.0344912752607515 6.33500272854119 0.0298634892545784 0.0505065785620596 -11.9975035185106 -3.28317761785213 0.0514682910439745 3.32725989425131 12.2649020312956
"etap[189]" -0.045772332942214 6.10628584506546 0.0287853075260614 0.0443797464679875 -12.1747506450175 -3.30856349390695 -0.0229489684791112 3.18224940658776 12.020970487858
"etap[190]" -0.0374451986869186 6.20177854982841 0.0292354644533396 0.0621518066787683 -12.1945728645544 -3.22794226127815 -0.0267687298056563 3.21294184385013 12.054683350371
"etap[191]" 0.0266714650879626 6.1911447321885 0.0291853361562524 0.0617911216930515 -12.1251274360174 -3.27225797810326 -0.000576414265065564 3.26659477938313 12.4912536856746
"etap[192]" 0.00484092755754985 6.04801946608809 0.0285106371814609 0.0447207797498296 -12.1730473703052 -3.22583722751119 0.00396099345017514 3.26317650301684 12.0461903343339
"etap[193]" 0.0297962657115616 6.17608755891969 0.0291143559607599 0.0448876332178526 -12.1414879508864 -3.2086277454583 -0.00732296790026759 3.26255920896338 12.3416284783136
"etap[194]" 0.0484572712511732 6.20373096021016 0.0292446682041436 0.0462303403475944 -11.9315210853453 -3.19868598610838 -0.00721714078026412 3.25569140764948 12.468741185708
"etap[195]" -0.0333714945519056 6.28271903013559 0.0296170215366576 0.0673015140361254 -12.2432634464248 -3.25468768401391 -0.016748142817746 3.24247676698794 12.1895981267482
"etap[196]" -0.0616073123551646 6.38952186236348 0.0301204949161128 0.094747128271189 -12.3008845938359 -3.26279165915882 0.0180164783403844 3.22443748514228 12.2256448680288
"etap[197]" -0.0605181410134615 6.04769847571747 0.0285091240183424 0.0387485511942929 -12.1421728671765 -3.25207393054871 -0.036994981655173 3.18363459674122 11.7186266587421
"etap[198]" -0.0296931964841154 6.22255909373996 0.0293334248767836 0.0475181092458407 -12.2901364766737 -3.22596507217009 0.00839111285317615 3.22792581610495 11.9206864517647
"etap[199]" -0.122530250757494 6.12566379102543 0.0288766560393532 0.0493551318326841 -12.6378517256951 -3.29212892250667 -0.0169934532540906 3.22398831284097 11.7257076331721
"etap[200]" -0.0693799838001019 6.35788864499732 0.029971374499377 0.0572736026240414 -12.2830622815557 -3.29356178042639 -0.0688736163472343 3.19459160564888 12.0566522667539
"etap[201]" -0.0405345176580471 6.24471865097208 0.0294378860313631 0.05607547423205 -12.2252796691434 -3.25939563791744 -0.0115163510782175 3.27426110011492 12.0287740333038
"etap[202]" 0.0142107733506015 6.17255725597664 0.0290977139530887 0.056577855247196 -11.984022378545 -3.23977159823378 0.0491214675337717 3.27542974424844 11.9121069791479
"etap[203]" 0.0470760926452205 6.24787182921127 0.0294527502561312 0.0479666871311235 -12.1165724830807 -3.22009214869415 0.059188038797171 3.30971698592863 12.1875327462877
"etap[204]" 0.147052432761633 6.29721168060654 0.0296853405461601 0.0715980760319495 -11.667732966183 -3.18424259483931 0.0204590855557011 3.31997029904971 12.4226993695752
"etap[205]" -0.113798991037564 6.15709283175819 0.0290248139582087 0.0516738583136702 -12.5368570450831 -3.30154652773663 -0.0436684801945227 3.13712238263122 11.7577118442805
"etap[206]" -0.0211775131447717 6.30625717647473 0.0297279814226108 0.0637689797400948 -12.0621943501708 -3.29806602516851 -0.0702667645188771 3.21396007404254 12.1913555477097
"etap[207]" -0.0482348203067735 6.26673836341399 0.0295416879512794 0.0657041495039879 -12.0589401717412 -3.26025848329563 -0.0109255462247758 3.24692887515717 11.9825929106342
"etap[208]" -0.0246713883575612 6.10840678084977 0.0287953057132318 0.0449031128467598 -12.1222275318907 -3.21245540838212 0.0142689788510562 3.2005702640377 11.7886781132664
"etap[209]" 0.0612472702499946 6.17857323417437 0.0291260735462826 0.0582231360852341 -11.9320803655154 -3.16952737553124 0.0131184383113306 3.24973387723086 12.2755221750133
"etap[210]" 0.000983090804830797 6.08937069174437 0.0287055687286071 0.0504185913973754 -12.2129993830115 -3.19543187242566 0.0294848876188238 3.23790042051113 12.0870078556853
"etap[211]" -0.0954123721162178 6.47346947564669 0.030516227760226 0.079839198102615 -12.1588686961248 -3.30856274656694 -0.0441048038400425 3.21072554407219 11.9451936126197
"etap[212]" -0.039055875377336 6.09722139048874 0.0287425772774017 0.0471203135862582 -12.1433709963916 -3.28682684068398 -0.0214622340205857 3.25173803911337 12.0393477179817
"etap[213]" 0.035489435688756 6.28363203579109 0.0296213254865928 0.056555640481755 -11.8499922304872 -3.2518289483718 -0.0243006316684863 3.23626775256046 12.3715940190594
"etap[214]" 0.0835254197062 6.28276790514187 0.0296172519356468 0.057755296159686 -11.8542593075958 -3.23785335321458 -0.00538791182358771 3.30742418065074 12.2384458028527
"etap[215]" 0.0223133409106344 6.29105826346816 0.0296563330595867 0.0750260949075298 -11.870486393504 -3.27559193212497 -0.0244740114558182 3.20694049090937 12.205327547501
"etap[216]" 0.0608135420516743 6.26820253526194 0.0295485901235628 0.0660963748882686 -11.9920461320898 -3.1889862932567 0.016698306022819 3.26084964332291 12.3055891286611
"etap[217]" -0.0265874318810936 6.18290552082836 0.0291464961414232 0.0529801655879325 -12.0740865679545 -3.31082734098111 -0.0144895518431651 3.19003526402123 12.2360302467322
"etap[218]" -0.0373290160782277 6.26629912330124 0.0295396173535309 0.0567537319427983 -12.2130823012451 -3.27927454642072 -0.00315926217199434 3.25232461572918 12.1443420974549
"etap[219]" -0.118222620560602 6.34657075506637 0.0299180214545844 0.0612968521694413 -12.4918815262656 -3.29411616398916 -0.0219816047126968 3.19613222596781 11.9222350214553
"etap[220]" -0.0268533974493663 6.12077349945094 0.0288536029837912 0.0563678961180919 -12.1306840242874 -3.19954773770018 0.0281790022797367 3.20157900114219 11.9153747868996
"etap[221]" 0.0327346668331941 6.07610377641243 0.0286430278899628 0.0416231183416911 -11.7730008497618 -3.220395988614 0.0240734924762379 3.27674693465246 12.1171329299067
"etap[222]" 0.0465103560513879 6.28269301258233 0.0296168988887353 0.0645712144828936 -12.1986054355863 -3.26086403863593 -0.0157569694783466 3.28829670994265 12.3692473977906
"etap[223]" 0.0127316898858499 6.14112218659357 0.0289495276149031 0.0431533509155469 -11.9642464686235 -3.26268386165006 -0.0180573610210898 3.17303223935334 12.347164626921
"etap[224]" 0.0123735155082759 6.28737176158146 0.0296389547230337 0.0626251569800304 -11.7526135643846 -3.20216568100542 -0.0249844370772232 3.20470172805959 12.0372303675977
"etap[225]" 0.0273661763141197 6.27484096737008 0.0295798839926303 0.0639079535503775 -12.0667354504224 -3.2837265031171 -0.0195807245518437 3.25146663783654 12.2655553258485
"etap[226]" -0.104126636489519 6.25857793849811 0.0295032193393103 0.0572423015269511 -12.5793563966252 -3.36733314845597 -0.00622948059287202 3.22134078308181 11.9681880842323
"etap[227]" 0.00958224212692663 6.18985752457994 0.0291792682013937 0.0555770586209098 -12.1038825746918 -3.24277547802638 -0.012787786411745 3.19880075867469 12.39636369408
"etap[228]" 0.0136245765753289 6.18028631559894 0.0291341490895629 0.0598381746507997 -12.0517913875225 -3.1980989430666 -0.00535009229848328 3.2330041156783 11.9708492433433
"etap[229]" -0.00625528971434025 6.39029806712261 0.0301241539804379 0.0626506384454458 -12.2149396349889 -3.23191517601523 0.00235541762215087 3.23558802534465 12.3416544664116
"etap[230]" 0.0561926983868856 6.27297329567894 0.0295710797038447 0.0657535059936111 -11.8342368245896 -3.19954956451199 0.0251507398635928 3.24118210245078 12.0527190144897
"etap[231]" -0.0769037299947509 6.24494054415495 0.0294389320458585 0.0683008259701436 -12.328516861891 -3.22397832653367 -0.000474211658851149 3.23373446529737 11.9870121375871
"etap[232]" 0.0071358127205589 6.07199304948299 0.02862364973738 0.0502795170664668 -12.042217843121 -3.24843242927625 0.0300448382406457 3.23952221931331 11.861559656839
"etap[233]" -0.0563153380356594 6.21521664208396 0.0292988122277404 0.057599008029632 -12.3760185297558 -3.2934715632637 -0.0309070495377437 3.23114680054848 12.026819549574
"etap[234]" 0.0105482334199873 6.2803884229114 0.0296060349488409 0.0571677450813493 -12.1574037404263 -3.17986055379122 0.0178183832093824 3.22266803406142 12.1633129302887
"etap[235]" 0.0327332706687187 6.26991247687841 0.0295566508656458 0.0491962901280085 -11.7858274794847 -3.25227657101577 -0.0555179099658804 3.17528810865064 12.084145097738
"etap[236]" 0.0180618448623148 6.24932056246566 0.0294595796501867 0.0559025960185425 -12.0997779606604 -3.1637495908204 0.0165788034466274 3.26102358047685 11.9602881162662
"etap[237]" 0.0780789489443293 6.19262639939064 0.0291923208024264 0.0734896844421023 -11.7001836201293 -3.2067067339881 0.0062239926342211 3.22604315723181 12.1262052328379
"etap[238]" -0.0116042588940585 6.08704182026489 0.0286945903231694 0.0466317425567019 -12.1942134328675 -3.21471462725684 0.00320837180621711 3.19141336766602 11.9015889234012
"etap[239]" 0.0271842306396066 6.26013729731101 0.0295105702272496 0.0564640844838855 -12.134884847399 -3.22725933133125 0.0294058920863049 3.27158773613977 12.3815938669286
"etap[240]" 0.108867973129552 6.30513901968177 0.0297227103809392 0.0609005412285828 -11.9876876606721 -3.17822172618343 0.0536111156089217 3.28071640906303 12.5427449869519
"etap[241]" 0.0813165097260441 6.22752273880512 0.0293568237240168 0.048790705157915 -11.8479718753129 -3.22988760521343 0.0134178296850848 3.30329560031756 12.315623967718
"etap[242]" 0.00282386637786432 6.17113296851773 0.0290909997976184 0.0477111444049239 -12.1771852777717 -3.21789962248502 0.032908163261826 3.23740521368851 12.0900626279325
"etap[243]" -0.0176918368526326 6.30748462959558 0.029733767692113 0.0606389121008808 -11.9891095228078 -3.24520106628766 -0.0297359201055096 3.17161916097229 12.2930567045761
"etap[244]" -0.000134074794574027 6.21878930103621 0.0293156539035537 0.0603673473643926 -12.0277231251538 -3.23467461207174 0.012609304188941 3.27206731171314 12.0469172040784
"etap[245]" 0.00212069042469658 6.34990098355156 0.0299337203022163 0.0758794248116362 -12.0272517838256 -3.25511090095678 0.0259580288000805 3.2709983607842 12.3262375694413
"etap[246]" 0.0315676218753494 6.1414514805449 0.0289510799214764 0.0477510147512139 -11.9734397783937 -3.22101493514095 -0.00638380418311945 3.28587683386102 12.4220241913056
"etap[247]" 0.0143592239568311 6.06628678486092 0.0285967501479833 0.0467689961569103 -11.9503462724619 -3.20806097538136 -0.00278252350318414 3.24271940448784 11.8774060906672
"etap[248]" 0.121947522590944 6.39315882969252 0.0301376397445216 0.0672371012455574 -11.8603912870311 -3.18830576939009 0.0328537277985698 3.29305982598763 12.4719124558684
"etap[249]" 0.0887956038310562 6.40001450172579 0.030169957692417 0.0929466466401179 -12.0317677243418 -3.18634046507077 0.0236881403978999 3.26260455610135 12.4012489312539
"etap[250]" -0.0617485233204352 6.27854381553091 0.0295973393862584 0.0618633988121759 -12.2768765073 -3.29994379845591 -0.056817064904813 3.20989049554292 12.2086014690956
"etap[251]" -0.0757109292853944 6.21665159795258 0.0293055766745764 0.0496805897148521 -12.4867501444504 -3.29289776996271 -0.0372315751842755 3.22914908324557 12.0729718194901
"etap[252]" -0.065420302091108 6.20377688870411 0.0292448847131404 0.0563507084976001 -12.2129721928398 -3.28512188959613 -0.0394986224108834 3.20651218004818 11.9379714267771
"etap[253]" 0.075197274297489 6.13641973782082 0.0289273600588005 0.0526048311376268 -11.8158616188613 -3.21113020985572 0.0144414763971893 3.21524580740756 12.2860620088032
"etap[254]" 0.0303062614104963 6.2219673947524 0.0293306355810068 0.0627436002633713 -11.9871487308874 -3.23518174072782 0.0423442080452004 3.26246734894625 12.3114660130337
"etap[255]" 0.0199145848418756 6.23606315165021 0.0293970836162628 0.0547677715844598 -12.2587189120057 -3.21555566452753 0.0269505282993722 3.25707305169402 12.217923654111
"etap[256]" 0.0173035953347426 6.23918684329961 0.0294118088399136 0.0457428880316517 -12.1648622528264 -3.21920079254327 -0.0230763918957517 3.22944897536963 12.4039269435461
"etap[257]" -0.0778517802397135 6.15269737759169 0.0290040935885585 0.056403626161165 -12.037012877032 -3.3250305387065 -0.056895556592222 3.1572009087296 11.9910473007282
"etap[258]" -0.00248226725620412 6.16507318854647 0.0290624337208839 0.0581977358314283 -12.0838297288169 -3.26038409408638 0.00328438808720708 3.26556087657544 11.9302631697858
"etap[259]" -0.0375046424539972 6.20141959069385 0.0292337723037515 0.0530405379850815 -12.1384652792155 -3.27996252720451 -0.0354930905496496 3.23664276551625 12.1937325658872
"etap[260]" 0.0133720486826599 6.3521759195112 0.0299444444531751 0.0507832481678744 -12.152078265566 -3.19843905072247 0.00643977818971568 3.2736566246645 12.1174918479857
"mean.p0" 0.745832169567059 0.238461219578525 0.0011241169694266 0.00560125300254036 0.284439814815391 0.588955693685503 0.745199391316631 0.901684023638372 1.21891038387581
"mumup0" 0.644930390048247 0.10799664164128 0.000509101050999485 0.00156479806031636 0.395543485077258 0.586330361299539 0.654576874390232 0.715379118563692 0.830174352340416
"mupsi" 5.21603925725385 1.20893582349818 0.00569897812543269 0.0195633365501233 3.04747466285658 4.36335870179815 5.14883180791877 6.00325540611651 7.74426177228788
"ppo[1]" 0.679463932549588 0.08025677291439 0.000378334055759427 0.00118747663950454 0.50824639209388 0.631845826531997 0.681943724110073 0.729121510683645 0.8367580588234
"ppo[2]" 0.656466480871158 0.0844861663246037 0.000398271607497212 0.00143280548746335 0.45978417732548 0.609681049955213 0.665676087407694 0.711627555063014 0.803225279707411
"ppo[3]" 0.679310186630154 0.0811432343940679 0.0003825128752497 0.00124115338553854 0.503125052028361 0.632192331329807 0.681810663764945 0.72966836604195 0.837193219210124
"ppo[4]" 0.702683543401282 0.0804590833036668 0.000379287756080508 0.00158137053059754 0.54805138838719 0.651771808828715 0.699804556555338 0.750879836817582 0.872597503871325
"ppo[5]" 0.655526693261354 0.0862394805242395 0.000406536809897966 0.00137299975419533 0.451292011249578 0.609722509855047 0.665832882194093 0.711352488979153 0.801958579384544
"ppo[6]" 0.702331345337535 0.0803905980661398 0.000378964913574731 0.00152846424145255 0.547050795408786 0.651804808142276 0.700110399106489 0.750515307672054 0.870693190279628
"ppo[7]" 0.701752201562898 0.0800884373119173 0.00037754051411927 0.00157166350322753 0.546709071996553 0.651021501804536 0.699285183185812 0.749608205015882 0.871485969785795
"ppo[8]" 0.656005099900546 0.0854198516469258 0.000402673042316601 0.00144733305988625 0.455329527454777 0.609805742774829 0.665723204087543 0.711413757451986 0.802625177139584
"ppo[9]" 0.654363993418759 0.123465849644834 0.000582023596858805 0.00249163588337395 0.293470614452607 0.609800328990994 0.674197183067502 0.725224336468924 0.845641129624062
"ppo[10]" 0.67999083102731 0.0801962275988782 0.000378048642404977 0.0012064825961992 0.509773809526307 0.632272853908907 0.682461699253404 0.73027826692145 0.835082353959634
"ppo[11]" 0.703198237426518 0.0812572758088836 0.000383050471634715 0.0015478870359671 0.547853592646804 0.651328510163725 0.7000201757152 0.752320769604467 0.876307802603723
"ppo[12]" 0.679986385188107 0.0803336703909371 0.000378696553940244 0.00122074017022151 0.506457066943559 0.632745923128416 0.68273448805721 0.7292537321414 0.83679983986382
"ppo[13]" 0.63180879120282 0.0954103804514268 0.000449768846751949 0.00192464009910325 0.393526208116461 0.584249336895178 0.647898351550979 0.696979194264347 0.777357487733285
"ppo[14]" 0.655663812007043 0.0850332906013906 0.000400850776072331 0.00146005330680869 0.457108249755475 0.609867333160076 0.664977392571979 0.71042848437142 0.803057713145448
"ppo[15]" 0.680485408546215 0.0801535855264011 0.000377847625747561 0.00118797532996115 0.510812796678369 0.632984780788023 0.683025678952487 0.730215655777464 0.836765046676066
"ppo[16]" 0.631874347353869 0.0955254725319566 0.000450311396022639 0.00190670276137642 0.39158581775044 0.584313554370241 0.648079798816763 0.697516222662939 0.7772651928077
"psi0" 0.989934215728475 0.0127072563208582 0.0000599025807650297 0.000201864869368073 0.95467337515338 0.987424613497277 0.994227333655469 0.99753539334043 0.999566966240949
"sdeps" 0.343693247889483 0.258961102502611 0.0012207543442876 0.00964087197689102 0.0170279543123297 0.14545630555711 0.291644481685381 0.477254412348874 1.00427507751304
