"Mean" "SD" "Naive SE" "Time-series SE" "2.5%" "25%" "50%" "75%" "97.5%"
"N" 25.3512666666667 0.682462755278628 0.00321716028109849 0.0104072618157763 25 25 25 26 27
"betapsi[1]" 0.174232403764071 3.10562247072191 0.0146400447256852 0.0220270731170924 -6.06756547528925 -1.47754508232555 0.0284515879691567 1.69233315210094 7.12389328465572
"betapsi[2]" 0.16911783358242 3.06535501569819 0.0144502221222959 0.0210063066801471 -6.01814812108296 -1.44828391860072 0.0406112859713563 1.65775943919778 6.99994869456025
"betapsi[3]" 0.162447092030287 3.0980785866286 0.0146044825150261 0.021364979051083 -6.12929816710498 -1.46152204421246 0.0389259546909482 1.67876243019349 7.15592688036979
"betapsi[4]" 0.162819767959152 3.08408523921541 0.0145385172427103 0.0222445935709056 -6.08954774745976 -1.47132166653265 0.0426834704556931 1.67807325810396 7.09678810961026
"betapsi[5]" 0.143111600306927 3.04589107131683 0.0143584682085579 0.0206394561639338 -6.01392773877247 -1.47520953368572 0.0300150725720041 1.65642774555879 6.95772077719789
"betapsi[6]" 0.136693178500214 3.05192712070005 0.0143869224182276 0.0209896210702389 -6.04239810656858 -1.49665964374898 0.0319759452707978 1.66497476854006 6.93282106016043
"betapsi[7]" 0.14705118639429 3.06286598966709 0.0144384887410616 0.0209302739669455 -6.07334119231357 -1.47853120059607 0.0374900828794522 1.66708625890142 6.94068820169744
"betapsi[8]" 0.137070117864146 3.0594547208408 0.0144224078655982 0.0214095392987405 -6.08689980932592 -1.49741658027863 0.0198000354550283 1.65116452870822 6.99620593970643
"betapsi[9]" 0.132399996735019 3.07654077078971 0.014502952277482 0.0225118306345665 -6.13597215689362 -1.48350454154088 0.0172817441491968 1.64278736701169 6.93336532081518
"betapsi[10]" 0.11883959487868 3.07758487409824 0.0145078742276801 0.0217922744399139 -6.09531046188223 -1.52151576924835 0.0222946923568365 1.63255022600964 7.04228763601286
"betapsi[11]" 0.13614724809335 3.04468890081795 0.0143528011224786 0.0213392175257183 -6.03510020919352 -1.50285270630067 0.0365131586867591 1.65464691121291 6.86618299228438
"betapsi[12]" 0.113530870108627 3.06347858262373 0.0144413765319533 0.0214063644973442 -6.1248821957947 -1.51251025903665 0.011171492112482 1.65519631987014 6.92276672806033
"betapsi[13]" -2.99152029790585 4.78968044177071 0.022578770133951 0.144231025888197 -12.3324878217412 -7.07582262995373 -1.43177475773701 0.355062069036657 4.8734555395457
"betapsi[14]" 0.106991231925395 3.05604844712283 0.0144063505373011 0.022686243891639 -6.09788778244382 -1.50693347573949 0.0103828143438551 1.61551494217754 6.87831544438956
"betapsi[15]" 0.131212721747271 3.05485255461437 0.0144007130459525 0.0203740144316543 -6.14096142493058 -1.48911892491957 0.0379801852358887 1.65988326395275 6.84663280030952
"betapsi[16]" 0.137609066618981 3.08444858205731 0.0145402300572931 0.0205836407001245 -6.0863182581918 -1.4939501507917 0.0297503032931917 1.6311950139814 6.9887559516959
"etap[1]" 0.713311958586149 8.16180741999771 0.0384751291561271 0.477461290794021 -14.0292704917955 -3.33013474069714 0.667124319907254 4.29445551508528 15.7938995348018
"etap[2]" -0.687847820528176 6.88619077293886 0.0324618146139287 0.401012499297904 -14.2106904462843 -4.1518107163069 -0.804804604833917 3.14020224835755 12.2892517623721
"etap[3]" -0.722182662576926 6.82874329658198 0.032191004613302 0.386704898637234 -13.8481444176034 -4.09513779156973 -0.834999780769312 3.11225894455043 11.9956639643087
"etap[4]" -0.336563776215421 5.22178804561422 0.0246157449131511 0.144200165944247 -10.4582485294103 -2.64057152701839 -0.231403108143388 2.15578669733388 9.34252438823276
"etap[5]" 0.595505880288247 7.54899693091215 0.0355863128066961 0.425237943802785 -13.8889267799578 -3.26283498776914 0.660627151217189 4.24380662136602 14.976030261586
"etap[6]" -0.352179120366692 5.16335197603341 0.0243402746393746 0.12882887051518 -10.3606711882012 -2.6627474732858 -0.253617160700768 2.10726156490894 9.09614414808062
"etap[7]" 0.573980664553907 7.44956391389431 0.0351175810693151 0.411314912693102 -13.7503903643456 -3.29483899248954 0.611816242021532 4.25882363002504 14.8158946184007
"etap[8]" 0.0810402821238401 5.02339530223103 0.0236805125519214 0.0706640037023598 -10.0799305134356 -2.15779700184123 0.0928234263808906 2.353245228981 9.95759765888933
"etap[9]" -0.357234949173521 4.94494983643807 0.0233107170798178 0.130704035390475 -10.2806061735351 -2.63776263542427 -0.274319061853405 2.09518570317788 9.12913832019212
"etap[10]" 0.0141351091652845 4.99069557246792 0.0235263645475316 0.0739639549514001 -9.8463694643063 -2.2106514207991 0.0461081593688821 2.30064059074518 9.46864162899935
"etap[11]" -0.732113223398598 6.95397548600086 0.0327813548157082 0.432756646593374 -14.4726894148271 -4.09276616431891 -0.822717905932982 3.19128341379358 12.0030307131812
"etap[12]" -0.275153052816091 5.02398242171181 0.0236832802596962 0.115333152168027 -10.2576556322507 -2.57307863881257 -0.234887223462455 2.15485734222278 9.50064702868993
"etap[13]" 0.638197984330894 7.44679516196196 0.0351045290475365 0.415656168773782 -13.7042837958264 -3.18906228622009 0.617018812453064 4.29849377409002 15.0018162650446
"etap[14]" 0.0292360069111997 4.99553448656377 0.0235491754073367 0.071445892888213 -9.76104267141132 -2.1914875165646 0.0686710794574448 2.29928743791587 9.62421102858648
"etap[15]" -0.383724700347926 5.12730721847788 0.0241703580227496 0.133383765649068 -10.6707411063221 -2.66312309477634 -0.277301887087601 2.09920358049497 9.27599418831779
"etap[16]" 0.602323166467885 7.52485223948606 0.0354724936397825 0.410939586523893 -13.727806606088 -3.26961776147925 0.62468146479065 4.23647210511287 15.0648748542851
"etap[17]" -0.977022004970709 9.20600663461403 0.0433975314598928 0.767240044775583 -18.9403591553318 -5.97112962426795 -1.97006296431368 4.93414267265987 16.2015136141152
"etap[18]" 0.10319423907394 4.8173965344274 0.0227094250477213 0.0610804824590489 -9.24912354941711 -2.16738275785989 0.0761892725641228 2.33686596445656 9.78427389090525
"etap[19]" -1.03358446946301 9.26766709549969 0.0436882016600484 0.746631076193425 -19.4729734891265 -6.06790097795994 -1.98713419645448 4.94762022424993 16.2367117946542
"etap[20]" 0.539760205562546 7.49293697192354 0.0353220436256702 0.376528484291712 -13.6124749424118 -3.28572681329022 0.600684593760746 4.24274970342893 14.6951250302888
"etap[21]" 0.577241575966733 7.66801845970112 0.0361473856741219 0.406057198859081 -13.9806458340161 -3.37207487529248 0.615903521492643 4.25962551610393 15.2944071652582
"etap[22]" 0.042873568701959 4.95352792523298 0.0233511545781945 0.06487841525096 -9.66034152134787 -2.15999907649378 0.0838224556182458 2.31045890466939 9.49202703748528
"etap[23]" 0.109250022337866 4.93282696153216 0.0232535692994615 0.070611682845954 -9.41426894169852 -2.20235424660934 0.0666447902356987 2.33108313040765 9.82531279615398
"etap[24]" 0.0412538959487786 4.88170664134828 0.0230125857990718 0.0640295855626955 -9.66881101105222 -2.14867936688366 0.0574044138868488 2.29277570287519 9.5831151115482
"etap[25]" 0.566323805813439 7.50259532575202 0.0353675735422517 0.408908897187723 -13.7450978546408 -3.27901913202265 0.624071424323839 4.20854049780184 14.8461789252402
"etap[26]" -0.366254653864889 8.42199810542868 0.0397016798099259 0.199238750881036 -16.5702273007988 -4.52878068198589 -0.213471277463702 3.98832615462286 15.5599374525447
"etap[27]" -0.00179872697721828 7.08921360564412 0.0334188734255393 0.0770039702878543 -13.3081003318131 -3.46265858112176 -0.0172285606154694 3.36613129690452 13.7285148864975
"etap[28]" -0.051358305208211 6.9604949913258 0.0328120880585432 0.0705026733732479 -13.5107375164043 -3.29561539754777 -0.0164205927860445 3.26268995420689 13.2927211760483
"etap[29]" 0.0422922947591363 6.87225843331183 0.0323961369350749 0.0679946992297479 -13.0412795760897 -3.24692493195414 0.0205741938009492 3.33270556645542 13.3807190718775
"etap[30]" -0.0460029057111227 7.11425917021064 0.0335369393491635 0.10262944232086 -13.0465919459698 -3.24862471291409 0.0098650307188706 3.19930379149116 13.157547938898
"etap[31]" 0.043454127892942 6.94228256799968 0.0327262338716382 0.0673809389117227 -13.2311501847336 -3.19832524686947 0.0285301588891725 3.28824197925537 13.1244186508976
"etap[32]" 0.0434211242222028 6.83604161232618 0.0322254092036617 0.0639164638133368 -12.9790360927889 -3.25960619391587 0.0178404743502815 3.27634282053675 13.1992982176137
"etap[33]" 0.0947031773482719 6.87872189561714 0.0324266059885817 0.0763720613371457 -13.009278070555 -3.15359566567778 0.0522760803709768 3.25427598452977 13.5732415934472
"etap[34]" -0.00725699860515022 6.98333534621875 0.0329197585240732 0.0760778847974435 -13.0788047613721 -3.19179503624815 0.0354807441305161 3.25594325566268 13.0914545366885
"etap[35]" -0.0362288873364224 6.83665870805361 0.0322283182208185 0.0644342132814308 -13.0952009630145 -3.22459717778977 -0.02120817174661 3.15698832826473 12.8517304265416
"etap[36]" -0.0462410737065382 6.86001523630001 0.0323384219508718 0.0812878088471298 -13.4031905550109 -3.16061418958345 0.0482020343400996 3.19947114590424 13.1620768063606
"etap[37]" -0.00377867157053706 6.81124366910967 0.0321085105782759 0.0713155211312981 -13.1554479368444 -3.22775631959998 -0.00328852014065284 3.25539431585969 13.1563990796297
"etap[38]" -0.0817268955230638 6.71407189049002 0.0316504384209298 0.0613889336607084 -13.1861585065357 -3.28036774593314 -0.0283128334444583 3.1657313598541 12.7068291837395
"etap[39]" 0.034102591952879 6.81875273921602 0.0321439086742266 0.070421815907019 -12.9452640828237 -3.21324124745833 0.0105537280579198 3.24083932809686 13.3190232391066
"etap[40]" -0.0164847462425593 6.83934904067613 0.0322410005704253 0.0703578354865433 -13.259629952608 -3.18948628542447 0.0395378380524116 3.25324211291567 13.1349346663199
"etap[41]" -0.0088922759777287 6.82143109691792 0.0321565345735163 0.0629877442788112 -12.9159684939522 -3.19698628084239 -0.0235146248642181 3.216507603909 13.0777772857785
"etap[42]" 0.0417230780250436 6.79080107437386 0.0320121432625243 0.0685638764262629 -12.9677269235305 -3.19090111555178 0.0295874404537963 3.23385115716941 13.1980587640654
"etap[43]" 0.0488263435682399 6.60754449091309 0.0311482634434431 0.0521088264405869 -12.8218208205955 -3.19764046860184 0.0037239421800847 3.24703957794527 12.9673470954934
"etap[44]" -0.0336626196965688 6.73396975181473 0.0317442378387552 0.071318914002544 -12.964964907253 -3.23064964079901 -0.00108558826212079 3.21441393556306 12.9372528656725
"etap[45]" -0.0199555886694546 6.7732439322486 0.0319293781008241 0.0800321070718419 -13.0536858685869 -3.2603183045002 -0.0204696635020159 3.21560228229887 12.8619479769296
"etap[46]" -0.109875701604183 6.79039372195006 0.032010222984783 0.064052436590871 -13.3567225978949 -3.28853219173202 -0.0666965005257721 3.14671819002609 12.7690657709377
"etap[47]" -0.0610002062869307 6.81298754991507 0.0321167313112298 0.0585126439532717 -13.5702854000859 -3.24921930976545 -0.000967370918511785 3.23215540211457 12.8466884069153
"etap[48]" 0.0415356799391711 6.64609641934192 0.0313299989769087 0.049135729332487 -13.187144867952 -3.18520106089199 0.0455072134267848 3.32481093315069 12.7698417775036
"etap[49]" -0.0604051425288638 7.01777358459847 0.033082101936676 0.0681721962675861 -13.1447577519857 -3.24274573793046 0.00141416617501954 3.27976404873244 13.0150752021101
"etap[50]" 0.0231053739096385 6.73313728351523 0.0317403135455573 0.0581427608967807 -12.6677989763801 -3.27304714297213 -0.027151160534169 3.23827936656864 13.2785361361948
"etap[51]" 0.115040143464015 6.76569157893354 0.0318937759658708 0.0592243887289533 -12.7408642306694 -3.18310964894207 0.0777766094842797 3.32337643497066 13.1383170876671
"etap[52]" -0.194328624055265 6.91183817619188 0.0325827176323289 0.0674623500574219 -13.3096944311234 -3.38258029473163 -0.0789481839580372 3.16222205422558 12.5122400804761
"etap[53]" 0.0547053492083476 6.69266735675794 0.0315495364812626 0.0657034371342567 -12.6361228981471 -3.16365923525152 0.0198560637643754 3.28786812817844 12.9297437108429
"etap[54]" 0.114835080789724 6.83475353143586 0.0322193371321133 0.059773502492091 -12.7281292981834 -3.22558205732604 0.0201419675244988 3.2941481853233 13.3091304767298
"etap[55]" -0.0215903842935995 6.93523636118881 0.0326930177341875 0.0741965463110151 -13.0851757210708 -3.24422525652823 -0.0381558452979811 3.19181843757233 13.0871958978684
"etap[56]" 0.114761795480478 6.88603918442521 0.0324611000188223 0.0952984905301735 -12.7711699385994 -3.20095632455299 0.0141534669250649 3.24842538490598 13.4037107025064
"etap[57]" -0.038525328713738 6.68800785778392 0.0315275713924528 0.0637126900477391 -12.7972935017302 -3.26042521321468 -0.0253151832682944 3.18137382464832 12.9288519187864
"etap[58]" 0.0495905670621047 6.80672971972663 0.0320872316168181 0.056759238719239 -13.01827172093 -3.20634999296588 -0.00434456098879457 3.27991966674477 13.1914372296771
"etap[59]" 0.150911438145188 6.94297435671752 0.0327294949949284 0.0827087005381765 -12.5381383505561 -3.16061031763137 0.0363446887340185 3.34275006462786 13.2319531164025
"etap[60]" -0.0376074885681806 6.87234471853719 0.032396543687528 0.0649363013385557 -12.9900596641627 -3.34147969219111 -0.0629504840762915 3.22264357582916 13.1730064627899
"etap[61]" -0.120642474373763 6.91410414959727 0.0325933995334018 0.0793677083468476 -13.6411992885032 -3.26012664130942 -0.0561013852058558 3.11310660389986 12.8263118607607
"etap[62]" 0.0354810291773261 6.80305510387395 0.0320699093115668 0.0699132116873109 -12.7417131390858 -3.24225218932387 -0.0208281536468487 3.21514711235479 13.2981166560199
"etap[63]" 0.0667238913835365 6.81708629746792 0.0321360529924897 0.0740958684659087 -12.8217987861417 -3.17813495866035 0.0273673409478509 3.29755678047991 13.2461880866116
"etap[64]" -0.0753022904925284 6.99100904171011 0.0329559326715312 0.0810441037795604 -13.7720613177195 -3.21806265297107 -0.0157055506428351 3.23405037535744 13.109198549981
"etap[65]" 0.0134931274627193 6.73518505096775 0.0317499668139037 0.0599044723789375 -12.9035113438175 -3.20802709497182 0.0119775511490005 3.26637673341831 13.0204474833802
"etap[66]" 0.00376273608844124 6.662594816419 0.0314077731665881 0.0521581458593045 -12.9941935831167 -3.22514719071563 0.00878455261183238 3.22949601515155 12.8212838338522
"etap[67]" 0.0535037540624734 6.79199558109809 0.0320177742212235 0.0562425132585751 -12.8859458833078 -3.18996796441033 0.053738639274173 3.2659150473841 13.1459029323083
"etap[68]" 0.015909643219389 6.67746402375524 0.0314778672821769 0.0563088333048741 -13.0197989675556 -3.17732695108472 0.017795606800526 3.22087381113047 13.1534826998838
"etap[69]" 0.0207466836307816 6.8359698645557 0.0322250709814282 0.0578726933382608 -13.1259285461651 -3.28022259136289 0.0120766821352556 3.27733564965551 13.5928056438091
"etap[70]" 0.0283233664930382 6.87141427178002 0.0323921575194512 0.0601975413943576 -13.1688349297242 -3.21935707634635 0.00424979978188743 3.34329657527354 13.2618242109611
"etap[71]" 0.00550539346042733 6.72901331587386 0.0317208729756599 0.053640065504479 -12.8296504880306 -3.21600444685011 0.0161041783185248 3.25033628161675 12.9343355760356
"etap[72]" 0.0374186706323049 6.62953898490933 0.0312519464824665 0.0596525344993444 -12.7674974128321 -3.19728428310615 0.0338927722571997 3.25641923863131 13.0505682357119
"etap[73]" 0.153584761044716 6.92247499828581 0.0326328600925482 0.0831148356121334 -12.6418126945622 -3.22357248023765 0.0351018917144585 3.28073084272059 13.6120843124131
"etap[74]" -0.13667680845026 6.90227446931587 0.0325376338857602 0.086528300294115 -13.6963850127357 -3.26128981371464 0.0269846692022114 3.20845538906706 12.6863642602417
"etap[75]" -0.0491662395166003 6.87938098725996 0.0324297129763821 0.0657757969531504 -13.4065310519901 -3.21315953250893 -0.0439813884851537 3.19284966535928 13.1418794774857
"etap[76]" -0.108559826262346 6.74349941398332 0.0317891610970341 0.0755765114097313 -13.1223565139761 -3.2986363821772 -0.0473410518819604 3.1853074250005 12.8748842904019
"etap[77]" -0.0670674918236551 6.81124624666475 0.0321085227289871 0.073316405236369 -13.5202261308197 -3.27162416360624 -0.0262990709601048 3.15279503639289 12.7861861811938
"etap[78]" -0.00553344615021218 6.85172126196727 0.032299323780914 0.0662918819732722 -13.0595497634056 -3.1900383766022 -0.00528643481164394 3.21962841969992 13.1252898707464
"etap[79]" 0.0843151710152251 6.65578512918345 0.031375671993108 0.0639925451461525 -12.713052061671 -3.17659865868356 -0.0204171170892135 3.27705415072198 13.2299265406461
"etap[80]" -0.0570036917016593 6.87971587445866 0.0324312916497764 0.095250801703396 -12.9183485806673 -3.19770627081881 -0.00191031955727859 3.23701360818795 12.7179559178959
"etap[81]" 0.0472597851014976 6.7881926815864 0.0319998471810043 0.064911329433026 -13.0478202254142 -3.22374199012227 0.0108886337956821 3.26768565993954 12.986360106519
"etap[82]" -0.0139004258384343 6.67338571678446 0.0314586419587449 0.0651953918442431 -12.9180648183757 -3.23537272285692 0.01874669453782 3.23630679717253 12.6996310831831
"etap[83]" -0.0471873668277943 6.77951421291937 0.0319589364873724 0.0682855154383981 -13.1411321942144 -3.24786824347593 -0.0169605944035484 3.23018295617997 12.4369495543528
"etap[84]" -0.0527509404896619 6.80421183124676 0.0320753621766955 0.068867044757381 -13.1588570507866 -3.21112690642197 -0.0391729107440515 3.21780022837257 13.1886696739309
"etap[85]" 0.010499048319208 6.8649472415913 0.0323616716467806 0.0686552322052498 -12.8127083545213 -3.24483901598466 -0.0293982394511037 3.14919161873647 12.9165069306867
"etap[86]" -0.100626380651181 6.65975203020913 0.0313943721438783 0.06937066393872 -13.2020174991677 -3.23552887117551 -0.0551586324340245 3.12507180098579 12.8232645597311
"etap[87]" 0.0149594992699876 6.71802434624047 0.0316690704760197 0.068607944607141 -13.1705824343163 -3.15633556539777 0.00837383652190148 3.25435664634929 13.0866031393763
"etap[88]" 0.121661030553625 6.79878305759516 0.0320497706922783 0.0499907754922317 -12.7147087146496 -3.16925872107253 0.0229409431899752 3.27114147702506 13.3504895904275
"etap[89]" -0.106980026620139 6.91256349002298 0.0325861367945187 0.0945786299809167 -13.6097117485391 -3.27778281755853 -0.0228069992998141 3.22005556598116 12.9584376187653
"etap[90]" 0.00603796504672987 6.73697372868059 0.0317583987215044 0.062334639400178 -13.1837047017217 -3.24889999792306 -0.020293330759568 3.24841834900887 13.2906547283207
"etap[91]" -0.0404984373459046 6.69163636044104 0.0315446763180155 0.0554401469560751 -13.278434073241 -3.16594813796679 0.00989918613068664 3.21401655067039 12.6594268373622
"etap[92]" 0.0432767879130249 6.50849658205234 0.0306813471233245 0.0502664836196162 -12.6278427630125 -3.19721750348517 0.0140048603194059 3.24003504921397 12.8052240914789
"etap[93]" -0.0433648436828634 6.83498763134687 0.032220440689677 0.0575926954769463 -13.1829508619465 -3.25708307803998 0.0132783979385625 3.21367709083768 13.0052075546324
"etap[94]" -0.105457108285208 6.95571682443551 0.0327895635638114 0.0852860642348029 -13.2345752958784 -3.28744608772856 -0.0120470913062599 3.20329650717618 12.8149134535536
"etap[95]" -0.016267351824816 6.65448024808985 0.0313695207246418 0.0613903874198471 -12.923025316351 -3.25714911278729 0.000796353747596994 3.24001315251073 12.7054919679044
"etap[96]" -0.041577305786623 6.9097886149657 0.0325730559080523 0.069247923149488 -13.6689488682099 -3.19981454451304 0.0239512195840399 3.20099400562372 12.9408257138242
"etap[97]" 0.0426715268238151 6.55180309658132 0.0308854959906111 0.0482706171964463 -12.7875664185413 -3.15395604263126 0.0507026655914004 3.24230288404036 13.0283118761462
"etap[98]" 0.107754541834593 6.76933037840846 0.0319109294310981 0.0763300208592865 -12.3103441330585 -3.17302297691023 0.0573740861664585 3.28707721827557 13.0503447116984
"etap[99]" -0.0241297172301073 6.76674116802436 0.0318987237762947 0.0607920805636446 -13.2267329345466 -3.21303006001818 0.0259220658561988 3.20733241563647 12.9967826574392
"etap[100]" -0.00600750498930265 6.81773614491328 0.0321391164027254 0.0627762799379331 -13.0287034179122 -3.22765236449188 -0.0124431092838248 3.2001595185135 13.0202492265004
"etap[101]" 0.0251172741364604 6.7700701187875 0.031914416600687 0.0645141551412054 -12.9733891212808 -3.2449180817982 -0.00510958813385034 3.24545600763651 13.2889835455009
"etap[102]" 0.0786676366232877 6.86262122211034 0.0323507066857929 0.058495628950141 -12.8645730718989 -3.19974835168676 0.0436986881009944 3.2918718624332 13.6288814489953
"etap[103]" 0.00252602953980901 6.58984243191313 0.0310648151370442 0.0709922541789641 -12.5072509588665 -3.19420215567771 0.00292328283960773 3.21804627640674 12.9348763130136
"etap[104]" -0.00615567949179099 6.83373204947555 0.0322145218199734 0.0726048271101242 -13.1617036580408 -3.23251684440819 -0.0115534583832799 3.22301708693649 12.9928733874619
"etap[105]" 0.054145644924203 6.63478767573413 0.0312766890482969 0.0611099827976015 -12.7719437855091 -3.27693472352503 -0.0297321322521531 3.21594902421657 13.0804026825282
"etap[106]" -0.0070114858581622 6.81012084196269 0.0321032175203444 0.056903356692037 -13.1091598578203 -3.2947836186007 -0.062745288827957 3.23419092053311 13.1948148287182
"etap[107]" 0.160159348861386 6.63826603868624 0.0312930862085027 0.0569689722797785 -12.5898422124159 -3.15093116769209 0.0933607685953312 3.36024359446785 13.3346392853082
"etap[108]" 0.0844571601892791 6.80205050939392 0.0320651736077724 0.0752694603029012 -12.7961031476633 -3.17526889816924 0.0309618453103942 3.23587108803295 13.2179350301829
"etap[109]" -0.0507792452061054 6.87490059613301 0.0324085922100606 0.0602595651097962 -13.4622882289693 -3.2752919096571 -0.0334862150840498 3.23925978075139 13.2823303934541
"etap[110]" -0.00715768922314325 6.88029092078543 0.0324340024441574 0.0761317591287188 -13.1162060749765 -3.28283309509715 0.0100406968403173 3.28641103469305 13.1872978440251
"etap[111]" -0.107492758565122 6.96241828046468 0.0328211545304917 0.0770964100026813 -13.7779012716306 -3.25169575334839 0.00163324479084112 3.25285270971114 12.9650891253151
"etap[112]" 0.107118474991448 6.55220019753001 0.0308873679424354 0.0592028406444403 -12.4250644584296 -3.15748032485474 0.0108689429709403 3.26241436714625 13.3823043677983
"etap[113]" 0.0254110688351701 6.71158395045796 0.0316387101591441 0.0649327805591358 -12.8183991483975 -3.24046514757087 -0.0512273078565402 3.19725546044528 13.2775540461362
"etap[114]" 0.107291086355103 7.11056126058232 0.0335195072360008 0.0689866111261738 -12.8488176871528 -3.23241102102237 0.00102100075817961 3.29222470238848 13.4457567273958
"etap[115]" 0.0748255232862317 6.79016668473129 0.0320091527210698 0.0669791081751472 -12.9140258377625 -3.17188230065556 0.017326801313375 3.20803853469366 13.4473564583335
"etap[116]" 0.100106786376038 6.88920632735828 0.0324760300737887 0.0702909467356327 -12.6475961867249 -3.19380734164009 0.0431478809461346 3.23090942443228 13.32695154958
"etap[117]" -0.0478427525574406 6.77262380658 0.0319264548003878 0.0598055093958427 -13.5493675557349 -3.25011292932376 -0.00839595740299295 3.23057170654624 12.9055030669002
"etap[118]" 0.0482309334875239 6.88671117998392 0.0324642678362656 0.0591752651051887 -13.0788087313551 -3.19927788711703 0.0419197088367782 3.23628434251205 13.1510569011932
"etap[119]" -0.00553616488722467 6.70926245813911 0.0316277665394033 0.0622112567482168 -13.0643026296949 -3.15299428840839 0.0104062789117635 3.18973510127935 13.193396021567
"etap[120]" -0.0680730707485395 6.9851071375987 0.0329281108287373 0.0814838886118691 -13.2988732072403 -3.24183110429605 0.00165690836117662 3.22613072508934 12.8045739563047
"etap[121]" 0.147159915181892 6.89718270370888 0.0325136310725008 0.0892278212639178 -12.5631845268142 -3.21564392994889 0.043295024885383 3.33088473850332 13.6174584124814
"etap[122]" 0.0675120087363068 6.67487117369773 0.0314656444697885 0.0618295322217638 -13.1163893081419 -3.10464679134294 0.0568982995437365 3.19093311469554 13.2838597667488
"etap[123]" -0.0771931158158663 6.74785610937901 0.0318096987560865 0.0597481284295496 -13.4803531578841 -3.3059887700629 -0.00636711488433463 3.23117546173598 12.9112282564711
"etap[124]" -0.0149383917607752 6.99481330067658 0.0329738661202818 0.0766184534203673 -13.076245487002 -3.24458822454761 -0.01090371193914 3.22124625559014 13.0301462753193
"etap[125]" 0.000139210597811157 6.88387871038777 0.0324509154465393 0.0650371196571891 -13.0294574461752 -3.21642782651529 -0.0397376206428525 3.23903063654786 13.4824443732394
"etap[126]" 0.109839509523382 6.68017309811852 0.031490637981197 0.0505867690366652 -12.679056037713 -3.18464786990582 0.0757682473072671 3.35451156653006 12.9730560508032
"etap[127]" -0.0445678593431157 6.76411505094693 0.0318863441416704 0.0614605303999585 -12.9930378801388 -3.26601223975634 0.0383229985562938 3.26794666952277 12.6165712077878
"etap[128]" -0.0604249934573211 6.76499860019761 0.0318905092327815 0.0615188857957763 -13.2076392910291 -3.22814416541519 -0.0169108434303367 3.19085421528252 12.5899087698959
"etap[129]" 0.115270948987114 7.02143073850632 0.0330993419255299 0.112198866549014 -12.4631526910231 -3.26823716341285 -0.022380309667212 3.26964354287383 13.918947355809
"etap[130]" -0.181148452735569 6.93723946684771 0.0327024604648198 0.0695807656803505 -13.8296042396578 -3.30297050061772 -0.0235431878185072 3.20376391529796 12.3316725028889
"etap[131]" 0.0894427105651409 6.83024426586845 0.0321980802503741 0.071651344280934 -12.8037972533439 -3.19235092271652 0.0239456041015027 3.30155322531001 13.4992859937821
"etap[132]" -0.0372169816805853 6.4607042525213 0.0304560519213239 0.0592948115898883 -12.9531264892717 -3.24862715731261 -0.014973644487808 3.21751229561759 12.4839799252292
"etap[133]" 0.0897417187206903 6.91520134210872 0.0325985717485026 0.0617668913661908 -13.2430555047599 -3.14774683924194 0.032140951547535 3.2565444535738 13.2753147463849
"etap[134]" 0.0123196718486631 6.7070708048079 0.0316174349865199 0.0542291589130092 -12.8918826045002 -3.24625975285459 0.0165748068318988 3.2587943717503 13.15673898159
"etap[135]" 0.0081083203105007 7.06785225474143 0.033318175051682 0.0886387728987632 -13.1882021626544 -3.26389414082261 0.0180569168345098 3.23396416259402 12.7603600804598
"etap[136]" 0.153816179041863 6.97552590942215 0.0328829444859658 0.105074451297284 -12.5138294929263 -3.15862607706327 0.0617411629752978 3.25112095544542 13.5668285687366
"etap[137]" 0.0323181308797951 6.88838568650288 0.0324721615356969 0.0595067294454944 -12.8924481113309 -3.22734951300063 0.0448724279518986 3.279277231889 13.4941066214915
"etap[138]" -0.0405064579244499 6.79480295765167 0.0320310083212127 0.0706250041188398 -13.0071614297424 -3.31568136922837 -0.0383852804853542 3.20991832385564 13.1240420490773
"etap[139]" 0.00259343577110087 7.01295550035537 0.0330593892697385 0.0860402707776274 -12.8258020433898 -3.23426342448642 -0.0328897117742077 3.2225843681496 13.1220180414999
"etap[140]" 0.00448709603565624 6.67339429519602 0.0314586823977648 0.0578350523555662 -13.1260524933709 -3.23472618571775 0.00460077044216876 3.24575963332357 13.0487969224888
"etap[141]" 0.0185200214036111 6.64561761697936 0.0313277418809259 0.062088396433865 -12.6640369237662 -3.24136623524773 0.00590864721967543 3.21097067712065 12.7700601621428
"etap[142]" 0.0502360609900277 6.86038183480359 0.0323401501127908 0.0669215665327656 -12.9735429744242 -3.17063568813715 0.0270972269102875 3.24051299451916 13.0411976784833
"etap[143]" 0.099633701037066 6.90108851818192 0.0325320432585004 0.0901419746174829 -12.647640416006 -3.21164876581585 -0.00436854728959147 3.26310896448082 13.283062729797
"etap[144]" -0.121160639025952 6.95806047744287 0.0328006116500397 0.0834632118475897 -13.2252214993113 -3.29614767451599 -0.0431999993931474 3.14329880645077 12.867555812003
"etap[145]" -0.0336244447464914 6.875051219525 0.0324093022555398 0.0610249697808826 -13.0444687091443 -3.2472433496196 -0.00455832041884087 3.19463076474893 12.8963569291046
"etap[146]" 0.0805943440158893 6.76416326095112 0.0318865714058096 0.0788417416125147 -12.7043328533333 -3.25587033201805 0.0192627843242134 3.28887583951863 13.1931346332393
"etap[147]" -0.0326841366255429 6.91300375088895 0.0325882122041441 0.0678418050212277 -13.1518302419747 -3.21927280084264 -0.0042989296565593 3.18268312986313 12.9571935518504
"etap[148]" 0.0860801333515885 6.86178493972509 0.0323467644128222 0.0649967865783662 -12.8441530079562 -3.15813648645559 0.0566574155822656 3.3205742000337 13.3644562769835
"etap[149]" 0.110310953506787 6.86179145845316 0.0323467951424011 0.0783718497508535 -12.8822880333459 -3.21320947254069 0.0225372254613391 3.2853211439337 13.2190712089614
"etap[150]" -0.00923640010611961 6.74747143644763 0.0318078853904977 0.0652527691468967 -12.9739467630654 -3.24468654426967 0.0142441096743858 3.23661834558856 13.0252706805518
"etap[151]" -0.000146296150222017 6.78218266744383 0.031971515702636 0.0619049005267723 -13.0868331641883 -3.21956513174427 0.0241587120269069 3.25099191500098 12.9181129373988
"etap[152]" 0.0764128722920666 6.87435714385129 0.0324060303514362 0.0782690421836164 -12.8920493380349 -3.18863770345076 0.0241564602099501 3.26004800496015 13.4318126564235
"etap[153]" 0.0540479019578371 6.72652734176857 0.0317091539813419 0.0613358111769889 -12.8413636398605 -3.21769224146743 0.0298569341398681 3.27444679688216 13.0534282808299
"etap[154]" -0.110071385088042 6.83016668839047 0.0321977145466358 0.0650271050943937 -13.3820403929616 -3.33263649452234 -0.0648961824979581 3.14868994521859 12.5055690619004
"etap[155]" -0.165167875758485 6.66337930656703 0.0314114712886111 0.0611225897661262 -13.187447352246 -3.33430776626858 -0.0874236002350632 3.13013975638818 12.5661571768035
"etap[156]" -0.0216308338581331 6.7955015346302 0.0320343014446707 0.0773991770077249 -13.1054936782981 -3.23066035649059 0.00147479856390927 3.22726958692472 12.8260472503427
"etap[157]" -0.108050897945223 6.94116565358375 0.0327209686865881 0.0787980702286345 -13.4331332360015 -3.2840799646106 -0.0435367571072672 3.19429550431719 12.4741061683618
"etap[158]" 0.0364618117517548 6.70362140981811 0.0316011743825981 0.0566033889373107 -12.7974147603321 -3.20907717510213 0.00981852422768334 3.28697893069181 12.9988684825031
"etap[159]" -0.00499227396335139 6.76207343042852 0.0318767198502492 0.066264900276783 -13.1790716032243 -3.25135126254596 -0.00356068062238785 3.23562982073142 12.9726934478056
"etap[160]" 0.00560527072472157 6.81088942161477 0.0321068406395702 0.0707533842281693 -13.151666795089 -3.17487824533418 0.0407012000528188 3.29160943283399 13.0026898041469
"etap[161]" -0.100694062287079 6.79116378224427 0.0320138530838227 0.0589799184142614 -13.1354331518283 -3.30631712537872 -0.0698038611296363 3.18919350972157 13.0427177363716
"etap[162]" 0.0963948308959803 6.80078068908893 0.0320591876174487 0.0746050078775718 -12.5984366385489 -3.27752183008275 0.0174307410308689 3.28018768920011 13.4730217636745
"etap[163]" 0.0415455390027088 6.70200577483261 0.0315935582062369 0.0655404381146574 -12.8084153908363 -3.23197759505094 0.017068105223747 3.24686149161789 13.0486456406831
"etap[164]" -0.000692921541624915 6.75930029831089 0.0318636471800792 0.0677278027513901 -12.8501334525584 -3.2260540005679 0.00882385734693407 3.21327337357094 13.0120496345572
"etap[165]" -0.0356953001645502 6.95441256326958 0.0327834152177123 0.0714146142066867 -13.2627900685711 -3.22036177019846 -0.0113880653641432 3.26565382771815 12.9857099205886
"etap[166]" 0.0978489839734778 6.82367090231625 0.032167093117421 0.0682021417293787 -12.9590628403968 -3.18667303766714 0.00783044719090462 3.32308851467606 13.3662918871379
"etap[167]" -0.0240625195362384 6.70014154202865 0.031584770128521 0.0553117945135591 -13.3301532715192 -3.23758947712849 -0.0263637131971778 3.18509441989387 13.0722614607042
"etap[168]" -0.0300990550677883 6.78276356280172 0.0319742540696141 0.0686919890276677 -12.8052968979939 -3.21959813325589 -0.015015847788431 3.20041765056266 12.8693986423628
"etap[169]" 0.00656282104997361 6.7712909045593 0.0319201714400045 0.0610999630305218 -13.1378861510223 -3.24509043247793 0.0272366435835071 3.25285572190362 13.0085947301685
"etap[170]" 0.0152316525010565 6.67018713911814 0.0314435637190249 0.0673201888336746 -13.1122156419114 -3.21508035383947 0.00982878555241005 3.28662363347626 13.0340184557968
"etap[171]" 0.0567980389128602 6.91564548573625 0.0326006654616416 0.0707704900354177 -12.7176469636032 -3.25681425194225 -0.0267436867371246 3.24746139082376 13.4277605225869
"etap[172]" -0.013013375335385 6.77844315922833 0.0319538874918528 0.0664165645399716 -13.1301387909183 -3.24142374796231 -0.000280753490118821 3.17988804390007 13.1387090020191
"etap[173]" 0.0118795619651626 6.98814240564707 0.0329424192195354 0.081287175642226 -13.2691484676532 -3.20273193923124 0.0396864704202099 3.27026206011829 13.4082276720246
"etap[174]" 0.145941454080965 6.69769326150064 0.0315732288234303 0.0610154006125052 -12.4732345158026 -3.1332941122666 0.0340370983262988 3.25171918441738 13.4615208888718
"etap[175]" 0.0044774844100474 6.73809163168732 0.0317636685668162 0.0573501254174269 -12.8884902299913 -3.23881356971159 -0.00650262010683944 3.20083240544993 13.0105322849215
"etap[176]" 0.0826541665941436 6.71327049668237 0.0316466606142912 0.0630417217860716 -12.7655130411591 -3.1693376926578 0.0288281863669747 3.21036887707873 13.3953862917549
"etap[177]" -0.0446426022185712 6.75165579485305 0.0318276106451869 0.059661922706994 -12.8757752803614 -3.25413243233727 -0.0362067468568192 3.19713466841105 12.9369099584585
"etap[178]" -0.0215246927060354 6.76145073194285 0.0318737844214369 0.0611610320039227 -12.9824309442405 -3.22090540893337 0.00975436001988191 3.2278440465921 12.9123354396884
"etap[179]" -0.000301323894071028 6.78602800239775 0.0319896427854483 0.061160056382516 -13.1390954278028 -3.24894173521187 0.00334698316268172 3.22855215203818 13.1404495252884
"etap[180]" 0.000401167492889854 6.79702115960626 0.0320414650255069 0.0636221460797402 -13.0559903822082 -3.18778424334525 0.0386873373075191 3.19827461486327 12.7472349317091
"etap[181]" 0.0247099492815386 6.88039192445461 0.0324344785800201 0.0667794931573121 -13.2628023337604 -3.21144193673114 0.0482759802962248 3.27228968690736 13.6146215103289
"etap[182]" -0.00278770736643245 7.03159256097489 0.0331472452160415 0.100169578384267 -13.1091315785407 -3.24983434057681 -0.0201111713957557 3.23661719250188 12.9712831178554
"etap[183]" 0.0806725671701215 6.7228793514828 0.0316919571902167 0.0520609039767334 -12.6368637780593 -3.21034770246726 0.0479519981805382 3.24698185888828 13.1848344557032
"etap[184]" 0.0461673505468672 6.91243935670342 0.0325855516244384 0.0744823378222563 -13.1606859661317 -3.18695179756433 0.0761233936974247 3.30749750534754 13.211617335536
"etap[185]" -0.0591441603517242 6.63142210212095 0.0312608235821338 0.0562635493724566 -13.2746117931097 -3.22714635457999 0.001258578203285 3.26940172109887 12.6972124766645
"etap[186]" -0.116584101421913 6.9743862455145 0.0328775720587833 0.0873529601774568 -13.0096445767928 -3.21830305203158 -0.0660797837589153 3.15434330184351 12.7944193360607
"etap[187]" 0.0742563844514591 6.70861781462795 0.0316247276607487 0.0580185474038843 -12.8173732015924 -3.18415772257767 0.0580470093588147 3.30232269282505 13.0438077870077
"etap[188]" 0.0658774669449172 6.88836746670215 0.0324720756467326 0.0714413408768357 -12.8369184745784 -3.23972451986542 0.00184213892352684 3.23895561317523 13.3624738332134
"etap[189]" -0.0386723965930488 6.7495547473624 0.031817706212332 0.0554461192788901 -13.2942368754966 -3.21226534844263 -0.0161158746895652 3.1740701668518 12.7900660776253
"etap[190]" 0.103171324519267 6.8399900268597 0.0322440222082723 0.0672179539088905 -12.6740265838435 -3.14843410419742 0.0347808957372639 3.24998963586124 13.3914000143232
"etap[191]" 0.0412878008524856 6.70592301860381 0.0316120242704648 0.0535121391698751 -12.8430574695406 -3.19564599472468 0.0535906391464238 3.28326359331726 13.1150177530456
"etap[192]" -0.0188784058969474 6.67176759154584 0.031451014043218 0.0666776974164651 -13.181798447628 -3.26291777290921 -0.0224063774925954 3.21663530303828 12.9071347786192
"etap[193]" 0.0221551433576779 6.79454247172236 0.0320297803787659 0.0481193726020538 -13.009183892746 -3.23128229522704 -0.00623283780087891 3.17701494423633 13.1906815201405
"etap[194]" -0.0976969257902917 6.80824894533442 0.0320943933150142 0.0611316131256464 -13.4323271564182 -3.24556175391001 -0.0350626044026414 3.18846364765553 12.7252115565201
"etap[195]" 0.115943190792123 6.72536328248851 0.0317036665532709 0.0532774590835394 -12.4134918439343 -3.19218773590761 0.0501856015954654 3.2529575734791 13.4249030501251
"etap[196]" -0.00919983118269232 6.67691274262927 0.0314752685180269 0.070295260390762 -12.9688131557445 -3.25136959041844 -0.0060995774318958 3.19724877222491 12.7494107751677
"etap[197]" 0.0133602931388551 6.9056624887796 0.0325536051626775 0.0742369479375228 -13.0158290913451 -3.19655723473084 0.00449971499498157 3.25491427387105 13.2683956735139
"etap[198]" 0.166486530950546 6.82689316359268 0.0321822830027498 0.0771093431070988 -12.5518021079894 -3.12389687380228 0.0785883230602328 3.29399407195076 13.1239492409759
"etap[199]" -0.101702250969076 6.97993657359861 0.0329037365562905 0.0897973786111035 -13.1822469710897 -3.23519971145501 -0.054742803597852 3.13311143481813 12.9328610502296
"etap[200]" 0.0694478350784154 6.77976994477978 0.0319601420189235 0.0603484724385358 -13.0257913472037 -3.17663762224906 0.0414074072826978 3.21903969111966 13.0192045367371
"etap[201]" -0.0272129213745811 6.73328539907442 0.0317410117689993 0.0612229900886328 -13.0043482519896 -3.25005383278853 0.0268061423955341 3.23253243239063 12.8355197758706
"etap[202]" 0.0165901922685534 6.66568378862245 0.0314223347212011 0.0540417305545714 -12.6452174533406 -3.22755358119813 -0.00184975681358045 3.21684022675112 13.1747550001258
"etap[203]" -0.017541684282372 6.92952713325174 0.0326661041755899 0.0643839909422224 -13.1617976080547 -3.25492499826506 -0.0221477614731932 3.19638841050145 12.9786996766375
"etap[204]" -0.0239501168691526 6.8969764348314 0.0325126587116873 0.0847229022529922 -13.3493811652281 -3.24040378144391 0.00521566994369231 3.27742552682165 13.0531031005502
"etap[205]" -0.0201606841850519 6.75425675377364 0.0318398716831225 0.0605172632483856 -13.2157589775811 -3.21449886950927 -0.0200334214449592 3.22658547226741 12.8360450596425
"etap[206]" -0.000172365016204561 6.66674373532838 0.0314273313578909 0.0555990532417278 -13.0532196713695 -3.1901969559798 -0.019828389425332 3.19043698434125 12.8901957079942
"etap[207]" -0.00679174265337697 6.90275001211723 0.0325398756160241 0.0638023740488491 -13.1209174753903 -3.2599946676545 0.00687312427801819 3.27186013788331 13.0910127590964
"etap[208]" -0.0390884488053156 6.80297098590498 0.0320695127756583 0.0633343755912021 -13.0833925160833 -3.27994533021629 -0.0602870182633667 3.17022436824069 13.0654150744208
"etap[209]" 0.0328391679730932 6.80689412154415 0.0320880066144181 0.0667116467450473 -12.7591804732272 -3.2253351632315 0.011596508767427 3.29427228539068 12.8196596804056
"etap[210]" -0.0311853125879836 6.85588162958961 0.0323189359419673 0.0753037509854986 -13.1926551434189 -3.27525430134304 -0.0192766802944947 3.20315362239248 12.9433691407865
"etap[211]" -0.0258340480845637 6.6780462893238 0.0314806121083901 0.0550537843648382 -12.8234046298596 -3.22721502733369 -0.0170282245833044 3.19624856196125 12.9657935521571
"etap[212]" -0.0064740325726211 6.86363300188104 0.0323554762613724 0.0600839225481038 -13.2437614423297 -3.29678256457873 -0.000775769743027598 3.26169342034874 13.2639958829349
"etap[213]" -0.0196478305224017 6.88147719486726 0.0324395945938081 0.0644917002129369 -13.1424765886708 -3.26030675673512 -0.0312399955911768 3.21278668625197 13.1110773877415
"etap[214]" 0.0627771578910015 6.7308606379144 0.0317295813352725 0.0665143673401326 -12.8409154245602 -3.24077933962739 0.0224076542465765 3.32330177924369 13.1435158527676
"etap[215]" -0.0382745390026216 6.89244075488495 0.0324912773113712 0.0653315089723545 -13.202685077058 -3.22960715745666 -0.0387562759124892 3.15364852483875 13.1567052719563
"etap[216]" -0.0311401623665084 6.70718272563581 0.0316179625863623 0.0634514633035218 -13.2228188994072 -3.2615856512377 -0.0200604860935371 3.24823794237008 12.8442668496359
"etap[217]" -0.0623416734767818 6.82699592514654 0.0321827674253603 0.0650649151492299 -13.5662691579442 -3.26006659141732 -0.0100741875216007 3.18428821018807 13.1114216316796
"etap[218]" -0.0422912908392996 6.97872456065441 0.0328980230724789 0.072968360043176 -12.9372708042036 -3.25973010339396 -0.0302932522017851 3.22967711514053 13.168767753787
"etap[219]" -0.101382580905785 6.78803135958001 0.0319990867017731 0.076119325164276 -12.9097903308739 -3.26318667898314 -0.044572622035827 3.16061839762202 12.6090363403815
"etap[220]" -0.0343118349661269 6.91986537150356 0.0326205581939209 0.0676451263522158 -13.1063432479256 -3.32595230615915 -0.0475938242807633 3.17896305399954 13.1568765152796
"etap[221]" -0.0363119642511166 6.80797509859074 0.0320931023890845 0.0649713421994358 -13.0400786854362 -3.23432300797137 -0.0190657189506071 3.23148155967018 12.8177984292823
"etap[222]" -0.0470589167275463 6.65027161427143 0.0313496810345582 0.0646361209532309 -12.9678067792445 -3.27700487151293 -0.0333636897300886 3.19853523191116 12.6974367748165
"etap[223]" 0.0456010862459187 6.87592781459219 0.0324134345643156 0.0671635355623691 -13.0159316310541 -3.27036322144484 -0.0251942392720836 3.21787022451974 13.1513150945555
"etap[224]" -0.0618230492829537 6.99576905223318 0.0329783715763271 0.0728731608217519 -13.363662362838 -3.30768126235573 -0.0580966300427044 3.17799965531116 13.2614679338524
"etap[225]" 0.0691229236606627 6.76238896563519 0.0318782072974782 0.071236386274994 -12.4881334553332 -3.21553436679413 -0.000140896338653593 3.23865824623266 13.1748561030143
"etap[226]" -0.0533456076737426 6.87236666581949 0.032396647148009 0.0642188222342609 -13.2305274518103 -3.29335722829031 -0.0204227765003208 3.1562354439016 13.0611319777385
"etap[227]" 0.0353930196949736 6.72982078132194 0.031724679404286 0.0695348982530916 -12.8448558340433 -3.20060268470841 0.00834760581222951 3.24114179951905 12.8528085349795
"etap[228]" -0.0425040186042638 6.9039134441574 0.0325453600872578 0.0632118502731317 -13.2992145960012 -3.21289625943113 -0.0112503417814651 3.19556649001773 13.034862063677
"etap[229]" 0.0710099885991952 7.04546827002593 0.0332126559357999 0.0638132276535111 -13.1659180913191 -3.20462027424943 0.0396128662412612 3.31784684089486 13.3379930137869
"etap[230]" -0.0253714353959039 7.10202419715014 0.0334792631330387 0.0825197043704797 -13.1004831248644 -3.25259739643942 0.00456721408355689 3.24016230782712 13.4244871629822
"etap[231]" 0.0130880012342859 6.98393807173031 0.0329225997993827 0.0756630107695195 -12.9611197117191 -3.24365333948436 0.00276391413426601 3.23196963653593 13.0424685603641
"etap[232]" -0.0604189397396086 6.84976565710223 0.0322901049711714 0.0699051618653687 -13.567667115963 -3.24309507198963 -0.0327442925676391 3.20539826538739 12.8164027303726
"etap[233]" -0.020128393926514 6.67614624367626 0.0314716552073105 0.0586241185510467 -12.8162405485849 -3.17575243685639 -0.020605312017872 3.190812025181 12.9269306675074
"etap[234]" 0.053489841487437 6.6691378806433 0.0314386174671397 0.057005397949831 -13.0502784670253 -3.18947321024642 0.024832074700869 3.24254911548689 13.2671522750484
"etap[235]" 0.0269558825225092 7.06240276904618 0.0332924859297547 0.0782635863466974 -12.8144932938703 -3.24518650716487 0.0183142243583639 3.23386761490734 13.2159853336749
"etap[236]" 0.14403800351284 6.88970309743295 0.0324783718703786 0.0670487036774294 -12.6166049482042 -3.11612870831305 0.0689950732787967 3.32799155803362 13.5022352707525
"etap[237]" -0.0959290173352552 6.65414491786794 0.0313679399628161 0.0537783632179994 -13.3563753043436 -3.28088903764493 -0.0408886751699102 3.21938024341554 12.9943148420827
"etap[238]" 0.117250894382472 6.97988682095304 0.03290350202007 0.0674712970784267 -12.6028844045448 -3.20695797631117 0.0516338827484781 3.28646538511082 13.6059296364032
"etap[239]" -0.114606012102322 6.82673362680216 0.032181530939107 0.058089290333779 -13.4507725546645 -3.28041273319711 -0.0544856747878294 3.1840310539887 12.956169688836
"etap[240]" 0.0215970677059635 6.66562341325995 0.0314220501090129 0.0710744153397957 -12.5860409473278 -3.19045510478318 0.00723768845060944 3.23634029942725 12.8070114518494
"etap[241]" -0.103274608077169 6.95689712895277 0.0327951275726648 0.0619316349247701 -13.2723138028558 -3.24525497868146 -0.00862514247422022 3.22107700245848 12.5140089323496
"etap[242]" 0.103826072020087 6.77535916039169 0.0319393493819157 0.0651250381080279 -12.9590736049828 -3.20537300851592 0.0463340875693766 3.33661090747854 13.4510559198936
"etap[243]" 0.0285958231069254 6.87388849809115 0.0324038211341364 0.0988597517092937 -13.17049111451 -3.19679119669786 0.0163862760843265 3.26388170407464 12.9944555174715
"etap[244]" 0.0501614560621568 6.72595775865349 0.0317064689407877 0.070842442553346 -12.9414686024657 -3.20924882637313 0.0215563309424124 3.21395401381852 13.1514076885581
"etap[245]" -0.028307685309497 6.80386532513203 0.0320737287312058 0.0702720133611383 -13.1365295059544 -3.30740409859636 -0.0627107425462846 3.17461777460705 12.9897829463607
"etap[246]" 0.0686852077436778 6.80365404057211 0.0320727327262386 0.0662541647576839 -12.66186669363 -3.19799909217519 0.037088061923666 3.22048960366382 13.4120874758094
"etap[247]" 0.0624000861485837 6.94293588041049 0.0327293136158777 0.0714474382516996 -12.9439199268187 -3.24049385826842 -0.0116466371331533 3.25733697664019 13.429103466595
"etap[248]" -0.120856851336439 6.89179956320596 0.0324882547048095 0.0756228488913403 -13.155019194173 -3.3038500123164 -0.053339222136225 3.15173006116584 12.8592676401719
"etap[249]" -0.0403927615505005 6.95391988523084 0.0327810927111647 0.0753681842340815 -13.595439500741 -3.21894932740562 -0.00223821366445773 3.2313116460376 13.2211549075834
"etap[250]" -0.0887970101308132 6.83027495183169 0.032198224905392 0.0707421735916619 -13.261747480947 -3.31802279695507 -0.0663706934130427 3.19070824946959 13.0683330536022
"etap[251]" 0.0850314830497245 6.60456636671087 0.031134224431319 0.0626828315018233 -12.6902219157016 -3.12795489564199 0.0521490563091089 3.31565492785131 13.1025426244726
"etap[252]" -0.0716348741438162 6.82935195327502 0.032193873848469 0.0627411984962784 -13.2690378156735 -3.28288699968897 -0.0202053159057821 3.22090050340251 12.6277327818662
"etap[253]" 0.00186353595388041 7.13413094163373 0.0336306157780132 0.0826145989044215 -13.0741737416848 -3.22512708048492 -0.0208020727692238 3.21368449990845 13.4195331982636
"etap[254]" -0.0674178591851719 6.76770971907518 0.0319032895697344 0.0524465117881249 -13.6362381574288 -3.28352866026015 0.00201757719754793 3.24526305572873 13.1507112083238
"etap[255]" 0.0549834140419861 6.71673693830433 0.0316630015768078 0.0471552521137353 -12.7110124484132 -3.22352185712565 0.0365480366585304 3.25954301291705 12.9992516584561
"etap[256]" 0.025885344441427 6.84516748777556 0.0322684289930919 0.0640567143767505 -13.0823132708381 -3.23525133377132 0.042604614151372 3.27610226660713 13.3374373852099
"etap[257]" 0.0593820628515803 6.85519551736818 0.0323157015779377 0.0626433040569633 -13.0381787408814 -3.17425381741852 0.0313586723728931 3.2369654709768 13.3183968824457
"etap[258]" -0.109079398507812 6.92732342588412 0.0326557157994339 0.0705245573395165 -13.3726670225618 -3.26825518397266 -0.0291663256386858 3.19379374775337 12.6085560022373
"etap[259]" -0.0132825141495915 6.74637004051064 0.0318026933602589 0.0664832773773275 -12.917865632166 -3.27644921577857 -0.00977088157602016 3.19096406433736 12.9970505106471
"etap[260]" 0.0675194716917962 6.75107680759655 0.031824881273085 0.0694822706862448 -12.7374337102995 -3.27721687307127 0.0088051424889583 3.2647114985011 13.4306859244179
"etap[261]" -0.0474352130740261 6.80248063721822 0.0320672012497813 0.0605292971865131 -13.2962414769706 -3.21612186758769 0.00854480373078629 3.21436648685577 12.8949000292534
"etap[262]" 0.0246286879862604 6.76945094177198 0.0319114977722442 0.0668980109757042 -12.9760372018517 -3.20625847297466 0.0390095448121931 3.30651564927412 12.9494989490847
"etap[263]" 0.0321367746012646 6.83699401433944 0.0322298988698084 0.0780623028240006 -12.8687936451622 -3.18276645721084 -0.00577955531381513 3.20377178329087 12.7897476197655
"etap[264]" -0.122796948657567 6.72121441466684 0.031684108602798 0.0628383884140194 -13.4176411987944 -3.2422503068359 -0.0363486090493244 3.15867384659009 12.5063664051404
"etap[265]" -0.101293878304478 6.72838042550514 0.0317178895018501 0.0673423113100796 -13.4022980006727 -3.22329917362216 0.0142184072307031 3.21805236840018 12.5128986474186
"etap[266]" -0.127750391027619 6.93824842417814 0.0327072167352883 0.0751913833509335 -13.4981989804133 -3.27642548089611 -0.020880234329879 3.25861993796645 12.6997862997208
"etap[267]" 0.0169080265577336 7.0818266945819 0.0333840511928452 0.0731893334952932 -13.1316833305559 -3.22635389707323 -0.0158914832325735 3.16102253684683 13.576980171254
"etap[268]" -0.0378209138224949 6.72550273840125 0.0317043239547481 0.0774009642026566 -13.0860563260047 -3.29729463002485 -0.0525624302178213 3.20423880735033 13.0302272595817
"etap[269]" -0.117547611576128 6.74512882862617 0.0317968422313229 0.065492846658858 -13.3604631408563 -3.28026282354926 -0.0410139614565304 3.13742516297219 12.556382073031
"etap[270]" -0.00238620008908671 6.74859117290533 0.0318131638787802 0.0636704110838424 -13.2170155960287 -3.20202214731309 0.0390435829885595 3.21710976096799 13.010039569269
"etap[271]" -0.0747046257675547 6.83971969045053 0.0322427478302182 0.0667242724937196 -13.0929229315343 -3.24206590927749 0.0341025128270479 3.20589243598505 12.8008143369663
"etap[272]" -0.00457885565839578 6.87398662193586 0.0324042836943763 0.0720703345226812 -13.0469290192525 -3.25090781494258 -0.0267461804210639 3.20369946962052 13.1458460355917
"etap[273]" 0.099728840086158 6.7837007981121 0.0319786722392377 0.0632528804494809 -12.7872873700393 -3.15420315508115 0.0527552484002601 3.246848001275 13.1638257003479
"etap[274]" 0.117775929110554 6.92656904281801 0.0326521596035562 0.0623851816145732 -12.7003906346912 -3.17463741439845 0.0334787075784345 3.23649445227731 13.1407204445818
"etap[275]" -0.0799874717730643 6.86281538521729 0.0323516219794568 0.0743964957237836 -13.3098936476132 -3.25723969718041 -0.0235525698642081 3.22141120044117 12.9392547549153
"mean.p0" 0.127958665728805 0.258451150921561 0.00121835040948069 0.00534984272126828 -0.385622029489993 -0.0356866760719331 0.128326075202388 0.29466365924684 0.645640864779003
"mumup0" 0.753276161515487 0.0663177807881576 0.000312625016723661 0.000897203950741067 0.613208458829426 0.712336559717853 0.755993968864347 0.798379176593756 0.873470144099616
"mupsi" 8.98466713582609 1.38548751875105 0.00653125079838796 0.0119533600827314 6.41922946439557 8.02732302231099 8.93835589453944 9.90068113591829 11.8269782290625
"ppo[1]" 0.504378529407558 0.108101411447243 0.000509594940601218 0.00170016566116337 0.266753187845197 0.440752988125126 0.511986617914965 0.574834274663311 0.702861822080919
"ppo[2]" 0.464678423292808 0.117715434125305 0.000554915878135476 0.00273112845139427 0.201579136301827 0.392757749549137 0.481291245541575 0.548017181067573 0.661638194487578
"ppo[3]" 0.618620492345433 0.116876293932567 0.000550960133331135 0.00269206990414018 0.420501857610168 0.535729751767822 0.602772095755251 0.693383253892322 0.872374896314285
"ppo[4]" 0.542547135769965 0.104331723081693 0.000491824459226279 0.00118736785681814 0.329442829615131 0.479571389939993 0.542763234525911 0.606066759707002 0.756426786982299
"ppo[5]" 0.542900104841085 0.104525245643683 0.000492736733332252 0.00129977865877504 0.327468353627039 0.480089489244357 0.541950012192663 0.60679444873305 0.758119431699551
"ppo[6]" 0.619863746811982 0.117563850656356 0.000554201306810081 0.00268959884814378 0.42243553660295 0.535434747198158 0.603680317169371 0.695115390547824 0.877602004441839
"ppo[7]" 0.50460772263166 0.107432704248224 0.000506442624634186 0.00166996927841627 0.266814183895223 0.441936776145096 0.512574613384697 0.57417049509398 0.701774528077557
"ppo[8]" 0.544040904410542 0.103666933244113 0.000488690609878167 0.00125543094489546 0.332182964630257 0.481030221975706 0.543092932156786 0.607488660309733 0.757988260661755
"ppo[9]" 0.543514480097604 0.104618667785237 0.000493177129530957 0.00131966254228971 0.328047737310738 0.480743326389061 0.543374639929599 0.60713038513028 0.757955942904411
"ppo[10]" 0.503458871733251 0.108140361488512 0.00050977855285661 0.00175531675044877 0.264876975386953 0.440538247963092 0.512390323217133 0.573487232751246 0.70122164757563
"ppo[11]" 0.580040945456641 0.107453557998463 0.000506540930155566 0.0017531129269029 0.381714961974628 0.508715410388921 0.571288804808949 0.644105675501897 0.813720925895328
"ppo[12]" 0.543073438969566 0.102892036052479 0.000485037709485324 0.00128080626660284 0.331354336690426 0.480403776687226 0.543085499678344 0.605818684861007 0.754299989970251
"ppo[13]" 0.426418004784718 0.164904007729437 0.000777364947402156 0.00493850243559492 0.0852216354649988 0.309928592504785 0.455692538907268 0.545631924496738 0.703916455281617
"ppo[14]" 0.466447513779724 0.117179368191939 0.000552388839091167 0.00260569409159274 0.201743362071453 0.396226919212527 0.482843353966906 0.548826882677528 0.662630829111458
"ppo[15]" 0.582065455525443 0.107962839117643 0.00050894170437492 0.00181943731159871 0.384672771911344 0.50953557291564 0.573617005671944 0.646508218533914 0.819064636989331
"ppo[16]" 0.504095461932235 0.108479595616014 0.000511377717869721 0.00163916869377841 0.26225785136558 0.44077745179684 0.512658068605122 0.574496157270218 0.704705581171071
"psi0" 0.999697381190411 0.00057166515955292 0.00000269485540591973 0.00000427154789202169 0.99837274063257 0.999673685654065 0.999868760563372 0.999949861996009 0.99999269524852
"sdeps" 0.490715148848524 0.354181330386317 0.00166962680323892 0.013131355021449 0.0254925189521979 0.212564862990744 0.432235569104031 0.695134412621033 1.31582967750395
