"Mean" "SD" "Naive SE" "Time-series SE" "2.5%" "25%" "50%" "75%" "97.5%"
"N" 23.3365777777778 0.690002722724662 0.00325270402850527 0.0114111460104412 23 23 23 23 25
"betapsi[1]" 0.050985210236893 2.49315428153536 0.0117528419934529 0.0176416971628439 -5.28017275592717 -1.07992137131791 0.00420529695219697 1.11570702703693 5.66618953692106
"betapsi[2]" 0.0547424430738792 2.5128326465749 0.011845606695867 0.018460011636944 -5.21539850902404 -1.09192595381677 0.00220982794869471 1.14379800006117 5.77414745775888
"betapsi[3]" 0.0737427197848679 2.4926447939965 0.0117504402461618 0.0179956418016046 -5.16214056385269 -1.06989388541423 0.00853320601975049 1.12994212220114 5.76335913119112
"betapsi[4]" 0.0732802343461704 2.51405191236363 0.0118513543699155 0.0185932976918733 -5.32102412244437 -1.0626309405341 0.005852720726772 1.14983147707228 5.76319547319139
"betapsi[5]" 0.0646641485050636 2.48441321817612 0.0117116362256122 0.0173694910303491 -5.16670702891926 -1.07688878581417 0.00979422773585873 1.15039337869302 5.72148015927773
"betapsi[6]" 0.0414242677271961 2.52490081841407 0.0119024966034937 0.0185693851588743 -5.34744924894963 -1.10696467565556 -0.00583920747715374 1.1225186553141 5.74013610191711
"betapsi[7]" 0.0934581505601289 2.52577885798411 0.0119066357217212 0.0176983641512992 -5.24091987391912 -1.07457761188733 0.0140951970841594 1.17706155949145 5.81257254364917
"betapsi[8]" 0.0420791860868575 2.48236975391545 0.0117020032427066 0.0181928157510104 -5.23158748013958 -1.09082727031157 0.00639266929542104 1.10819558989306 5.65740194613746
"betapsi[9]" 0.0611519459595949 2.51864710950316 0.0118730163369705 0.0182561971885495 -5.29959853483791 -1.08622818807204 0.00628005350831868 1.15317140213993 5.74254452122202
"betapsi[10]" 0.0722004514852569 2.49303391856655 0.0117522745969765 0.0182593467402172 -5.20690884624115 -1.06565474108351 0.0121156052592234 1.14973391950416 5.71114142549756
"betapsi[11]" 0.0893299954848911 2.4749505512335 0.0116670287858573 0.0177350725350288 -5.07007843848886 -1.06986219742945 0.0114095707420844 1.13990268863322 5.73637060998267
"betapsi[12]" 0.0466595437979103 2.52212866798924 0.0118894285610679 0.0182634982293536 -5.37293930600159 -1.09465358443884 0.00709087583578642 1.12467834481522 5.72380641297265
"betapsi[13]" 0.0870222056528347 2.52860350283826 0.0119199512252599 0.0184555145931766 -5.24847837767656 -1.06644608139146 0.0180270484617287 1.17678085419091 5.8167332420816
"betapsi[14]" 0.0653525526274975 2.50558394840514 0.0118114360049963 0.0188119251299433 -5.22387783324411 -1.0980622888095 -0.000493967110954894 1.13539414498063 5.71891123933367
"betapsi[15]" 0.136118483565263 2.51116725427965 0.0118377559612983 0.0193899143385251 -5.08324051650849 -1.02957481511324 0.0252897386284486 1.19705466231635 5.85126060857651
"betapsi[16]" 0.0794398858817902 2.50602496423537 0.0118135149735574 0.0179399227183172 -5.2411137080725 -1.0662279589728 0.0146661781315384 1.15510023817408 5.76532584505371
"etap[1]" 0.279556508112818 7.50876283995314 0.0353966474830162 0.326514474856756 -14.3560410544314 -3.79050557251447 0.486725116303068 4.2455936054603 14.1969843254352
"etap[2]" 0.0683840782681385 4.96904725926366 0.0234243134204117 0.0838325371163258 -9.98895188579914 -2.4611476156292 0.0812323569135889 2.62438406167893 10.0543619760176
"etap[3]" 0.133675942415446 5.14647665788323 0.0242607236267167 0.0887013487378252 -9.97297358636838 -2.43402527622754 0.140199325017397 2.66447817184912 10.5712900990124
"etap[4]" -0.0379823056554136 4.84575726392433 0.0228431188086991 0.0754180401518865 -9.40576049076138 -2.5376138715056 -0.0543443064294122 2.35361159445506 9.62371408785719
"etap[5]" -0.0610122703896156 4.71493481691695 0.0222264158792968 0.0613040586325685 -9.64748211657894 -2.47324799827708 -0.0645504000409285 2.3567025978374 9.52620412736032
"etap[6]" 0.303285729303792 7.13221222186013 0.0336215708462591 0.288041269771262 -14.1020029427402 -3.70485633591699 0.525736257064207 4.26542549033686 14.1194523492842
"etap[7]" -0.132514862842664 4.80767699315386 0.0226636066907576 0.0795122573281572 -9.68769184135397 -2.55186218955591 -0.136682071493693 2.2948295067219 9.64308186606441
"etap[8]" 0.36301381509053 7.24338138485214 0.0341456273063291 0.344435030001902 -13.9423654175715 -3.65003823353373 0.48109587403037 4.27312023825613 14.5187561331669
"etap[9]" 0.270003737456081 7.30247733346499 0.0344242082796944 0.314328663326046 -14.1959442539588 -3.73084292219127 0.400903841756106 4.19757296043777 14.1443472820775
"etap[10]" 0.197112442494837 7.11133437890108 0.0335231517507065 0.33172471237771 -14.2401034999557 -3.74370860656364 0.42904681034069 4.17573349911357 14.1347196881683
"etap[11]" -0.0845748520899965 4.74525760213566 0.0223693588596476 0.0725315281019093 -9.81001788018888 -2.4659318997914 -0.0733261431814315 2.36708005794038 9.38766469353641
"etap[12]" -0.218354921424105 6.1334220768616 0.0289132289495208 0.239281277150204 -12.0609936805335 -3.56027241031213 -0.35107826754187 3.16595599263071 12.100825407623
"etap[13]" -0.194814425213617 6.17753691899055 0.0291211883096565 0.269632537748167 -12.1448661326005 -3.55984849274761 -0.311524785690822 3.22535348689856 12.0958522310583
"etap[14]" 0.23853921316042 7.23080083434716 0.0340863220225081 0.302647872167557 -14.3076039409861 -3.8126945624381 0.423272502691987 4.18308256714351 14.2473798836952
"etap[15]" -0.39586215547989 8.21819435643376 0.0387409397236222 0.444054982985927 -16.1121524874264 -5.33551679616516 -0.951270707455361 4.85553575093654 15.551804415294
"etap[16]" -0.105909261529692 4.97389216604989 0.0234471525300301 0.0669950106525009 -9.85274433879173 -2.53534053972196 -0.109775431285063 2.33785570339347 9.79151813303726
"etap[17]" 0.27685154332018 7.2606911999433 0.0342272265572093 0.330934267736532 -14.5730730600239 -3.77436157692336 0.482106819273206 4.29541975327387 14.4820883286144
"etap[18]" -0.107286464242884 4.78395371358491 0.0225517740783897 0.0709672669731514 -9.73692616863976 -2.53076506271189 -0.113085458822447 2.32826836078097 9.5802632056249
"etap[19]" 0.135481510500539 5.20332605891565 0.0245287142732262 0.103712650118934 -9.99305283650283 -2.45366151006151 0.087194882742081 2.65649238619671 10.2117444542443
"etap[20]" -0.0905938383860366 4.78910319717679 0.0225760489768392 0.0731031658169909 -9.58064538215587 -2.5230485621413 -0.101829002607323 2.34465628744761 9.40552502169101
"etap[21]" -0.0954448417624477 4.7517428094366 0.0223999304200469 0.0691133003052162 -9.7704167488864 -2.49770077600849 -0.0862139361911468 2.33574473653779 9.52762098451039
"etap[22]" -0.27553043968582 6.07374473778888 0.0286319072752442 0.213733288781383 -12.0105784572708 -3.66033173972681 -0.411591709903779 3.14601881538936 11.749744982854
"etap[23]" -0.272134971035926 6.16005319305224 0.0290387692351806 0.25424567642255 -12.1197979062192 -3.6381519563373 -0.384397680538449 3.16190647652073 11.8207984173554
"etap[24]" -0.287834907789282 7.92980683606982 0.0373814679152294 0.194778371006304 -15.8563108108741 -4.37322149651659 -0.147619449732469 4.03900583553155 14.7394711039468
"etap[25]" -0.191354764687388 6.96687965353784 0.0328421856448479 0.150466189317449 -13.7017790512607 -3.61419651537578 -0.0708770735990155 3.44882997430033 12.7621722904634
"etap[26]" 0.0261729821567203 6.39627519741478 0.0301523304428488 0.0591637347340166 -12.5315599422854 -3.31706559906443 -0.0137078143800404 3.3390051425844 13.020413147855
"etap[27]" -0.122830750717571 6.30716998597202 0.0297322844478472 0.0626287077220684 -12.7628333162897 -3.35245132297327 -0.0835984038939094 3.24029915982565 12.1812519803113
"etap[28]" 0.0407513033832638 6.41583121203464 0.0302445183798533 0.0506758847921507 -12.4531335475027 -3.24474498425028 0.0295746303553796 3.31619732673414 12.5705846558099
"etap[29]" -0.0359856063714668 6.15389602189481 0.0290097440519916 0.0441243534435779 -12.3027531538312 -3.29913032805089 -0.0141755679533587 3.2441876284681 12.2965301627504
"etap[30]" 0.0784996878115053 6.23157519253642 0.0293759271741091 0.0555648804151986 -12.2422173062647 -3.19659962519473 0.0273743387293353 3.33736146055658 12.5621525364344
"etap[31]" -0.125855099344116 6.28578179296514 0.0296314595390972 0.0721205158679469 -12.8616214642522 -3.31226043915641 -0.0382363755223169 3.23436516487746 12.1104231295449
"etap[32]" -0.0164056841605868 6.28472047678198 0.02962645644663 0.0490255104001771 -12.3330377700393 -3.28932434934809 -0.0293125654434017 3.27330456822923 12.3622036336289
"etap[33]" 0.0196619360779273 6.45231566105287 0.030416507721911 0.07799807889347 -12.4511866484261 -3.29421149331681 -0.00263516705240407 3.27779825206122 12.4586810362836
"etap[34]" 0.0642512756659934 6.34053021074346 0.0298895460555658 0.0629505307753632 -12.4400661175739 -3.20247352804213 0.0539552294236332 3.26946163701754 12.6111111643475
"etap[35]" -0.066910116882416 6.49926011237393 0.030637805987699 0.0582423799157512 -13.0579281410191 -3.31232462493644 -0.0141909968769932 3.25912093511195 12.4004835949911
"etap[36]" -0.029957867213384 6.35386294032618 0.0299523971455636 0.0509157739374878 -12.567861897463 -3.33499528158411 0.00259280943805421 3.27701677447265 12.5792320571174
"etap[37]" -0.0326029027119278 6.55028968462146 0.0308783616982142 0.0499101435424251 -12.6073225169828 -3.27947113778611 -0.00989025449342893 3.25340695185902 12.3414620210994
"etap[38]" 0.0336996147080523 6.41868098184816 0.0302579523235864 0.0650390051853829 -12.5089540376445 -3.28903360573367 -0.0109150710166568 3.28184020436876 12.477209151992
"etap[39]" -0.0702478633919767 6.44383225332496 0.0303765165543645 0.0812716351589225 -12.7701811384822 -3.33336089886441 -0.0434916841809446 3.2190113285975 12.6769391483344
"etap[40]" -0.0871754116707092 6.3315156325845 0.0298470509265942 0.0497954295463606 -13.1825119824384 -3.33032256149335 -0.0383237076587164 3.26828104361383 12.5916491917749
"etap[41]" 0.110384570725349 6.39579327849232 0.0301500586552617 0.0675000826818076 -12.3046146922734 -3.19166855924641 0.0271251240600166 3.32173796534219 12.7511030690576
"etap[42]" 0.0253518206672761 6.30750333352384 0.0297338558632764 0.056083503867816 -12.139098091706 -3.28400426454109 -0.00837757669048779 3.30323871549888 12.5684864868961
"etap[43]" -0.00755363751425169 6.14793778726179 0.0289816566645722 0.0468844786764162 -12.4561766104941 -3.23557045616914 0.00312993069791987 3.21689526977626 12.4473683377155
"etap[44]" 0.0501636965763813 6.18562473505148 0.029159314640201 0.0447537872334469 -12.3996866992301 -3.22467364203804 0.0546560438254032 3.30995703727585 12.4930329317216
"etap[45]" 0.0178318903183376 6.40376675135627 0.0301876459668064 0.0560204928939089 -12.5514463568231 -3.27136963559212 -0.0228864845817624 3.25318966429302 12.7613707322754
"etap[46]" -0.0419893929534846 6.3262508597613 0.0298222325494963 0.0596334564948483 -12.4453582973397 -3.29560745109851 -0.0145982206805825 3.24263790967727 12.2002625481864
"etap[47]" 0.131942144227026 6.44427730075711 0.0303786145280793 0.0732520234215799 -12.2374277122826 -3.23940324574083 0.0383845685155267 3.32154980154782 12.9897208826704
"etap[48]" -0.0308282008447556 6.20065353192904 0.0292301610681023 0.0509961286865799 -12.540788662011 -3.25817233263788 0.031705623861288 3.24949849271958 12.3111618531242
"etap[49]" 0.00158237112003107 6.38520788058271 0.0301001586109721 0.0584111655032194 -12.6778717994282 -3.20629404752075 0.0235932671125946 3.22398508730577 12.5674678546312
"etap[50]" -0.0542817913251334 6.31078386148357 0.0297493204203844 0.0511365750555831 -12.5638862015827 -3.25390952895851 0.0261791412754157 3.23967478168125 12.258608109565
"etap[51]" 0.0149917166961406 6.41889241086903 0.0302589490095491 0.0775750755791538 -12.3314513297379 -3.27807128370466 -0.0203916187652431 3.31837700978113 12.6947163694899
"etap[52]" -0.14400820221792 6.3202153025277 0.0297937806598422 0.056278827368782 -12.9570503831157 -3.36705195969109 -0.0500406456012764 3.21056946009253 12.2598032571876
"etap[53]" 0.107586928514269 6.39212161374714 0.0301327502616647 0.0717180329940049 -12.2293702940175 -3.23731645018737 0.0544314894136568 3.31235528447096 12.9004466694735
"etap[54]" 0.00930219176506503 6.30656158285342 0.0297294164080415 0.0562911976720767 -12.4558615370466 -3.30093590411988 0.0061100975275484 3.22777649894012 12.729779839182
"etap[55]" -0.0988166291922382 6.29278651279157 0.0296644801050278 0.0533697118242233 -13.1054051749855 -3.25350812509986 -0.0209882687992239 3.21912398683085 12.1983933616541
"etap[56]" -0.0091398875120375 6.12032081782987 0.0288514690221647 0.0438135647609038 -12.3819381885586 -3.27267713423173 0.0267073694844153 3.27891588288475 12.3664537886264
"etap[57]" 0.01582382705603 6.31417171391245 0.0297652909098918 0.0544456223777752 -12.5241071583523 -3.26396771248754 0.0268076304133098 3.31032653799221 12.6681906808645
"etap[58]" -0.113987561549805 6.33039068846843 0.0298417478891747 0.0560646660494747 -12.8105951724761 -3.32961407107811 -0.0654704515076607 3.1871133542123 12.2798121713387
"etap[59]" 0.0906098915700766 6.47112478636442 0.0305051747889509 0.0646269576789581 -12.4219729667546 -3.24628636178984 -0.0090561519941246 3.31033023510976 13.1523322333559
"etap[60]" 0.00164390010595903 6.45181357186884 0.030414140850799 0.0624203958709287 -12.305073944102 -3.27264849520343 -0.0176665642931008 3.29220979793922 12.4408228828801
"etap[61]" 0.0337959869077402 6.30707221658962 0.0297318235585586 0.0518495853526456 -12.3807926709241 -3.22757593287662 0.0484739709722608 3.30058135131334 12.4691373325863
"etap[62]" 0.133225042251823 6.43526293173102 0.0303361203849695 0.0624838711160772 -12.0359875378247 -3.20332621575623 0.0800941165749133 3.37071137280444 13.0796435472726
"etap[63]" 0.137945257767078 6.4033324148573 0.0301855984849149 0.0726153464590175 -12.0614795460569 -3.17218410863404 0.0536431486745213 3.31016704313537 12.6040080260196
"etap[64]" 0.0412547489198667 6.26872427615733 0.0295510496337305 0.0587200535566187 -12.3081602696509 -3.23083184788148 0.0196775086247159 3.25232399822974 12.4266582486383
"etap[65]" 0.063151036966872 6.40713823996488 0.0302035393165254 0.0717895810622879 -12.1130163475198 -3.27568430474816 0.0126501294327043 3.31171415159578 12.6541962429844
"etap[66]" 0.044898005683211 6.51991321354041 0.0307351656402813 0.0755515324407429 -12.7031519913439 -3.29675110386302 0.0195589081383585 3.30401515841443 12.5792878179161
"etap[67]" 0.123656448733531 6.45296364370891 0.0304195623414455 0.0824030403570571 -12.0979877249285 -3.23750157296413 0.0468085040172039 3.31425752719428 12.7816032152217
"etap[68]" -0.0555364314956674 6.34567882766533 0.0299138168684937 0.0590753356191096 -12.5815822228228 -3.28717855266237 -0.00289098059045942 3.26448738736327 12.3344124323941
"etap[69]" -0.000550895250146125 6.4187276118184 0.0302581721393742 0.0468174012846024 -12.6215318125951 -3.32001923676953 -0.00110322100071687 3.27657290214599 12.6323246659269
"etap[70]" 0.0189946382058289 6.22540084567838 0.029346821023891 0.051847126767109 -12.2707056641622 -3.24959423432054 0.0486333692153892 3.28982547885964 12.3658390179767
"etap[71]" 0.0356054712431767 6.38840803818004 0.0301152442985583 0.0635351394745931 -12.7193682373104 -3.27859113854944 -0.0203840905268094 3.28217781006705 12.8573386124357
"etap[72]" 0.00828221161885522 6.39453874163025 0.0301441447117789 0.0601107420907922 -12.7512948537456 -3.31605602020646 -0.00551090765230597 3.3021591918322 12.6545085291701
"etap[73]" 0.0106152438723532 6.22057862845207 0.0293240888738838 0.0467912549602566 -12.5849028239766 -3.2325929733953 0.0145369138530444 3.26593845704878 12.5378628951775
"etap[74]" 0.0207789622796312 6.4060155010923 0.0301982466747234 0.0499985221183729 -12.5997430213611 -3.25039581067169 0.0122385510996748 3.24429928180748 12.6437637567741
"etap[75]" -0.0483461815145762 6.28405554785959 0.0296233219416298 0.0513237271343142 -12.7483525884112 -3.27093196797885 -0.0244620625232339 3.26314203565048 12.0530824650471
"etap[76]" -0.0658262760661455 6.36023218435675 0.0299824220498639 0.065193239020477 -12.7023864437867 -3.29897677043478 -0.0524810097171031 3.22180166609399 12.4650476217143
"etap[77]" -0.0629923764127885 6.29957095859358 0.0296964622892491 0.0529025023801963 -12.805427206784 -3.3150275923178 -0.0251646609580911 3.23526500466461 12.5158561093649
"etap[78]" 0.0028079373175917 6.36932246399801 0.0300252740390453 0.0563700606878699 -12.6181371636036 -3.30114123095262 -0.0207241890345948 3.27265851424532 12.6917066769603
"etap[79]" -0.0171619707218562 6.32749982058977 0.0298281202073046 0.0528518596843193 -12.5716102398012 -3.26500232967901 -0.0175845196234433 3.29164149324677 12.6219179190596
"etap[80]" -0.0305305130425505 6.25213774349141 0.0294728599689009 0.0592690745455444 -12.3911088881618 -3.29576571114779 0.0136744197743397 3.28147704611237 12.3018456427684
"etap[81]" -0.0843967999678967 6.3880673536072 0.0301136382960804 0.0467262147098975 -12.8087753934258 -3.30826219626817 -0.0524537869497078 3.20887593303703 12.4898492369334
"etap[82]" -0.136083418523459 6.33409817239145 0.0298592251359954 0.0591225336098889 -12.763644311925 -3.31271353633388 -0.0345132925569031 3.19825723705081 12.2358135187406
"etap[83]" 0.0350826427321527 6.20923399848237 0.0292706097753396 0.0545485070021869 -12.2860626335829 -3.21270384140723 0.0116308454076402 3.29463108413824 12.218389503734
"etap[84]" 0.14132852712804 6.20130046447695 0.0292332107373796 0.046604848439261 -12.0012976478174 -3.16877951980425 0.0535927501403511 3.3495118453147 12.638032423922
"etap[85]" 0.016788467373072 6.27410058301763 0.0295763937873216 0.0443552542289919 -12.3562510481286 -3.27469894950321 -0.00546586432861597 3.2687646458549 12.626343036681
"etap[86]" -0.0598616446076472 6.33116739357184 0.0298454093121454 0.0474718125205399 -12.672372539389 -3.30205853408424 -0.0155773634165436 3.2476808472801 12.2947610786542
"etap[87]" 0.05751454249934 6.33491095510694 0.0298630566304604 0.0504138638376118 -12.4850983854837 -3.21224549398698 -0.00480983172702456 3.26093991897434 12.7272037424046
"etap[88]" -0.0791668507710953 6.23427411929752 0.0293886500368738 0.0525510964479971 -12.5188458858729 -3.35328078664717 -0.0213671915645298 3.25995900598779 12.1546799421244
"etap[89]" -0.0530558281895973 6.20473357761547 0.0292493945879184 0.0515145084545892 -12.6848198894083 -3.29381114055748 -0.0299356290822011 3.2993255122734 12.1474289661539
"etap[90]" -0.0246700033074846 6.34568700376814 0.029913855411012 0.0512169043212938 -12.8483315188011 -3.21163039102428 0.0246503994681671 3.25707909929123 12.5808110735172
"etap[91]" 0.0623477443274267 6.42215369001578 0.0302743228268824 0.0623571744625294 -12.2792673569909 -3.29291885383992 -0.0611459320807726 3.27785490080659 12.9201731314728
"etap[92]" 0.0161144808469217 6.28121734360299 0.0296099425184548 0.0557075112780209 -12.4148331921996 -3.21600110902101 0.0437318699828135 3.2965342775345 12.2103439155546
"etap[93]" -0.0078866614056407 6.37060485540843 0.0300313192901283 0.0672528544194777 -12.5414506912221 -3.26954310649251 -0.0122486156634005 3.25211900506797 12.7489820488553
"etap[94]" 0.0826241636556676 6.35338801191554 0.0299501583115653 0.0591130882349123 -12.5967083518719 -3.25055392327784 0.0286148457954836 3.31489068601792 12.844498452275
"etap[95]" -0.0224907370603517 6.26705585396905 0.0295431846161091 0.0466844055874951 -12.4713191842335 -3.28432484215327 -0.0371354246011592 3.24009312144113 12.4787910535358
"etap[96]" 0.0052890830433531 6.24528278336394 0.0294405453769616 0.0514088879962392 -12.4134145345293 -3.23096140451998 0.0207936532404442 3.24725220514375 12.3656526973884
"etap[97]" -0.0290987474504523 6.44878050013203 0.0303998428135129 0.0539993978745942 -12.6586709193898 -3.27424477822967 0.0101538378959418 3.30043538301805 12.4637004370781
"etap[98]" 0.0614134609997125 6.38104007598901 0.0300805113916997 0.0527827778394901 -12.2615231198779 -3.23830314778912 0.0129839419699878 3.25628275609723 12.6940155162749
"etap[99]" 0.0509737023829659 6.16375378846803 0.0290562140092668 0.047096861709298 -12.3328801911515 -3.23306089165165 0.0112385549682409 3.26840351105805 12.5238328099354
"etap[100]" 0.00561214563732302 6.33299517287581 0.0298540255464144 0.0517408026989558 -12.6276436351724 -3.28378862512115 -0.020377577140274 3.30363227489717 12.7203132644649
"etap[101]" 0.0225065533439184 6.32434192394141 0.0298132337397423 0.0427365685888163 -12.5632854928667 -3.26153856895103 -0.0228654216118655 3.28504055594881 12.4993179682664
"etap[102]" -0.0693663156402554 6.23703960201952 0.029401686647447 0.0596302292257416 -12.5336812409244 -3.32167100893157 0.0131400245133339 3.24520435867424 12.1284911792275
"etap[103]" -0.0398567589813221 6.40154322594567 0.0301771641674999 0.061214551407642 -12.6611499516337 -3.29675728003271 0.000344532287416969 3.27267681703763 12.3684772509362
"etap[104]" -0.0310495421610797 6.17281405966442 0.0290989245372825 0.0420078614115693 -12.4920260752879 -3.32008711764018 -0.0205387180236156 3.24589872509594 12.2171094054664
"etap[105]" -0.0938733220748244 6.25914452991759 0.0295058902768761 0.0513780127005325 -12.4023654791623 -3.31213400720782 -0.0564753492951749 3.17751403361691 12.0677164386322
"etap[106]" -0.0675267164753916 6.32377082779973 0.0298105415667124 0.0564379733394396 -12.4845882221613 -3.32387386858728 -0.0326010089485647 3.20655685800669 12.2475391774797
"etap[107]" -0.108016305345705 6.48989325625058 0.0305936502044775 0.0670472348303758 -12.4924949271094 -3.30607770416057 -0.0498082593024552 3.19059112211817 12.3236431007373
"etap[108]" -0.0182709983259337 6.27084947545944 0.0295610679193165 0.0579257590817188 -12.3448644819173 -3.29639088547638 -0.0631181576362085 3.23991603222941 12.4605359357627
"etap[109]" 0.0691965492041282 6.2773471960389 0.0295916984678765 0.0492425050282562 -12.1984407085137 -3.22340031146011 0.0607486013059027 3.34390044446173 12.6557857739385
"etap[110]" 0.0787210409362587 6.18299334499876 0.0291469101485328 0.0502556062871683 -12.1143988285879 -3.25216051094509 0.0113306962775965 3.2934996596 12.7098537562567
"etap[111]" 0.0760972335249718 6.4654240220921 0.0304783011284515 0.0605825945395171 -12.3798860216756 -3.27036012775608 0.00406104569382693 3.30626604807688 13.4125514894071
"etap[112]" 0.0325287284923612 6.30841343718312 0.0297381461330701 0.0562088361393664 -12.4103070115782 -3.22841278983484 0.011474361719013 3.21653345360346 12.6108290177693
"etap[113]" -0.0343789471250911 6.36545214395336 0.0300070291753858 0.061676839347984 -12.394859359184 -3.31231275363228 -0.0837941327702131 3.20470338121622 12.4174402302353
"etap[114]" -0.00720984727367342 6.33024112296721 0.0298410428306404 0.0583443705604309 -12.9097421904465 -3.19199043349824 0.0240923621481469 3.27762324348947 12.473965742508
"etap[115]" -0.0221426233428132 6.27921955080122 0.0296005248328713 0.0503203978820449 -12.6677936056355 -3.30283230374075 -0.00683911245918484 3.27993536917984 12.452272520766
"etap[116]" -0.0455347034803641 6.26910769539779 0.0295528570893636 0.0460197828119768 -12.7924557084711 -3.31960367375201 0.0131429435341625 3.3216916725761 12.5790166309826
"etap[117]" 0.0663561489253602 6.34630069834527 0.0299167483949924 0.0539120638606554 -12.3189247119492 -3.21856585769923 0.0727068166281858 3.29757073714449 12.4893177404022
"etap[118]" 0.0565590737437346 6.24857246745218 0.0294560530964733 0.0540598431234166 -12.3209320362921 -3.25244222772422 0.033224690339727 3.29793469783602 12.3810417231549
"etap[119]" -0.0784097082639595 6.26139841194265 0.0295165151786355 0.0486888957138028 -12.7837404008779 -3.33245733273824 -0.0441085632539204 3.27674182257609 12.3566315275367
"etap[120]" 0.102449757631595 6.32833517811958 0.0298320581204649 0.0575005402342022 -12.1648431279805 -3.23134418731772 0.0509496390330101 3.35541876484496 12.8499965528035
"etap[121]" 0.0208512976602435 6.29432826937723 0.0296717480152722 0.0505837691309897 -12.3654806755388 -3.31340622082039 0.0174062133999862 3.25627818863586 12.6517663828752
"etap[122]" 0.04471882158946 6.31997095818447 0.0297926288095619 0.060401501853433 -12.3037148427522 -3.27048139745323 0.0208489128523933 3.31948106079688 12.7845733723722
"etap[123]" -0.0693873547016605 6.42415763734693 0.0302837695251958 0.080658267654058 -12.5828711113726 -3.2877949682332 -0.0454957555741672 3.17988008031084 12.5030012079096
"etap[124]" 0.0374801023231671 6.29936675207851 0.0296954996505053 0.0672842124410655 -12.25321932298 -3.30959273831122 -0.0451568109570646 3.26810400644245 12.6352297645238
"etap[125]" 0.0139698491875742 6.40507085127187 0.0301937935527642 0.0640895125457822 -12.5342155181542 -3.24202182946988 -0.0385394675165746 3.30557735523089 12.3116680880403
"etap[126]" 0.0658152434461246 6.29647073800781 0.0296818477092533 0.0512934933182583 -12.2765493950872 -3.28545882306118 0.0239231704098224 3.32719312418053 12.6737273128213
"etap[127]" 0.0581427939823935 6.34340092454918 0.0299030787302249 0.0407447149756678 -12.4228518074388 -3.25975772605119 0.0432124469808539 3.28144315456736 12.7946680760763
"etap[128]" 0.0551815420183241 6.43024370374708 0.0303124595173444 0.0516387276552596 -12.5700223148617 -3.20686548957547 0.0103388191959631 3.31540097718003 12.7721135836331
"etap[129]" -0.131673479057154 6.3445848671907 0.0299086598893606 0.0549219145979993 -12.7547057834433 -3.36339291245892 -0.0603682367318683 3.18244611352777 12.2428660809046
"etap[130]" 0.0102706015191729 6.42217203630267 0.0302744093121083 0.0626977642682553 -12.5907813879644 -3.21320797340502 0.0265305679126433 3.27614734161547 12.5562075436752
"etap[131]" -0.0336991547732596 6.1775880446703 0.0291214293184221 0.0468609695286793 -12.4909616750903 -3.28474040278863 -0.0257636412862562 3.24490557253911 12.5465722144825
"etap[132]" 0.0289894591172933 6.27639194200725 0.0295871953571862 0.0509256748532322 -12.5752414946571 -3.24130994082235 0.0272868479830949 3.31328351100479 12.3469540928338
"etap[133]" -0.00492499841170612 6.17904238977872 0.0291282851670111 0.0458480576519998 -12.4305487758312 -3.20998148581213 0.0252755347806132 3.2189049067214 12.1773643288279
"etap[134]" -0.0391475628334827 6.21467521475662 0.0292962599148425 0.051679231267884 -12.7319897607285 -3.23204282721488 -0.00680945003757928 3.25875332352941 12.1018409531666
"etap[135]" 0.0853917254089358 6.42415981492273 0.0302837797903865 0.0547018007835158 -12.3402028535864 -3.25434884596336 0.0157045972996015 3.291479062103 13.3143501525452
"etap[136]" -0.0535863438839742 6.20756157933378 0.0292627259158666 0.0486407080320757 -12.6746705367501 -3.31128902945622 -0.0462229380572657 3.22821259185866 12.4475610566027
"etap[137]" -0.00113447390620652 6.40139827709224 0.030176480872052 0.0596106674979279 -12.5020540056057 -3.28618191213119 0.0162555901623131 3.30877978130201 12.7335373861392
"etap[138]" -0.00358762113191089 6.2775567672572 0.0295926863960738 0.0541986461966439 -12.4305516769228 -3.27001337529606 -0.0395674485869955 3.22460912212349 12.5146678848868
"etap[139]" 0.0689085443797145 6.51282775811338 0.0307017644830796 0.0805271504298363 -12.4718765688728 -3.26648940764427 0.0279523975749772 3.32887749376697 12.5881331815341
"etap[140]" 0.0346027039565115 6.36801816960819 0.0300191255363273 0.0565831982608122 -12.5156809482012 -3.21110500334217 0.032340941841075 3.30201526121902 12.3337398282847
"etap[141]" -0.0272514830588338 6.32203861393361 0.0298023758322377 0.0562129452874748 -12.5276250175797 -3.36849961935699 -0.0473546356087739 3.22164312472823 12.5285514441328
"etap[142]" 0.0494726874754376 6.36692166105726 0.0300139565454474 0.0481642987022164 -12.4352048149128 -3.20609997090219 0.0387051656228506 3.26591894684301 12.5997272576168
"etap[143]" 0.0519917851584189 6.36711236793093 0.0300148555462713 0.0589472259722372 -12.3943762803122 -3.24789460480752 0.0356435059920904 3.34515581067636 12.6806093750773
"etap[144]" -0.0222673250056026 6.3849339833628 0.0300988674470951 0.0638958782257764 -12.7165327385988 -3.28365256136434 -0.010712965394793 3.28177268558809 12.3345262234579
"etap[145]" -0.086235699514268 6.35014929700207 0.0299348908630477 0.0647743284434778 -12.6554406036087 -3.3401577450517 -0.0208194432691076 3.25909573444387 12.2479457102457
"etap[146]" -0.0382443621279016 6.3953127841008 0.030147793582978 0.0681435314003953 -12.6343241226209 -3.29053749508026 0.0138385108662181 3.29435520495228 12.6973349108076
"etap[147]" -0.0107146792802509 6.18290687711745 0.0291465025350313 0.0491639187394584 -12.4990129484968 -3.28843164078041 -0.0143078201478708 3.2180999449579 12.645711421146
"etap[148]" 0.00330233073623876 6.37890979263217 0.0300704691396499 0.0532627346810036 -12.643709575438 -3.28329297315 0.0434154337579724 3.2956610488325 12.4166380715825
"etap[149]" -0.0279708109560798 6.30316655169588 0.0297134120776826 0.0534393046867705 -12.9349911587908 -3.23419895873492 0.0439758773896797 3.27624069648242 12.4698981380947
"etap[150]" 0.0320002359566932 6.36963293863739 0.0300267376305313 0.0558121277743292 -12.4930892144792 -3.29195087143907 -0.0252160435605258 3.27889691112514 12.6317305762608
"etap[151]" 0.0248323873784819 6.24701312968524 0.0294487023077456 0.0503416658283887 -12.3196625347307 -3.25776292003215 -0.0230103983966749 3.27950511472842 12.6483354997597
"etap[152]" 0.0236098441904876 6.23111506154683 0.0293737580958226 0.0457104308780115 -12.2401650513902 -3.29450437204519 0.0113032660283759 3.28983505867072 12.5531773874382
"etap[153]" -0.0500398677232188 6.26219266697216 0.0295202593327513 0.0559374464677894 -12.3552522111412 -3.31510242969058 -0.0301889942598389 3.23372938428624 12.2908272261355
"etap[154]" 0.0826314840006556 6.43697994139296 0.0303442144461383 0.0669492346628396 -12.2015615083412 -3.22552347485157 0.0743664636370971 3.33216917905912 12.5953508078097
"etap[155]" -0.0397187816542284 6.28624850915033 0.0296336596602935 0.0441874943322728 -12.5879278759809 -3.35216942848441 -0.0456507165897187 3.25641791951056 12.4204869253648
"etap[156]" -0.0253961421581798 6.36502658109375 0.0300050230528268 0.059083138249863 -12.6646921187303 -3.28957674296696 -0.0116380589670146 3.31267521016056 12.4755182413508
"etap[157]" -0.0691295609903195 6.3050673700548 0.0297223726213585 0.0555311254363984 -12.6484142412782 -3.33311185990551 -0.0120026469877411 3.23992076028764 12.1590091628669
"etap[158]" 0.0457545180393729 6.36792470786503 0.0300186849534448 0.047536049926019 -12.3464646560925 -3.24656052805432 0.00963685183358273 3.36065195416104 12.6492160824075
"etap[159]" -0.0382130689568483 6.31725463233737 0.0297798239267192 0.0530092769979797 -12.5065715432053 -3.28916336304151 -0.0180633457517985 3.23584986002642 12.4517778518531
"etap[160]" 0.0367822820717792 6.31413420574913 0.0297651140947143 0.047484760918603 -12.4852120419504 -3.23995635639054 0.0267041061975823 3.28873765338797 12.7728656250136
"etap[161]" -0.0323243147532351 6.29378174823566 0.0296691716899037 0.0416828900991161 -12.7106374106051 -3.32230949184425 -0.0118517246913145 3.26044208747112 12.4250040608224
"etap[162]" 0.0010688644977908 6.30876977098431 0.0297398259067181 0.0505213513731516 -12.4969527485753 -3.26812700081683 0.00120634158880533 3.24520457202904 12.6300916873542
"etap[163]" -0.057770874418221 6.54811925406063 0.0308681301904298 0.0684646538634267 -12.6190723920108 -3.29421351245753 -0.00234281589101119 3.27837285697126 12.4552786123576
"etap[164]" 0.0276695335922043 6.23179352738613 0.0293769564144611 0.0487133651281858 -12.3775225291225 -3.26091583506258 -0.0297136710411335 3.317963283207 12.4128581551664
"etap[165]" -0.0488257097755307 6.35981283943621 0.0299804452389508 0.0784492926927493 -12.4927899421893 -3.24450917128417 0.0188207109486919 3.25124219571575 12.1684860813256
"etap[166]" 0.0137781689686197 6.29119223991029 0.0296569646305917 0.0578596335671426 -12.3771042666521 -3.25747644395658 -0.0148392816995923 3.31740932478467 12.2875000098826
"etap[167]" -0.0676319683349586 6.4138121676638 0.0302350005134124 0.0669242242712131 -12.5395758183119 -3.33852828487445 -0.0387255601585289 3.19863835391809 12.5349950155483
"etap[168]" -0.0712907640048786 6.3383515093358 0.0298792755586356 0.047959043605887 -12.680810480556 -3.30548116328491 -0.0224007536319897 3.19038436341243 12.5789099763754
"etap[169]" -0.100885245164693 6.46390125327182 0.0304711227273915 0.0679528071852393 -12.9105795492333 -3.32538720015322 -0.0598381160104527 3.17078455335346 12.4235764332429
"etap[170]" 0.0100468008572244 6.36102709391242 0.0299861692894455 0.0558907907427012 -12.6421011130758 -3.30815440520861 0.0217536222298242 3.29666031111889 12.4874498150572
"etap[171]" -0.064236688529447 6.53274317279202 0.0307956466482091 0.0882753876289206 -12.6544996889501 -3.30898126891954 0.000296405567480163 3.29465187292462 12.2672189309724
"etap[172]" 0.0156703410034832 6.41773367679451 0.0302534866847378 0.0589081983797447 -12.2665521946326 -3.27270529296708 0.0100372719209123 3.27951798342077 12.7366522630959
"etap[173]" 0.0620317846375379 6.35273176607339 0.0299470647389979 0.055937749716133 -12.3642164941247 -3.21023747043929 0.0599385569362799 3.29823187810693 12.6143872903385
"etap[174]" 0.0116164902804956 6.23546343304913 0.0293942565156653 0.0440881002359878 -12.4056060880138 -3.25208537195494 0.0182265426289919 3.31008448601662 12.5172921894049
"etap[175]" 0.0353568611085331 6.33960897738755 0.029885203319879 0.0613048809666993 -12.3587320579253 -3.24834458049615 0.00700567658572586 3.22450192634268 12.8442759524134
"etap[176]" -0.0685896713395456 6.305715765508 0.0297254291868375 0.0490614586136609 -13.0379644431845 -3.2759811464642 0.0313269197055447 3.33574908851514 12.2058746039837
"etap[177]" -0.00521982261378992 6.42466654727202 0.0302861685495894 0.0575464492221259 -12.4521968402335 -3.28386598332521 -0.0143458543580531 3.22387643823713 12.7695061773901
"etap[178]" 0.107734380787214 6.45973237568933 0.0304514704500014 0.0643054211133075 -12.2298501629597 -3.25291593758395 0.0421256165957432 3.31525566069583 12.7059300020174
"etap[179]" 0.0884875449444132 6.34818477008391 0.0299256299943433 0.0486195749251466 -12.5646730823173 -3.24067057995218 0.0339077314180338 3.31765090556354 13.1257536069579
"etap[180]" -0.033078820504038 6.32528698461728 0.0298176887984926 0.0519324059711496 -12.6472625525393 -3.29853319355983 -0.0144183557658882 3.26995426875516 12.6689268922182
"etap[181]" -0.0120302017032103 6.32663426829428 0.0298240399546538 0.0572399906877523 -12.7310809454924 -3.21565026519596 0.00797530410682175 3.30067105458379 12.4878868925536
"etap[182]" -0.0289211143552081 6.27467442296144 0.0295790988947588 0.0473668185019256 -12.4750190356496 -3.27907515358063 -0.00516693329017311 3.25536886968385 12.2302431566054
"etap[183]" 0.0298374155570584 6.19482450125957 0.0292026827540081 0.0516519355054124 -12.3646965716063 -3.26964649086355 -0.0186373731279326 3.27867826245511 12.7745004629788
"etap[184]" 0.016056296027607 6.28246177472048 0.0296158088230008 0.0628523326856251 -12.3585920328844 -3.25805160277285 0.00767781634214947 3.23822509054662 12.5206214524824
"etap[185]" -0.0229244706426525 6.32527836190508 0.0298176481506375 0.0499643023853522 -12.6567298819411 -3.23580293748162 0.0369455335753003 3.32476120516177 12.2501712226022
"etap[186]" 0.0053538344362033 6.32973584720146 0.0298386609378382 0.0509287408672666 -12.5017028318819 -3.25832978559963 0.00279709226404382 3.27135170566131 12.735965473078
"etap[187]" 0.0209917394917493 6.19926724110858 0.0292236260305033 0.0455053857212905 -12.5573232372206 -3.25124264786208 0.0345749875522058 3.30985668537736 12.6106670521835
"etap[188]" -0.0905608797596458 6.45317588509891 0.0304205628569529 0.0926744800140001 -12.5126817762864 -3.25005490257299 -0.00798935998428583 3.20823823958054 12.3234699484584
"etap[189]" 0.0224832631556528 6.30495817721091 0.0297218578813561 0.0495124576178276 -12.4957722939848 -3.24900024743122 0.00906132383435329 3.31021417924433 12.6815849862588
"etap[190]" -0.00547335591656379 6.38077931253628 0.030079282140995 0.0512314543453308 -12.6093281925955 -3.31330687850987 0.00221585261494075 3.35872968175239 12.4315962435706
"etap[191]" -0.0145679583264473 6.26828227069798 0.029548966000013 0.0622466411993373 -12.5887771995124 -3.28145845976317 0.0285801570122691 3.28757456342517 12.2929820546383
"etap[192]" 0.0983179068549408 6.24706269698838 0.0294489359702534 0.0551834894045165 -12.2255170071225 -3.22363586121199 0.102266594130661 3.34699186043512 12.4044403587875
"etap[193]" 0.0796451865147128 6.24166876858292 0.0294235087479018 0.0630803282001175 -12.2345419107062 -3.22480085491185 0.0193844507444604 3.25639867431148 12.8284766645964
"etap[194]" 0.0130679160361478 6.25304104754245 0.029477118185034 0.0608550168361663 -12.505553016532 -3.25148833893563 -0.00440953416733921 3.25766097519452 12.4154551346795
"etap[195]" -0.051678585547345 6.61377714090277 0.0311776444372595 0.0767379420621074 -12.9089602202803 -3.31820831070877 -0.0409760978446728 3.24303458320994 12.275276067885
"etap[196]" -0.0140100133331671 6.4115444427616 0.0302243103557043 0.0663261080513279 -12.4314578210176 -3.28542448547556 0.0185470602479629 3.24771580468863 12.5760992401894
"etap[197]" -0.0368900760896666 6.4270252534667 0.0302972875972233 0.0589289510787646 -12.8083610529697 -3.28651880679097 -0.000356790719996045 3.32368338703043 12.5615446318156
"etap[198]" -0.0436483878918298 6.42320545835422 0.0302792809103781 0.067452803834657 -12.7514511901162 -3.32087987352245 -0.00812792988846514 3.25117331180577 12.5179468702777
"etap[199]" -0.0700736619253282 6.32333424824458 0.0298084835109525 0.0618194430372829 -12.5619356639292 -3.27182536436224 -0.0308851154627152 3.23406025145101 12.3729047024185
"etap[200]" 0.00345259698092479 6.38653440284604 0.0301064118968908 0.0679116618887168 -12.4672000700464 -3.25032852641736 0.00641848949513979 3.23323676968453 12.4435743409592
"etap[201]" 0.0348791179003368 6.49711084953127 0.030627674265495 0.0629872219940898 -12.4160912803718 -3.28109792436793 -0.0129319736650714 3.25757391870979 12.7836217169219
"etap[202]" 0.000680576483441824 6.39777882487838 0.030159418610688 0.0524294471775534 -12.6716160853631 -3.24530545025155 -0.0342531359377757 3.28607869196932 12.6801609876657
"etap[203]" 0.050400960308439 6.30012344604622 0.0296990667400776 0.0482369716192526 -12.5808178008745 -3.23682037575027 0.0293540155359445 3.30764955325965 12.7025918213128
"etap[204]" -0.10630253950938 6.5106425403942 0.0306914632679623 0.0714345165447925 -12.9585048092972 -3.33677779694081 -0.0762681847679963 3.25515742283046 12.4605301842012
"etap[205]" 0.0404119533322714 6.47293314315579 0.0305136994646174 0.0647941276918767 -12.4012623164553 -3.28681918433478 -0.0107561074343867 3.30496881098219 12.4977694033449
"etap[206]" 0.0616391046446528 6.29976880797437 0.0296973949601745 0.0508075912920666 -12.3266702142538 -3.22605969830501 0.00879172084578209 3.27796123221549 12.2475980850725
"etap[207]" -0.0250462033314323 6.55703683428135 0.0309101680667355 0.0614068534196077 -12.5217088431006 -3.36937868416323 -0.0827844168543505 3.22727293562989 12.5917909440643
"etap[208]" -0.04272696498517 6.21062605993232 0.0292771720159469 0.0500328070872196 -12.588814659534 -3.2521814719336 -0.00189604267338199 3.17216512494278 12.2047350855474
"etap[209]" 0.0208103963124034 6.30352440052934 0.0297150989932611 0.0555592925403535 -12.4337693221733 -3.25949027834887 0.00250403658660964 3.268464886062 12.4997147604374
"etap[210]" -0.036092043661717 6.29766153741262 0.0296874611914811 0.0533238307872939 -12.5515055797209 -3.25298376976453 -0.0241445871333847 3.23130876841544 12.5127949178225
"etap[211]" -0.0348392352808493 6.32730737572998 0.0298272130135355 0.0473628150659558 -12.9059971391855 -3.29274017940398 -0.0291392981573386 3.28872098817626 12.5715320470447
"etap[212]" -0.00198579192621764 6.45330981892871 0.0304211942270815 0.0491848242963216 -12.7656807037778 -3.30379078504059 0.0360625943496385 3.34603582284975 12.7012642771454
"etap[213]" 0.0625832221007155 6.42009670550465 0.030264626108905 0.0667641719987487 -12.6348514340661 -3.21427148489428 0.0385081072168042 3.30596128158729 12.9717762174792
"etap[214]" -0.023833424094754 6.36494267556762 0.0300046275183834 0.0535655123838616 -12.6501833759175 -3.29941942467588 -0.00715147700396666 3.27112469016455 12.4373020686931
"etap[215]" 0.0178294525233918 6.41258954727649 0.0302292370256345 0.0545541420240913 -12.6267064648573 -3.24077008361 0.0116237195169585 3.29821797831959 12.7060956817836
"etap[216]" -0.11488272796347 6.73630966843833 0.0317552683115016 0.0705853728316997 -12.774630790706 -3.35998064662831 -0.0851533557271653 3.24222978532912 12.2956865848506
"etap[217]" -0.0661840907921384 6.49627517420903 0.0306237348542468 0.074201731728335 -12.523425884014 -3.28103707232909 0.00137452978126124 3.27453103633108 12.4142741512685
"etap[218]" 0.0152257517107497 6.22324543381706 0.0293366603149351 0.0562090708474211 -12.3496484667538 -3.25082562178659 -0.0273920230481934 3.23183026782482 12.4379829172805
"etap[219]" -0.0717716080499179 6.41827177317955 0.0302560232954231 0.0476023505320059 -12.8125404262622 -3.33373605524907 -0.0328713854828753 3.23561505183057 12.5104689408636
"etap[220]" 0.0578541011554514 6.2843688104387 0.0296247986755896 0.0431862700820686 -12.2793569396356 -3.25481249742468 0.0164633712106445 3.31407964313099 12.8330266345246
"etap[221]" 0.000710823084508923 6.38808290704609 0.0301137116156944 0.058859186855476 -12.6383103609643 -3.21125779255747 0.016304742735518 3.25363821345313 12.5959160932223
"etap[222]" 0.00388433128213351 6.24118729056063 0.0294212390387381 0.0526385160624486 -12.3738010462108 -3.28659407837753 -0.0203402020896587 3.28686900370282 12.4832115057192
"etap[223]" -0.0604986041180441 6.39245510372888 0.030134322348515 0.0868419623348841 -12.2994392907779 -3.36464719562482 -0.0578733135759726 3.21392949332694 12.5751930414961
"etap[224]" 0.0397045872920332 6.33699353811724 0.0298728740209202 0.0527522958928465 -12.2033540442837 -3.27751618541265 0.0309660060702334 3.28535384428203 12.4817893657763
"etap[225]" -0.0743039708468325 6.19783098507853 0.0292168554546475 0.0488735223858348 -12.3822744816964 -3.3417303435662 -0.0643181120152104 3.22178003870003 12.2613652925832
"etap[226]" -0.0718028726118426 6.3445160965058 0.029908335701243 0.0470599910264698 -12.6110116629794 -3.32821002358893 -0.0636075551616942 3.22837714476361 12.3229358673409
"etap[227]" -0.065287058264636 6.45778509217315 0.0304422908674735 0.0590141835864891 -12.6080762030036 -3.31566655933076 -0.0228892792928407 3.20314502845255 12.5382666995345
"etap[228]" 0.0471488014726614 6.35221554754698 0.0299446312615273 0.0667680450008157 -12.3707176660272 -3.2530991670969 0.0056068407665737 3.28257346000843 12.4404049344209
"etap[229]" 0.0889968336816193 6.30858618498618 0.0297389604740233 0.0600341761211517 -12.2751269567152 -3.17164049610855 0.0494073110989593 3.3039035586918 12.938382063272
"etap[230]" 0.0536600652726801 6.40389853312524 0.0301882671920229 0.0731111388613535 -12.3868912384903 -3.29641482856548 0.00393163342929573 3.26251863647396 12.7324616777527
"etap[231]" 0.00408333097709692 6.3312379993424 0.0298457421509397 0.0490523510711383 -12.4915940184958 -3.24019029925155 0.0443924339781457 3.29808032801422 12.3254070388297
"etap[232]" 0.00264665169267117 6.30961005296041 0.0297437870339408 0.0487284017367231 -12.2751325294118 -3.26243315954544 0.00391206889064011 3.26291576787316 12.5192817917821
"etap[233]" 0.0426277360332286 6.35527794935761 0.0299590675621073 0.0638897438334135 -12.5418973117195 -3.28299859335597 -0.0365861870813598 3.31740120850646 12.6666314646554
"etap[234]" -0.0208254838016541 6.28204423672524 0.0296138405300152 0.0546801263573782 -12.3249369740207 -3.29168938820458 -0.00972796126763075 3.22443032027827 12.5506528796668
"etap[235]" -0.0775732953217738 6.37259790364031 0.0300407146095949 0.0623484146340404 -12.6023921809077 -3.35471944081405 -0.0349142173320097 3.25605654117003 12.3508015707281
"etap[236]" 0.0318512859693739 6.37587027971275 0.0300561407383377 0.0538785453334699 -12.3537704782634 -3.20265408760708 0.0112553357733937 3.17452111472665 12.5073635687193
"etap[237]" -0.0156126367148236 6.26648608319406 0.0295404986909177 0.0495491180054713 -12.2855607029334 -3.28460825789889 0.0172115751456173 3.21275758090473 12.2881492981782
"etap[238]" -0.0450298145345733 6.36185490549178 0.0299900716306542 0.0491623524515069 -12.4765533625798 -3.23677738421036 0.0267017458867996 3.21993898385814 12.2521274797789
"etap[239]" -0.00934829274520106 6.24275206295812 0.0294286154465599 0.0486665678896008 -12.5985891711863 -3.2663252866448 0.027184233811374 3.22679496305943 12.4053927031201
"etap[240]" -0.00285241948859468 6.27516168985845 0.0295813958929396 0.0514961633354311 -12.5253055033302 -3.26343113607143 0.00580372886949175 3.23460039939536 12.5630009924775
"etap[241]" -0.0164383177704059 6.2582053328915 0.029501462859636 0.0539113858250597 -12.6615365025912 -3.24408775639694 0.0193021353229377 3.27781584705161 12.279504540014
"etap[242]" 0.0432411844401962 6.30244225472831 0.0297099977090335 0.0553459062611998 -12.176451519784 -3.23098917726846 -0.0141291866483889 3.2792010973428 12.4231411305143
"etap[243]" 0.0611480778338561 6.28506857953832 0.0296280974187603 0.0497440628924066 -12.232801191448 -3.24212504334497 0.0325606154048907 3.29842145183583 12.7879251692397
"etap[244]" 0.0351814905780998 6.40127540851968 0.0301759016640463 0.0592684439832764 -12.5970256412113 -3.2645986810393 0.0205899350774108 3.32828096307172 12.5412115134504
"etap[245]" 0.0913564442070419 6.34412676374947 0.0299065003690288 0.0589899146860853 -12.3214715875489 -3.18330199967922 0.0540368755028267 3.34877410076747 12.4271568905155
"etap[246]" -0.010602703018778 6.17739974665625 0.0291205416730713 0.0493999697384291 -12.3582640328582 -3.26212342217549 -0.000491754175928057 3.26450968422123 12.3442472476649
"etap[247]" -0.0381102973282267 6.24044719007011 0.0294177501715674 0.0467790285109938 -12.5712884828704 -3.23668393710151 -0.00442793379737437 3.20629215988136 12.3042688826558
"etap[248]" 0.0451185229482944 6.14691579125361 0.0289768389291873 0.045332893368295 -12.1612351154554 -3.16761340697429 0.0235847896657001 3.28687076199578 12.5121515030332
"etap[249]" 0.131537755814421 6.37081506392081 0.0300323102225588 0.0610326644537777 -12.1520517573037 -3.19107027520612 0.0452869652055484 3.35414245653618 12.7946036516102
"etap[250]" -0.0428579145441106 6.23158861361214 0.0293759904416668 0.0453513078669323 -12.6749785388577 -3.3164438940034 0.0255203323815102 3.25473320167313 12.3051906480311
"etap[251]" -0.0646903174437907 6.5498199327858 0.0308761472668244 0.0542679728825809 -12.7613739671206 -3.31409267962492 -0.0570036476638956 3.16350707058075 12.3807279824188
"etap[252]" -0.125262329849534 6.37095086933895 0.0300329504154393 0.0652552155889374 -12.9006074263554 -3.32224941798323 -0.0286848526047522 3.23714097884498 12.1931100732856
"etap[253]" 0.0280617314644735 6.36786503102819 0.0300184036341381 0.0651095774924074 -12.3901529701105 -3.3323124658926 0.00700051534474098 3.28825221843243 12.4970218535077
"etap[254]" 0.0690482517726816 6.37081532900769 0.0300323114721903 0.0527948060864516 -12.2233779081824 -3.25986491395491 -0.0127370739301201 3.26718423434843 12.961087643707
"etap[255]" -0.0395688795856027 6.39391864999599 0.030141221571782 0.0701597408561419 -12.8968356876551 -3.27750546929582 -0.0496416491785327 3.24216048783965 12.4751225811929
"etap[256]" 0.0618342360827192 6.34120978374613 0.0298927495934224 0.0544406574898808 -12.3636487108247 -3.24720622296571 0.0598622401984837 3.34458835373776 12.7357373024801
"etap[257]" 0.0501527730350859 6.25506614417042 0.0294866645820886 0.0529872529885714 -12.3419528477929 -3.22852768085918 0.00213672922183926 3.28345101822132 12.7075978530651
"etap[258]" 0.101900700668665 6.62045638666948 0.0312091307037585 0.0881270660228954 -12.3295141946513 -3.21644833156264 0.0169025698831139 3.27582272900029 12.5886668375535
"etap[259]" -0.103983073115099 6.45007854053981 0.0304059618346769 0.0561341106360948 -13.1365510778318 -3.34065129585608 -0.0804351787937153 3.2233976818786 12.4050949558413
"etap[260]" 0.0152967675569905 6.3469643445498 0.0299198768532026 0.0665863645135063 -12.4010849503333 -3.26905670198241 0.0125971457005524 3.34901654974866 12.4183085714829
"etap[261]" 0.072395270411229 6.5073557189777 0.0306759690432146 0.0482003018388908 -12.3783630618155 -3.23299263233544 0.0380392315707747 3.29677293611619 12.7901623661576
"etap[262]" 0.0434597353692988 6.38769093814644 0.0301118638565814 0.0597076716774242 -12.3988074873334 -3.29172463357387 0.00143698723991476 3.30236249798197 12.6223607723592
"etap[263]" 0.0241597397944838 6.28729204733038 0.0296385789464504 0.0517345065304969 -12.4128654761936 -3.2951393801639 -0.0209723306642471 3.2505780460516 12.3911425908921
"etap[264]" -0.123934578237968 6.54174159700397 0.0308380656267442 0.0613602329948453 -12.9741960650336 -3.34997234146063 -0.015793949191697 3.25749077851991 12.2477752032736
"etap[265]" -0.158649602666099 6.43671334177334 0.030342957683479 0.0647368164594646 -12.8810195071878 -3.39553935057151 -0.0984327190843692 3.20447503273 12.2988651841338
"etap[266]" -0.0532220043204919 6.26948077879633 0.0295546158213707 0.046429751189312 -12.6837986064474 -3.3219625185999 0.00858346331145636 3.26808582786176 12.514191999228
"etap[267]" 0.01211672778258 6.17292861587059 0.0290994645604172 0.0456956317812521 -12.1344435135649 -3.24813297681678 -0.0345983843076803 3.23927002630726 12.2444527253877
"etap[268]" -0.0214745783064292 6.32116267904508 0.029798246635574 0.0616142657202941 -12.4597643624548 -3.32148961137919 0.00848622247142685 3.30317048061108 12.4819933318438
"etap[269]" -0.0412699394996787 6.44621013950523 0.0303877260173175 0.0805486725696112 -12.606835864268 -3.2734897480995 -0.0377584056364369 3.2479821128135 12.5179776799206
"etap[270]" 0.00854603784609701 6.13011105376635 0.0288976206369653 0.0484197086856792 -12.3291055440842 -3.2312274981414 0.006159366772226 3.20846249392814 12.4420388314637
"etap[271]" -0.107187959131855 6.41240899149654 0.0302283858775253 0.0734895013470618 -12.7476291361612 -3.36870225779135 -0.0495587450701157 3.19480547060848 12.4206772074866
"etap[272]" 0.0546984567848249 6.33370199956473 0.0298573575593801 0.0591873532490619 -12.1753390562621 -3.26524195590548 0.0115107182965262 3.30970671066657 12.6444629072719
"etap[273]" -0.0402522910152878 6.29454846882057 0.0296727860454028 0.0590068094625705 -12.4998394932046 -3.31423354535561 -0.0245389538188566 3.26355541545764 12.5259607098809
"mean.p0" 0.630880149919893 0.266861581640193 0.00125799756010632 0.00374941970121805 0.12790203657047 0.454307611225753 0.622076607641421 0.797992979902596 1.18718448170483
"mumup0" 0.707745820779946 0.0668347578958737 0.00031506207018089 0.000819922366801094 0.567738217925563 0.666788129451473 0.709959922610154 0.75203348603493 0.83239949738126
"mupsi" 8.86394039554959 1.36762684994773 0.00644705479820559 0.00940957084850318 6.3157345968751 7.91093702784345 8.82192294487525 9.7634367212224 11.6759779347281
"ppo[1]" 0.526156434961579 0.134113215534113 0.000632215761006028 0.00295821970675635 0.227535924997957 0.43887250171498 0.548086573218033 0.627059961491419 0.734911451029594
"ppo[2]" 0.667206636777459 0.104559720935132 0.000492899251414698 0.00108422469812424 0.44722552670521 0.602768914585623 0.666519886960732 0.735983962248671 0.868053050444071
"ppo[3]" 0.666633272215864 0.103290665509294 0.000486916866765956 0.0010089999795937 0.451364802451953 0.60203909889765 0.666360039685846 0.735096985306719 0.865672516136539
"ppo[4]" 0.620272224006853 0.108855044195671 0.00051314759944747 0.00107347755683687 0.376260576593875 0.557692726120777 0.629121150517854 0.692015228677304 0.817849713360192
"ppo[5]" 0.70806564971951 0.104448237420139 0.000492373713085086 0.00172875365225433 0.505243634567283 0.637436148519906 0.703186123919511 0.781031451704538 0.910375292644799
"ppo[6]" 0.710362833182171 0.104062918585139 0.000490557302677436 0.00177133802111174 0.509322304720353 0.63903911094145 0.706414438773072 0.783529893589764 0.911203666659263
"ppo[7]" 0.710587333617364 0.103872857436493 0.000489661345830453 0.0017114901680761 0.513441044545956 0.639589682566063 0.705366824775763 0.783490428290017 0.912318723289685
"ppo[8]" 0.709178485103321 0.104290338730168 0.000491629371522294 0.00172676092134694 0.508222170034351 0.637705099319783 0.704796135697213 0.78268282605054 0.91082908025706
"ppo[9]" 0.62014644722048 0.108860576293361 0.000513173678006075 0.00108001565698421 0.375043426383253 0.557784148792027 0.629494770228806 0.691998151710306 0.815846177601305
"ppo[10]" 0.709400822335347 0.104325695430538 0.000491796044606238 0.00178084891748179 0.504222211436025 0.638900628484662 0.704642864138095 0.783359924208227 0.911394963793926
"ppo[11]" 0.620562129626369 0.109188729034547 0.000514720604863124 0.000989546048198856 0.373810732373807 0.558275239481782 0.630075405840209 0.692678068087857 0.81804304806808
"ppo[12]" 0.62000776236956 0.109058645910593 0.00051410738713602 0.00102893518272537 0.372140647130954 0.558426225331538 0.62888701755683 0.691798437688624 0.816095599397297
"ppo[13]" 0.666493201288506 0.103703547875988 0.000488863212908097 0.00102345153552206 0.447583903638134 0.602291125252405 0.666940162320636 0.734604766035019 0.866803254004473
"ppo[14]" 0.620057403259847 0.109745903362758 0.000517347149834996 0.00106483839665215 0.373447650109005 0.557392834890507 0.6293073228232 0.692239722046707 0.819060668898429
"ppo[15]" 0.620949749742109 0.10827166305749 0.000510397514388641 0.00101347044340338 0.37658639982779 0.56077710945734 0.630556199456084 0.69164303482187 0.816126695930202
"ppo[16]" 0.476639696175849 0.151728947474772 0.000715257117744724 0.00387434575791945 0.157695643684907 0.369148281641285 0.497994001451418 0.598570789568397 0.710375247011195
"psi0" 0.999668443666518 0.000589160332047436 0.00000277732843997907 0.00000370444977439089 0.998195624267845 0.999633423626128 0.999852557221296 0.999942486694424 0.99999150460605
"sdeps" 0.582397382866559 0.349689785262936 0.00164845345647393 0.0117593543352562 0.0441884418239031 0.318945271500357 0.551596097568526 0.795953698149921 1.36727901488197
