"Mean" "SD" "Naive SE" "Time-series SE" "2.5%" "25%" "50%" "75%" "97.5%"
"N" 25.4026222222222 0.770942928148183 0.00363425981600929 0.017820069884954 25 25 25 26 28
"betapsi[1]" 0.0693721869976305 2.57788945525743 0.0121522874330788 0.018069013034591 -5.49768349010625 -1.08977744327792 0.00901514588901546 1.19326425238503 5.84218225673469
"betapsi[2]" 0.102835086355164 2.58270529431327 0.0121749895161021 0.0194312428732188 -5.30021329096797 -1.09793972243796 0.00670842044481339 1.20929210521798 6.01668471822106
"betapsi[3]" 0.0555568044420234 2.60857033104736 0.0122969184685708 0.0205502160994916 -5.50042949742621 -1.13492718029751 0.0011055300192238 1.19731055218372 5.95375012599715
"betapsi[4]" 0.0631902989896176 2.58592674798659 0.0121901755943533 0.0203064563550455 -5.45703253642498 -1.11824497485274 0.00410499078737389 1.20066041651293 5.82899925655681
"betapsi[5]" 0.0990449307233527 2.60894329721796 0.01229867664796 0.0205387051489877 -5.4498936191846 -1.09347955960134 0.0119604552713332 1.20822415084843 6.03187703840938
"betapsi[6]" 0.0507355884530456 2.59418712521199 0.0122291153860282 0.01970317088969 -5.42478557122273 -1.16037032187921 -0.000532964209130929 1.19000994226709 5.81508287290967
"betapsi[7]" 0.077289570740655 2.59404054549062 0.0122284244025951 0.0194957025855652 -5.42993882534859 -1.12656864879672 0.00605552420988772 1.20723015543759 5.89315654042194
"betapsi[8]" 0.081320594591166 2.62140957221272 0.0123574432318596 0.0200627000299492 -5.42873547646173 -1.13300385745117 0.00580787023866533 1.19814269053314 5.98675808517299
"betapsi[9]" 0.067981739154238 2.61594844121083 0.0123316992134304 0.0208797141544764 -5.43602940940166 -1.13312223382638 0.00729063976522825 1.19246785249781 5.97530457780915
"betapsi[10]" 0.0649637028044584 2.60216234625992 0.0122667109385912 0.0200620956435657 -5.51380058048953 -1.12217999360301 0.00565920087397731 1.19559848846844 5.9090737519139
"betapsi[11]" 0.0801792014883893 2.59114746064048 0.0122147862698212 0.0205075051905009 -5.33938361977672 -1.12628792305031 0.0049049164487646 1.19804152001213 5.9256048071467
"betapsi[12]" 0.079683257730047 2.6103272895742 0.0123052008504948 0.020621811450264 -5.45794916980729 -1.10205575986438 0.00935884942421468 1.17530097725966 5.9911299924356
"betapsi[13]" 0.0689809902327821 2.55817113915956 0.0120593343995696 0.0179579085360555 -5.38569585022806 -1.10492489522457 0.00520243433539723 1.18635065753256 5.72290543822818
"betapsi[14]" 0.0524744509985274 2.61149448864152 0.0123107030796648 0.0198537443573295 -5.4831213525297 -1.16170647884525 0.00261847708074072 1.18661355296568 5.94468686640967
"betapsi[15]" 0.053485015527628 2.6143324104419 0.0123240811713283 0.0203704162330604 -5.5413305889872 -1.14933877028497 0.00155417084003101 1.19041956223684 5.94041967587729
"betapsi[16]" 0.0465461359984901 2.56979077839321 0.0121141099042166 0.018782591487253 -5.41445315173173 -1.13518794277385 0.00149529196244399 1.15215862968195 5.82789138091116
"etap[1]" 0.481656962697428 5.45687355904418 0.0257239486511847 0.181672821115043 -10.6088297032643 -2.20947113935316 0.500951723252773 3.34189711644078 11.2908797090747
"etap[2]" -0.29374313066375 4.00866099645141 0.0188970091604588 0.11596708215706 -7.78826377404847 -2.65881027616288 -0.498754688545328 1.9255500019978 7.9445618689061
"etap[3]" 0.509083938066106 5.48753574434605 0.0258684915788711 0.213368088032304 -10.8458986734474 -2.20242530791183 0.522021500871735 3.37461361070338 11.5058449131358
"etap[4]" 0.43928065272655 5.55008573694555 0.0261633550717396 0.182196942067267 -11.0543225529786 -2.24346079549946 0.505104141270742 3.31527590283324 11.1299564354947
"etap[5]" 0.43381727404164 5.52965343057714 0.026067036255817 0.212719624008902 -11.0590723872835 -2.23390794862371 0.509234991567558 3.34186189744329 11.1278470196053
"etap[6]" 0.428079241703066 5.47660504804904 0.025816963782373 0.173037244224239 -10.8869686726461 -2.24108775406086 0.485635865032159 3.29858431481496 11.1262009569634
"etap[7]" 0.493948895970255 5.71924516072496 0.0269607802427798 0.184875708870508 -11.1718662454832 -2.24871684641043 0.534129396447853 3.38546646472064 11.5358050289602
"etap[8]" 0.423289906480369 5.79188758342904 0.0273032199074189 0.229067499373988 -11.0309048023016 -2.2948111107502 0.49046645804614 3.34922127559581 11.4560533030578
"etap[9]" 0.440922964025737 5.52169139036987 0.0260295028383327 0.181474274509442 -10.9435222910888 -2.2828058409074 0.50460536114104 3.29374843643608 11.179446498853
"etap[10]" -1.04566651823366 7.77055285468853 0.0366307374474583 0.813260621160019 -13.6484394732565 -6.23295144052339 -3.21442089916947 4.70140123384374 14.6609393963909
"etap[11]" 0.464086114050656 5.53621613642843 0.0260979731478862 0.17704128545277 -10.9800848061859 -2.19620574086293 0.524792506579691 3.35411693867061 11.219100533392
"etap[12]" 0.442987533190128 5.50965206795921 0.0259727489282163 0.188181498315509 -10.8325116742474 -2.28338498140526 0.514963182276371 3.30634012697143 11.1803342969926
"etap[13]" 0.495626620847471 5.38909184446678 0.0254044225843972 0.201616649354641 -10.6953217900452 -2.18111909577958 0.48879547650581 3.32268749315769 11.1078180183382
"etap[14]" -0.343884466231611 4.0180483617644 0.0189412616249274 0.121566334060777 -7.87460379908132 -2.69833080001969 -0.544021187442945 1.87737285529406 7.8658611089323
"etap[15]" 0.485005791078204 5.47402025946619 0.0258047789721406 0.177183898810308 -10.5995147053268 -2.16917792627031 0.537013640354969 3.37064782970606 11.0316069674486
"etap[16]" 0.487288112232102 5.49931546167209 0.0259240216988824 0.183534996588064 -10.5048998073813 -2.22958305126638 0.483476510149669 3.33724405358953 11.3005735438566
"etap[17]" 0.54526345636941 5.38944402145466 0.0254060827626393 0.166034971170308 -10.3721847153879 -2.22806657055245 0.511701082799461 3.39699980981976 11.3862269171836
"etap[18]" -1.3319586514325 9.82699018231969 0.0463248759771459 1.21197478327395 -16.7045673071078 -7.9249462418062 -4.49261954462294 6.32798366514441 17.9751680753669
"etap[19]" -0.345893679750599 4.12296991274767 0.0194358665595465 0.0981280285064404 -7.89554914350091 -2.71237380594766 -0.520395379457056 1.8475051592305 7.97585311968994
"etap[20]" -0.732574902486904 5.8408990899217 0.0275342623647331 0.435293899599275 -10.7072533868304 -4.45980882958069 -1.81507982216084 3.08873992119217 11.169317430053
"etap[21]" -0.299767572342784 4.12879581270608 0.0194633301153273 0.142287867312348 -7.91048063503778 -2.63567634543712 -0.52656897482529 1.90916464308089 8.07537289850749
"etap[22]" 0.491169695167584 5.59663872192102 0.0263828079474771 0.19874855114306 -11.0427037931001 -2.20438886949347 0.539352724668084 3.3633765158105 11.3611134971324
"etap[23]" 0.483780623946294 5.45493357175621 0.0257148034634065 0.193130115202372 -10.6970876694093 -2.22544452966611 0.534721001775551 3.35482506715209 11.2108866943539
"etap[24]" 0.421626331200457 5.60035478762501 0.0264003256492013 0.21609862227793 -11.0750452618426 -2.2514673728166 0.484105518927512 3.30310876828727 11.2042538461402
"etap[25]" -0.714321100900183 5.91619874048354 0.0278892283216215 0.489248790012818 -10.7090776888079 -4.47255409510095 -1.84113756193838 3.18264700368057 11.2805341193106
"etap[26]" -0.506586224963188 7.80561219414815 0.0367960087586304 0.171123917875973 -15.4628329993473 -5.28498527264985 -0.554741060216531 3.97747162965664 15.1264482622992
"etap[27]" -0.212810284590928 6.47720662069569 0.0305338448309355 0.0828562717179821 -12.8748564689205 -3.80205727029962 -0.204098106056089 3.30647409934784 12.7174576535777
"etap[28]" -0.090084728416232 6.07578896635778 0.0286415438611333 0.0534454838401089 -12.0439665738312 -3.38949353788878 -0.0736042133551788 3.22139347562888 11.8334334001585
"etap[29]" -0.0121965738895539 5.95894333099346 0.0280907282536788 0.0533735286645409 -11.8064215827481 -3.20694186852532 -0.0301049946480444 3.23240098819469 11.7977125701966
"etap[30]" 0.0508284859044205 5.94919737478923 0.0280447853755378 0.0464636711464682 -11.5721124677974 -3.13244786485698 0.0433074615348659 3.19411430065589 11.8133395739985
"etap[31]" 0.00222496091432014 5.98075134034157 0.0281935321956404 0.0450728308677052 -11.9748079705857 -3.19083862134106 0.03173682399589 3.25022400247777 11.8629177881246
"etap[32]" -0.0342047687225126 5.87766402225955 0.0277075739178395 0.0464982239116694 -11.720551250051 -3.23858234379069 -0.0140040023933094 3.20442043267047 11.5696812788642
"etap[33]" -0.0646389266631305 5.92319932759983 0.0279222294057696 0.0489825539121854 -12.083057742691 -3.2282235685908 -0.0094799207166299 3.17230888089484 11.6020335499857
"etap[34]" -0.0188816256101184 6.03928742554533 0.028469473947585 0.0440738453157974 -11.7068972268093 -3.19431938010351 -0.00106803493716325 3.21081195696136 11.7982245746178
"etap[35]" 0.00463488111782134 5.91681121063274 0.0278921155335933 0.0391200658788755 -11.7163221695739 -3.20448921120845 0.0151565684149083 3.21185665454235 11.7460468948493
"etap[36]" 0.0613334819317801 5.98366820981569 0.028207282450207 0.0467646264913536 -11.642134951488 -3.17420813840312 0.0186012133603884 3.25736558558562 11.8792356390365
"etap[37]" 0.0456466475602557 6.00730733342177 0.0283187183475614 0.054207411176491 -11.6734829690931 -3.24277791751126 0.00209501599515296 3.25430875205818 11.8767528040375
"etap[38]" 0.00352608680818365 5.99383878154222 0.0282552269851161 0.0494561146527886 -11.6273946604095 -3.20314218797631 -0.0384808714477043 3.19249836723597 11.8439610570958
"etap[39]" -0.0189605553547126 6.01229235108378 0.0283422179461824 0.0584765304095325 -12.023722247656 -3.19417330203309 0.0322579726151675 3.20696080699271 11.7534667096861
"etap[40]" 0.0219410780435226 5.9164810862291 0.0278905593122303 0.0414998339648747 -11.7427101404063 -3.18216239916631 0.029273213214379 3.23709058728612 11.8898206139913
"etap[41]" 0.0212366215190444 6.01901113492554 0.0283738905969546 0.048392210904613 -11.8219546937268 -3.1627767617076 0.0243885579811449 3.20557077591745 11.7897729665163
"etap[42]" -0.0538078995424425 5.9031641676472 0.0278277827560052 0.042674387774343 -11.8621187058781 -3.18357499410217 -0.000055729564438145 3.14948368227938 11.5886546297521
"etap[43]" -0.118139713426789 6.11332015530913 0.0288184675825565 0.0656218196302027 -12.0373444986318 -3.27746265361111 -0.0712852094796346 3.14258246007979 11.5485463925556
"etap[44]" 0.0465645390688505 6.02449622139949 0.0283997475425621 0.0616162244076537 -11.3402146618396 -3.21350268393903 -0.0375770695000183 3.21307965951053 11.8669259384826
"etap[45]" -0.0305775614705793 6.01179061573913 0.0283398527430852 0.0448870873199522 -11.6808904001451 -3.22927050858982 -0.0569547958963085 3.15325947698689 11.5855551936461
"etap[46]" -0.0343919051418429 6.0327390413669 0.0284386045685291 0.0450958778535722 -11.8011060245237 -3.21253166496328 0.0153655193910781 3.20985139005552 11.6138793367614
"etap[47]" -0.0667695838924677 6.0368704156391 0.028458080053619 0.0432960041924357 -12.1812155059071 -3.27573372354761 -0.0485008737750774 3.21918838718542 11.6429052312298
"etap[48]" -0.00677695366908278 5.90032658030143 0.0278144062409758 0.0408830580437902 -11.7637122204537 -3.19131522703896 -0.0191596698035195 3.19971002607948 11.7400295670869
"etap[49]" 0.0192329490814087 6.01747035326344 0.0283666272825439 0.046824697814791 -11.9179079781892 -3.26568739670138 0.0182599483857313 3.21987607868623 11.9603209708124
"etap[50]" -0.0150810282793617 5.95759007409182 0.0280843489394666 0.0439803709560263 -11.9337109619163 -3.17670819557932 -0.00811100997754426 3.19134289696338 11.5128266600502
"etap[51]" 0.0320202204390014 6.03426154876153 0.0284457817372168 0.0443441596301216 -12.092455960296 -3.16116932154044 0.0637732132149924 3.26428656510429 11.8037772949498
"etap[52]" 0.00873119870930701 5.95006283697646 0.0280488652034141 0.0439862311844347 -11.5170452843562 -3.1764564979396 0.0118321878470444 3.23495404858255 11.5288446883765
"etap[53]" 0.0595572357290846 5.97135547948558 0.028149239682798 0.0423266328541687 -11.6848574723461 -3.17576876073391 -0.0109552474469726 3.1973279195005 11.9575626906405
"etap[54]" 0.0127074034492903 6.00737196249602 0.0283190230119391 0.0416605826072288 -11.8315198967109 -3.23573337834694 -0.00481126761500923 3.23394497560001 11.9794549257278
"etap[55]" 0.0232468877739012 5.94644369316059 0.0280318043958522 0.0395488341364281 -11.5886847004622 -3.15051944652229 -0.0276783521638645 3.21928932602792 11.8595303814746
"etap[56]" -0.0214800780978147 6.02955073308419 0.0284235747391477 0.0462072579566954 -11.9674107713272 -3.16389220095927 0.0231535396412016 3.16356963344496 11.592837319392
"etap[57]" 0.0404207451955105 5.89989532193488 0.0278123732695396 0.0385467695617994 -11.6158502198711 -3.09910671434459 0.0629190545483361 3.27885357058604 11.4670348657523
"etap[58]" 0.0271794537686618 5.90585824409131 0.0278404827541563 0.0402685102904425 -11.5087172137518 -3.18371537059544 0.0186039835680232 3.20342300901526 11.7293046515663
"etap[59]" 0.0699572035011172 5.83030210695034 0.0274843077079387 0.0424025654456724 -11.3302860067062 -3.19147552960605 0.00700949163891753 3.27100694777875 11.7490791483945
"etap[60]" 0.0387030974536892 5.96705128115225 0.0281289494972709 0.0465473099321512 -11.5123194472805 -3.18472526232261 0.0197448210874177 3.23849473910734 11.8551374384145
"etap[61]" 0.0735603192784136 5.93740374168506 0.0279891896559193 0.0447580665444803 -11.5613854596405 -3.13761529735869 0.033895507789409 3.2341137686529 11.8493896184857
"etap[62]" 0.00232993849207585 5.84057208377777 0.0275327208429874 0.0385440765972946 -11.5657691551923 -3.20578934730529 -0.00231919099232433 3.18290245549064 11.422568851877
"etap[63]" -0.0520917031390381 5.89625386183017 0.0277952072619832 0.0452537371030313 -11.7109888270775 -3.19492429004337 -0.0212815661549705 3.11565120608936 11.4786272765256
"etap[64]" 0.0301294727248692 5.96552376774433 0.0281217487300103 0.0430260875480077 -11.7471665550334 -3.151043885402 0.0391882700766677 3.23422280571281 11.7256984632566
"etap[65]" 0.0500016722808947 5.85967563645522 0.0276227758539405 0.0480557067189154 -11.5999620518414 -3.18278699177082 -0.0032618394813732 3.26269482429984 11.6393374131888
"etap[66]" 0.000501045200341042 5.95862695104812 0.0280892368243137 0.0420304061277322 -11.6563433509107 -3.23338944553655 -0.0377682939723124 3.21438140371346 11.7539210178238
"etap[67]" -0.0369213895820548 5.96769880201508 0.0281320019398913 0.0464920391157011 -11.7287715137994 -3.18965658585631 -0.0229675414452371 3.17439330579589 11.561590211304
"etap[68]" -0.0599574254219471 5.96215419992251 0.0281058644349671 0.0411729911075205 -11.6503343667056 -3.23486374889767 -0.0348899323223952 3.14342521749324 11.47970064359
"etap[69]" 0.0762789645617079 5.95470683454966 0.0280707572179196 0.0461963569710441 -11.469433774416 -3.1666725225358 0.0172203408552445 3.22580165064011 11.8958290659465
"etap[70]" -0.041382013078359 5.97893718030755 0.0281849801632256 0.0464093659973558 -11.8228812316717 -3.23269982787216 -0.0109895867400576 3.20841499968945 11.6058980346152
"etap[71]" -0.0808145225042489 5.90955879814534 0.0278579273332613 0.0408745688146465 -12.0220064530546 -3.25054753246159 -0.0646866072873429 3.12296888547507 11.6573010111283
"etap[72]" -0.0217439644858862 5.94573294813453 0.0280284539116681 0.0439548858673764 -11.5696858217737 -3.25004766970356 -0.0175565751906171 3.19706695637074 11.5710428873857
"etap[73]" -0.0131597093867002 5.92231899428586 0.0279180794747295 0.0485498488513649 -11.8974225370099 -3.13291294046 0.00950758273544809 3.20755699917398 11.4837961257598
"etap[74]" 0.00294998461325134 5.96003829754282 0.0280958899754937 0.0472611677106717 -11.7830040319588 -3.17800598097145 0.0098862491512702 3.17604946502634 11.8531510008677
"etap[75]" 0.0679237558509634 5.87844347590228 0.0277112482975488 0.043568080526117 -11.5268850959758 -3.17200734895967 0.0453787188728617 3.28166015262422 11.7975291120374
"etap[76]" 0.0561773443140135 5.83063465688671 0.0274858753633726 0.040797685186162 -11.4473313624905 -3.17180068655336 0.0660105721178337 3.23473132477489 11.50358119232
"etap[77]" 0.0471497468307919 5.87129142330357 0.0276775331982691 0.0462121506738954 -11.2760607231863 -3.17734820158701 -0.00710425179964188 3.16216261440456 11.7870463792619
"etap[78]" -0.0303566412060915 5.93240491435419 0.027965624957895 0.0430425732438909 -11.7520503285942 -3.1836806267781 -0.0124595778491588 3.20892839484532 11.4123891853742
"etap[79]" 0.0304821004139668 5.93185397740982 0.0279630278162325 0.0425219458787229 -11.4950939882195 -3.20531101102575 0.0168622606738549 3.22214809627234 11.6651669700804
"etap[80]" 0.012698423666649 5.95916499821885 0.0280917732030005 0.0474799305857481 -11.6782455460148 -3.19517036684266 -0.00135760462178195 3.2205728587233 11.9971318800364
"etap[81]" 0.0350413686675616 5.93651429184724 0.0279849967491736 0.0390376302907947 -11.6250302927488 -3.18619728074989 0.0401633851873973 3.25060446114753 11.6873528168873
"etap[82]" 0.0520346618951929 5.9200576650361 0.0279074194664162 0.0497336377609891 -11.517535665422 -3.16951272720683 0.0161172054824161 3.21488902708999 11.6805630502162
"etap[83]" 0.11751687324732 5.98972361967044 0.0282358279260147 0.052080341620698 -11.4573673145184 -3.13696846255424 0.0196800674554104 3.25321184831061 11.9038608526013
"etap[84]" -0.0901169970093158 5.90393169428655 0.0278314009112814 0.0453186583484529 -11.8350562331268 -3.21179454890267 -0.0288758449526468 3.17897033054366 11.3460167253796
"etap[85]" 0.0367757786053205 5.93047981384729 0.0279565499470757 0.0418798699591717 -11.6818704569523 -3.2036094599664 0.00836149334972053 3.2142189254106 12.0093575083647
"etap[86]" 0.0866851108363584 5.90942578883585 0.0278573003213633 0.0497395051425294 -11.5082545116294 -3.11042062128051 0.0291337112670829 3.25870700658413 11.7135315117293
"etap[87]" 0.027405133913894 5.95710585277562 0.0280820662982914 0.0394298925616047 -11.6453902472104 -3.23097198225934 0.0128622658154367 3.24811102859523 11.6106548090729
"etap[88]" -0.012587806982782 5.99388654946117 0.0282554521652455 0.0419731711348916 -11.9703475951939 -3.26399760230192 0.00768232888665584 3.22201253334491 11.6661402019003
"etap[89]" -0.0268143581180697 5.97527835358219 0.0281677322886344 0.0440590837849063 -11.7839407825744 -3.22788902356006 -0.0420085179762084 3.17902331361975 11.779459164883
"etap[90]" -0.0128257315521461 5.94916462995488 0.0280446310149083 0.0474041352433439 -11.6126557953321 -3.21637496950349 -0.00857423541088055 3.21177569617907 11.6487866149584
"etap[91]" 0.00467426516473629 5.94387068995127 0.0280196751424034 0.0462355064287353 -11.7163058637563 -3.22438237129325 0.00226543827046564 3.15057012587913 11.7560453873064
"etap[92]" -0.0619656378810825 5.81654953535419 0.0274194774637094 0.0394756088299207 -11.8285607786862 -3.24678437206786 -0.0497961838274737 3.17189643415607 11.4788462761005
"etap[93]" 0.0224634623812242 5.9559620456236 0.0280766743396677 0.0447847464395473 -11.7658305558478 -3.22076428962335 -0.0116993905917835 3.23070377999762 12.1577683435668
"etap[94]" -0.00843997279794458 5.9722549589528 0.0281534798696701 0.0427641911345758 -11.9476660600081 -3.21121656464994 0.0159795240115759 3.20316897422449 11.7319646123761
"etap[95]" -0.0273389326339278 6.04961874018985 0.0285181762318764 0.046805415650441 -11.9096581685184 -3.22753931591522 -0.0118235550213914 3.18706883618015 11.6402072117943
"etap[96]" 0.0764178206287723 5.9204325914333 0.0279091868864022 0.0432169920584499 -11.3262916172717 -3.15164518183177 0.0103811836995406 3.24677481912324 12.1412927146138
"etap[97]" 0.0334704263135714 5.89925682675471 0.0278093633743953 0.0440018922777061 -11.6512750012774 -3.16956648091639 0.0315700498244223 3.23399971407133 11.7067794974584
"etap[98]" -0.0892525880572999 5.89615496089656 0.0277947410385111 0.0488011396199756 -11.8383762783492 -3.28833042462236 -0.0235643153184702 3.20779945610943 11.3972414720942
"etap[99]" 0.0249139456034893 5.86731071061597 0.0276587679387001 0.0426092954717506 -11.6045084157974 -3.12368191080365 0.0315078242589826 3.19076763320733 11.6599637766435
"etap[100]" 0.00942787369137205 5.95835813954231 0.0280879696347229 0.0389264369780398 -11.693426399611 -3.19103333273267 0.0374745150284505 3.19208542690717 11.5329958067025
"etap[101]" -0.0128752476216373 5.99335272523373 0.0282529356937043 0.0517259801831618 -11.8402127315124 -3.24121430761015 -0.00816038566176143 3.23658801351886 11.7852203024891
"etap[102]" 0.0205736622295419 5.88741798138684 0.0277535545221217 0.044199969073738 -11.8268633822758 -3.15003567621129 0.0341728241461499 3.20872549818542 11.6720768028503
"etap[103]" 0.0289078817215364 5.91691801760922 0.027892619026509 0.0434156317081266 -11.5827285537207 -3.19058350916459 -0.00270808382601922 3.19762078499146 11.865880706734
"etap[104]" -0.0560833768483285 6.10665737070511 0.0287870589147227 0.0560750020402852 -12.1588106910395 -3.21818962089368 0.00299172887688726 3.18698589784284 11.6761662630167
"etap[105]" -0.0838410756319016 5.91618099756168 0.0278891446806857 0.0395787336925114 -11.9425741867092 -3.25880442909581 -0.0495310203629284 3.17802205120238 11.5000974000936
"etap[106]" 0.0680168936037348 5.893458732297 0.0277820308950019 0.0449328972155805 -11.4323911878303 -3.13489966256013 0.0422271484878149 3.24044325942008 11.7997902542965
"etap[107]" -0.0294874116753512 6.00826600099952 0.0283232375498623 0.0564994878629621 -11.6942595230246 -3.20428030734283 -0.0184189449902348 3.15264047928061 11.4921389907544
"etap[108]" 0.0147806109856052 5.99876410497362 0.0282784451824353 0.0451436756300371 -11.6968095246011 -3.14703256173989 -0.0324502502968174 3.17733336655913 11.8342118632409
"etap[109]" 0.00923162061180472 5.92112973305393 0.0279124732435182 0.0424647377780276 -11.612070529132 -3.23051308169688 -0.00861085900431051 3.2273828226528 11.8756323470823
"etap[110]" -0.0334773271942772 5.95995560855033 0.0280955001758449 0.0423238662261665 -11.7928224026835 -3.21915353912571 -0.0447363177995996 3.18656478177553 11.6927401611923
"etap[111]" -0.0387134970500348 5.97379501588961 0.028160739767693 0.0446960265877184 -11.9256674025489 -3.22328941795735 0.000999356054130921 3.19134301331722 11.4902223307616
"etap[112]" 0.0163736104657573 5.91059575633264 0.0278628156010349 0.0476668474366734 -11.8246044648482 -3.16869819171261 -0.0207585412006246 3.23804062217249 11.7905900036312
"etap[113]" 0.0822724644968017 5.87921968066388 0.0277149073618856 0.0465860293364242 -11.4558314803462 -3.13269172405479 0.0412852630661242 3.29769407215304 11.7741198176421
"etap[114]" -0.00406699909814164 6.01268682175288 0.0283440774987497 0.0496986974755094 -11.6228254935252 -3.21425943574577 -0.0160098491116708 3.17491553906629 11.7745269010207
"etap[115]" -0.0522186561780043 6.01558063882644 0.0283577190832579 0.0497033754663881 -11.7377799717621 -3.1869019316832 -0.0204957339644322 3.13473000109275 11.7268207021295
"etap[116]" -0.0491580942795714 5.94645379500662 0.0280318520164111 0.0439186795378538 -11.8119034704614 -3.23377266048473 -0.0257670284488613 3.14665363765123 11.632837573975
"etap[117]" 0.0403743869367202 5.89909904967591 0.027808619606113 0.0397574472637853 -11.7857910802281 -3.18514346160629 0.0277242385080375 3.22902611252971 11.9691143228742
"etap[118]" -0.0580254613495352 5.96607424335597 0.0281243436969294 0.054658600103984 -11.8134721158239 -3.2336730910448 -0.0122814742164242 3.18078799054917 11.6482269821195
"etap[119]" -0.0801906553097345 5.97163679735886 0.0281505658279704 0.0415478131124892 -12.1697366314443 -3.2703302298878 -0.0582925981875052 3.18798454366217 11.6918020979984
"etap[120]" 0.0325368853569241 5.95800852730013 0.028086321546808 0.0461484652087415 -11.8622199443246 -3.18106114668975 0.0451580229915944 3.25218297887792 11.7813661401868
"etap[121]" 0.0543380340412444 5.99147369745251 0.0282440778717967 0.0452225823425098 -11.678004425817 -3.20515262831436 0.0027817796324541 3.23386915454048 11.9534430442343
"etap[122]" 0.0358693316681011 6.01697195883114 0.0283642778286587 0.0472309200196846 -11.5978574705994 -3.20982335548071 0.00857138143960032 3.21112268483301 11.9162473520656
"etap[123]" 0.044705456743159 5.89052516955612 0.0277682019476211 0.0425144305348043 -11.6178563929797 -3.18731869031815 0.00828457917065684 3.19192264910772 11.771379487905
"etap[124]" -0.0218231785318969 6.03434280359598 0.0284461647761797 0.0460336147862498 -11.8839963386331 -3.19070324130693 -0.0153968411246686 3.19178625160727 11.861621981065
"etap[125]" 0.0200468080750167 5.9524810029021 0.0280602645469078 0.043351092482074 -11.6772424138799 -3.19227191266465 0.0181455549029969 3.23150903512225 11.9248883025538
"etap[126]" 0.0712689280401624 5.91957530408473 0.0279051455950849 0.0463299651397942 -11.6281226210495 -3.14328174789432 0.0580056263856605 3.2168241996992 11.9110880870593
"etap[127]" -0.0291414597892549 5.9479316771124 0.0280388188194697 0.039438975863221 -11.8969503511062 -3.19347920402806 -0.0240597784274255 3.19710335738575 11.7315395605442
"etap[128]" 0.0311009217662371 5.87089161315866 0.0276756484751714 0.0399768857108441 -11.4662599563026 -3.21415110325512 -0.0157580455792618 3.20258373524407 11.7431449242533
"etap[129]" 0.0098109247511993 5.8827513742855 0.0277315559252784 0.0443368927229323 -11.6012002337171 -3.18466581312679 -0.00242730829652083 3.19025809776369 11.6556975312482
"etap[130]" 0.0498900002645279 6.00153868929 0.0282915246983359 0.046864046758921 -11.6704035632712 -3.20261732820731 0.0276711293365205 3.24510111322486 12.1189664076777
"etap[131]" 0.0771797636225416 6.0040085145381 0.0283031675662111 0.0464887414749441 -11.470429440032 -3.17901019985538 0.00920105623832148 3.20830709468431 12.1155176055494
"etap[132]" -0.00832644027549979 5.92017427920779 0.0279079691908934 0.0418615208250719 -11.6808367980137 -3.24159679995947 -0.0463568462869849 3.20659858457743 11.7741444370905
"etap[133]" 0.015467050921904 5.94673446745828 0.0280331751190368 0.042029238884308 -11.932766265892 -3.19912363709941 -0.0161670645060432 3.25231267966496 11.8401301723069
"etap[134]" -0.0379136314155804 6.1490960388678 0.0289871167150051 0.052137160717766 -11.9376054116239 -3.25006646307298 -0.0629610488212043 3.16553501661493 11.9578473810199
"etap[135]" 0.0227109197191818 5.94972452641899 0.0280472703921519 0.0468957226259839 -11.8408373303058 -3.23058394781275 -0.00574625302882069 3.26256388147777 12.0108108390705
"etap[136]" 0.00701174823030798 6.00089345080788 0.0282884830149613 0.0428144846257125 -12.0017537899283 -3.19150080058654 0.050780562810106 3.21613261263018 11.70954845977
"etap[137]" -0.00279895076289798 5.85068975587663 0.0275804160066602 0.0398712715371624 -11.6399696629555 -3.18983967717498 0.0040944730635305 3.19991252827251 11.6557786317022
"etap[138]" -0.0147310721548181 5.95633170516607 0.0280784169314624 0.0515951240229248 -12.1295156296212 -3.18713920576344 0.0462255352813159 3.22200454629825 11.806183117074
"etap[139]" -0.0598846144858391 6.01163783189661 0.0283391325131446 0.0424219858605608 -11.8138642059697 -3.25510316616334 -0.0458637480507013 3.10023628754803 11.7075137165992
"etap[140]" -0.00795447030493606 5.8801290425899 0.0277191941351152 0.0429191111496266 -11.5132982226618 -3.1444836595182 0.00168190136972962 3.12208483204601 11.8208794069254
"etap[141]" 0.033533156078372 6.0375087810199 0.0284610893368833 0.0519411265062784 -11.6564261705125 -3.16801479218807 0.0601748149756153 3.28325019470875 11.8319675164252
"etap[142]" 0.024448127500049 5.94453809062701 0.0280228212993606 0.045075601501979 -11.7611308330603 -3.16905294811756 -0.00976823062312589 3.18099230306993 11.9627221823751
"etap[143]" -0.114213127304079 5.94170761464159 0.0280094783076054 0.0599245344642019 -12.0049257029332 -3.22669671490765 -0.0357817663975211 3.13314475832471 11.4545266612077
"etap[144]" 0.0176372508470576 5.99461716151093 0.0282588963034775 0.0558645286068682 -11.8808285115285 -3.18535084319073 0.021114003796044 3.20853718298043 11.7963871787618
"etap[145]" 0.0142189546732765 5.97775692046496 0.0281794163649706 0.0510930862112181 -11.6286947515591 -3.20080530191931 0.0400717849114051 3.1862222343369 11.8838726074682
"etap[146]" 0.0160881874334806 5.952115716515 0.0280585425703652 0.0436122501640921 -11.5783228452908 -3.19627880757515 0.0324822512659809 3.1883149003608 11.670644810043
"etap[147]" -0.086997929539295 5.99552582667978 0.0282631797921623 0.0463338256609172 -11.8602541306918 -3.28680023363482 -0.0434284271466791 3.11809413871987 11.6280822544045
"etap[148]" -0.054392406488356 5.9410668903095 0.0280064579041381 0.0418335582513987 -11.9409957776537 -3.22327185675375 -0.0193025452349265 3.14127828930079 11.7313543369131
"etap[149]" -0.060598907112586 6.05852075047965 0.0285601407108238 0.0453109317583255 -12.0128803132844 -3.26450163355097 -0.0144455665648884 3.20658970499065 11.5361743364221
"etap[150]" 0.0352577749355434 5.99952701125778 0.0282820415571483 0.0534116157130976 -11.6802966034691 -3.19678594092861 -0.00357036240581396 3.23498037157728 11.9050538163908
"etap[151]" 0.0484338309325219 6.03028697705142 0.0284270454264932 0.0470647502996501 -11.429447543504 -3.21050066707256 -0.0126880942538846 3.18896981516911 12.0349143342698
"etap[152]" -0.00263114920046075 5.99543371680382 0.028262745582043 0.0459739240291322 -11.7837448545935 -3.20601723912461 0.0374414067689839 3.2613636346627 11.6932653167906
"etap[153]" 0.0488266381220764 5.96856553169275 0.0281360877427749 0.0473460446241197 -11.7354106228091 -3.13792525885468 0.011515796444142 3.23400153616179 11.8068527598066
"etap[154]" 0.0556373739794427 5.87815645434183 0.0277098952649372 0.0439802141268652 -11.5099780462893 -3.20375763010583 0.034203184211083 3.2445269861409 12.0977417731257
"etap[155]" -0.067246592497865 5.9255482914525 0.0279333025275628 0.0483680150034867 -11.7795735195974 -3.24147647241162 -0.0550108268320312 3.12112652036275 11.607194741897
"etap[156]" -0.0502040581106451 5.98923944016032 0.0282335454819152 0.0441540026300747 -11.7483770838077 -3.25669169963061 -0.0521888877758125 3.19646044935419 11.4972372599246
"etap[157]" -0.0468972504421893 6.07384501460186 0.0286323799846739 0.0551271030339914 -11.7794353177771 -3.22128506137423 -0.058843458810936 3.14207137484535 11.7506226474039
"etap[158]" 0.00849377843131846 5.93775482703016 0.0279908446881079 0.0462783971366903 -11.6974875861392 -3.17252285317239 -0.0181230956472756 3.15270323525667 11.7780024922557
"etap[159]" -0.056888842849842 5.88538892021708 0.0277439894360378 0.0424965949970959 -11.8462431331523 -3.24284921523488 -0.0317902818197911 3.15219394923863 11.6441574675776
"etap[160]" -0.0662530951840436 5.89280933481984 0.0277789696059367 0.0426528771570904 -12.0851491031308 -3.19915617211394 -0.0532417451498559 3.17571953127674 11.7328930088634
"etap[161]" 0.00488281088055245 5.93043365709149 0.0279563323620422 0.0424591140694695 -11.5366397124769 -3.20007411280782 -0.0103829608940459 3.15846527441201 11.8206475809033
"etap[162]" -0.0363538147174055 5.89815523202807 0.0278041704070531 0.0417563071634154 -11.8617262711829 -3.24000468380138 -0.0114644563232224 3.22176502165541 11.585511107178
"etap[163]" -0.0339053712633286 6.01848318621724 0.0283714018228762 0.059463405886478 -11.9346306239912 -3.21143969186958 -0.0133210616697722 3.23716473338078 11.6277089449319
"etap[164]" 0.0412806232021408 5.89627007662104 0.0277952836992404 0.0449639523824636 -11.564759053223 -3.25247824619501 0.00955556599358856 3.21637045579958 11.9474429302013
"etap[165]" -0.012753817227242 5.96624243652104 0.0281251365671132 0.042096507004798 -11.811505004869 -3.19947814846086 -0.0179397243792855 3.19021385877797 11.6463986476367
"etap[166]" -0.0384640769476294 5.93434985512771 0.0279747934966281 0.0418507975364764 -11.6653859274159 -3.26801986345638 -0.050567355104554 3.16947957910355 11.8113711619804
"etap[167]" -0.0717336180181134 6.03625396117139 0.0284551740593897 0.0452396542844751 -11.9013949335193 -3.3269121091236 -0.0676693150753749 3.15930946481735 11.7101778713419
"etap[168]" -0.0118502254774283 5.89826975944049 0.0278047102944528 0.0426012760323093 -11.7288190811971 -3.15934277703604 -0.00765911924341387 3.17060489274671 11.7808228344324
"etap[169]" -0.0155810896078323 5.94225489565889 0.0280120582150624 0.0393236961022425 -11.8033721183075 -3.2446241786803 0.00872313563435073 3.19598907670711 11.6468125363534
"etap[170]" 0.0358173539199334 5.98575719372535 0.0282171300147957 0.0457865150697698 -11.7416461921939 -3.18831096732107 0.000853916273185511 3.21156102512743 11.6318208594265
"etap[171]" 0.00274808223446251 5.98439515513361 0.0282107093032993 0.0427698721598447 -11.6773952533322 -3.24070815438549 -0.0244494780272452 3.26835952611502 11.7589858772294
"etap[172]" 0.00339802456147701 5.89952095897379 0.0278106085056169 0.0434334426938706 -11.8847034318259 -3.17372345995403 0.00476495655310519 3.23423055043724 11.5653011485832
"etap[173]" -0.105390467675143 6.08044454902077 0.0286634904882758 0.0461294625590971 -12.0978959238341 -3.28379613413964 -0.0625913479406186 3.13942284010258 11.5104851355224
"etap[174]" -0.0960117474919611 5.92454865992408 0.0279285902193466 0.0464553339083372 -11.9451981443649 -3.25411204344785 -0.0386465870028294 3.10866974105344 11.4414515870805
"etap[175]" 0.0200240432688089 6.10574926877691 0.0287827780811797 0.0459694258105073 -11.862818929645 -3.17978074982413 0.00191750363023808 3.20903076062359 11.8536345958835
"etap[176]" 0.0757558904828376 6.02670708556923 0.0284101696562068 0.0472968384096509 -11.4447493059334 -3.15839260758411 0.0192386195646531 3.24332101265006 11.9711627786321
"etap[177]" -0.0418453736581838 5.97789400707454 0.0281800625974455 0.0473136992857332 -11.7594327508555 -3.21205425133685 0.0130830476569827 3.18711225590897 11.5321091559719
"etap[178]" -0.00865414892927389 5.86293961467999 0.0276381623948498 0.0424264788118946 -11.7932344418612 -3.22101470732965 0.0268610247380033 3.21779866857945 11.5851276607447
"etap[179]" 0.0510671774860674 5.9259138022195 0.0279350255618425 0.0420601933329649 -11.5416738681834 -3.1734177899659 0.0104834225774522 3.22740077572827 12.0829900634388
"etap[180]" 0.0429011310312679 6.00264278415793 0.0282967294514571 0.0452598398320611 -11.6563848100983 -3.21166811165953 0.0488076310696229 3.27277885273018 11.6913762043908
"etap[181]" -0.0114936289721383 6.07458910531404 0.0286358876619298 0.0523879929134189 -11.7812345630273 -3.27636498482349 -0.0243419600402604 3.14707419393552 11.777497929113
"etap[182]" -0.00628873338071697 5.88754055657181 0.027754132347085 0.0429343887354135 -11.5646254822264 -3.17154261486883 -0.0223569387800877 3.15990796259269 11.641140914952
"etap[183]" 0.00480756216094131 5.96621122035875 0.0281249894127129 0.0435795343848905 -11.6385168757936 -3.21868916545673 0.00116579545596272 3.21819824441521 11.8010669432478
"etap[184]" 0.00598223785601064 5.8928744865918 0.0277792767343351 0.0386912364633819 -11.7354559877866 -3.22729592006309 0.0095098105174716 3.25324366291625 11.6852680546327
"etap[185]" -0.0127489505768129 5.92531221252618 0.0279321896408315 0.0453320557926548 -11.8056667996796 -3.21708429114171 0.0131275409849445 3.18502511969183 11.9977114838598
"etap[186]" 0.0547962602561194 5.9736972688477 0.0281602789837185 0.0425143249515083 -11.8418152819411 -3.16669332679221 0.0687576017899289 3.27285386348763 11.9058863415149
"etap[187]" -0.0278851662549044 5.93212728378158 0.0279643161948246 0.0469809382218584 -11.7841644799019 -3.25748407897771 0.00690212418792284 3.19685360835464 11.6994105842771
"etap[188]" 0.0231094767145126 6.01483467727979 0.0283542025868036 0.0409141779022117 -11.8765179053349 -3.20871105009416 0.0301406170246249 3.25799676385218 11.6819567479645
"etap[189]" -0.0154954714803226 5.89259207990025 0.0277779454564241 0.0415420146908679 -11.8697568039209 -3.16260661376074 0.0249766517853408 3.17634984239754 11.6046390638299
"etap[190]" 0.0112182922463854 5.88607560561739 0.0277472265020585 0.0416644702938637 -11.4895403284807 -3.20743366795719 0.0131586272239627 3.19436434438196 11.5881200532929
"etap[191]" 0.0405628386832397 5.89018909610556 0.027766617682182 0.0416248030423505 -11.5975896317969 -3.21175280383281 0.0311660458516668 3.22301450491864 11.8202257675774
"etap[192]" 0.102005763448913 6.08199803660686 0.0286708136989865 0.0488043664785614 -11.7306600284685 -3.15364905576802 0.0477569517787872 3.26705008167442 12.0230811671697
"etap[193]" 0.0125132054002227 5.93691649595954 0.0279868927575418 0.0439821152927945 -11.730279996026 -3.16069174036449 0.00227111976999486 3.21423317133766 11.6615883665557
"etap[194]" 0.0215768826073032 5.96065570133951 0.0280988004449028 0.0422666780625536 -12.1141457387034 -3.12971673635762 0.0440285572718804 3.2082376508847 11.8577295956634
"etap[195]" -0.142429680073933 6.01179344655498 0.0283398660876792 0.0634510041910618 -12.1100875649263 -3.20045140000223 -0.0363791707776228 3.11863266891781 11.17983345187
"etap[196]" -0.00542921825802093 6.02729014167949 0.0284129182090693 0.042161252760956 -11.9121596202409 -3.23234776650842 -0.0102602543605508 3.17824807232735 11.8446341353225
"etap[197]" 0.0325868944176957 5.88756356915952 0.0277542408294638 0.044217237791961 -11.5398806018684 -3.1585262440616 0.0426710925643944 3.23341487923755 11.5722672853623
"etap[198]" -0.0093397375284013 5.87267993518628 0.027684078706056 0.0401737297290058 -11.6213680511962 -3.18628796739077 0.0129886551115631 3.1815198954137 11.6008645839196
"etap[199]" 0.0005648997267991 5.87885591462172 0.0277131925523177 0.0419901290779081 -11.537276275673 -3.24486133064695 -0.0274211475597032 3.18595904652189 11.6375125795784
"etap[200]" -0.0220408184233248 5.87008199349592 0.0276718318914801 0.0405126170035236 -11.667888925782 -3.24808168743042 -0.0699143808906228 3.18482794192427 11.9398716280666
"etap[201]" 0.0351631129378717 5.93873236269466 0.0279954528354227 0.0489030161745898 -11.454799292693 -3.20210527955501 0.00533698229114699 3.16324583756318 11.8105702581799
"etap[202]" -0.00476721292884055 5.91369533686609 0.0278774271637952 0.0463936426910388 -11.9232708830807 -3.18796255938689 0.0333171275311487 3.26474416054717 11.8363838588876
"etap[203]" 0.0773982609113441 5.82680992488758 0.0274678454038205 0.0381047038649866 -11.6460018367116 -3.04921724849149 0.0816398777850719 3.24856262132526 11.7420893318092
"etap[204]" 0.0410426514179649 5.87858639259968 0.0277119220133213 0.0433922030678133 -11.4280935455972 -3.20412087999894 0.0213009206986254 3.21641234338479 11.8225856908146
"etap[205]" -0.0360521577288453 5.94901282314777 0.0280439153907568 0.0456430386163479 -11.9899849626446 -3.21904408381933 -0.044938959901031 3.17500034794477 11.6256184595602
"etap[206]" -0.0491158052227853 5.98239380222558 0.0282012748352139 0.0452965072751989 -11.9618289052254 -3.23099049730365 -0.0174182619083272 3.20372813602776 11.5486893252304
"etap[207]" -0.109058795758405 5.93969881324137 0.0280000087269911 0.0442513530361531 -11.8664107365386 -3.26070726457945 -0.0683177731173847 3.0681508903151 11.4963905898298
"etap[208]" -0.0684435796808279 5.95626654735756 0.0280781097746074 0.0423194788099934 -11.6907381756781 -3.23278726679795 -0.055745100576647 3.10417370348856 11.3969388993296
"etap[209]" 0.0603305506472431 5.86697370951043 0.0276571793002534 0.0416579373512626 -11.5740369004813 -3.13271875694113 0.0407821874303528 3.17130784115587 11.8995679271892
"etap[210]" 0.00232002849213757 5.97506513711055 0.028166727176548 0.0476452177659042 -11.7225692596545 -3.19777203765223 0.0104215774939703 3.17895671501157 11.8297277165118
"etap[211]" -0.0306296945953551 5.95176079024228 0.0280568694318702 0.0494836719676307 -11.68839827401 -3.25178528578046 -0.0364606756858165 3.2102137952307 11.7181588992567
"etap[212]" -0.0952130681889694 5.98068426772872 0.0281932160123112 0.0475512642552468 -11.8842780598182 -3.26657294163538 -0.0434529202113452 3.14636525706329 11.5858861815514
"etap[213]" -0.0173260386434352 5.89344186858808 0.0277819513987156 0.0422070879833262 -11.7541179961067 -3.18133012048058 0.00599412954525588 3.21752408979676 11.7138909787037
"etap[214]" 0.0341369804777299 5.99580042709686 0.0282644742709426 0.0479502570231914 -11.5904299121148 -3.21423254952331 0.0342841569226234 3.2503686401244 11.9189984263702
"etap[215]" 0.0166176331789831 5.90650078897438 0.0278435117397832 0.0446068844154821 -11.8087515851227 -3.13665014796346 0.0298275749120975 3.2191123437212 11.5961260889136
"etap[216]" -0.0466201884363108 5.84842621009256 0.0275697455495039 0.0383754522008673 -12.0102167383273 -3.22923951570692 0.00626244299789062 3.17844313012222 11.4905043582807
"etap[217]" 0.015252914713071 5.90385252495557 0.027831027703476 0.0409578348336305 -11.5439910646149 -3.19390592742452 0.0166127377127586 3.1932558150018 11.7746987050983
"etap[218]" -0.0266611401280101 5.80300766443849 0.0273556404720131 0.0369708566427732 -11.6320822991156 -3.19402198061884 -0.0162131926663972 3.16618083349603 11.5878629146048
"etap[219]" 0.00771155116447728 5.92154153327316 0.0279144144883683 0.0421590390668472 -11.7744161394802 -3.16673248539909 0.0118434707604052 3.20505910089203 11.7938615188512
"etap[220]" -0.0320565271102919 6.04781261224181 0.0285096620630781 0.0428242318203897 -11.8747921971519 -3.23218643905524 -0.0178813101563344 3.18098333358815 11.8588702276313
"etap[221]" -0.0273151281205372 6.02903230773324 0.0284211308586063 0.0453633196035139 -11.9111551395287 -3.16912159157278 0.0476526310045838 3.19326366709905 11.7626614575828
"etap[222]" -0.0105877284686971 6.00938723547642 0.028328523099875 0.0434739387968077 -11.8979699707342 -3.24635042713976 0.0092754742989898 3.19924518474723 11.7808635946826
"etap[223]" 0.0332277325839568 6.01604255738667 0.0283598965882332 0.0507090267283848 -11.7876365563481 -3.23269403806148 0.0208010556513663 3.23838797508016 11.9483839282604
"etap[224]" -0.0142503445789645 5.84103577135483 0.027534906687188 0.0439301008508626 -11.8005957073759 -3.20198780404924 0.0162054406432982 3.22913133906126 11.5237441696794
"etap[225]" -0.00366342764746368 6.10757913029268 0.0287914041310893 0.0514341298078901 -12.0696809296669 -3.19433462890878 -0.00797754984660988 3.18448822064268 11.8208389990958
"etap[226]" -0.134802748550858 6.01608437437444 0.028360093715404 0.0486342635574242 -12.173766013599 -3.28486658083306 -0.0678711999124471 3.11872043992378 11.3948277081545
"etap[227]" -0.00594502178167598 5.93999156861781 0.0280013887890705 0.0464273006761887 -11.7607315058463 -3.23064902312755 -0.00833197632867233 3.23296528935213 11.6848264615201
"etap[228]" -0.0589375034134749 5.94804420903029 0.028039349300018 0.0432645373165392 -12.0206754309798 -3.27482033615582 -0.0300173540262647 3.18766784829655 11.6365177047956
"etap[229]" 0.00632776761754409 5.87784786532523 0.0277084405623623 0.0419757609516458 -11.7995770764458 -3.16902951899548 -0.00328713667552582 3.17333749984921 11.7121934794487
"etap[230]" 0.00858375361555942 5.96966846309271 0.0281412870112555 0.0421856471211296 -11.7882131978479 -3.17944359203302 0.000604356168520891 3.24822677684721 11.9523594391294
"etap[231]" -0.0233043618920991 5.9047110867992 0.0278350750028207 0.0413556190735054 -11.641739207774 -3.17112436769869 -0.00671751303895133 3.15711223563602 11.6092645853024
"etap[232]" -0.124133196001534 5.88158212463812 0.0277260440295813 0.0417377828407541 -11.8875843780417 -3.27079194327049 -0.0586558333075376 3.08896846230548 11.4209563687097
"etap[233]" 0.0428469066029371 5.95448205572494 0.0280696976003781 0.0458640641529178 -11.5912092837369 -3.22448771757397 0.0322887281895119 3.27543297053467 11.9481394614513
"etap[234]" 0.0239480906399323 5.92115362562305 0.0279125858741692 0.0533767275822525 -11.6774726919102 -3.23134583246608 -0.0200415900851698 3.19223466163038 12.0067053106456
"etap[235]" 0.0422085784363097 6.04715099390929 0.0285065431643482 0.0589072979906056 -11.6803018394419 -3.19212777562461 -0.0180785400738635 3.20457198208374 11.9484261264822
"etap[236]" 0.0679213375081048 6.01541751871969 0.0283569501277003 0.0500479705931518 -11.7283861112121 -3.20540064492461 0.0565071376555019 3.22623785585811 11.878632092127
"etap[237]" 0.0110643161822746 5.89664765819176 0.0277970636358345 0.0404543290560062 -11.4558852858656 -3.21047057603775 0.0183733516511523 3.19916647108399 11.5648544159012
"etap[238]" 0.0567449498483201 5.92061103516404 0.027910028078216 0.0498991023200127 -11.597651324901 -3.19995627412324 0.0173654107177504 3.25726204445645 11.8727362455515
"etap[239]" -0.115167423452677 6.07897014480446 0.0286565400801453 0.0575786189320051 -11.95722353617 -3.27960162616221 -0.0515800699355625 3.11996460266334 11.5639093990242
"etap[240]" 0.033471240311301 5.89731319421947 0.0278002010027566 0.0437567018348455 -11.6160850023272 -3.18405187023427 0.00998629978971524 3.20179870287677 11.8202933636541
"etap[241]" 0.0446949032250552 6.12097425447249 0.0288545493520385 0.0571511611967255 -11.5897549865497 -3.19657526755145 0.050333330212716 3.21621251874598 12.1074032859411
"etap[242]" -0.00142294487398692 5.98055739846146 0.0281926179448499 0.0455262800545251 -11.9431585163791 -3.18273860368354 -0.00664811753124081 3.16204445722409 11.8124610632672
"etap[243]" -0.0342742066505585 5.92945111935233 0.0279517006347213 0.0431304245185675 -11.8035873372905 -3.22739628267753 -0.0400459024464131 3.18444216173155 11.6387633544938
"etap[244]" 0.0699869055626518 5.96093794642574 0.028100130960999 0.0446100273493926 -11.5899787376891 -3.19399621977337 0.0215495861636087 3.22707203525216 11.8695395715702
"etap[245]" 0.0421733148672915 5.95401590008882 0.0280675001216356 0.0476852539940035 -11.6411129180051 -3.16708056622695 0.0400516014304562 3.23917199075399 11.8451483053937
"etap[246]" -0.0669971612585437 5.86151720371551 0.027631457085259 0.0433776789021428 -11.7106741574768 -3.18863489381847 -0.0251996288762749 3.12412465403879 11.5157444765677
"etap[247]" 0.069159471657463 5.83057307463603 0.0274855850618589 0.0379221696879732 -11.3977888512324 -3.11880513117553 0.0311805953972136 3.17070322450179 11.7072044992939
"etap[248]" -0.0780088489796698 6.02829987054278 0.0284176781165786 0.0439005247297425 -12.2110109140078 -3.25991866139253 -0.0620545533084878 3.16164883708938 11.8025472373471
"etap[249]" 0.00627893940530033 5.99512808885921 0.0282613048380953 0.0409232149111937 -11.7122827534096 -3.18905591166349 -0.0295691070782975 3.16150700967053 11.866329989402
"etap[250]" 0.029647757243611 5.89802272140754 0.0278035457459974 0.0452670290815356 -11.5064249445111 -3.18569578490682 0.00140079478983305 3.15229756381031 11.7217786872044
"etap[251]" -0.039883783393489 6.04521101092633 0.028497397996864 0.0537172032590726 -11.7622504307824 -3.24883575331049 -0.0158442469141521 3.16835991439747 11.5170030514767
"etap[252]" 0.062145646100924 5.97469040825219 0.028164960687769 0.043070287834303 -11.4088994585719 -3.19081666325058 0.00938351270953029 3.21719869983513 12.0915015213863
"etap[253]" -0.0606810620645216 6.04793548304797 0.0285102412816131 0.0609608731586413 -12.1652756325878 -3.2864138412093 -0.0376300528502106 3.19122218547587 11.6564807017623
"etap[254]" 0.00109665399489272 5.93268486246031 0.0279669446459231 0.0427190571760871 -11.8028307792323 -3.2245551069 -0.0157907402762385 3.18229996635819 11.8860112804207
"etap[255]" -0.0326537349194218 5.84862968846035 0.0275707047557285 0.0421198692256394 -11.5885900484706 -3.21623403635162 -0.0452494593550229 3.19766311441517 11.3909919372342
"etap[256]" 0.0282716205370215 5.90700111570851 0.0278458703026266 0.0422213231442495 -11.672759986806 -3.16012714107296 0.00901120932522203 3.20260616079274 11.7114071467403
"etap[257]" -0.000885115181378406 5.89589339698045 0.0277935080143858 0.0436579863686602 -11.6926384920317 -3.17502131226169 -0.00307515329489399 3.17404031859497 11.6459007684952
"etap[258]" -0.0424453637321954 5.91436457651583 0.027880581989759 0.0384444309704834 -11.9864004112552 -3.2661083263564 0.00590844511034922 3.19711737275011 11.8194420408654
"etap[259]" -0.149151697144646 5.89635277434998 0.0277956735400732 0.0506564203943538 -11.9770277706673 -3.27465024502342 -0.0944652635715328 3.09350679725979 11.4870931118908
"etap[260]" -0.0255691905073322 6.01926518558094 0.0283750882032292 0.052560263081873 -11.8711062892916 -3.29053544318025 -0.0431996572582627 3.19020592592031 11.7007101006727
"etap[261]" 0.0472750913285038 5.83380331009515 0.0275008125378454 0.0456337801807868 -11.3662278860371 -3.18752155399974 0.0600179033782853 3.2326920957272 11.6078665782038
"etap[262]" 0.0196678067753336 5.959659111487 0.0280941024752843 0.0477398657163938 -11.7988336662721 -3.13870944140401 0.0481491223940211 3.23399593004696 11.7167366130073
"etap[263]" 0.0530596787342504 5.90533744685451 0.0278380276924379 0.0445771122885594 -11.5865652029831 -3.1347437624279 0.0682990962639729 3.26907583568038 11.7652678809713
"etap[264]" -0.0302027123747744 5.88701472075227 0.0277516535332597 0.0446268296692549 -11.8389555184198 -3.20970745427722 -0.000499097430487709 3.23225971855128 11.5311154932714
"etap[265]" 0.0867538845773119 6.15711601070898 0.0290249232248306 0.0484167100243217 -11.5924709337422 -3.18082676143864 -0.000124021019976388 3.2622428546886 11.9632139947474
"etap[266]" 0.0359715776438179 5.94714434250626 0.0280351072885426 0.047094425338936 -11.5457197161945 -3.1847036833495 0.0184097088076896 3.19012853944659 11.7184995661936
"etap[267]" -0.0528749223005149 5.99232317713508 0.0282480823574235 0.0489388475914688 -11.7609997517984 -3.26399365138287 -0.0278028641617414 3.14881189350141 11.6030151661495
"etap[268]" -0.0250857020086029 5.90478548210952 0.0278354257056768 0.0430647981871989 -11.5908407156783 -3.20181508954037 -0.0439822867938157 3.14754396225509 11.5551060401755
"etap[269]" 0.0150194819986128 5.85547312682243 0.0276029650335449 0.0440138094673452 -11.4036868134858 -3.16461892401458 -0.0127387453100374 3.16729853636953 11.780660478936
"etap[270]" -0.0255180425205086 5.95397368570322 0.0280673011211134 0.0527346647010352 -11.9972543334429 -3.18776842643172 -0.00855751145577853 3.21498481491312 11.7758983278377
"etap[271]" 0.0822541483030527 6.05055846202235 0.0285226061230777 0.0646356794343173 -11.544525158586 -3.12933253638896 0.0462768410487767 3.24005566594445 11.8777079858901
"etap[272]" -0.012603372253857 5.92820137391783 0.0279458092782447 0.0379887383689632 -11.6274536004344 -3.20968753805144 -0.0378103275554839 3.14775255457577 11.86693304956
"etap[273]" -0.0359460315373866 6.00756505885574 0.0283199332769084 0.0414851792749963 -12.0118933572176 -3.22512141907145 -0.0241823296053293 3.16856462812364 11.8610842414138
"etap[274]" 0.0406623110907976 6.0139143990408 0.0283498643535811 0.0422328791643024 -11.7498118207291 -3.18153004971878 0.0569305520413945 3.24975243425268 11.9509006432468
"etap[275]" -0.0165814998959539 5.92536096359126 0.0279324194555562 0.0468578161494118 -11.7041107282487 -3.1953514673957 0.0227781183885653 3.20078441533897 11.6498620900831
"mean.p0" -0.648487423394987 0.232354884277859 0.0010953314287646 0.00529113935044741 -1.11597294341066 -0.798774289389824 -0.643577687769329 -0.494278606989281 -0.199682905429032
"mumup0" 0.93532889263732 0.0421931757055234 0.00019890053774114 0.000707172760025737 0.83479855438153 0.913659578770981 0.943507150331446 0.965729509099667 0.990933471764053
"mupsi" 9.29591916437721 1.36854246400899 0.00645137104428337 0.00886035244379583 6.73066267150519 8.35235476489804 9.25306408743799 10.1928173581189 12.0921235812001
"ppo[1]" 0.311096698099029 0.0874468014602974 0.000412228175371 0.00187410454645218 0.123844342968953 0.25971365054213 0.316583942959303 0.36715465149315 0.476354721608866
"ppo[2]" 0.310924740877188 0.0878490817737663 0.000414124542954945 0.00172379627643965 0.122479344819042 0.258347434064066 0.316455491502189 0.367786509570629 0.476017498437005
"ppo[3]" 0.363949361601795 0.0902357677093961 0.000425375488352587 0.00131279271940515 0.199658149489146 0.305927712792937 0.356899048706387 0.411574597372379 0.573891412600285
"ppo[4]" 0.42292495425529 0.113619585646437 0.000535607863241342 0.00286391935813021 0.260468232317937 0.343176553491495 0.398569722077697 0.482817882084325 0.702936448164307
"ppo[5]" 0.33688871534044 0.0850517030539814 0.000400937573206232 0.00129656830150495 0.166381397194871 0.284279839357279 0.336370890700845 0.387947831276454 0.513257587143305
"ppo[6]" 0.365901700068352 0.0896179931487996 0.000422463271145638 0.00136219505416643 0.206824505579326 0.308438530829149 0.357565261588715 0.413201007140935 0.577195243191717
"ppo[7]" 0.392575639659244 0.0994703945838214 0.000468907936916812 0.00183837116785309 0.235683196694091 0.325666342161038 0.376010854413321 0.443015388767122 0.636969704456592
"ppo[8]" 0.336701278486099 0.085876950271063 0.000404827825895257 0.00127095098965719 0.162339108524918 0.285208959147714 0.336788089188561 0.387725388927193 0.515695703499578
"ppo[9]" 0.365031575463666 0.0901598254395031 0.00042501749305912 0.00133797721406224 0.202152299341561 0.307440550300717 0.357094175435598 0.413063038259688 0.574314577474016
"ppo[10]" 0.336959364378806 0.0860914709577619 0.000405839086110388 0.00130428113595376 0.161757928461859 0.285212853445142 0.336574032103015 0.387573654072535 0.517701678558093
"ppo[11]" 0.310924197396091 0.0869007796938393 0.000409654204079413 0.00171771761394308 0.122298414676409 0.2595204967106 0.316711251421281 0.366737723933226 0.473739510841769
"ppo[12]" 0.392280248483041 0.0979830351648283 0.000461896457375267 0.00181488092132472 0.236860593815678 0.325794113832541 0.376456480220653 0.443215770289849 0.631170220285919
"ppo[13]" 0.336265308683619 0.0848966860165579 0.000400206815883822 0.00131077949851323 0.164732980877969 0.284374945590005 0.336124220075284 0.387534231074979 0.512718111241752
"ppo[14]" 0.336921257045925 0.0853020260564577 0.000402117607156485 0.00126799553895329 0.166667159080911 0.284947843969249 0.336353720928625 0.387065438062818 0.518736198144116
"ppo[15]" 0.363757156731827 0.0892076908467 0.000420529087544631 0.00123777396180578 0.201354811692267 0.306149117918451 0.35640621160815 0.412194581081758 0.569914166483833
"ppo[16]" 0.31093533735495 0.0870726594574025 0.000410464453055175 0.00167689593595795 0.124247391071658 0.258676250327513 0.316472939245193 0.366940505994964 0.475577896987326
"psi0" 0.999783482990744 0.000389152527323785 0.00000183448260657688 0.00000259191130469357 0.99880768168027 0.999764215092538 0.999904191571312 0.999962563140681 0.999994396556168
"sdeps" 0.380226075438431 0.278184334603525 0.00131137352945347 0.0106179681694084 0.019903946618021 0.160930896906067 0.329935982608443 0.541588286075768 1.03711447618203
