"Mean" "SD" "Naive SE" "Time-series SE" "2.5%" "25%" "50%" "75%" "97.5%"
"N" 10.8181777777778 1.1631153894719 0.00548297852798677 0.0235102444178621 10 10 10 11 14
"betapsi[1]" 0.301353292492342 2.47640239786198 0.0116738728564989 0.0208079164931602 -4.46623096362909 -0.964660312218152 0.0653237832805314 1.37992508000501 6.15109441106245
"betapsi[2]" 0.317651808425279 2.48334806112854 0.0117066150271364 0.0188841974386956 -4.43452131507167 -0.955700555891228 0.0632480865289473 1.37293253715243 6.28537497780631
"betapsi[3]" 0.278134610589384 2.47316106189791 0.0116585930522302 0.0194925583062681 -4.46415570821422 -0.993150636332325 0.0494885206645598 1.36220282080379 6.14711127059882
"betapsi[4]" -0.816602164581952 3.19214039075722 0.015047894112026 0.0486940820822054 -8.22233627333528 -2.24635885728587 -0.229110339297514 0.77352726792586 5.21160928104181
"betapsi[5]" 0.289210978010307 2.47769717777342 0.0116799765075357 0.0202951482871005 -4.45186063654879 -0.989788759479485 0.0516017629816887 1.36376881294154 6.19638065833822
"betapsi[6]" 0.295281230597197 2.46335416006727 0.0116123628736511 0.018752462508788 -4.3986536285413 -0.96399272762152 0.0580387926729072 1.36564300834432 6.16199127969454
"betapsi[7]" 0.276687948217962 2.48082085492628 0.0116947016628492 0.0184721908763735 -4.46583953588019 -1.00492564515686 0.0523983953115375 1.35006410431357 6.19367242458709
"betapsi[8]" 0.307041887673018 2.49029171576278 0.0117393477289903 0.0203250162094863 -4.42942496681162 -0.964371032235141 0.0619734623966519 1.36739279655268 6.22761514843915
"betapsi[9]" 0.308660782074073 2.47820356855467 0.0116823636565714 0.0198148878160057 -4.44401251709688 -0.966874353308008 0.0591929029170674 1.38225337254878 6.20007931494631
"betapsi[10]" 0.310358337052218 2.48443621503576 0.0117117446338482 0.0204053178157799 -4.45438771740122 -0.983733266979661 0.0590436900997979 1.39033195676868 6.17460129364003
"betapsi[11]" 0.284750583529762 2.46678579399224 0.0116285397511104 0.0194901587461162 -4.44588050933708 -0.983209148892002 0.0551016730419443 1.35963090477011 6.17765800405122
"betapsi[12]" 0.280360620371896 2.45426095152785 0.0115694970775113 0.0185376702091798 -4.4334700842374 -0.988355836023263 0.0530032654396174 1.36599081399062 6.10240568399367
"betapsi[13]" -0.823563410050487 3.21430320597332 0.0151523706248893 0.050880869973825 -8.41738072284493 -2.22072249427276 -0.223472731926046 0.778133704922999 5.24614806992617
"betapsi[14]" 0.302877458238855 2.49638721365782 0.0117680821816322 0.0197706406888144 -4.43394133801996 -0.989114321098238 0.0642810068864745 1.3781749566405 6.25624705830271
"betapsi[15]" -0.824559155532449 3.19998999771207 0.0150848975140755 0.047399298069505 -8.3469137263811 -2.24503704869157 -0.230406580483957 0.783346110428855 5.2552519013247
"betapsi[16]" 0.291154627882328 2.45650172040338 0.011580060163291 0.018478226704897 -4.42593202787773 -0.982433781591905 0.053074677898639 1.37192466310671 6.13540144752009
"etap[1]" 1.42173248781251 6.89711108834198 0.0325132934744236 0.520847220995083 -11.7055798903846 -2.79603921419752 1.37943652605342 5.1436416613148 16.3519356134703
"etap[2]" 1.41739747168012 6.7940261487541 0.0320273464089517 0.488561374258595 -11.5596041970693 -2.75666382838215 1.37445963312504 5.13003238292288 16.0566825115817
"etap[3]" 0.195104095206901 3.45981162854231 0.0163097084278023 0.0501566812812238 -6.86223178636711 -1.58371793160274 0.16478273548689 1.93699481191464 7.42300271373203
"etap[4]" 1.39111699874106 6.71916986949562 0.0316744705244312 0.510006919163255 -11.2136563855343 -2.79869270145698 1.30291427301791 5.1290123361122 15.8354953195777
"etap[5]" 1.43975530204769 6.8596796156955 0.0323368398201694 0.478779835032985 -11.3072767524318 -2.76527455958194 1.37337751311576 5.12335480408157 16.0709524167958
"etap[6]" -0.924665441959206 5.12358379908897 0.0241528056554223 0.280754341678424 -11.6575096308412 -3.68797161809458 -0.872711950083611 2.15413974322759 8.7308576839703
"etap[7]" 1.37230371930385 6.84002975088825 0.0322442094691388 0.523979994416485 -11.5712045494384 -2.84791658675808 1.30701905599838 5.09511830508658 16.2035830290137
"etap[8]" 0.206377524001394 3.47416214864509 0.0163773574283238 0.0490452175648649 -6.83264214921706 -1.5938525884428 0.169968301689444 1.94391386108069 7.43262497203646
"etap[9]" -0.847228253765097 4.98446527535036 0.0234969946452607 0.278551100456293 -11.3952607531227 -3.5836516734271 -0.850963168948224 2.19357755655814 8.73642223141879
"etap[10]" -0.855314090440473 5.09132154066798 0.0240007199107165 0.27647367714777 -11.7727696120942 -3.60204260097617 -0.837167285977727 2.2184073941386 8.91810334618089
"etap[11]" -1.16264115129635 7.84844743044068 0.0369979359990049 0.275805731428892 -17.603415878127 -5.73709855757249 -1.16269888585767 3.94318986916748 13.5689399768742
"etap[12]" -0.538048187073868 6.91881685978745 0.0326156154622901 0.112178860250987 -15.0710013313523 -4.43572111959836 -0.458757224301826 3.58087060077262 12.9787549314195
"etap[13]" -0.173383268297844 6.62544107013575 0.0312326287269656 0.0665928516774349 -13.6810072042287 -3.84031609858472 -0.145622345390281 3.48174330362617 13.1091131981167
"etap[14]" -0.0495301412019141 6.42617578251664 0.0302932831527619 0.0513226553305569 -13.1114948331937 -3.57198558091072 -0.0798911927605995 3.44649220271869 13.3038243136711
"etap[15]" -0.00811091426065441 6.38617096838317 0.0301046986504027 0.0443007735342381 -12.8718743033522 -3.50873742936856 -0.0581789882318028 3.44028980076486 13.2769162039733
"etap[16]" -0.00558672675052244 6.40328269786834 0.0301853641167813 0.043534249127874 -13.1616328829065 -3.46707525650599 -0.0238315219300328 3.43146006138134 13.0060157891784
"etap[17]" 0.0375462697430182 6.39056758399607 0.0301254244951637 0.0445214126028685 -12.8225032462585 -3.47909805777284 -0.0125989765429923 3.50231006045188 13.2706114539259
"etap[18]" -0.00536118333898698 6.46809277431153 0.0304908817470626 0.0476938900701227 -13.3344710889836 -3.4552846680721 0.0518366556074067 3.533022331491 12.8520561035318
"etap[19]" 0.0478103516603335 6.42752290581891 0.0302996335529094 0.0434943734035464 -13.0391928241228 -3.35361430810599 0.0434711480494949 3.44458144117984 13.1905007758622
"etap[20]" -0.00212438064137663 6.3385877290239 0.0298803891089243 0.0448873507670389 -12.8942724614999 -3.46568504791736 0.00145786049923868 3.45471238201172 12.9137083771474
"etap[21]" 0.023923348758883 6.32868057947499 0.0298336863580692 0.0436757792732945 -12.9748856065632 -3.42479901176633 0.00519678307023626 3.51035132007745 12.8090096723597
"etap[22]" -0.00486955372952223 6.36773552500191 0.0300177931368755 0.0508744753726874 -12.9109691743325 -3.47637744704716 -0.0230219006051151 3.46550365656027 13.1486516047815
"etap[23]" -0.0359788255093206 6.44496362513117 0.0303818498922059 0.045870051873151 -13.258569267988 -3.46792311786414 0.00305977902060446 3.41109432531579 13.0035666089129
"etap[24]" -0.0159487921389607 6.40558106184463 0.0301961987084698 0.0429304196212392 -13.1278446639824 -3.49044267992916 -0.0198153903734685 3.47455148494812 13.0902260569898
"etap[25]" 0.0784532938316426 6.44485078564933 0.0303813179617873 0.0467727305451043 -12.725067905841 -3.43301328555293 0.009853518114751 3.52836247071467 13.5513850697244
"etap[26]" 0.0436029121268421 6.33395669495785 0.0298585582049775 0.0427746850872866 -12.9274466140321 -3.43320069519447 0.0168845676372458 3.48843692865395 13.0540709289407
"etap[27]" 0.0574771934372 6.36975250197218 0.0300273012574967 0.0482837760800982 -12.8695226900789 -3.39400860484857 0.0557595022261717 3.48001612893818 12.8684489430481
"etap[28]" 0.048848357179918 6.36635210804433 0.0300112716467961 0.0477129367942159 -12.8376139843331 -3.38138525615011 -0.00718000999882776 3.47694887883853 12.9586095442694
"etap[29]" -0.0356734631973158 6.30419681127181 0.0297182687678994 0.0433623453013337 -12.844336013803 -3.41480693943586 -0.00565821554603481 3.39413870201818 12.8021722508155
"etap[30]" 0.0193407802835944 6.29199235944725 0.0296607364302606 0.0403704616864114 -12.8341239839183 -3.44614197091025 0.00166962703881408 3.43114971948571 12.9028713659264
"etap[31]" -0.0112050498501696 6.46880327083001 0.0304942310597708 0.0436668184626163 -13.1132465369436 -3.51995437071075 0.0137298173307522 3.45330085238183 12.9434627863935
"etap[32]" 0.0222847265147686 6.34292797944719 0.0299008492456333 0.0430535150851508 -13.0839747295789 -3.34152845695341 0.0282013361803933 3.40069782485666 12.9208949313919
"etap[33]" -0.00543020761692589 6.38654333004329 0.0301064539801022 0.0467551067045777 -12.8509654842287 -3.4058063344663 0.0086825137942054 3.42054972596925 12.8484545076381
"etap[34]" 0.0207965695104032 6.35645097679668 0.0299645972664852 0.0421760937777322 -12.8666440120559 -3.46090763249016 -0.0021523044927295 3.50481528089866 13.0482156506814
"etap[35]" 0.0100564178129197 6.35363705306453 0.0299513323028003 0.045099929141382 -12.8288108082014 -3.43754320675761 0.00958979040779426 3.44854295448047 13.096770097238
"etap[36]" 0.0659591241508056 6.36431699085525 0.0300016780123634 0.0450512193699036 -12.7651108459633 -3.35038189099092 0.0457061268028796 3.43875903893469 13.0264015890583
"etap[37]" -0.0459325457411799 6.34057944934549 0.0298897781685617 0.0457102016081076 -13.1330845119738 -3.43799653125443 -0.00837398611909049 3.46844991898639 12.5671421490699
"etap[38]" -0.00913713040392207 6.28997496819301 0.0296512263566861 0.045310020617592 -12.9569371963857 -3.44724473515443 0.0267497943970809 3.45128776235045 12.7001494298861
"etap[39]" 0.0431158832876638 6.36045291747804 0.0299834625957766 0.0437088063164748 -12.7788550501118 -3.40055338243651 0.0348142735912446 3.44632079677172 13.1777662285048
"etap[40]" -0.0209833714869373 6.31884520752033 0.0297873219700383 0.0445445234234729 -12.8620660828311 -3.51110026296359 -0.0189087658945712 3.42018769312138 13.0203669619582
"etap[41]" -0.0526654986664238 6.35724217255382 0.0299683269990527 0.0447278717626135 -13.0841766278909 -3.52978246940308 -0.0162878578383622 3.48259364276227 12.7990566933272
"etap[42]" -0.00731032056307218 6.36331113946821 0.0299969363834524 0.0440883809045774 -12.8399377075403 -3.47547978287244 -0.00124989940463404 3.41972445610155 13.1151109612181
"etap[43]" 0.11560591415232 6.42368640991911 0.0302815481377978 0.0498708202108329 -12.7158922734591 -3.3713125107419 0.0277858750951685 3.46387404132609 13.6099194911264
"etap[44]" 0.0601089367184111 6.35796718357154 0.0299717447337665 0.0444548661039846 -12.6898522903296 -3.41985868530015 -0.00506103955071103 3.47143971370724 13.2689573056821
"etap[45]" 0.0237070440964023 6.39611988585681 0.0301515982971432 0.0441194503739245 -12.9730912269605 -3.40414221276618 -0.0112839265960437 3.39522840837653 13.328808753022
"etap[46]" 0.0651546434866103 6.37383798715204 0.0300465604193308 0.046422898078431 -12.8971829580275 -3.35916334622142 0.025683556872179 3.45867297010287 13.221593631863
"etap[47]" -0.000890187723532538 6.3379677266202 0.0298774663895642 0.0455759604901393 -13.0799218768371 -3.47005483854346 0.0242079905010804 3.47161220269627 12.909765338758
"etap[48]" -0.0045055097101177 6.31282815425873 0.0297589573089447 0.0396164285532216 -12.9074989719149 -3.43118303469676 -0.0318359322383851 3.43776582472814 13.0315011545231
"etap[49]" 0.00214242984916343 6.41999177371384 0.0302641314556994 0.045827152747293 -13.072538253466 -3.46841150866781 0.00340726299540386 3.49064548395666 13.1636328095012
"etap[50]" 0.0158344835040786 6.39000097988673 0.0301227534977773 0.041949177190279 -13.2352694183253 -3.46375619982989 0.0525919177886332 3.49106021581126 13.1032310484746
"etap[51]" 0.0314855317345026 6.38108840117033 0.0300807391987891 0.0457283642503564 -13.0031432780161 -3.46265546402927 0.0166196705290056 3.50222802182963 13.0429809575267
"etap[52]" 0.0196364706189176 6.46403475887492 0.03047175207884 0.049035921406448 -12.9749601135469 -3.43364255626962 -0.0393586947343324 3.42109889935303 13.1356081889473
"etap[53]" 0.0451551929376045 6.3697455687824 0.0300272685741266 0.043053811149239 -13.066333865878 -3.37966053035695 0.0594125493192084 3.50676419129186 12.9350912335637
"etap[54]" -0.0212935277102804 6.33256692467652 0.0298520067650427 0.0476715711040161 -13.0491326092641 -3.47825389002452 -0.00528286951797828 3.44751437758831 12.7626444998856
"etap[55]" -0.0443879887942545 6.40987268661326 0.0302164296216445 0.045077527318108 -13.314378862643 -3.50928566161568 -0.0251531172656099 3.48770796858665 13.0175013873582
"etap[56]" 0.0491273091451457 6.43586462977649 0.0303389568167574 0.0514454236709252 -13.0824934333984 -3.42133974191639 0.0500732656901679 3.50492957032933 13.2435320915415
"etap[57]" 0.0482536750337219 6.39451998372394 0.0301440562861606 0.0427030454771259 -12.9464689026227 -3.430058392649 0.0119105765323919 3.45259320901552 13.1583634371804
"etap[58]" 0.0220055142977952 6.51697067634378 0.0307212943869105 0.0459333300410203 -13.1422686548878 -3.49381835480943 0.0363567620186215 3.45815370557683 13.4182374470639
"etap[59]" -0.0184521288696872 6.52527559424544 0.0307604441453468 0.0513334420526585 -13.0824080930444 -3.46306584459972 -0.00483110458021094 3.39814014592166 13.0029008184404
"etap[60]" -0.0714095571035954 6.36172342184341 0.0299894518107918 0.0420992044692667 -13.0363377372815 -3.51233235460362 -0.0312769896068776 3.38561656742972 12.9611281677442
"etap[61]" -0.0195289372171857 6.431151062491 0.030316736847483 0.0450568988040376 -13.1893362529772 -3.49271376580964 0.0197688383909112 3.4378404529348 13.2730736627346
"etap[62]" 0.0396281055580612 6.36746628315233 0.0300165239186248 0.0465240470229008 -13.0262377420782 -3.42766073132788 0.0247738598354915 3.50784911326652 12.9826048662847
"etap[63]" 0.0119321229000237 6.36710424525016 0.0300148172555869 0.046598384220622 -12.8775960913075 -3.43347923576177 0.0190347729355707 3.54010099382308 12.8082257370548
"etap[64]" -0.00915489962869191 6.40180631838288 0.0301784043971428 0.0452384171556594 -12.7941822875975 -3.49356253264752 -0.0715714863561867 3.40197196160138 13.1470773215206
"etap[65]" 0.000219817924863958 6.36385761446782 0.0299995124913056 0.0493519931005302 -12.8704674031085 -3.44846993393273 -0.0179589043945517 3.47124507629409 12.905458332402
"etap[66]" -0.0727386120682244 6.31020864718675 0.0297466088341849 0.0465838858270392 -13.1113018211751 -3.48433813557479 -0.0240306979690389 3.40714562798563 12.6532024453707
"etap[67]" -0.0045664608546488 6.46067476311543 0.0304559129069314 0.0469417081921774 -13.360466069498 -3.42271707405152 -0.000541319293536854 3.44909460511343 13.005288527624
"etap[68]" -0.0878113934601116 6.40119066680596 0.0301755021877769 0.0483106074160787 -13.3700469573307 -3.50144889423303 -0.0195510347535912 3.43366889153362 12.7831375750148
"etap[69]" -0.0557166737053986 6.42084742388364 0.030268165029282 0.0472371607278454 -13.2698473492075 -3.49165695763555 -0.00792455314635068 3.42864034782824 12.9317064772837
"etap[70]" -0.0227660996374764 6.32486744649371 0.0298157110768116 0.0462202022705586 -13.0201097503742 -3.43902744100499 -0.0252155928366282 3.48941513333224 12.72104102774
"etap[71]" -0.0223604137760606 6.31093453721218 0.0297500307125808 0.0425785759493696 -13.2212427993554 -3.43989013884212 -0.0166984738031911 3.52553882084283 12.6435793526968
"etap[72]" -0.0802828442024642 6.4259193816689 0.0302920744675743 0.049390494429787 -13.3578962204792 -3.50907586462868 -0.0271297967950412 3.43146681803733 12.6994312892019
"etap[73]" 0.00017168057195569 6.35993729036652 0.0299810319062624 0.0486482671182577 -12.7364194037131 -3.47344440779331 -0.0382639338673948 3.4801114859636 13.2016932106566
"etap[74]" 0.0684197434572787 6.3383317698078 0.0298791825056082 0.0443949453751705 -12.8929167389095 -3.41568017326553 0.0735753950139003 3.50746494399505 13.1981317047013
"etap[75]" 0.0484252829688779 6.48369766736781 0.0305644439183945 0.056655555187944 -12.9147935253939 -3.42224251429023 0.016573364376251 3.46945975359874 13.219590526416
"etap[76]" 0.0544208537378784 6.48336127245894 0.0305628581375864 0.0477062835076606 -13.1674290389644 -3.43433985127201 0.0277301007427105 3.50077806118358 13.338187227735
"etap[77]" 0.0759859190651869 6.31398263374081 0.0297643995774148 0.0452091785483353 -12.4574501835739 -3.35228981093869 0.0478212228877654 3.44746632105615 13.0859018127232
"etap[78]" -0.0407906018821577 6.28316595277699 0.0296191283501936 0.0462068293009967 -13.1204038438225 -3.43395773319167 -0.00290393857298685 3.43962447792644 12.5877045578714
"etap[79]" 0.0526401887135491 6.43909368234853 0.0303541787165607 0.0445300819521622 -12.9896575830713 -3.45168250275045 0.0184179135565536 3.47956306789591 13.3829517297552
"etap[80]" -0.0535771298671099 6.43905638761505 0.030354002907501 0.0439283133329127 -13.4828794430779 -3.49958774386427 -0.00183314185719262 3.47157905421278 12.9247579450268
"etap[81]" 0.0607621545299821 6.34767470234978 0.0299232255119855 0.0446892113210649 -12.8084808530807 -3.41345717041655 0.0233363651698169 3.51924769336984 13.0264532465962
"etap[82]" 0.0136266217542093 6.46126001967519 0.0304586718328124 0.0459302878605732 -13.2543720643133 -3.47034127787982 0.0138576997863248 3.47921701088842 13.3402237421672
"etap[83]" -0.0128195214884409 6.39325071164716 0.0301380728802095 0.0432659282498403 -13.1651043890524 -3.44604320303439 0.00387504611680141 3.44138301522945 12.9708424833276
"etap[84]" 0.0335100023924864 6.38666304726532 0.030107018332499 0.0454261681264252 -12.7182519341344 -3.43378632853581 -0.0235189284730046 3.42324654526393 13.238450784225
"etap[85]" -0.0367451223405959 6.39881712229638 0.0301643131916557 0.0455801942403436 -12.9497454738123 -3.45123126140127 -0.0383832029255946 3.41642224787323 12.9713399253289
"etap[86]" -0.0322365021742838 6.40447508705782 0.0301909850933259 0.0450229496650892 -12.9596211969992 -3.48258227982925 -0.0482104630455982 3.45914498347829 12.9509988076499
"etap[87]" -0.0242095089350747 6.35684393744515 0.029966449700747 0.0449944093626286 -13.1032367831312 -3.48134940588389 -0.0215504199861396 3.40114166224545 13.0167532164997
"etap[88]" -0.0203707182127236 6.44226631924967 0.0303691346703409 0.0459436208355272 -13.1434450575155 -3.50032252543872 -0.00427631567648121 3.48444568998125 13.0876133638283
"etap[89]" 0.0268853333258156 6.36592677294354 0.0300092665979025 0.0472211107153795 -13.049351855215 -3.41866366441596 0.0526158323957569 3.46254362679044 12.8661225944164
"etap[90]" 0.0315806352192224 6.44141207037775 0.0303651077025399 0.0426172030964126 -13.1654503794435 -3.40406764127188 0.0421621887002167 3.46020492270963 13.0493402851539
"etap[91]" -0.0192810451200854 6.39116967962635 0.0301282628011843 0.0459207339384283 -13.131080010142 -3.47458677250303 0.00209590431164862 3.43544596151563 12.8209900348058
"etap[92]" -0.0659687588713446 6.35535070647877 0.0299594105424657 0.0464437850788225 -12.9511623858555 -3.48439661936714 -0.0100525090486916 3.411352643175 12.7372135730367
"etap[93]" -0.0249232591313804 6.33004229816336 0.0298401055615266 0.0480888114986592 -12.7763968469676 -3.47187196985077 -0.0246597934549745 3.45256620001176 12.8440864529251
"etap[94]" -0.082215441385027 6.28518630269001 0.0296286523710194 0.0428273745104223 -13.2763406487549 -3.45429681828758 -0.0455680387918549 3.39810524926912 12.6500573508727
"etap[95]" -0.0201933819544619 6.32752047041461 0.0298282175515124 0.0461770362326649 -12.7149141540956 -3.45528244208512 -0.0366290079478277 3.40846945480716 12.8823953397511
"etap[96]" -0.0935743633830163 6.35337249505869 0.0299500851644006 0.0478776859319152 -13.2683615982857 -3.51440992477396 -0.0606589320114389 3.36028767279717 12.5813989820202
"etap[97]" -0.0774506393387386 6.45662788794874 0.0304368357544449 0.0464245305520856 -13.3021803342602 -3.51942670070815 0.000782350435914906 3.40305162479443 12.8812646567048
"etap[98]" -0.0164683950870085 6.35821970384602 0.0299729351257563 0.0433570064196134 -13.0506456300845 -3.43484079174627 0.0236752078272796 3.42900676902423 12.8552772649583
"etap[99]" -0.0384249387937668 6.36217898048975 0.0299915993348455 0.0406706138179784 -13.1171577320477 -3.5250374611784 -0.029816621906028 3.43882555371464 12.9399372265087
"etap[100]" 0.0203314629321776 6.39118613504661 0.0301283403727793 0.0453307047187863 -12.9370319939774 -3.46628333655137 0.0141068245040493 3.5163747695435 13.105417303717
"etap[101]" -0.0204953760427192 6.43393573160693 0.0303298639035846 0.0510679403945792 -13.0209103915167 -3.53357230978643 -0.0660425235947237 3.46448634956018 13.1306655919245
"etap[102]" 0.00367425789735622 6.40980484575353 0.0302161098167648 0.046641204845452 -12.9514174726529 -3.47271955944879 -0.0194500996526929 3.42554844300562 13.2243814496391
"etap[103]" -0.00324974440324716 6.45612085932056 0.0304344455985699 0.0451707693674295 -13.2030367325316 -3.49030528479206 -0.0159014263216647 3.43342654617445 13.3619525839916
"etap[104]" -0.0235359064042781 6.29538533762453 0.0296767310827778 0.0450703579963175 -12.9044762263421 -3.42776850221129 0.0131295287608146 3.48357159546857 12.6240176094113
"etap[105]" -0.0185147999283527 6.34297799150702 0.0299010850047443 0.0428549749667442 -12.9340072571785 -3.45040019133137 -0.0253698871903991 3.43404639113253 12.8154158596715
"etap[106]" -0.0268548842179893 6.2770483678051 0.0295902897780729 0.0436889697903536 -12.9748471401653 -3.39822077379082 0.0124330670932767 3.41258677517029 12.5614773763914
"etap[107]" 0.00556448844209457 6.39547425747973 0.0301485547757861 0.0437602826249463 -12.8936318152182 -3.47211009782148 0.0140050505808119 3.47293877227967 12.9833123145876
"etap[108]" -0.0885497973409974 6.37494756785026 0.030051791032904 0.0464311961135606 -13.0062941384382 -3.54446404363535 -0.0831901627742119 3.40230275329617 12.759854056801
"etap[109]" -0.017236059947289 6.4213138422644 0.0302703637466147 0.0466639839550271 -13.3049681949824 -3.46942974554214 0.0159845866097901 3.43787876073871 12.9697105841651
"etap[110]" -0.0744588956394596 6.35461861762892 0.0299559594425313 0.0439034775317614 -13.110511207263 -3.46919079733011 -0.039095323957349 3.40623849524934 12.7809457341342
"etap[111]" -0.058137168387083 6.28954128343223 0.0296491819471178 0.0451224437173719 -12.9470459076834 -3.49236300404452 -0.0292808332869252 3.43691639851984 12.7032344097818
"etap[112]" 0.0728474494838696 6.41371053027906 0.0302345213901859 0.0526090040099572 -12.7792712451296 -3.37483370553254 0.0383965695858395 3.49377913636889 13.2624251799408
"etap[113]" -0.0256791227708043 6.44808967989082 0.0303965862556653 0.0514683329750705 -12.9813292798583 -3.54046467416825 -0.0475926338842743 3.45845667624571 13.079455612156
"etap[114]" 0.0275213427669444 6.28037761013354 0.0296059839769172 0.0493126249351543 -12.766201380998 -3.43836175001421 0.0262037502731811 3.4512401424331 12.9917854465471
"etap[115]" 0.0447482362399477 6.43972133619275 0.0303571375051573 0.0458932019331079 -12.910968590913 -3.4374033406505 -0.0103776708863018 3.43169537082264 13.4427875487742
"etap[116]" 0.0899463466360793 6.33050491376157 0.0298422863523705 0.0418264625728638 -12.6678746687275 -3.36405688562141 0.0623168566309895 3.45314361176869 13.0914595362917
"etap[117]" 0.01058629855491 6.45144229374212 0.030412390628925 0.0502721874768396 -12.9165168949338 -3.46434912111928 0.0263854856983417 3.43214423288448 13.1622496695197
"etap[118]" -0.04280031447954 6.26476095199759 0.0295323663444679 0.0429704435710468 -13.0448412164795 -3.45985072840354 -0.0406651658838276 3.40269263212118 12.7657745636795
"etap[119]" -0.0322139729101861 6.35267165794033 0.0299467813865413 0.0442750209189056 -13.0203494370186 -3.43356914821212 -0.0167769386791264 3.3839686396011 12.9232312947475
"etap[120]" -0.0945331427777743 6.3536006498785 0.0299511606965356 0.0436244429867161 -13.19535746236 -3.5857882597529 -0.104689316269869 3.40369203253168 12.9425433567069
"etap[121]" -0.00624990867889515 6.50300062083211 0.0306554389136714 0.0492559200621619 -13.3049660634246 -3.46182367148733 0.00504344885072418 3.44606296740797 13.2162982091844
"etap[122]" -0.06594544877821 6.35235088602551 0.0299452692532334 0.0399763966055775 -13.093395223246 -3.46804341118572 -0.0167685204426725 3.38814580146432 12.6953530643033
"etap[123]" 0.0218467921258471 6.38423616664762 0.0300955779075529 0.0465811142674235 -13.047788896292 -3.47434887627985 0.00257802856960564 3.48521932539366 13.1363808925724
"etap[124]" 0.089657661912104 6.31405823277152 0.0297647559546633 0.0452160107241299 -12.5889609721508 -3.4233868281973 0.0565421937539105 3.47708481826264 13.0652498232903
"etap[125]" 0.0303203484921247 6.35579445848006 0.0299615024094609 0.0427337330381136 -12.9803508945017 -3.40256670778299 0.00725060322465748 3.45506136613395 13.0105177272474
"etap[126]" -0.142562681745496 6.34591087499211 0.0299149107500825 0.0452601237728213 -13.4906526000134 -3.57929085424034 -0.0729859105280715 3.36217972930223 12.6933915742963
"etap[127]" 0.0476385813314873 6.32670731083738 0.0298243842805041 0.0423318758287774 -12.8395980625251 -3.47570122270023 0.0268928936490879 3.47719680220609 13.1755793086137
"etap[128]" -0.0527025368147701 6.38453471748658 0.0300969852897047 0.0435636858779905 -13.1423918022272 -3.48627022108886 -0.0254728789165528 3.41081451282455 12.7930847225807
"etap[129]" -0.0664133527517318 6.35273801930978 0.0299470942170369 0.042669954813743 -13.0745352659019 -3.51353211798903 -0.0587437270060655 3.38186685202205 12.7948266695613
"etap[130]" 0.0834994470443987 6.33561066821183 0.0298663551096695 0.0406116686458376 -12.8559454553591 -3.40325163235216 0.0525439531651817 3.48312653837602 13.1610892566751
"etap[131]" 0.017017286723551 6.35518021884744 0.0299586068560642 0.0460572615858141 -12.9946116119765 -3.39451928103179 -0.011292784249006 3.37825963037748 12.8863807137106
"etap[132]" -0.017972595135157 6.35938085408984 0.0299784088404988 0.0418202413276 -13.1842077747272 -3.44084102888313 -0.00731337917457162 3.46770719669464 12.879599468086
"etap[133]" 0.0209802886036747 6.3698480099206 0.0300277514862833 0.0451859672978275 -12.8946063232182 -3.46390986967895 -0.048802795717716 3.44276128227476 13.0924950847605
"etap[134]" 0.0100902340910785 6.40218338737568 0.0301801819174214 0.0430744513690715 -12.99293967642 -3.41418876133618 -0.00207704804937728 3.45649003732995 12.8905726897723
"etap[135]" 0.0103154091466741 6.49269404844914 0.0306068532655195 0.0453919496572807 -13.0865894124251 -3.46373567349513 0.00907399563604159 3.5294893471332 13.1202055767934
"etap[136]" 0.03870522310407 6.39609862860327 0.030151498089489 0.0453003396461904 -12.7653970031025 -3.4226684612119 0.0143349602084551 3.49705911799227 13.1100968809902
"etap[137]" 0.0581279060113196 6.47953577211063 0.0305448245560016 0.0544332584004722 -12.9452129868677 -3.39589104828554 0.0319976772124817 3.44665676305882 13.3936327573814
"etap[138]" 0.0632912786929391 6.34038590370193 0.0298888657856482 0.0424820988057586 -12.8319381297343 -3.37601696748349 0.0551935469324144 3.47549172100919 13.1254974084019
"etap[139]" 0.00333532304244848 6.40004660272004 0.0301701090179551 0.0446282313262429 -12.7810675400363 -3.47434039241915 0.0176049576446593 3.4536759115756 12.9609140005926
"etap[140]" -0.0356239340484442 6.34491562684223 0.0299102191053109 0.0447513041018388 -13.2725830882439 -3.42046268434353 -0.010069427047236 3.40720504184862 12.7294815845552
"etap[141]" 0.0203233428502776 6.2551494420288 0.0294870572519588 0.0429414381080801 -12.7222367887091 -3.40181238599717 0.0115759720176926 3.430540211662 12.8621348294209
"etap[142]" 0.00173323605144047 6.42336465967718 0.0302800313926117 0.0508909483014862 -13.1278208867008 -3.47741374820496 -0.010737150397067 3.45390812248745 13.1228578656058
"etap[143]" -0.00320186728423024 6.2937417497651 0.0296689831353053 0.0414137936755022 -12.9191007077735 -3.43868335717417 -0.0254867236303363 3.43414808647117 12.7621845278657
"etap[144]" 0.000418575411977263 6.46737623019411 0.0304875039256996 0.0569557111779818 -13.0647544803277 -3.45662456531962 -0.00583084885788663 3.44466297499006 12.8712367076284
"etap[145]" -0.0123494684805411 6.37633679089645 0.0300583398931477 0.0447110878318531 -13.0755120535622 -3.45667660740103 0.0227376335612631 3.44899223609084 12.8620713517424
"etap[146]" -0.0401916576234104 6.41239390175495 0.0302283147438013 0.0520624300624047 -13.1138663009625 -3.49571780242306 -0.0596650501136443 3.42276999323858 13.0676112768407
"etap[147]" 0.0273368311779557 6.43411987190939 0.030330731949295 0.0442742889375806 -13.0195737184644 -3.44019992951245 -0.00578182965558892 3.45629094172946 13.3928589344376
"etap[148]" -0.0212961445519725 6.37077868146592 0.0300321387140216 0.0453948722055294 -13.0410721983454 -3.50694911203269 0.00439123825497601 3.4315554995218 12.9924913860507
"etap[149]" 0.0146885624318677 6.34818972346805 0.0299256533448201 0.0475545961740804 -13.0627910274902 -3.4650823680153 0.0276386522386165 3.45861326457595 12.9323398787938
"etap[150]" 0.0354353718086788 6.34588640159043 0.0299147953813606 0.0479364470235566 -12.811292444459 -3.42982934622978 0.0154669740011618 3.51374206192978 12.9699414956605
"etap[151]" 0.00689865528123074 6.41264964749816 0.0302295203407965 0.0487244576485175 -13.3769446005639 -3.41966017681887 0.0306994671611675 3.48474482620057 13.0125822877118
"etap[152]" -0.032595602186969 6.39328889085396 0.0301382528587164 0.0425831371136827 -12.9477306490865 -3.47777544256164 -0.0341871527432797 3.40788035871308 13.0179074719442
"etap[153]" -0.0422545483331046 6.41199724029004 0.0302264448637235 0.0437243245341956 -13.1479029797011 -3.53595136464858 -0.044489183505607 3.470664089029 12.9705394747902
"etap[154]" 0.0325339577196942 6.37207028280226 0.0300382273811117 0.0462567440506916 -12.887026280462 -3.42544693314025 0.0226557414149693 3.45416104479342 13.0963491408079
"etap[155]" -0.0610659107696248 6.38771795856226 0.0301119912320431 0.0407813408942728 -13.2139367741309 -3.4819584347338 -0.0426209798508797 3.40989604042875 12.7061747957706
"etap[156]" -0.0156173598121584 6.47959510380927 0.0305451042483113 0.048924362668632 -13.3528644893103 -3.48752076019882 0.0146956475778653 3.51491550549553 13.038125156318
"etap[157]" -0.0556629043859476 6.48404830828846 0.0305660968555462 0.0495327372725708 -13.3633456280801 -3.51921575319458 -0.0380170427507835 3.44575240929954 13.1039877347159
"etap[158]" 0.0229050482432809 6.36928362727239 0.0300250909609651 0.0457648463360683 -12.8402139684104 -3.42209809402978 0.0277941028205888 3.46046054665555 13.0902678404604
"etap[159]" -0.0832355997216528 6.36573200077824 0.03000834843311 0.0443856212374836 -13.2258147151913 -3.43732559696247 -0.0364824698212262 3.39493029827692 12.5388116593627
"etap[160]" 0.00535296879259537 6.39126390427396 0.0301287069804328 0.0452950138891421 -13.1152970237886 -3.38332289267343 -0.0269364397883379 3.41047925365319 13.1235285897215
"etap[161]" -0.0163695907878298 6.40399951847774 0.03018874324154 0.0470719393853266 -13.064168962263 -3.41562066529438 0.00875730458741043 3.44447645922269 12.9759146208
"etap[162]" 0.0671490025231319 6.39183069554184 0.0301313788600931 0.0468741975154811 -12.6489517828748 -3.40341449179287 0.0493006388349182 3.47470584088627 13.2782472596465
"etap[163]" 0.0252511858850843 6.43069800964053 0.0303146011358644 0.0446312140537942 -12.9551052992667 -3.4329785806196 0.00157035808087478 3.45620580281917 13.2272617672294
"etap[164]" 0.00481996584105776 6.31624340947005 0.0297750569764074 0.040895323318842 -12.920965896254 -3.50807627924557 -0.00462651642850239 3.50717691297744 12.7768947647461
"etap[165]" -0.0459317992664681 6.40116686778821 0.0301753899981313 0.0450076426229521 -13.1971507174649 -3.46772679449405 -0.0179783277496583 3.41375680342936 12.957736674369
"etap[166]" 0.0264049300712276 6.48522336124664 0.0305716361083128 0.047189050564923 -13.1415443833806 -3.45767282566413 0.0153742906105163 3.497486232128 13.2694646525428
"etap[167]" -0.0268725707039287 6.36101391223059 0.0299861071504015 0.0455165949554654 -13.0724185594883 -3.51347722976984 0.0233121988648787 3.48427428488613 12.8959699644161
"etap[168]" 0.00436939943647864 6.33557629460844 0.0298661930709491 0.0446416901009806 -12.8912775996742 -3.44250314240934 -0.0184706106740221 3.40494480076574 13.0127713517036
"etap[169]" -0.0452545839394322 6.37150269159334 0.0300355517304933 0.0444988889634596 -12.9958659698834 -3.48307529520965 -0.045507707080888 3.40602816785575 12.9240219830335
"etap[170]" 0.0479895277323726 6.32511073015523 0.0298168579269904 0.0447481368499307 -12.6009480425742 -3.4690996056108 0.0485470754703209 3.47414759072492 13.1356611130369
"etap[171]" -0.0172515294532712 6.48509790492743 0.0305710447015524 0.0470892128568828 -13.1529090539248 -3.43586150978926 -0.0484990015499152 3.39583106006778 13.2604189381548
"etap[172]" -0.0312054667077277 6.28916625717997 0.0296474140564105 0.0419275330480014 -13.0319495472115 -3.43610737455549 -0.027569812952261 3.45562901222585 12.6693020788542
"etap[173]" 0.0665067795978087 6.34493843022904 0.0299103266015072 0.0438413703778955 -12.6435764155763 -3.41760273702788 0.02796709117398 3.48029597517876 13.1059435575979
"etap[174]" 0.00391333800597344 6.33306169007117 0.0298543391114804 0.0424418179670406 -13.119253778547 -3.40275532114812 -0.00745321150069774 3.45226736148379 12.9109838008019
"etap[175]" -0.014451941454706 6.51348348871329 0.0307048556267719 0.0513422551699859 -13.2890832362493 -3.51849604270418 -0.0109435498480948 3.48097763878258 13.3282681058443
"etap[176]" -0.0254289299983151 6.50169620225412 0.0306492898255247 0.0489459004663666 -13.3033741918917 -3.44279922512927 0.00203737909058996 3.42251187190013 13.1049530801034
"etap[177]" 0.023045908718017 6.3898392090777 0.0301219909028702 0.0457012385570596 -12.7694812783447 -3.43095488203363 -0.0144666155909848 3.45538598719935 12.9989248586689
"etap[178]" -0.00217045790677339 6.32554296538757 0.0298188955034161 0.0443497894173692 -12.8627112134951 -3.45743603434351 -0.0349771044539523 3.43038781853027 12.9538239580652
"etap[179]" 0.0288901464558132 6.35075869460673 0.0299377635909056 0.0447602307192821 -12.7814513241882 -3.42806367876107 -0.0018512542938792 3.43400740688456 13.0539261615069
"etap[180]" 0.0617872323544318 6.36645735197956 0.0300117677714646 0.0501369961656253 -12.9668177664823 -3.38463747823781 0.0292100898219083 3.53589253742827 13.0814119163426
"etap[181]" 0.0641520550367026 6.38414429275772 0.0300951448098825 0.0445038815051669 -12.8389352589223 -3.41045636436694 0.0121170425012669 3.5248257179113 13.3179288721302
"etap[182]" 0.00856307410015132 6.3046357665386 0.0297203380228713 0.0421106783662627 -12.8229901596766 -3.42051556385994 0.00912766858686335 3.45253035602016 13.0263543860554
"etap[183]" 0.0734510235440338 6.54238377349195 0.03084109287574 0.0479935513011989 -13.084699434778 -3.43392920623166 0.00776335860449911 3.49225376046423 13.7478375333467
"etap[184]" 0.0888279885287126 6.39540743115341 0.0301482397534628 0.0439321905902378 -12.7059479017485 -3.39892590111485 0.0527328198936428 3.52741739489336 13.2825294282815
"etap[185]" -0.0883254687041727 6.40002454193055 0.0301700050223961 0.0423393449937769 -13.053084561476 -3.52509919714024 -0.0627408486136915 3.38883240638398 12.9663806123697
"etap[186]" -0.0138126510827778 6.26703365476217 0.0295430799680443 0.0435077337173326 -12.9464694735233 -3.4160329716604 -0.00432395683976449 3.43935326129179 12.7271319392769
"etap[187]" 0.00287685312960009 6.32903506485217 0.0298353574181627 0.0432303093663688 -12.9652654963325 -3.4142793125523 0.0464230427245339 3.46241635168367 12.6395408526502
"etap[188]" 0.0616830035855259 6.37260624967022 0.0300407539531572 0.0453597314709688 -12.8168091721507 -3.39784783666903 0.00814526048063306 3.50222050903045 13.0034464579661
"etap[189]" -0.0313677256792145 6.38852111645689 0.0301157773546675 0.0438775952728006 -12.8521341792659 -3.51607631893137 -0.0690688734450443 3.39167246102756 13.0828726466044
"etap[190]" 0.0189088868319492 6.34667196675879 0.029918498571078 0.046692091729173 -12.9931345587233 -3.40176403238678 0.0099563676156371 3.44751841749742 13.2683591595334
"etap[191]" 0.0305432739942982 6.35058941094244 0.0299369655800592 0.0430838416220298 -12.6780842876251 -3.44284965468605 -0.0164787812145181 3.4176998168514 13.0960460847383
"etap[192]" -0.0343416200411813 6.39025123513018 0.0301239332123084 0.0483939402451039 -13.0711727233541 -3.48186670339102 -0.0492866560121634 3.4423736037296 13.0011803756244
"etap[193]" -0.0390533999846265 6.44981928236266 0.0304047396799093 0.0489586622271036 -13.3871985633688 -3.45765732752315 -0.0160382951010781 3.42867623366468 13.0871892225403
"etap[194]" -0.0356582784702742 6.33708647753121 0.0298733121415193 0.0428384667057083 -13.0806180712113 -3.46618504093624 -0.0152580649021357 3.45022723982216 12.9178753566564
"etap[195]" 0.065933211390624 6.38323816177941 0.0300908732674865 0.0446668566013992 -12.9316957540818 -3.40900255629829 0.0536370960902355 3.47656795665226 13.1926675752333
"etap[196]" -0.0442909281831683 6.33248350005534 0.029851613497607 0.0436842624796233 -12.9139417878783 -3.49585710412915 -0.0519500345145856 3.39173063433623 12.9713779286596
"etap[197]" -0.0514197166298109 6.264620517758 0.0295317043311137 0.0442076829531183 -13.0542516138565 -3.39797951703613 -0.0144174775753678 3.37811491976174 12.5442240509568
"etap[198]" 0.00526643161548808 6.41927433033823 0.0302607493951926 0.0453464683533932 -13.1033947996054 -3.41954768928854 0.0326029571786127 3.45073430522015 12.9934501687364
"etap[199]" -0.0273621849915216 6.44435363511837 0.0303789743717092 0.0526664304529015 -13.3870984663415 -3.43529920616297 -0.0347777665013917 3.48739303519077 13.0354687212733
"etap[200]" 0.0149004266952768 6.37455700756559 0.0300499499140657 0.0478639139106518 -12.7579071905227 -3.44089949592096 0.0208768698631719 3.39410914903454 12.9902621007957
"etap[201]" 0.0545159723287537 6.42706536092297 0.0302974766655853 0.0470121249802489 -12.8856555133192 -3.41182594312797 0.0280574878420656 3.47252186439485 13.0853562726564
"etap[202]" 0.0602300280094351 6.51141219848511 0.0306950914709975 0.0447822999174246 -13.0622521074978 -3.3763521193562 0.0348832699665304 3.55520695760487 13.3712800534056
"etap[203]" -0.0525727298267771 6.37750844569566 0.0300638631268392 0.0444234566526489 -13.0996444619867 -3.46002404625343 -0.0615994416092576 3.44230015289202 12.9485211797951
"etap[204]" -0.0725511690147813 6.3769324598835 0.0300611479036816 0.0462323263134846 -13.2392620284618 -3.47554654177324 -0.0163642125370126 3.42194979593619 12.8439212791231
"etap[205]" -0.106717232019712 6.35068280790635 0.0299374058575693 0.0438632928567715 -13.2192242410927 -3.52722772982187 -0.0887310287439814 3.40097112204396 12.8996556769386
"etap[206]" -0.0106581623415101 6.4131679136433 0.0302319634708344 0.0437163055267248 -13.284899259655 -3.47814429749499 -0.0113892702098283 3.4764141067924 13.0407507446191
"etap[207]" -0.0353996398515211 6.38423091280104 0.0300955531406827 0.04753012584674 -13.1839729194504 -3.47883575617724 0.0105912249901845 3.47374267085928 12.8753041785591
"etap[208]" 0.0201549678206561 6.34186389130761 0.0298958330860381 0.0439033383837649 -13.0901041170439 -3.4124686580762 0.0339047550553256 3.48560160427821 12.9055074435868
"etap[209]" 0.033709896803104 6.38596732889162 0.0301037386846334 0.0514562039285585 -12.9991259934776 -3.41174247883922 -0.0242464517452207 3.43600230912193 13.1514772966299
"etap[210]" -0.0596038328250598 6.49778293375924 0.0306308425009292 0.0477426015035682 -13.3602516671801 -3.52581143149713 -0.0553263624924201 3.42982626516132 13.1006060460169
"etap[211]" 0.0286191541515174 6.41485837597351 0.0302399323866813 0.0524011182017148 -12.8928336772183 -3.39167796901481 0.0230348061797905 3.49371101674086 13.1890885661014
"etap[212]" -0.0293932717290435 6.4844193609224 0.0305678460144371 0.0509464294534719 -13.2065871977595 -3.4980209038619 -0.0521019423661368 3.43206435414966 13.2558612389429
"etap[213]" 0.020703655208758 6.26939749744448 0.0295542232293131 0.0439414640697519 -12.9191371601988 -3.44356326106078 0.0151159940286194 3.47155799479511 12.9097893685714
"etap[214]" 0.0956150921824309 6.35038724459883 0.0299360125587759 0.0450438665038158 -12.7415892845681 -3.39408556451231 0.0390423827794583 3.54040893091351 13.2499577666205
"etap[215]" 0.0511641009256427 6.35798716478806 0.0299718389261245 0.0453677585323346 -12.9074195594768 -3.43778792412899 0.0370218948191879 3.5061452746676 13.0038161856654
"etap[216]" 0.0416277577553183 6.38563916800497 0.0301021917193782 0.0437010037765652 -13.0842420142215 -3.42673895133668 0.0188819057604064 3.49846038043481 13.1686943776278
"etap[217]" 0.0317025161151184 6.32908093462475 0.0298355736503443 0.0481558332962936 -12.8583346585631 -3.39673729555944 0.0296107678542815 3.5123950105343 12.8799227825121
"etap[218]" -0.0405304563882469 6.35639684347517 0.0299643420795604 0.044095994342631 -13.2221950254509 -3.49487271391816 -0.00343782882578607 3.43137266753452 12.9606439474694
"etap[219]" -0.0131077888846316 6.33507026304489 0.0298638076152819 0.0430911088686918 -12.7635678962073 -3.44780152788635 -0.0197210195865943 3.43646721375397 12.8376444989401
"etap[220]" -0.029556461978703 6.41603015265728 0.0302454561949422 0.044804517503703 -13.2746518018028 -3.42442034327311 -0.0367184688977539 3.44706976442428 12.9086385238652
"etap[221]" 0.0419698202744891 6.32888898772875 0.0298346688039991 0.0418002556204397 -12.8619807621877 -3.39498847003284 -0.00323862651182598 3.42951057601304 13.2581123168548
"etap[222]" -0.0119498353955216 6.43675518980045 0.0303431549569707 0.043652854884194 -13.0809365758066 -3.48088853903626 -0.0117515996071813 3.46392867195033 13.2322596970083
"etap[223]" 0.00682638723738729 6.34741988603278 0.0299220242963475 0.044722405062958 -12.9100062186499 -3.4256108254298 0.0377636667426762 3.4832012016195 12.7406552586611
"etap[224]" 0.00859837958277845 6.29138684426499 0.0296578820043174 0.0413210898853278 -12.8732444832159 -3.45329176761352 0.00243935060393783 3.47806508955113 12.9252927663415
"etap[225]" 0.0492441307850316 6.34395896330055 0.0299057093501267 0.048434606356282 -12.8053248191818 -3.4318483234274 0.0689400476416882 3.49400746729698 12.8745803717622
"etap[226]" 0.0527425309739655 6.37136573442026 0.0300349061081878 0.0453402879438966 -12.7514575223027 -3.3996921562797 0.0059539579578255 3.42499275420674 13.1515495386159
"etap[227]" 0.0083740405097164 6.39570675033882 0.0301496507576344 0.0451786007931385 -13.0850014958269 -3.45493097212121 -0.0032213354895789 3.48546259159756 13.0595687303234
"etap[228]" 0.0312109314815869 6.44243611700991 0.0303699351046589 0.046315534373537 -13.1429292611349 -3.41820925225944 0.00374584331773447 3.45938499397687 13.1529035940643
"etap[229]" 0.0170133023058006 6.37520619647725 0.0300530102199437 0.0464524857981762 -12.9126126454433 -3.39875096864343 -0.00217707414038107 3.45037921947976 12.9991198267715
"etap[230]" -0.0670774276588204 6.38599397682713 0.0301038643042061 0.0438717860771283 -13.2432585692734 -3.54717599034999 -0.0478507050264885 3.39104772574369 12.9625370452817
"etap[231]" -0.0497062801789827 6.38192160231826 0.0300846669466677 0.0473957091272962 -13.2337344327069 -3.46495583959457 -0.00435840633232322 3.38322444094939 12.8140344783123
"etap[232]" 0.0831873535925246 6.31297579560334 0.0297596532969178 0.0416003400794267 -12.7052245429261 -3.39856979846425 0.0491972053499623 3.5379871554826 13.0396534847953
"etap[233]" -0.0351211304152482 6.44951378316654 0.0304032995428878 0.0442697739151995 -13.2489273184142 -3.47483686713943 -0.0292749168544291 3.45546894210286 13.1016231188011
"etap[234]" 0.0271867834091567 6.36017915980941 0.0299821720897506 0.0431300364817215 -12.8379372618754 -3.45614854924442 0.0238671361560391 3.45518825350071 12.9084353451458
"etap[235]" -0.0237601406651108 6.37748751232282 0.0300637644459733 0.044137395314689 -13.0837334954101 -3.44071916577524 -0.0207417247044733 3.44920514447498 12.9076185301348
"etap[236]" -0.0369338425489992 6.28322800147112 0.0296194208505429 0.044567493316282 -13.1372771313798 -3.46030286752247 -0.00343066096334131 3.42284173522139 12.7000362835254
"etap[237]" 0.0192444440003928 6.40693457890353 0.0302025792490751 0.0459775471588479 -13.068592942589 -3.40629127567064 0.0349776810125065 3.47611530517652 13.0042860873045
"etap[238]" 0.0256670256429521 6.38595941991482 0.0301037014013592 0.0458108090600002 -12.7579799265735 -3.4581661498676 0.0102615985261211 3.45318722374443 13.1031407288171
"etap[239]" 0.0281632021156555 6.36497966662697 0.0300048018959095 0.0485103399870593 -12.7736103601593 -3.47814240055479 -0.0348315499558673 3.44566762568872 13.3406730918036
"etap[240]" 0.00697249625712925 6.40137099903681 0.0301763522820655 0.0446147900723316 -13.0337745500218 -3.43379896693352 -0.00132066109529893 3.42258897058549 13.1758097851127
"etap[241]" 0.0376175013589252 6.31137423338605 0.0297521034602221 0.0459509156569011 -12.7518241347985 -3.40410980834604 0.0238725239059171 3.49246088737565 12.9888119958015
"etap[242]" -0.0257310037377013 6.35588495007011 0.0299619289909073 0.0448715094766313 -12.8936301472937 -3.49147464467482 -0.0805169720689852 3.34898994653655 13.2314902286086
"etap[243]" -0.144266820477533 6.52411989567503 0.0307549961300392 0.0512355636564368 -13.3617940158953 -3.58267209547305 -0.102227869696077 3.38599429978424 12.8958426042842
"etap[244]" -0.0710865625258994 6.30865898302966 0.0297393036472913 0.0455049715575755 -13.1664912207534 -3.49382034719922 -0.0373989541815246 3.40967385779705 12.7640686093211
"etap[245]" -0.0649554039866303 6.30496440375036 0.0297218872335445 0.0449760242306969 -13.0047022598689 -3.51618556747436 0.00678398946852258 3.37818719360174 12.7217423198613
"etap[246]" -0.0485876999858847 6.40603914118972 0.0301983581152113 0.0468109706541047 -13.0876174066849 -3.46808175408752 -0.0171825938809322 3.42110415779695 12.8257583825892
"etap[247]" -0.0155371624719709 6.45092317781881 0.0304099434929943 0.0492653018395349 -12.965002600991 -3.49940240162491 -0.00685934552144229 3.46590559568796 13.2018954359741
"etap[248]" -0.0568112497717709 6.35444635884684 0.0299551474068451 0.0455691382248505 -13.1080056390988 -3.49293611790587 -0.0612066946590088 3.43010262523455 12.6874990748255
"etap[249]" 0.0110729253215302 6.37211652393253 0.0300384453638903 0.0430667720218318 -12.8784343586984 -3.45072849771449 -0.0276751457341247 3.46459744037499 12.9744198067003
"etap[250]" -0.0379907061608835 6.41402056963667 0.030235982929734 0.046840635243942 -13.3738408126342 -3.4156927589828 0.0204945790501021 3.44465217963995 12.9287199355682
"etap[251]" 0.0549438666555994 6.44663097110997 0.0303897098365272 0.0513087586107685 -12.9580954083548 -3.47706757267439 0.00742254998926703 3.4882287679545 13.1220852580289
"etap[252]" -0.0440290735895285 6.36850327222989 0.0300214123320165 0.0460921149173971 -13.0188366423455 -3.47898405089928 -0.0157856917757617 3.46229216690897 12.8900071258311
"etap[253]" -0.0296104249349288 6.37919797836287 0.0300718276602127 0.0504452664376425 -12.9781055560218 -3.46365042856422 -0.0363014583733464 3.41514561071609 12.9386899965584
"etap[254]" 0.00530275650743601 6.30573616263883 0.0297255253398343 0.0484075695624643 -12.9400152562474 -3.39938925646157 -0.0184799198109178 3.36872622674154 12.7896312117757
"etap[255]" -0.00104805000313273 6.35977473248261 0.0299802656010488 0.0474369137971366 -12.9389190270701 -3.47353279669469 0.00843248137969169 3.4378302906552 13.059459935125
"etap[256]" 0.0133349763883344 6.40806948865487 0.0302079292649498 0.0459377536954973 -12.8680481008596 -3.45520006418084 -0.0576282071612658 3.42966866813946 13.3667227931865
"etap[257]" -0.0352020543950323 6.39224413974091 0.0301333278547385 0.0440173635787885 -13.103101136637 -3.4053252089793 0.0380025239326022 3.42336414918717 12.5909961687688
"etap[258]" 0.0277847080635009 6.43365105128814 0.030328521907692 0.0489314758862909 -13.0472616993171 -3.43518774557749 0.0149110642796095 3.51288892045811 13.1785463920292
"etap[259]" -0.125895203038591 6.37048576801183 0.030030757906757 0.0451736020703362 -13.3403246998486 -3.51589304220989 -0.0583501807045556 3.38377941653564 12.5103586656532
"etap[260]" 0.0112654868527167 6.39248767457445 0.0301344758889534 0.0468758758098894 -13.1023105910795 -3.47137916614993 0.0264554130000239 3.49545169799888 12.8844876367235
"mean.p0" -1.27515227426711 0.320253320421711 0.00150968863045133 0.00805409556343624 -1.95797544292744 -1.46642425427312 -1.25544331567544 -1.05447402306481 -0.690225703414387
"mumup0" 0.756310249144383 0.167360584384811 0.000788945360812289 0.00365396068846726 0.303710009069429 0.680232585143981 0.796001293539951 0.87638760987029 0.967420300125921
"mupsi" 5.60750207882055 1.31426690020397 0.00619551358282167 0.0132636840838148 3.2307121009115 4.68942640418545 5.53294874488558 6.45741521528086 8.38678968920701
"ppo[1]" 0.285659760472733 0.104734153639752 0.000493721535070018 0.00173536738884582 0.128729814566685 0.214672581791894 0.26676483591761 0.336176654586882 0.548480604752001
"ppo[2]" 0.211695167389497 0.0828196143976627 0.000390415406372282 0.00151775952910453 0.0577202753186591 0.155855062095611 0.210495806572524 0.263865836167286 0.389863564346183
"ppo[3]" 0.210949128800718 0.0820001590984539 0.00038655245704595 0.00143107081561581 0.0577596526039183 0.156112746217702 0.210664328343027 0.263401389038156 0.3851363471349
"ppo[4]" 0.190753760165447 0.0941576313199591 0.000443863330712039 0.00214475866613305 0.0287323833667498 0.124804636737324 0.191263847478162 0.248433948969203 0.390791031670687
"ppo[5]" 0.245832214711853 0.0896347729081328 0.000422542371689713 0.00113418081457047 0.091771778032121 0.18798303239549 0.237440447685652 0.289959976034913 0.460867280847603
"ppo[6]" 0.24735637907663 0.0908449914321824 0.000428247396523533 0.00117852337095243 0.0931067500789592 0.188517661205708 0.238880430151764 0.291548037668522 0.466602333223366
"ppo[7]" 0.285004454546557 0.104485107349556 0.000492547519599169 0.00177312949481401 0.12980559232793 0.214017114583347 0.265841266608901 0.335391381630624 0.548834499198395
"ppo[8]" 0.285608570447745 0.104782294311833 0.000493948472374543 0.00172001081685296 0.128317914833279 0.214819358415437 0.267268650196266 0.335582281988729 0.546656257199653
"ppo[9]" 0.211575876798513 0.0825291839192838 0.000389046303967449 0.00149663778325149 0.0595200147451511 0.155677667322132 0.21049303855131 0.263613273277411 0.387445615289348
"ppo[10]" 0.32587269941856 0.125431079007851 0.00059128777691998 0.00288325994903653 0.154501003364021 0.235809434856331 0.292903689769288 0.392710211071689 0.636882984786184
"ppo[11]" 0.211411529934722 0.0830411740625019 0.000391459848648584 0.0016088623776963 0.058538109554424 0.155400257199389 0.210257345326037 0.263519288815964 0.389615715123936
"ppo[12]" 0.24777227443694 0.0898021488891373 0.000423331389630886 0.00115023690785483 0.0955571158193881 0.190393851957307 0.238425761426396 0.291339965722279 0.463336555805069
"ppo[13]" 0.190621071730512 0.0944873466699416 0.000445417623777599 0.0022391664385007 0.0287737851454616 0.12388080576708 0.190986234969171 0.249124078686516 0.387287026325692
"ppo[14]" 0.211357780523563 0.083510865364095 0.000393673994678055 0.00148691038303543 0.0565617969947574 0.155374376413179 0.211152952374822 0.26375383114605 0.39232815175727
"ppo[15]" 0.190026732318475 0.0945980154834662 0.00044593932156766 0.00223662422164305 0.0288831922051011 0.122690779889267 0.190160758603941 0.248214452910704 0.388115613169273
"ppo[16]" 0.211391786984245 0.0837541062057596 0.000394820643002073 0.00149193238626418 0.0564947385129783 0.155547937470194 0.209703362474736 0.263496070774474 0.395496821488375
"psi0" 0.992368865958428 0.010859606206542 0.0000511926745977424 0.0000947918751157611 0.961973810273865 0.990891765389375 0.996061263355856 0.998433611802175 0.999772194305921
"sdeps" 0.541803738351595 0.402762979264685 0.00189864289232637 0.0158359099485024 0.00811878688152331 0.222905997753103 0.482351591112627 0.779518880609988 1.483272378539
