"Mean" "SD" "Naive SE" "Time-series SE" "2.5%" "25%" "50%" "75%" "97.5%"
"N" 11.0184666666667 1.25778673538943 0.00592926353253569 0.0231432958513611 10 10 11 12 14
"betapsi[1]" 0.369976592883458 2.62421405364954 0.0123706636841375 0.0194551260815135 -4.63777613507922 -1.00829321002512 0.0835941654180251 1.54306639288244 6.62970754639405
"betapsi[2]" 0.357965908555946 2.61203365548437 0.0123132447365366 0.0201693755414857 -4.53236942527227 -1.00496892677372 0.0752901029024909 1.5049415505753 6.57178860170055
"betapsi[3]" 0.389217502784974 2.57388008065505 0.0121333870599478 0.0188686922586405 -4.49484888067937 -0.976269868036984 0.0978376824356267 1.53576777381881 6.53612506112585
"betapsi[4]" -0.717068209181861 3.29421589997088 0.0155290826770797 0.0434961638035341 -8.36582172056002 -2.21541739708926 -0.218009005101566 0.87891903446765 5.73472696830849
"betapsi[5]" 0.334644433325152 2.59991663344958 0.0122561245468793 0.0185782199383925 -4.59280760393648 -1.01844738591116 0.0695570807619125 1.47968554637919 6.47616446156178
"betapsi[6]" -0.742465395428773 3.32657714042505 0.0156816350275647 0.0499755455316106 -8.49649295070234 -2.22903868592584 -0.200832872922866 0.92103075304296 5.61657418920694
"betapsi[7]" 0.40728001391742 2.6168613261367 0.0123360025942406 0.0197530225786131 -4.47438707319128 -0.963197204102203 0.099925539099758 1.54891707167672 6.68946396609485
"betapsi[8]" -0.747275940777557 3.29846883347583 0.0155491311978882 0.0462277331133108 -8.32469608017302 -2.27444046800757 -0.204168522027904 0.900929988736941 5.65098446155152
"betapsi[9]" 0.352023037586239 2.58382959947119 0.012180289541444 0.0189819028827709 -4.54541533444989 -1.00515973664574 0.0782918228353151 1.51248854537233 6.45287695789775
"betapsi[10]" -0.79612575186214 3.34425925177917 0.0157649892998594 0.0466222085261545 -8.48050644342628 -2.37430400255527 -0.232712818460867 0.862837533019751 5.64034038137976
"betapsi[11]" 0.370481319378698 2.59367194714712 0.0122266868133403 0.0193151519075198 -4.50770155124965 -1.01579211753547 0.0873525155155249 1.51261940451215 6.51926768165341
"betapsi[12]" 0.373956362320666 2.6235382218554 0.012367477782507 0.0204314474704648 -4.53182457293289 -1.00737890227705 0.0910233894581884 1.53691127030041 6.70944995950399
"betapsi[13]" 0.35366913151127 2.59868542089385 0.0122503205552311 0.0192109750044852 -4.60909775833675 -0.998566522514665 0.0731687753988284 1.51912131346446 6.55665291711261
"betapsi[14]" 0.386668006927953 2.5932232788732 0.0122245717708137 0.0200804897520613 -4.49097143507474 -0.974270878743407 0.0933008491890757 1.5280356575895 6.61277922811291
"betapsi[15]" 0.398958486862924 2.62773709104814 0.0123872714417037 0.0197020634318958 -4.52018417605941 -0.98646469382395 0.0914565401357848 1.57325981827579 6.64331917305151
"betapsi[16]" -0.742918407806325 3.30226211462865 0.015567012896729 0.043023827683413 -8.43523028803931 -2.20890608163563 -0.206053651722237 0.902119073047075 5.60735574989842
"etap[1]" -2.51487456564163 7.05898021147377 0.0332763518386317 0.639887362644218 -17.1398031374995 -6.35828992607479 -2.81900621724075 1.9463968694596 11.2078939403907
"etap[2]" 2.03556549236094 5.7441843906518 0.0270783449001053 0.412658468763951 -9.10913091531033 -1.62779980071631 2.24665523977561 5.12442358735384 14.0135591562631
"etap[3]" 1.1247671643744 4.11474187686774 0.0193970792264363 0.191706909225126 -6.64430023356002 -1.16128215325959 0.946889650405808 3.16556388874218 10.0645217952767
"etap[4]" 0.354747281414792 3.18586334735304 0.0150183038456467 0.0589580572880169 -5.66350583899058 -1.32705849396049 0.220146006287817 1.86271662522639 7.15847378994968
"etap[5]" -0.655361375596114 3.65336542511267 0.0172221297749976 0.0971220966484619 -8.52787069932893 -2.38666893795195 -0.493089225584384 1.26574584786835 6.18680391294825
"etap[6]" -2.50645582265272 7.12372653002832 0.0335815689113436 0.666688613548744 -17.4577893091703 -6.33368607863861 -2.78892429909237 1.92111074515458 11.3288297794635
"etap[7]" -2.51687132686672 7.11303321577478 0.03353116014453 0.690884915569919 -17.5808135232944 -6.36331959905939 -2.77898578649447 1.96409162909191 11.3183847633733
"etap[8]" 2.05373883762642 5.81933166093347 0.0274325925294642 0.420509123698321 -8.95442253612813 -1.58407951573814 2.21893801854244 5.09695218157689 14.5121021720076
"etap[9]" -0.667395845546698 3.55284584396888 0.0167482759252056 0.0967314903211254 -8.37252127476112 -2.37419498556282 -0.491942681946093 1.26738796227085 6.04718189627096
"etap[10]" -2.48109405908951 7.19757514431146 0.0339296946176158 0.647572349295871 -17.6026646985433 -6.31299740808506 -2.75675345368812 1.93812228520659 11.4895680253479
"etap[11]" 1.84547951926596 7.86681834986756 0.0370845373436941 0.290670644906062 -13.3031255613683 -3.29225739079387 2.18838041889637 6.3831812632738 17.9426139056289
"etap[12]" 0.973682308828218 7.02729701449474 0.0331269958157414 0.135982741139823 -12.6211445194497 -3.27843242456241 0.92984235242217 4.88082631458086 15.5100326276876
"etap[13]" 0.460570060776812 6.70692829877666 0.0316167632066462 0.0743239381214241 -12.7555210157232 -3.39711881244986 0.383156489015861 4.13403044815831 14.4217120977476
"etap[14]" 0.124048695718459 6.59885936124665 0.0311073213495589 0.0514751026659111 -13.1783667748278 -3.47627971939878 0.13580925367209 3.70329604317513 13.5649161180401
"etap[15]" 0.0909881953042302 6.63082398801717 0.0312580040452091 0.0492460804686726 -13.3022712102199 -3.49730148394512 0.0482316733152136 3.64074150153489 13.5145792768421
"etap[16]" 0.0306250429916104 6.52537817566227 0.0307609277187833 0.0441327685506313 -13.1605678091947 -3.50484582499617 0.0559337909233453 3.61511526968669 13.2697782276968
"etap[17]" 0.0511789582801498 6.41705571971226 0.0302502907644031 0.0448092654453728 -12.9049898063056 -3.44585308589907 0.0507552878718138 3.54954466202266 13.1585169100555
"etap[18]" -0.0808886045451065 6.63354819719142 0.0312708460904123 0.0463836785857339 -13.768367505747 -3.6043566216217 -0.0502863212237946 3.50984339253923 13.2490629951665
"etap[19]" 0.0708341412352665 6.53840179795873 0.0308223216630595 0.0476885928103566 -13.0418777320721 -3.47403187562627 0.0416611664563064 3.52486325048149 13.6018067668285
"etap[20]" 0.0141928728285785 6.54996656967171 0.0308768385197337 0.043438172544005 -12.9715705642807 -3.49075678012524 -0.010532535868319 3.50766885339032 13.3631926595036
"etap[21]" 0.0424870702289973 6.44119333999317 0.0303640765976186 0.0422545569804146 -13.1979271277824 -3.46392548888057 0.0385050869714455 3.54298311007816 13.1370428468224
"etap[22]" -0.0498549448884373 6.50464433248693 0.030663187444721 0.0444980898509357 -13.4974791800905 -3.55969040138693 -0.0663733371114131 3.50083287718439 13.2481939367631
"etap[23]" -0.0544240402855245 6.497680730885 0.0306303607119597 0.0461000354159782 -13.5060823715544 -3.52252402119797 0.0204983561488229 3.47797284280722 12.9329910681034
"etap[24]" 0.0734191152286211 6.52132576051684 0.0307418244505865 0.0500863121617698 -12.9017332536155 -3.46896106727583 0.00800831761834881 3.51165716847667 13.2048926579469
"etap[25]" 0.082046580022551 6.39830812845921 0.0301619137716967 0.0430381388877486 -12.9288927677379 -3.46364456477776 0.0306483838799852 3.51161134629637 13.3406419789126
"etap[26]" 0.0204473537298863 6.48164073468013 0.0305547474447152 0.0424437397842031 -13.2128344269074 -3.49520632470819 0.00958362536293533 3.51349507995968 13.3206243367439
"etap[27]" -0.0372534843220937 6.39960708304381 0.0301680371023316 0.044220567837149 -13.1757043178482 -3.55472299315809 -0.024848733644999 3.48362836721577 12.8934798207694
"etap[28]" 0.0803705616448622 6.46709676508792 0.030486186514555 0.0428554864107384 -13.0087784241089 -3.46798584275698 0.0305881214265543 3.56644822341766 13.6744366117374
"etap[29]" -0.0207073052966329 6.47278628723927 0.0305130071791879 0.0461951107103298 -13.1847498136772 -3.50067565646287 0.0298064826489295 3.45346897750048 13.2301550548418
"etap[30]" 0.0510040077116072 6.54821839135432 0.030868597528114 0.0442221095786074 -13.280747227275 -3.49801172479077 0.0255318632284675 3.56367753978095 13.561938127331
"etap[31]" -0.0263468186231381 6.56410462763534 0.0309434859641263 0.0473954052557794 -13.3950375373043 -3.49319902170755 0.0177521413294826 3.51658315232724 13.1482482867759
"etap[32]" 0.0326172332059333 6.55608264849573 0.0309056699918053 0.0448210851753424 -13.2175221425864 -3.47831169454295 0.00580112379504893 3.52962827269553 13.3979343449581
"etap[33]" 0.0037037902397384 6.52985556615262 0.0307820343399683 0.0435666866439069 -13.5259976509645 -3.51645608384611 0.0369868339910736 3.53469733295889 13.5495118062439
"etap[34]" -0.0425644698671686 6.50786241252506 0.0306783576195034 0.0471047957641023 -13.2921502426813 -3.51057699928256 -0.0409651819650869 3.45325491132864 13.1032940647219
"etap[35]" 0.0421250288904165 6.55952038535455 0.0309218756387706 0.0445559325346316 -13.0052523919363 -3.55987289226347 -0.0107072712288192 3.51284766721283 13.5881596117696
"etap[36]" 0.0636460681256931 6.57851851877611 0.0310114336985858 0.0444174703742342 -13.2407322553254 -3.4539733892405 0.0517086651400474 3.5577974058855 13.3447257855976
"etap[37]" 0.00743456915398927 6.54178677786643 0.0308382786113723 0.0458539716310681 -13.2795743260882 -3.50156244784891 0.00742618181500494 3.49712727029257 13.1925686044746
"etap[38]" 0.0738312613911421 6.43766234674971 0.0303474313358402 0.0463820211090513 -12.902527281207 -3.48052193827748 0.0524764685513145 3.56671649678983 13.290359821622
"etap[39]" 0.0698648597167088 6.37664509584765 0.0300597932566254 0.0474103721364022 -12.7233130034194 -3.44877528317455 0.0301408785915473 3.5437727778231 13.1910109376246
"etap[40]" 0.0583812227465052 6.47820911110843 0.0305385706160616 0.0447770630912938 -12.8114554471825 -3.47591014485763 0.0322345064282073 3.53789927842923 13.332347305416
"etap[41]" 0.0101778479734947 6.51373962334057 0.0307060630569842 0.0469721701476292 -13.2721772729265 -3.48430449341109 0.0406374976608678 3.4552372729496 13.4097832036508
"etap[42]" 0.0278992117035965 6.48195091368305 0.0305562096425575 0.0440741804229572 -13.2469582149634 -3.49215297789649 0.0262779875086344 3.55482539078602 13.3442927810746
"etap[43]" -0.0247348684714713 6.51655802050971 0.0307193491086534 0.0446177308589795 -13.254630423355 -3.56870724983134 -0.0416026377896523 3.49876426925456 13.4750211819401
"etap[44]" -0.00228339211127685 6.51690056694928 0.0307209638880553 0.0419925408420696 -13.1227653675746 -3.57192312011629 -0.0121433332752933 3.4922692134519 13.4134899172062
"etap[45]" -0.0825420784757015 6.48332077769898 0.0305626672434573 0.0476980866183009 -13.2849051831066 -3.56790382176033 -0.0626900480228389 3.49037966129592 12.7589128746534
"etap[46]" 0.0415183393085093 6.61037527571838 0.0311616078909891 0.0457698852494021 -13.3228449119168 -3.52809796920734 0.0318252288324719 3.59099178597949 13.5443818322448
"etap[47]" -0.0743696695060912 6.57053540125898 0.03097380092171 0.0454364508891573 -13.5231042374822 -3.65197729485958 -0.0820055799136446 3.49787119035199 13.1879742370394
"etap[48]" -0.056608635719298 6.57118968257016 0.0309768852333896 0.0493963392514715 -13.6296063157983 -3.5273191251547 -0.0374902696626919 3.46659080682961 13.2695081521025
"etap[49]" -0.109833122212771 6.49278874709662 0.0306072996792248 0.0461781034313811 -13.3586635543479 -3.59756463671107 -0.0789562703178655 3.44281972216795 12.8013956472427
"etap[50]" 0.025637487100637 6.51683033701397 0.0307206328209653 0.0489856278079376 -13.3825495986084 -3.47391277806167 -0.00568419001896036 3.49346730740704 13.4339671119589
"etap[51]" -0.0600289945714882 6.56871772028614 0.0309652322914305 0.0475158682685302 -13.2867226500305 -3.55153164724783 -0.0342546955131415 3.50558507996765 13.3232257822491
"etap[52]" 0.0213681200238603 6.56485538258658 0.0309470250569065 0.0454563793132367 -13.2661325673291 -3.5396032091035 0.0110951498269748 3.52749913141132 13.4199997598912
"etap[53]" 0.0413298730860318 6.51586915886826 0.0307161017837335 0.0439826100128781 -13.09158037826 -3.50369898121805 0.0306640504075418 3.49176892286189 13.4255327098219
"etap[54]" 0.0177019226178956 6.56851000095923 0.0309642530931329 0.0477246969979479 -13.1852278225699 -3.54015885039755 0.0352761560604698 3.56231282962269 13.5944989976642
"etap[55]" -0.0433235280689361 6.42535224516407 0.0302894009604515 0.0430618237012406 -13.3972272437296 -3.50603950076873 0.00538928769006463 3.47647246948779 12.9546398136195
"etap[56]" 0.0273549733388715 6.49240851315103 0.0306055072392158 0.0456990866854758 -13.2990241051007 -3.47958519763468 0.0322665970524662 3.55482297908257 13.2605136045859
"etap[57]" -0.0267168978126608 6.44699182645095 0.0303914109249181 0.0434386944728997 -13.0762412510466 -3.49550703553661 -0.025562240791156 3.43564730300978 12.9207396119394
"etap[58]" -0.0448381176798082 6.53512777266682 0.0308068877598216 0.0518957126770645 -13.6633795666077 -3.50266776394341 -0.0282213981224931 3.50442110295595 12.9178785189664
"etap[59]" 0.00140222917291729 6.52984603087252 0.0307819893902268 0.0449655882118389 -13.4839265813003 -3.50837606482789 0.00353204390951727 3.56634203639086 13.3651449843555
"etap[60]" -0.00268586478083779 6.5814974595666 0.0310254765601439 0.0458797049456343 -13.4113309905027 -3.56149818471259 -0.046657588845737 3.52779469426764 13.6605434462389
"etap[61]" 0.0510760097449039 6.60710624606104 0.0311461975373984 0.0447543531791438 -13.3481591144286 -3.44875710905273 0.0167651377173593 3.56857951486534 13.6479156135987
"etap[62]" 0.000267782411737964 6.5179259743677 0.0307257977049822 0.0485813188723652 -13.2292468959481 -3.51454327761349 0.00566944972203308 3.56688052392034 13.1041019051381
"etap[63]" -0.0483485640905857 6.53646726769924 0.0308132021999602 0.0460962496499018 -13.5665414978814 -3.53292527334632 -0.0317098480355888 3.45844305939237 13.0327941314972
"etap[64]" -0.095502627819966 6.51380514535458 0.0307063719307203 0.0470630892518833 -13.4503951918444 -3.55612871700692 -0.0699394392152965 3.45401526179389 13.038997151852
"etap[65]" -0.00972785712140942 6.44777815920854 0.0303951177330858 0.0459494003031697 -13.0816391058002 -3.51936881462598 0.0211638851541658 3.46205774541628 13.0811642685023
"etap[66]" 0.00462728357231098 6.57066302425579 0.0309744025422865 0.0480911329453791 -13.2355250368752 -3.54161070567811 -0.00651962983603257 3.54127931437754 13.3441591052436
"etap[67]" 0.123586260625054 6.56418694382424 0.0309438740063621 0.0429304105074649 -13.0512440250368 -3.43939493920834 0.0703356454986456 3.67528717699566 13.5305149432891
"etap[68]" 0.0222544585531154 6.45960690425724 0.0304508789719982 0.0439187470789635 -13.1136210963944 -3.50058690561701 0.0408833422768804 3.58655157660417 13.0418328212283
"etap[69]" 0.0588559159043632 6.42520384137678 0.0302887013782892 0.0460324439356895 -13.0143179182503 -3.51236228741995 0.0565282660864284 3.56658924696047 13.3417780638495
"etap[70]" -0.00971267238845501 6.56152794794288 0.0309313393795698 0.0467231930995787 -13.4055266062166 -3.50106309230995 -0.00975399935592104 3.56082292701401 13.389435679194
"etap[71]" -0.00371751115023556 6.51726976235002 0.0307227042918649 0.0452737269255304 -13.2757284443351 -3.47308812014725 -0.00193222817272067 3.49086591737178 13.1401684156292
"etap[72]" -0.046253479497625 6.56185721188957 0.0309328915446998 0.0475311385663797 -13.2738032349338 -3.50591847005314 -0.00867708404419909 3.47858489140274 13.0129605942897
"etap[73]" 0.0190949222103317 6.47576043323064 0.0305270274378462 0.0423204965381018 -13.2955505866992 -3.50538492890629 0.0238478823384142 3.49985751988026 13.4179065323014
"etap[74]" 0.00986658611935266 6.51724841718441 0.0307226036697893 0.0475463743881547 -13.2270029979598 -3.5228098539912 -0.00746602971093705 3.49261405951965 13.2760324613315
"etap[75]" 0.0344119181774865 6.55170786361484 0.0308850470581019 0.0443810044382104 -13.2131056359612 -3.51498128369705 -0.0207759172955189 3.51349984710344 13.706057963386
"etap[76]" -0.0785012369836108 6.41297721447365 0.0302310645063276 0.0443622700322427 -13.3268911895172 -3.52946608908993 -0.0574306880258003 3.4182097700615 13.1086187901826
"etap[77]" -0.0102680910554713 6.49821206401553 0.0306328654403574 0.0455426268029454 -13.2409614499792 -3.52093271575551 -0.0250148102728838 3.49615208216743 13.294334415323
"etap[78]" -0.0191427468186953 6.50655854420024 0.030672211125275 0.0443275511851114 -13.2652818149292 -3.5436091784222 -0.0221665127923624 3.53698632049317 13.2749649030471
"etap[79]" 0.014972624322052 6.49671431733907 0.0306258049948146 0.047288586419549 -13.2069722178221 -3.50766011495314 -0.0045525709644505 3.52366068258824 13.194128258957
"etap[80]" 0.0845418650480322 6.48335667250211 0.0305628364531819 0.0451656790688298 -13.0726647371766 -3.47104665541924 0.086404771644537 3.60864594275549 13.2111370081734
"etap[81]" 0.00794930323739164 6.61001621558545 0.0311599152652901 0.0460916167499242 -13.1229347015867 -3.46675133667829 0.0165666685361871 3.51717089322874 13.310558099671
"etap[82]" -0.0897358452913966 6.48867077363562 0.0305878873661647 0.0483813332533407 -13.5577952030767 -3.52367492975863 -0.0652161254599908 3.42375613939999 13.2254662348178
"etap[83]" 0.00959000861348404 6.43379928252084 0.0303292206764242 0.0461457279578419 -13.2597702319113 -3.47105187495842 0.0156459379408174 3.51971072992465 13.0728621774
"etap[84]" -0.0251348862255319 6.51448957568729 0.0307095983662504 0.0476780930706138 -13.3779794138306 -3.55504207827623 -0.00764481002890302 3.50491911334349 13.2263312917091
"etap[85]" -0.0501316932574537 6.51936250491263 0.0307325695749136 0.0472501412478446 -13.3720594626011 -3.56416223036834 -0.0412948578249695 3.49406774235901 13.2188325628525
"etap[86]" -0.00547025924935623 6.55925444785091 0.030920621997356 0.053429543352241 -13.4117450101151 -3.54124983444538 -0.00989998425667447 3.49209891762151 13.3311158797471
"etap[87]" 0.025290814504132 6.58398795617281 0.0310372168737357 0.0463586579733025 -13.3972935334223 -3.49540260446055 -0.00874587865092417 3.51582821914207 13.4255698139032
"etap[88]" 0.035678933207402 6.40012956258301 0.0301705000944996 0.0433392316006338 -12.9766397118113 -3.49086352820796 0.0382167303276448 3.52061437526432 13.1238520376544
"etap[89]" 0.00106806814205083 6.50292578401138 0.0306550861295153 0.0503375554486033 -13.250007778164 -3.52160288307299 -0.0153531641837899 3.50139937234071 13.3980304745583
"etap[90]" -0.0304248788445128 6.56233530031813 0.0309351452751654 0.0492424391834684 -13.6131824731523 -3.5112540162834 -0.0158781546440603 3.45222750055568 13.3762292154614
"etap[91]" 0.0501993273368454 6.60463375170044 0.0311345420872062 0.0475619900198904 -13.384936977195 -3.51190108769891 0.0114275802027233 3.59171288596552 13.7166670400707
"etap[92]" -0.0508546854422112 6.53223968498899 0.030793273183944 0.0441828460245588 -13.5741773641374 -3.51364351474856 -0.0257930324193418 3.50857178362273 13.1229659966083
"etap[93]" -0.0456703630596611 6.56568907953707 0.0309509551420208 0.0484909109112458 -13.5545046264739 -3.53561863257719 -0.0296550139845075 3.51005627196963 13.2969891626033
"etap[94]" -0.0262062466677669 6.46967869518026 0.030498357849734 0.0449006770041364 -13.3305232908653 -3.54132436001572 -0.00042490196182563 3.54045957082373 13.2987068207628
"etap[95]" -0.098689101690609 6.50464362926429 0.0306631841296977 0.0474996590846919 -13.489393829868 -3.65281406421992 -0.06282736695555 3.47815010492124 13.063279500689
"etap[96]" -0.0447861804361502 6.51940131397384 0.0307327525225826 0.046765094718423 -13.4151378478789 -3.50850525756448 -0.0326629764741046 3.48879484481591 13.1657675978995
"etap[97]" 0.0591855898418389 6.46435781024216 0.0304732749575897 0.0428107363298706 -12.8917250466451 -3.49047867031344 0.0562353968134302 3.55621166557135 13.2492723522822
"etap[98]" -0.00579933290499324 6.62799284756818 0.0312446579211427 0.0477879760890551 -13.4118303656921 -3.44637592583616 0.0373867600467068 3.52895477127478 13.1831034347416
"etap[99]" 0.0953461760479688 6.45887820544664 0.0304474438528621 0.0468827037818298 -12.8526022240504 -3.4595806853979 0.0374401809736176 3.54654193099153 13.5878039356666
"etap[100]" -0.0428796666169616 6.61131797594142 0.031166051822458 0.0559468647051806 -13.5383436594186 -3.48682759099976 0.024253789748655 3.49580623278039 13.3089360907218
"etap[101]" -0.0120709887064638 6.46736183259167 0.0304874360547508 0.0448863536405976 -13.1791550836375 -3.55706406193443 -0.0000771697089134105 3.47737639909251 13.440479461604
"etap[102]" -0.0032250005685854 6.46357161090665 0.0304695687783797 0.0444336972132168 -13.1484829863157 -3.57043667005038 0.00861214640637479 3.51496375430612 13.1288216604794
"etap[103]" -0.0905314317912883 6.49370859040453 0.0306116358621625 0.0490579768473052 -13.6504481461809 -3.51953068218124 -0.00453951605888957 3.47689214503916 12.9384017009121
"etap[104]" 0.0223204888533979 6.52844092529188 0.0307753656589978 0.0475902205449888 -13.3893014170765 -3.50851855181266 0.0102999936374935 3.5128352140775 13.3146513041004
"etap[105]" -0.0237440284315766 6.60150072211064 0.0311197728440822 0.0514524858407818 -13.2928486657197 -3.52305901324718 -0.0242905564782241 3.45356078058316 13.1932155920746
"etap[106]" 0.0113529850605242 6.49819536467552 0.0306327867189137 0.0444563173891976 -13.1955072640352 -3.52143267535619 0.0307026070581339 3.50729628241183 13.3327706290796
"etap[107]" -0.0226233268302523 6.5974122340515 0.0311004995265394 0.046579260323124 -13.4895180750912 -3.59627236026997 0.00324684854741699 3.56362396258143 13.4340029110483
"etap[108]" -0.0339555716119899 6.56614329545644 0.0309530963363989 0.046769739897142 -13.3271205012497 -3.59501140731132 -0.00596759529355548 3.55090234504007 13.2363184818318
"etap[109]" -0.0970444482190276 6.55679348885666 0.0309090209254023 0.0558895751630853 -13.4234676256902 -3.62741737239467 -0.0795802896266129 3.47224865652807 13.2513032761585
"etap[110]" -0.01269225867339 6.47254525454228 0.0305118709401577 0.0473581263490124 -13.3872050355149 -3.51654901705124 0.0431402638717709 3.54064117382548 12.9899061925526
"etap[111]" -0.0614764800640088 6.4835703157195 0.0305638435769671 0.0427256070493102 -13.3799456569811 -3.56888799807685 -0.0222957581632611 3.48539261394028 13.2075131289322
"etap[112]" -0.0271355731694136 6.53325094980598 0.0307980403320084 0.0447281140959773 -13.4816876355318 -3.53205112785184 -0.0337689445224941 3.45437643597273 13.2802489948037
"etap[113]" 0.0100960648398569 6.5792001608429 0.0310146469901043 0.0449524768327509 -13.5445821388116 -3.54488302116543 0.031783947492386 3.56048909786048 13.4137711171902
"etap[114]" -0.0204749101851678 6.44654445928823 0.0303893020158885 0.0461509146366148 -13.1022290824359 -3.51493575189311 -0.00780444694791842 3.49612572070576 12.9828404962337
"etap[115]" 0.0664225957122958 6.55089904103479 0.0308812342318944 0.0523035492795329 -13.1002900527001 -3.48669121456187 0.00717826201446259 3.52409396061757 13.6636515134918
"etap[116]" 0.012592807562891 6.54986072106805 0.0308763395446308 0.0471544096972219 -13.1737944187425 -3.48706567581003 -0.0164272918308874 3.46954429251319 13.5234468249
"etap[117]" -0.00990184777281949 6.60778588293911 0.0311494013763665 0.0498206677964838 -13.7164896119549 -3.53587396871205 -0.0406774890964296 3.46552672304348 13.5908222079748
"etap[118]" -0.000192365056186345 6.46685070094939 0.0304850265570819 0.0462871946258443 -13.23826103936 -3.50850198600586 -0.0018224727845735 3.56778293282945 13.0780718775652
"etap[119]" -0.0182904765927939 6.65442683572325 0.031369268936331 0.0545256159020564 -13.5909925834235 -3.51900334102586 -0.0255819418134376 3.43256374005159 13.2602695293113
"etap[120]" -0.0787476356474859 6.57248831301036 0.030983007035993 0.0463179501132095 -13.5098400614181 -3.56672918429581 -0.0437779336337772 3.48082346598799 13.0332910996487
"etap[121]" 0.0310497639228152 6.52325918740929 0.0307509387123637 0.0472504427706422 -12.9692660628137 -3.46874928618373 0.00828912409756485 3.52338801919077 13.446178007641
"etap[122]" -0.0356571327483825 6.53926122895601 0.0308263730596338 0.047752912288183 -13.2555444141752 -3.49326880670576 -0.0335097173897162 3.44157523347224 13.1570851622573
"etap[123]" -0.035617276564841 6.53420826211136 0.030802553145494 0.0445310215328713 -13.3479510035847 -3.54843810360977 -0.0562688451861048 3.4285424421969 13.4167811566518
"etap[124]" -0.0507186786467765 6.45653323467881 0.0304363895546513 0.046177204970493 -13.2594291433484 -3.52945114857589 -0.0494566232994246 3.47525866732741 13.0690550170801
"etap[125]" -0.0306983248016067 6.4960078836005 0.0306224748342346 0.0445613457357349 -13.4380958426139 -3.49586799257707 0.0122226536272088 3.47948971803905 13.0857882126563
"etap[126]" 0.00502838757858639 6.47958644096367 0.0305450634112654 0.047426109221317 -13.0852466964396 -3.5061638240759 -0.00374715212784799 3.50188360094499 13.0996289034782
"etap[127]" 0.0283819056353822 6.39346599265713 0.0301390877246229 0.0445054708125023 -12.9652628933352 -3.42458342106447 0.0283604877286204 3.52249964507515 13.0978149909223
"etap[128]" -0.0361709509131435 6.45167183370999 0.0304134726907105 0.0443665317993475 -13.3057516148051 -3.52921585097754 -0.0193433689668244 3.50717628929751 12.9532799739646
"etap[129]" -0.101825533524047 6.44749180767073 0.0303937678589912 0.0431665694946426 -13.5234825920234 -3.60168352340721 -0.0171366507666416 3.46317270189176 12.8426696939905
"etap[130]" -0.0533895917716914 6.5710833148302 0.0309763838110547 0.0482063298071933 -13.3245683309688 -3.60079765560318 -0.0366111446738758 3.47845801120601 13.4004165217661
"etap[131]" -0.00607742373918286 6.45847548137753 0.030445545393394 0.0441780149421799 -13.1787382189297 -3.51491896672028 -0.0177223258741921 3.51080628596492 13.1966867713583
"etap[132]" 0.0267000035326139 6.56810838168818 0.0309623598417327 0.0488108419359815 -13.3033862462009 -3.54681309041844 -0.00582603340875663 3.55948102692622 13.5506477086006
"etap[133]" -0.0115508640580711 6.56947766191489 0.0309688146906237 0.0483539137732083 -13.4164150951296 -3.54535223451189 -0.00692868311038109 3.48475640225999 13.2447896572556
"etap[134]" 0.0314147476642233 6.49998482867839 0.0306412223331211 0.0454468715694523 -13.1717353087471 -3.46916185982616 0.0317657102571247 3.55384274474409 13.2737156080075
"etap[135]" 0.0869858539188442 6.58247303631893 0.0310300754730581 0.0456867496913257 -13.220461584228 -3.45572936300616 0.0899634428893201 3.5775816661235 13.6845516752964
"etap[136]" 0.0360918233380822 6.51485782053055 0.0307113342890891 0.0455041516987319 -13.0748333817046 -3.54479902131604 0.0252653214916691 3.55972618147082 13.2357333685737
"etap[137]" 0.0490333963085268 6.50248988419427 0.0306530312780713 0.0452741832307022 -13.0861171744631 -3.48963760686742 0.032580571672777 3.56277983890903 13.3492175472993
"etap[138]" 0.0319265893350863 6.53657970325891 0.0308137322262715 0.0497053595630384 -13.160867358311 -3.45071692548786 0.0375175779388505 3.50830014124056 13.2931058419735
"etap[139]" 0.0597263558605692 6.53821610014321 0.0308214462751622 0.0464659478553219 -13.4084611929773 -3.47053409880118 0.033965904667514 3.59149321288709 13.507588522701
"etap[140]" 0.0866208074093662 6.4709598008454 0.0305043970397556 0.0439123961131754 -13.2709393756786 -3.46078422167386 0.0584108983358324 3.55131960374078 13.6375982433683
"etap[141]" 0.0339612945809072 6.49991123870878 0.0306408754266775 0.0462147249661225 -12.9430618603695 -3.46437008736521 0.00892104433187871 3.50387262350347 13.1338631715961
"etap[142]" 0.0463614715685574 6.50130409250929 0.0306474414024612 0.0450976264567958 -13.2318376938389 -3.4763592229326 0.0321907418575573 3.53828302986213 13.505503354296
"etap[143]" 0.101641110836889 6.51662671066271 0.0307196729171399 0.0435602325429745 -12.9890320287019 -3.49889103337146 0.0551983779990205 3.59989734806348 13.7757800915834
"etap[144]" 0.00302193639926668 6.49274726978474 0.0306071041533015 0.0468141655385565 -13.3243399657355 -3.48854735718592 -0.013559698214298 3.4938707652589 13.3880353662599
"etap[145]" -0.0127016148735642 6.50666933004764 0.0306727333747681 0.0442833711772272 -13.0720505836655 -3.55126361711488 -0.0659692881571236 3.49338343659403 13.2999498533506
"etap[146]" -0.0269444580822163 6.47108546887926 0.0305049894445484 0.0472951331452102 -13.3593512312504 -3.53182633794189 0.00208849933421789 3.48972007834216 13.0208200352175
"etap[147]" 0.0112014037195439 6.50335815802575 0.0306571243601657 0.0434741942460451 -13.2336429394198 -3.49936190614185 0.0000591326135787459 3.4934759062297 13.5247093972587
"etap[148]" 0.0756396494609196 6.59042629897119 0.0310675675127513 0.0561992579744846 -13.1879261019054 -3.46890771953491 0.0217137041657822 3.5333193368067 13.4363672865928
"etap[149]" 0.0616665133436102 6.46045603035315 0.0304548817908016 0.0426274741850626 -12.9865991575288 -3.46741631365671 0.00538502190095749 3.52130080089535 13.2693507730277
"etap[150]" 0.0835957893911001 6.47553113500587 0.0305259465156485 0.0439497352570473 -13.0416138788717 -3.45908561345446 0.00949412134266027 3.58278197968733 13.26105182741
"etap[151]" 0.0766115039783785 6.50110535697232 0.0306465045541555 0.0454688632353407 -13.2575704229988 -3.415423442704 0.0361324296641794 3.55696353263109 13.5446216879742
"etap[152]" 0.0058278749431624 6.57512051302504 0.0309954153458585 0.047242868506876 -13.4368671519531 -3.5265470470669 0.0768218250103638 3.53248568485094 13.4257406306852
"etap[153]" 0.0613342674955533 6.50770379765728 0.0306776099018461 0.0498033950126368 -13.0355337190021 -3.46473332285159 0.0153426237815026 3.54170645616491 13.4784803530263
"etap[154]" 0.0664348794622866 6.50822642093434 0.0306800735716008 0.0463409537049217 -13.0339166388375 -3.47186272296804 0.0195137560229028 3.59235111072273 13.4377710441484
"etap[155]" 0.0180965699011028 6.54681138295666 0.0308619648269195 0.0498288538070353 -13.1022593614865 -3.4855903767234 0.0107136223142571 3.50178116538622 13.6670432434863
"etap[156]" -0.0257198297119481 6.56161683190817 0.0309317583826004 0.0493917643744261 -13.4728584123285 -3.52447224893454 0.0354119329043506 3.50504174494376 13.1913863952119
"etap[157]" -0.0411937317780862 6.57402220356328 0.0309902378654035 0.0473690220391649 -13.5284922633535 -3.52550844978304 0.0207332183768397 3.50806738871951 13.213663977701
"etap[158]" 0.0368147763728589 6.47470999810959 0.0305220756391975 0.043472172678424 -13.2254137784587 -3.4682817097561 0.032550817696131 3.50750995729011 13.4165582333899
"etap[159]" 0.0130609714080107 6.47918916926803 0.0305431906545324 0.0436822461406405 -13.2927771389684 -3.44396898296599 0.0460750911216102 3.50904868367949 13.2370044438881
"etap[160]" 0.0115522488421584 6.50196997182214 0.0306505803876449 0.0489992415718382 -13.1753275138841 -3.47785403726445 -0.0137144079232413 3.52451655950712 13.2376435058226
"etap[161]" 0.0141229235299908 6.54854167080054 0.0308701214820383 0.0458976901365674 -13.3308844807316 -3.49755371591403 0.0294203391527609 3.5509547570989 13.3147024607593
"etap[162]" 0.026697836279778 6.53109231139109 0.0307878644129331 0.0454925066643108 -13.1325563282363 -3.54457610307253 -0.0192544765182283 3.55081393039524 13.5746537602233
"etap[163]" 0.0235165998876188 6.54064479708936 0.0308328952623627 0.0431815787962185 -13.4734102268014 -3.45670173649434 0.022653822979987 3.51775916772779 13.2109174773497
"etap[164]" 0.0659943306653199 6.50358666525396 0.0306582015535699 0.0458826983644346 -13.2182893182491 -3.47809626686855 0.0531200352880685 3.61306694555795 13.5521446925721
"etap[165]" -0.0507008145841917 6.45190084429069 0.0304145522569411 0.0446487107874897 -13.1055356301592 -3.53598987511678 -0.0795357336824003 3.47369341065488 13.1634030329791
"etap[166]" -0.00759580287747383 6.46255486506831 0.0304647757925328 0.0425617409803704 -13.2878120111988 -3.46979881634959 0.0211070049994484 3.46440460737334 13.3330670577362
"etap[167]" 0.0190158855817353 6.43884091978049 0.0303529871823881 0.046181541667807 -13.2046003920832 -3.51305527379448 0.0144270789977515 3.541891647851 13.3672150139217
"etap[168]" 0.0401869703672636 6.58674937791133 0.0310502343406492 0.0434999473814571 -13.3378165175434 -3.49873300533772 -0.00426515907863415 3.54371079522143 13.5397560056587
"etap[169]" -0.015674380988784 6.51450976528939 0.0307096935409474 0.0462470652891564 -13.336691187715 -3.5339761261448 -0.036271909526929 3.52228083804683 13.192403908378
"etap[170]" -0.0605156832791872 6.48438985998939 0.0305677069457052 0.0477746143153992 -13.5968429301317 -3.52895515052578 -0.0152517950544349 3.52207891000662 13.0949614206077
"etap[171]" -0.0311710858623309 6.47290142344939 0.0305135499364875 0.046221200815123 -13.118417145636 -3.56221484563907 -0.0351546392509143 3.44307937444708 13.212613910144
"etap[172]" 0.0316422899270604 6.49937959161402 0.0306383692182382 0.047688475732685 -13.3804214437186 -3.47136275106752 0.000781971835091641 3.53972454392419 13.2973699990488
"etap[173]" 0.00846034780363309 6.4828629533516 0.0305605090387865 0.0481757921879026 -13.0172720553884 -3.51017037487895 -0.0175606430720605 3.49455184319428 13.3230463580733
"etap[174]" -0.0221835161186169 6.57647479730635 0.031001799503185 0.0485864484633826 -13.4192779479604 -3.59779452138333 -0.0137829932053833 3.52306083980538 13.4596433811846
"etap[175]" -0.0191788970390365 6.42696114612345 0.030296985392309 0.0431285970844403 -13.2198362115331 -3.54746591757636 -0.00891037010042335 3.50091329272419 13.2775565847133
"etap[176]" -0.0547946525047857 6.43309251977969 0.0303258889649112 0.0447224294579268 -13.5058853871962 -3.51089915680298 0.0108438297219557 3.45642970009074 13.1796302831995
"etap[177]" 0.0304533463510785 6.5886041982846 0.0310589780477413 0.0455175340710057 -13.5073090927575 -3.49012004587789 0.0281200871929512 3.55389751637506 13.4525749844096
"etap[178]" -0.0231415526368057 6.5402638778297 0.0308310995917521 0.0478097869513558 -13.3737594264113 -3.5785039030174 0.00552429322149592 3.52644435425247 13.3197559659031
"etap[179]" 0.0732659741320449 6.61750541663517 0.0311952196976096 0.054907694771536 -13.1643308580703 -3.48589266686152 0.0419732741968646 3.53003632847216 13.3951449337777
"etap[180]" -0.0507005834172016 6.54667586553835 0.0308613259916832 0.0499286930028256 -13.2596861305861 -3.52556258082309 -0.0631853344268693 3.4403852399655 13.1840374908453
"etap[181]" 0.0180712135123936 6.47337544672548 0.0305157845036406 0.0446186323979546 -13.1725221164373 -3.50843235382493 0.0211050014390103 3.47059854683467 13.2032004581518
"etap[182]" -0.0820614984807548 6.60514287113034 0.031136942099215 0.0481462098186032 -13.4567188945514 -3.61776247078456 -0.0354512851602139 3.45512929371029 13.1762358106307
"etap[183]" 0.00153622439888302 6.49679344956444 0.0306261780277024 0.044460388688809 -13.151426405259 -3.49705826493838 0.0321564234899735 3.50183138399835 13.2825499817041
"etap[184]" 0.0565676856393416 6.40783277291254 0.030206813376239 0.0436131738031948 -12.8136514796077 -3.43362105104603 0.0406864235943593 3.53335532120268 13.1675882858635
"etap[185]" -0.0209103432131932 6.5202136299607 0.0307365818168678 0.0480842755920235 -13.2726362329259 -3.56141923113859 0.00131638276445463 3.47322269819893 13.2805517757897
"etap[186]" 0.0382912122892948 6.51894292210525 0.0307305916425911 0.0451797337886657 -13.2813326238235 -3.48760326066153 0.0630543022639384 3.5328911904684 13.3478231621629
"etap[187]" 0.0537774023061997 6.56341722831899 0.0309402455326732 0.0451261970133358 -13.2245125560794 -3.4979244247255 0.0787121439168187 3.5853381692346 13.4954693814078
"etap[188]" -0.142039907688818 6.42410801156264 0.0302835355870052 0.041873978429389 -13.7168074289454 -3.59298478658425 -0.0702369054070637 3.43430643227045 12.7674152941763
"etap[189]" 0.00177934755299956 6.47003943987673 0.0305000584165417 0.0435954400060194 -13.1811145348603 -3.50384622059837 0.0126131916891066 3.52366964264534 13.2416534658952
"etap[190]" 0.0275840111540781 6.62491327722217 0.0312301406873106 0.0487094426952898 -13.5832294743909 -3.4772811779843 0.0308766543974741 3.57230534177655 13.4417759883682
"etap[191]" -0.0166213677156985 6.53300755834306 0.030796892973649 0.0488675692804319 -13.4307422800154 -3.50455262998064 -0.00449002732653326 3.50546452944513 13.2027386737165
"etap[192]" -0.0593581005721551 6.50479809284697 0.0306639122780094 0.0440066650205736 -13.2745632246469 -3.54861368011885 -0.0682609999793769 3.4371177728583 13.2889751250705
"etap[193]" 0.0310805572689542 6.45473413783266 0.0304279085307852 0.0446764590046869 -13.1362904052148 -3.51837221014936 0.0415680935186258 3.55597588967958 13.1161322085771
"etap[194]" -0.0441333962767066 6.52113937083525 0.0307409458012012 0.0454114635478117 -13.6003170634073 -3.53891508234588 -0.04110475232609 3.46420147743722 13.3947747434358
"etap[195]" 0.00304073306597383 6.50728922102032 0.0306756555688373 0.0450035163487705 -13.3361659766387 -3.48237376318391 0.0213495028523447 3.52769493081237 13.1720627617345
"etap[196]" 0.098719779717389 6.50220631421863 0.0306516945163865 0.0442452169294372 -13.1096508966293 -3.44774272136851 0.0814745133553174 3.59990294715818 13.5500040144353
"etap[197]" -0.0369467763096943 6.59409638813057 0.0310848684789656 0.0469615978948782 -13.3668873846959 -3.60757322747484 -0.0414935100988954 3.48653974079235 13.445905345359
"etap[198]" 0.0388396961190008 6.59705508781994 0.031098815923058 0.0567029192412871 -13.1673653599612 -3.47384778837146 0.033964582435527 3.56532548621627 13.4537861118127
"etap[199]" 0.0171305304620825 6.44777543447374 0.0303951048885628 0.0467305870495736 -12.8994794856259 -3.47994163659584 0.00738739141086722 3.54928011559074 13.2169068803003
"etap[200]" -0.00449336654058712 6.45857954767372 0.0304460359666189 0.0446181827817946 -13.1579735027425 -3.51066641073526 -0.0590727407750999 3.42898320485499 13.4600595390191
"etap[201]" 0.0118819709304614 6.47054425328569 0.030502438129773 0.0448353591114646 -13.1643100696079 -3.5295849957299 -0.00185121448474416 3.52375222531179 13.1967600662179
"etap[202]" -0.0181448957306876 6.57329475130923 0.0309868086225913 0.0467524654404711 -13.5052801925784 -3.54974636671246 0.0157250637704183 3.5539875121969 13.3017999764678
"etap[203]" -0.0500982744441798 6.48582095121054 0.0305744531744184 0.0450175368573482 -13.1796703932963 -3.56265197287565 -0.0515050627582964 3.44706891237081 13.2223729149012
"etap[204]" 0.0130077290946927 6.49531280785931 0.0306191982157677 0.0478936579118909 -13.1052236649143 -3.53163177642121 0.0232601247872692 3.58960197240778 13.3138162387434
"etap[205]" 0.0596615742660709 6.50426297543184 0.030661389710323 0.0475783778035523 -13.1787632125491 -3.46415567873339 0.0370569360762486 3.62752954228021 13.4373139781483
"etap[206]" -0.0828066879024526 6.50207502474507 0.0306510756118728 0.0458384744751985 -13.617394459653 -3.61499419659204 -0.0458985912374488 3.46196547818212 13.1823480591085
"etap[207]" 0.0408561925542356 6.60426652017394 0.0311328109411885 0.0493415175274796 -13.2566555382565 -3.45377551953275 0.0184086761227031 3.55386077586614 13.3905014704915
"etap[208]" 0.0129676991063826 6.53016552318038 0.0307834954914096 0.0429114166994288 -13.2731247076233 -3.47199082882205 0.000551121415518422 3.50427550828111 13.105569756851
"etap[209]" 0.0283076604124277 6.57989778371604 0.0310179356158663 0.0467481795028832 -13.3097658957459 -3.52986399169195 0.00643334778278037 3.53345436396058 13.5708965678992
"etap[210]" -0.0551290830478204 6.48889630830341 0.0305889505467846 0.0441225426453279 -13.3404272694561 -3.56769105542272 -0.045952828325822 3.47698892841128 13.0988022959684
"etap[211]" -0.0563506937202832 6.57767720342159 0.0310074676999705 0.0481148497524397 -13.4697891431951 -3.51706376230704 -0.0180494169268012 3.48870159659806 13.0592241557873
"etap[212]" -0.0187188862252956 6.4999847882152 0.0306412221423758 0.0484025048202018 -13.0831027785937 -3.54665075766754 -0.0231614687598397 3.49273946888036 13.379282394738
"etap[213]" 0.00191996879463776 6.55589148942391 0.0309047688592988 0.0462747431047704 -13.4199670193528 -3.48729542025457 0.031464114708523 3.50783621091639 13.4552276245474
"etap[214]" 0.104595979159769 6.49182292495522 0.0306027467499875 0.0465474174703634 -12.8724197380036 -3.42452436248469 0.0552266245127766 3.5560067313036 13.5316133085715
"etap[215]" 0.0769173874918178 6.4614960452888 0.0304597844682251 0.0484046787375835 -12.8938439837606 -3.45388949824741 0.0247684877984697 3.5492991006468 13.2924035865487
"etap[216]" 0.0393460279322664 6.49220032277203 0.0306045258203573 0.0453811262127366 -13.136749549164 -3.44986156435657 0.0255185618440513 3.51136207671841 13.5075098555107
"etap[217]" 0.0718288418477762 6.41798626041513 0.0302546773753442 0.0438011908066624 -12.9804342785463 -3.47781591910119 0.0511926271757409 3.50858869907401 13.3825574627333
"etap[218]" 0.0167291131670594 6.50947058829803 0.0306859386327995 0.0464568570487918 -13.3650991874143 -3.51027620743893 0.0451586361068905 3.56252415500054 13.2443952924584
"etap[219]" 0.0333691595244973 6.54892909292481 0.0308719478074466 0.0427463061872783 -13.081574050976 -3.49905446788133 0.00150921303238303 3.54517776803526 13.3633278728528
"etap[220]" 0.0672516267338198 6.53577403536461 0.0308099342713952 0.0458228004865426 -12.94066743218 -3.5147336538313 -0.0221574711755981 3.56844703633275 13.663021196226
"etap[221]" 0.0609732100482923 6.51387416665877 0.0307066973002686 0.0447500815350778 -13.2129661738683 -3.47698097568 0.0495685336716103 3.5600044724689 13.4739631925033
"etap[222]" -0.0145730599422307 6.63343050662475 0.0312702912917605 0.0498482365303294 -13.4218867609603 -3.56754072897983 -0.0228547653950987 3.50941692325075 13.5742185286752
"etap[223]" -0.0464846421922726 6.46024813487736 0.0304539017621302 0.0441215071914761 -13.2728970591683 -3.53285014711974 -0.0215011904611463 3.52170026524204 12.9787564330829
"etap[224]" -0.0103160535031373 6.50809449639909 0.0306794516733777 0.0451477316602 -13.3385484867061 -3.52666160775178 -0.0132969087440663 3.48285576170713 13.3236421791651
"etap[225]" -0.149946569969407 6.55829906550341 0.030916118281779 0.0468402137906495 -13.7514647025559 -3.61080573497144 -0.0927638612702527 3.39587270161928 13.0885098575979
"etap[226]" 0.0167608469473844 6.51728960748122 0.0307227978427106 0.0477578692758708 -13.1679720275031 -3.50319982706966 -0.0367286168675952 3.50618804716516 13.4244379570255
"etap[227]" -0.0485355852864066 6.46462576996209 0.0304745381318233 0.0438834076630973 -13.254395769083 -3.49004724427539 -0.0241433372265756 3.50100315775427 12.8386244423269
"etap[228]" 0.0834252720235821 6.46984246906039 0.0304991298872088 0.0415770279425646 -12.988718415551 -3.39306564051188 0.0871774906113177 3.56489760404345 13.2000097023499
"etap[229]" -0.00824888789544515 6.53300121727117 0.0307968630815494 0.0460855132136808 -13.3773567442293 -3.481050386346 0.0304270355012139 3.531642411528 13.2514998950481
"etap[230]" 0.00801075627308144 6.38317050378783 0.0300905543246555 0.0420143864598102 -12.894294290292 -3.51900899319285 -0.0201324214052069 3.47072830619406 12.9555465143277
"etap[231]" -0.0527959335331131 6.52598534008054 0.0307637899192997 0.0452312630944837 -13.5000762506605 -3.5456536720151 -0.00213261684388877 3.51510309662242 12.9667078619926
"etap[232]" -0.128764124857908 6.57635427677733 0.0310012313639627 0.0463216106251106 -13.8430467267909 -3.65947948319887 -0.0654251575998191 3.52215487125185 13.0076300412023
"etap[233]" 0.0407965893224875 6.55974759338946 0.0309229467077188 0.0471358354779587 -13.3041263558564 -3.45932316977883 0.0309729841336064 3.58140785917952 13.2769605905584
"etap[234]" 0.000317573396430085 6.4434193544789 0.0303745701305379 0.0462282822568092 -13.1945105508281 -3.50284775738737 -0.00259099073534943 3.46742819470318 13.2105339002812
"etap[235]" 0.00694633673112368 6.51400316433782 0.0307073054011594 0.0451736113775052 -13.3454978351602 -3.50147440308332 -0.0104382124593287 3.54270232615382 13.2631321537475
"etap[236]" -0.00816079491236603 6.57234139770885 0.03098231447062 0.0490786257339667 -13.4563389837312 -3.52026736225807 -0.00855810268188296 3.53836694411151 13.2615406121082
"etap[237]" -0.0432122695291505 6.49030888406681 0.0305956094927929 0.0431508885258249 -13.2508419056021 -3.56227272637486 -0.0293583928508969 3.45795657532281 13.2381836720356
"etap[238]" 0.0191392787889544 6.59447196361549 0.0310866389587806 0.0445790590134482 -13.426251868048 -3.49864708453425 0.0224148809682564 3.57434525130078 13.4126580836172
"etap[239]" -0.00157283909486644 6.5620952845656 0.0309340138300573 0.0457926133705673 -13.436468980503 -3.5320949563197 -0.0169981005350232 3.52313764155768 13.2357224648879
"etap[240]" 0.0361025030436458 6.57541547831549 0.0309968058255725 0.0486060883674334 -13.2504312802898 -3.46847118523098 0.0767154549148051 3.59067221109924 13.3188643913426
"etap[241]" 0.0495200586628337 6.48224550597885 0.0305575983639578 0.0453728258222725 -13.3328057961562 -3.47562380381311 0.0352259086094899 3.56689971093145 13.2783806746054
"etap[242]" -0.0277971518750715 6.59282459168005 0.0310788731730026 0.0439408822667989 -13.4391409974474 -3.53320612509365 -0.0120047077138526 3.49299688612591 13.4646178253677
"etap[243]" 0.0157394482023097 6.38965174687128 0.0301211071975543 0.0450166178590064 -13.1098500809698 -3.47493842705538 0.0515440081072532 3.54857047171912 12.9844744800451
"etap[244]" -0.0103283491406887 6.53627784009757 0.0308123092296824 0.0477794434249952 -13.3696085644767 -3.54630036199923 0.0033445572796924 3.49804565092257 13.4030059343664
"etap[245]" -0.0429859227991183 6.50489003956544 0.030664345718997 0.0472922862259791 -13.4538658670141 -3.56386478311502 0.0209010390341579 3.49051590045853 13.0349556333677
"etap[246]" 0.0460716760867162 6.45551901060706 0.0304316084565262 0.0452468209634102 -13.1942356988409 -3.45008597579363 0.00873213321885913 3.53073565948581 13.3941136812846
"etap[247]" -0.0370665895937073 6.49478171763887 0.030616694632459 0.0466404701656535 -13.5893052165671 -3.48895929150689 -0.0129947236093913 3.51481490967576 12.9092586123212
"etap[248]" 0.0427781142061164 6.53902533174249 0.0308252610295049 0.0464719642982373 -13.1385925532569 -3.52868868330936 -0.0318529818361913 3.52582682319149 13.5057801694932
"etap[249]" -0.00781040970987677 6.47935469506501 0.0305439709506224 0.0452817732416204 -13.0571551049178 -3.46735942183592 0.0311895173164603 3.50653813204127 13.1105465687434
"etap[250]" -0.0190310293654077 6.53407413613673 0.0308019208695861 0.0444868734442437 -13.2789196334042 -3.52372064618086 -0.0199049931011439 3.49717038748756 13.2145717346631
"etap[251]" 0.047908355041409 6.48273580729207 0.0305599096665138 0.0465289212384791 -13.1060169812703 -3.4824088709158 0.0216365778808868 3.5646494610743 13.2411327262621
"etap[252]" -0.00230475909711454 6.45470028629454 0.0304277489531041 0.0428071126906166 -13.1404595896146 -3.50005869882622 -0.020245701738672 3.49304621569468 13.236045440563
"etap[253]" 0.0224138631227345 6.5534560147295 0.0308932879214866 0.0534299485954031 -13.3855162521977 -3.49127903865476 0.0179896223362106 3.48655145088027 13.4966678763223
"etap[254]" -0.00749929170957313 6.50240981968357 0.0306526538503483 0.0431453685285576 -13.3486274225526 -3.5755212642302 0.00989017503333767 3.55051784923872 13.2550276832095
"etap[255]" 0.0404550898899172 6.46536004708455 0.0304779995473737 0.0451545945274603 -12.9872232304079 -3.49681028502101 0.0404967575934302 3.55588141095759 13.1817868507324
"etap[256]" 0.0423624313550934 6.54423824736276 0.0308498349494038 0.0462432531444457 -13.1148107711241 -3.54551117224986 0.042283173878776 3.55779033631032 13.4878438650451
"etap[257]" 0.0494694016669656 6.43830255857268 0.0303504493233163 0.0509391557845623 -12.9517855354766 -3.43754189847839 0.0427869615837592 3.5156567117328 13.2605961539908
"etap[258]" 0.0722205817090835 6.45934522613474 0.0304496454094988 0.0472340660260877 -13.2345207001277 -3.46575170466577 0.0471386287470582 3.55354725986878 13.5388827652642
"etap[259]" 0.122888804604846 6.61835764318421 0.0311992371320892 0.046182438393369 -13.1238915246392 -3.43527082452232 0.0789353313967964 3.60898283802162 13.7494680558515
"etap[260]" -0.0181812230289177 6.54856128313655 0.0308702139354769 0.0463452789711939 -13.3621990398582 -3.50115634395714 -0.0140620512353925 3.47833023850344 13.2626279665613
"mean.p0" -1.58785246770059 0.388708961357295 0.00183239161655815 0.0100110629621265 -2.43139140531802 -1.81167808454545 -1.56263287001899 -1.33431519062716 -0.8828436729468
"mumup0" 0.671109945629478 0.181538309834622 0.00085577979952804 0.00372349090971689 0.234701801754234 0.564581446138674 0.702054569322895 0.806692709840047 0.939896226067388
"mupsi" 5.5332174062725 1.35205147817416 0.00637363179153495 0.0155409601580977 3.12679038465565 4.57888194555587 5.45269599163111 6.39891335542861 8.39644666788793
"ppo[1]" 0.176488326064636 0.0814248542168023 0.000383840443825513 0.0013613354276046 0.0406371747918582 0.120332910714356 0.169042229316722 0.223391336489734 0.361762344276954
"ppo[2]" 0.176091903092277 0.0811307246581829 0.000382453903789199 0.00135808090634334 0.0403542088778867 0.120679232793643 0.168945959398289 0.222164243049958 0.363103169866851
"ppo[3]" 0.260329026359123 0.113779357285582 0.000536361033971212 0.00213638861912798 0.103986145839754 0.178944554019537 0.235927946640094 0.317107713327273 0.546222925471839
"ppo[4]" 0.151421152530661 0.0885827368555747 0.000417583026177603 0.00219246933553962 0.0150929309254231 0.0881512857839801 0.145401217080812 0.200417883642478 0.347509626458834
"ppo[5]" 0.216462237302333 0.0932978183507418 0.000439810133504802 0.00129843417096825 0.0741792563128842 0.152077327271095 0.200696132244726 0.264227489481421 0.445739929503656
"ppo[6]" 0.152150393821402 0.089913993547703 0.000423858630407628 0.00206889084968868 0.015316026297522 0.088320562815655 0.145931284453155 0.200209595998872 0.351160278569745
"ppo[7]" 0.217054116721269 0.0940432620126244 0.000443324188626866 0.00133253800497334 0.0733725587861852 0.15279796162216 0.201099116860907 0.263929825999519 0.449272991981325
"ppo[8]" 0.152066272047377 0.0897779991764236 0.000423217546793396 0.00199715293826656 0.0155550416327762 0.0886684177397056 0.146059409725244 0.200643196867563 0.348399893488365
"ppo[9]" 0.176860170596104 0.0814713690852588 0.000384059717018257 0.00136462404094563 0.0405574143989122 0.120881684742756 0.169218690975446 0.224103657730106 0.362159211134119
"ppo[10]" 0.151946964811822 0.0890026158467826 0.000419562354724008 0.00211271143882308 0.0161149395496361 0.0886193082147197 0.145612078459418 0.199924383749998 0.347581549600797
"ppo[11]" 0.176236360393729 0.0810954970179769 0.000382287839100699 0.00147420120862212 0.0401008946522995 0.12118181240739 0.169172529662651 0.221970436236248 0.362007520886377
"ppo[12]" 0.176900753034094 0.0830168506373183 0.000391345186922657 0.0013789094687268 0.0392280088417293 0.120223217858368 0.169845256301864 0.223637361153605 0.367052051618879
"ppo[13]" 0.260247467335056 0.114223928813815 0.000538456764253453 0.00211427421164927 0.102735051835789 0.178906687180404 0.235229922044201 0.31754225669157 0.550257243114477
"ppo[14]" 0.216193651884864 0.0933568217312883 0.000440088278108117 0.00128765638459453 0.0743808941885961 0.15204583279575 0.200611705822069 0.262816064647556 0.442515437746379
"ppo[15]" 0.260092214975593 0.1125370083102 0.000530504544737262 0.00224535618642202 0.10378974871714 0.179709314299316 0.23660306934527 0.317052456688953 0.542145119360166
"ppo[16]" 0.151281580753526 0.0894181822553466 0.000421521353560868 0.00206960577886859 0.0145198233169007 0.0880895949085948 0.145642773078047 0.199117032509659 0.345971596204025
"psi0" 0.991545309961408 0.0121298614271751 0.0000571807151333912 0.000122379352999224 0.957984394707127 0.989837959014042 0.995733543155688 0.998339398407834 0.999774383120782
"sdeps" 0.646472141042411 0.470665998204459 0.00221874079336205 0.0181344468987118 0.0379173654131546 0.281457574300296 0.561186010398389 0.911166766506551 1.78028591987744
