"Mean" "SD" "Naive SE" "Time-series SE" "2.5%" "25%" "50%" "75%" "97.5%"
"N" 50.0866 0.313603364036305 0.0014783404354199 0.00498897010686972 50 50 50 50 51
"betapsi[1]" 0.0160227871964011 2.75105622893136 0.0129686034326857 0.0193738991618429 -6.095915446237 -1.16029686151698 0.00671113516078419 1.21664835290168 6.05782326456025
"betapsi[2]" -0.0072552660345244 2.7387958001072 0.0129108072169402 0.0191455728842942 -6.08298815109296 -1.19300658900749 0.00309659355958596 1.18413201001141 5.97291632638043
"betapsi[3]" -0.00973169176647913 2.7037307839448 0.0127455091455346 0.0185585489690498 -5.97996161513765 -1.17424212248079 0.000397024624299047 1.15791224085342 5.89012361395158
"betapsi[4]" -0.0140495744319532 2.77193904670243 0.0130670459797271 0.0196649448115862 -6.11021350296837 -1.19196877588254 -0.0037260120512985 1.15039359536733 6.050385861027
"betapsi[5]" 0.0220612282891673 2.7540875547084 0.0129828932394386 0.0197691032592903 -5.96745184417463 -1.16779537065132 0.00301774612120736 1.20547759558241 6.14898215976132
"betapsi[6]" 0.0194083242140258 2.7570820447755 0.0129970094009895 0.0195983551469416 -5.93111703431673 -1.17970322207024 0.0000397717238796035 1.18108260710421 6.13988823205853
"betapsi[7]" -0.0183271320934873 2.74816965462105 0.0129549959908909 0.019994957331827 -6.09167407104814 -1.20447009459114 -0.00389880837334459 1.15636848192619 5.98402691484467
"betapsi[8]" -0.00237545882141768 2.71171049132166 0.012783125846855 0.0187610291804273 -5.89199950154173 -1.19191040446324 -0.00407276747979603 1.15967463827144 5.9677906992861
"betapsi[9]" 0.0514724327452428 2.74731957797958 0.0129509886911728 0.0189762219495847 -5.90377182444895 -1.13549537994659 0.000311660259345927 1.1948083822054 6.23037050280893
"betapsi[10]" 0.0416868203381897 2.7227112608713 0.0128349839718338 0.019749434253817 -5.84474025885854 -1.1654182055606 0.00392235202984283 1.19098635763139 6.15739009096301
"betapsi[11]" 0.0271465171686798 2.75187633769363 0.0129724694624664 0.0192023521525644 -5.92493140270237 -1.17057042696331 0.00106798003657549 1.20689676408639 6.11356876959519
"betapsi[12]" 0.0245657482522041 2.73795431274979 0.0129068404074955 0.0202201460299474 -6.05081037434808 -1.14677310774517 0.0117994565176993 1.22704455359191 5.96893323325603
"betapsi[13]" 0.0192269488294235 2.69940033235646 0.0127250952009765 0.0186330519577691 -5.8275129530941 -1.16147764421428 0.00352091872242794 1.18355149335778 6.00628668795906
"betapsi[14]" -0.0125874359657362 2.75026765512872 0.0129648860601303 0.0191134797197777 -6.07957097373306 -1.20928886646117 -0.00534106259013377 1.16099493076242 6.10086614172755
"betapsi[15]" -0.0307297866765679 2.7689928763182 0.0130531575993456 0.0193760480429766 -6.19299370597003 -1.19115764627544 -0.00529286767171961 1.1486046634496 6.0445825705325
"betapsi[16]" 0.0182258468163563 2.7224330559432 0.0128336725012257 0.0189894027876812 -5.92422626121354 -1.16638843427859 -0.000585157590999655 1.16578523191949 6.12750673916538
"etap[1]" 0.110079156604053 6.26605400629185 0.0295384618608673 0.186331749707476 -12.2321350582524 -3.17591114876701 -0.0410890391884677 3.14342010365107 13.4812707207768
"etap[2]" 0.045652281715496 6.26239158084871 0.0295211970217578 0.194234436637819 -12.3174653634029 -3.21304071216609 -0.032368429491284 3.12230702990717 13.1485697630501
"etap[3]" 0.0555852351394164 6.19513761456981 0.0292041587843078 0.193143572563771 -12.155655584354 -3.11636666988154 -0.0458497198456273 3.11569015933305 12.9037189089399
"etap[4]" 0.112865115412444 6.22090635047799 0.0293256337703296 0.202857786466548 -12.1986442968056 -3.11928295235074 0.0247923656509591 3.1848075921394 13.2432947156662
"etap[5]" 0.0108198983644322 6.23948895085261 0.0294132329885761 0.181080462642585 -12.6157742259527 -3.1838639643227 -0.0251557392806616 3.09331288571542 12.7591245035303
"etap[6]" -0.027230453442107 5.45282676872204 0.0257048718986592 0.136716822034143 -11.3404614864188 -2.81529106095999 0.0471972504428272 2.86281431204488 10.6598413631477
"etap[7]" 0.045353282886493 5.39305996413651 0.0254231284799107 0.116447080088135 -11.0928781813261 -2.79868516983315 0.0839701167890695 2.91776262915536 10.7961679536388
"etap[8]" 0.150463529688032 6.27679935518145 0.0295891159213077 0.202709257013965 -12.0361127181156 -3.14297295305288 0.0014209225493501 3.10461813207798 13.5804672717249
"etap[9]" -0.0362489671251117 5.36389449693827 0.0252856411490284 0.114335524134971 -11.3918575223697 -2.80589007048771 0.0584172500779022 2.8554346551788 10.4810156314388
"etap[10]" 0.0696792872506239 6.22561302007424 0.0293478212235851 0.17493744494699 -12.1834214913646 -3.10396427587002 0.00494804980431876 3.14485596664942 13.0741123392123
"etap[11]" 0.0873484726759613 6.26989495031642 0.0295565682446402 0.189141742274144 -12.1145477240795 -3.13833567396515 -0.0051666569793243 3.16528931299657 13.2212667229367
"etap[12]" 0.145386104591608 6.37546323268096 0.0300542219002281 0.197937171141306 -12.1811870213586 -3.12794769158246 -0.021112566603251 3.14892458856934 13.625782516833
"etap[13]" -0.232014557194587 9.78886842210061 0.046145168276068 0.863097094484998 -20.5997358352611 -6.5708629314665 0.151782928819248 6.50871571950675 17.5516013812606
"etap[14]" 0.0629580635250191 6.27958087247984 0.0296022281195989 0.198673659139708 -12.2809643139048 -3.1387103472652 -0.0278181998312809 3.11119995427974 13.0066248126394
"etap[15]" 0.0457024731546731 6.25244136556181 0.0294742912570669 0.177430014185579 -12.5547494712459 -3.12709494786458 0.00143957418164521 3.1346281775732 12.9369138674822
"etap[16]" -0.138160717662935 7.28384390456273 0.0343363694534707 0.543233890197845 -15.4321130925375 -4.38218654852349 0.128352280273156 4.39615454844166 13.5253362353847
"etap[17]" 0.0918910952443647 6.23885508119326 0.029410244898346 0.194335500891711 -12.0536134043902 -3.145607157635 -0.0605796535530754 3.14606933814673 13.1191452452073
"etap[18]" 0.0987394889505012 6.10288058830712 0.0287692549917581 0.172163853430433 -11.9377126236932 -3.11904549342562 0.00831306063706782 3.15155456607472 12.7199388655372
"etap[19]" 0.131296661271276 6.1014421836194 0.0287624742870329 0.177033201854886 -11.9368150855709 -3.09481453602809 0.0186038200530826 3.17475256594631 13.0255787587975
"etap[20]" 0.115155733316439 6.11153451723074 0.0288100500039301 0.19239572927782 -12.143992190805 -3.05648327743595 0.0499986326866833 3.17631304425735 13.1037098398974
"etap[21]" 0.15988414157916 6.18866290428901 0.0291736367073359 0.194703264504399 -11.935321390104 -3.08669773781658 0.042164899679629 3.22621194693792 13.1835718226885
"etap[22]" -0.042806835627763 5.30461222736687 0.0250061818502413 0.121392573491318 -11.1158378187674 -2.84884397832719 0.0109166085065388 2.85145374924864 10.4954313054236
"etap[23]" 0.0576993099791551 6.1556470274038 0.0290179983711203 0.177835919192347 -12.1885863137926 -3.11841468004876 -0.0179600937022572 3.09453396831846 12.7667393200838
"etap[24]" 0.145927294788687 6.17628246223838 0.0291152747438154 0.191825811912964 -11.9289412247869 -3.0686283805301 0.0117647772251544 3.13846436514935 13.1839816585094
"etap[25]" -0.0698117611965861 5.49545490486296 0.0259058228595565 0.109732873199865 -11.533167093055 -2.85339284452768 0.0519241127636638 2.86783040961712 10.6101633183146
"etap[26]" 0.117030006609649 6.21846154594646 0.0293141088512435 0.189207562188548 -12.0377116470495 -3.16541816682127 -0.0140209024533619 3.19288616484326 13.4073105051564
"etap[27]" 0.139173476039501 6.13970242967332 0.0289428348165968 0.175711802739691 -11.7693541264177 -3.12268791417284 0.0025932241260537 3.17027646331443 13.2753337977068
"etap[28]" -0.195920142451534 7.37319109780063 0.0347575561615941 0.513261403336063 -15.8123803024357 -4.43334744040256 0.0312082404476577 4.38546595223785 13.4324258907942
"etap[29]" -0.00783148088186377 5.41134106745335 0.0255093064273967 0.129449877696821 -11.1200895980944 -2.90239457731208 0.064084609527716 2.88965690530115 10.652836035078
"etap[30]" -0.122663034085495 5.44621112140575 0.0256736854381306 0.13602394396949 -11.5959602639761 -2.90060528585869 -0.0271503073177268 2.8105784929499 10.4926061460707
"etap[31]" -0.149069628736164 7.40685502692194 0.0349162494453478 0.475427892170283 -15.5083259143385 -4.49720125076383 0.027094270642722 4.35417103154675 13.6655316268122
"etap[32]" 0.135729466312071 6.19907768715747 0.0292227324646084 0.181747159600672 -12.0502695277232 -3.1026971781632 0.0363247599996255 3.1675281780795 13.1308733866249
"etap[33]" 0.0248622038963432 5.36855689633849 0.0253076199105784 0.127608571255193 -11.0752621361625 -2.81354750507605 0.0985225486775329 2.95103687425336 10.5821542815935
"etap[34]" 0.0570184932602589 6.17824719320332 0.0291245365744055 0.173265312011543 -12.2032781673373 -3.0771623260946 -0.0139517126727843 3.10122654648877 12.9612157631827
"etap[35]" -0.354466392140809 9.78174137252879 0.0461115710421874 0.877262105900693 -21.0681186264039 -6.69038165136212 0.174520750629283 6.4259963225985 17.1370470218318
"etap[36]" 0.0580246717569775 6.32394474194094 0.0298113614058363 0.212743997689765 -12.4916064144592 -3.1123239000847 -0.0479842464380509 3.12635372745897 13.0313395295206
"etap[37]" -0.0116024984580686 5.36697230193343 0.0253001500609167 0.11238393994817 -11.0874385857334 -2.82377998848976 0.0428050622850438 2.85314205233363 10.6445403984483
"etap[38]" -0.157044174178692 7.38519955375581 0.034814164565844 0.498223483205664 -15.7168302313187 -4.47231681168181 0.0409929630837868 4.41520174881795 13.6051992618391
"etap[39]" 0.117018828735553 6.34469653257311 0.0299091862850215 0.196750021273914 -12.1329905812797 -3.16127027602816 -0.0234323799106194 3.11536020934033 13.5317954701805
"etap[40]" 0.0339722487151939 6.21828233838212 0.0293132640586836 0.180961348213058 -12.2472357234888 -3.14444375249992 -0.0443488311662069 3.12063847259104 12.9205410959875
"etap[41]" 0.179673656321735 6.17255545810945 0.0290977054778615 0.202060536342927 -11.9801453402913 -3.05068156182641 0.0460920697211231 3.16957070218313 13.2888167951796
"etap[42]" -0.291724301288548 9.82582452805151 0.0463193810302289 0.89436167283291 -20.8083236653737 -6.63494513327455 0.171242648217707 6.50142848203047 17.3618021236807
"etap[43]" -0.207517332682222 7.30612441095503 0.0344414007678591 0.495724457551334 -15.9251935685209 -4.46045937890978 0.0764180430365383 4.43812725720886 13.1679496116921
"etap[44]" -0.0336686980087168 5.32757509581252 0.0251144298501974 0.124172150912656 -11.2263483893084 -2.80937792989755 0.0329580534197118 2.86680249268104 10.4561210317046
"etap[45]" 0.114430254710729 6.16729156845049 0.0290728912640397 0.184461275686081 -12.1278089420377 -3.11946454095833 -0.0273321576924518 3.15320921818474 13.2476009696487
"etap[46]" 0.121881583850276 6.10835748802372 0.0287950733446213 0.1821715871932 -11.9652162922097 -3.06275729995792 0.0284096846439048 3.1462608081806 13.0315740961597
"etap[47]" 0.0300957674515732 5.37582536829121 0.0253418838159559 0.120608415829069 -11.1863481490254 -2.7771426920298 0.125116484853552 2.94165028580742 10.5343231297341
"etap[48]" 0.0550669019601888 6.2046223749759 0.0292488703736483 0.183138951078091 -12.2304812390587 -3.14504754814737 -0.0587861269577224 3.09205787490283 13.1056038128551
"etap[49]" 0.0490829923043957 6.28160399213044 0.0296117651970928 0.170786504062541 -12.3910461320722 -3.18087322005434 -0.0416162173991044 3.1078373590773 13.1387083335112
"etap[50]" -0.0262819604519836 5.38346659748618 0.025377904915825 0.134846350989938 -11.002458808583 -2.79940626891978 0.00395782760339394 2.84625391421847 10.4977422025876
"etap[51]" 0.104413989051583 7.64808177364912 0.0360534032347769 0.113637578711061 -15.3862779362965 -3.6238403253509 0.0485007115787041 3.84194053404706 15.7702120113908
"etap[52]" 0.027599868019702 6.56825457769004 0.0309630490162947 0.0499416729885634 -13.4205479371613 -3.3840272626196 -0.0174703455830449 3.44059189755166 13.4375094252561
"etap[53]" 0.0750043630668377 6.47608536656932 0.0305285591882942 0.0495572437574636 -12.9139609696062 -3.32646997350295 0.0215427611896675 3.39980456302542 13.4904939208316
"etap[54]" 0.0271771653491572 6.45161648985833 0.0304132117972918 0.0448231078452878 -13.0657545977799 -3.33274368267666 0.0328276429330988 3.39113075652697 13.0821662002209
"etap[55]" -0.00884284705128329 6.55636035468201 0.0309069791113219 0.0515731072525896 -13.1334701382974 -3.35814935870143 -0.00984279683329072 3.33316277987975 13.3833030645001
"etap[56]" -0.0113267479011658 6.63438748015591 0.0312748025082492 0.0523345077320428 -13.5300793131086 -3.35514127578695 0.0139056430469926 3.36272019224527 13.1786463414616
"etap[57]" 0.164859637702581 6.55226867540656 0.0308876907502412 0.0528452258703025 -12.5479325636773 -3.31047382384161 0.0408549653693143 3.46863645617878 13.7564573476178
"etap[58]" -0.0858044514863083 6.50346405422839 0.0306576235596523 0.0491264823538734 -13.4021494014344 -3.37285886190186 -0.0499658728557403 3.2910249044736 13.0061568711322
"etap[59]" -0.0139012588828246 6.48583125341036 0.0305745017394541 0.0496375138609488 -13.0842683262166 -3.33490781876659 -0.00678926016088544 3.33481072834485 12.9172052066178
"etap[60]" -0.0262076930627944 6.57041534118006 0.0309732349530703 0.0622770265808471 -13.4375968167286 -3.39656055739234 0.0102353583432535 3.35651025978213 13.5085038361302
"etap[61]" -0.0657890247508977 6.53810459340218 0.030820920627344 0.0501272001010466 -13.4593296614465 -3.36210435938011 -0.0332276511154901 3.33588606949155 12.942169394558
"etap[62]" 0.0391534975600953 6.52058532606312 0.0307383340090982 0.0483655482416158 -13.0858268880189 -3.34288986343975 0.0270028515798506 3.37871162934593 13.2190401175002
"etap[63]" -0.0257355523433677 6.64764594992687 0.0313373035341372 0.0638525568741966 -13.7354360169451 -3.36835538515848 -0.000713002571362714 3.37147659448849 13.4709588872451
"etap[64]" -0.0644362298254268 6.48948871443139 0.0305917431760534 0.0482811850284515 -13.3929182715162 -3.40566878145685 -0.0476181665659834 3.32988220564528 13.1158240716975
"etap[65]" -0.0215519463483609 6.56710841739135 0.0309576459648312 0.0546568486913599 -13.2417598756701 -3.36906358727287 -0.0198371678555014 3.30143326104014 13.463640169179
"etap[66]" -0.0471677287602282 6.45399835888925 0.0304244400355829 0.0615741757801148 -12.9927323719754 -3.41810138384505 -0.025261493537802 3.3123995660282 12.8057902152299
"etap[67]" 0.150733379623894 6.53328441348571 0.0307981980813075 0.0532863234284963 -13.0052094688602 -3.30912184828695 0.103099920705504 3.48912645925726 13.626056754246
"etap[68]" -0.0225658895554213 6.54783953038973 0.0308668115603994 0.0517264474904657 -13.0459696302281 -3.32395905836197 -0.0263508744816354 3.29411770585224 13.1330317249987
"etap[69]" -0.0377124243380122 6.47038105344249 0.0305016687983343 0.0609824356237022 -13.2840918137993 -3.36823686105246 -0.00623522390184652 3.3203878938746 13.0624020113705
"etap[70]" 0.00839625860975806 6.48167463986471 0.030554907275288 0.0520444540658838 -13.0956187906157 -3.35465212581369 0.00692903876488163 3.3517613146398 13.047069670737
"etap[71]" -0.0285868278675098 6.54306318323417 0.0308442956439794 0.0514823365115679 -13.3148883029119 -3.40861786577717 -0.0287449235344594 3.35667897447855 13.1617717882485
"etap[72]" -0.0192065880296346 6.53848134963266 0.0308226966732468 0.0536720277439522 -13.2713607991944 -3.41200118163819 -0.0307405461086424 3.33203790447233 13.2072186010676
"etap[73]" -0.0115064484584838 6.50102199946655 0.0306461116031048 0.0543205102010054 -13.0985288525462 -3.36709441974043 -0.00666837255698993 3.34530021932161 13.1779260625159
"etap[74]" 0.0610790332062094 6.56137201530858 0.0309306043060823 0.0508522192854444 -13.3161810353108 -3.28136185481186 0.039390156798177 3.38365454838552 13.2506798797912
"etap[75]" -0.0825056893987611 6.46247962381159 0.0304644211018471 0.0519139925039727 -12.9525686625682 -3.40096260216686 -0.0866942015807752 3.1950555986035 13.0641043224192
"etap[76]" 0.0908810023132484 6.55720861115798 0.0309109778306975 0.0507147231307854 -12.9607209289228 -3.30454890907804 0.0522388876217636 3.42483498777704 13.4242245311892
"etap[77]" -0.0255520816179304 6.43562655920356 0.0303378345413139 0.0518862873400358 -13.2492633330601 -3.3632454113273 -0.0379793508610979 3.27144426304335 13.1476248067898
"etap[78]" 0.00396158539693845 6.45616076453863 0.0304346337135719 0.0486734987428512 -13.0138698936772 -3.3572811652953 0.0419132184243686 3.325436657649 13.2035259873632
"etap[79]" 0.0186211218181098 6.57258980283018 0.0309834854635918 0.0533762478549894 -13.2123789167536 -3.36585418353901 0.0103364075175333 3.32634443870916 13.3740044299093
"etap[80]" 0.00235306251379171 6.61222858657815 0.0311703444821663 0.0580692728647543 -13.4016618986197 -3.35051502330863 -0.0119507717215359 3.35075965060261 13.3923399349184
"etap[81]" -0.00756918849827884 6.44168091999133 0.0303663750717725 0.0493604010472643 -13.0560262619873 -3.37722446909414 -0.0370541432279722 3.30788266789999 13.1760130094684
"etap[82]" -0.018626206388192 6.41276302984675 0.0302300548303135 0.0550103914010165 -12.8849652741969 -3.36729624400856 -0.0403251966710935 3.30821743107433 13.0842749659421
"etap[83]" -0.0720297576672305 6.45739003468159 0.0304404285485986 0.0570987540351894 -13.5863004626095 -3.40739176743371 0.00315734761187203 3.34565158933491 12.8693627454224
"etap[84]" -0.0199158229221044 6.46568479201522 0.030479530409658 0.0488086547934131 -13.2447319169049 -3.39758970610088 -0.00924691035757378 3.33546826482902 13.2632899574005
"etap[85]" 0.0142252871130641 6.45752765416456 0.0304410772930628 0.0512611167090257 -13.0569935656506 -3.35946007901759 0.0372517501030273 3.33823926136778 13.3882617154487
"etap[86]" 0.00318231297846359 6.52382870558472 0.0307536234467894 0.052496533086297 -13.093988322047 -3.37631353332446 0.012680797383016 3.34760213445714 13.364495085421
"etap[87]" 0.0566407642941306 6.54384357701986 0.0308479744555652 0.0496456493056321 -13.1953291651448 -3.34656957964804 -0.00929047747783137 3.44156814395391 13.55157622114
"etap[88]" 0.0280183572080463 6.51471781497282 0.0307106742965606 0.0497829480754519 -12.8181233681048 -3.37535881803419 -0.0213243887377969 3.3192000330824 13.3458904940692
"etap[89]" 0.13566161969708 6.51093953851671 0.0306928633305385 0.0594412392506742 -12.6503547208099 -3.25075881854299 0.0678553384758656 3.41332792696505 13.3701895871765
"etap[90]" 0.0278694812904287 6.4432330656485 0.0303736919565696 0.0505017023981566 -12.8266848821873 -3.36812076942529 -0.0398121436709191 3.34164424315529 13.0097102036032
"etap[91]" -0.0304274329320473 6.33664405336961 0.0298712265340204 0.0469022682238786 -13.1937545032696 -3.37828344590424 -0.0176250987730338 3.33029315374441 12.9344544225398
"etap[92]" 0.0376385057713433 6.44598787192915 0.0303866782379156 0.0474856815537512 -12.7917625859213 -3.38786974852436 -0.00638280166802123 3.34481931469817 13.0860082056539
"etap[93]" 0.0672722816980487 6.41863325454609 0.0302577273349268 0.047675998677216 -12.9197945185783 -3.2945712142888 0.0430118857059231 3.4146531686095 13.2083962005795
"etap[94]" -0.0206849570617412 6.49471021212498 0.030616357552234 0.0514441263035986 -13.2659785642718 -3.34605963295471 -0.0112102238377189 3.30865354042609 13.2425898728227
"etap[95]" 0.0135643813639716 6.46378699043962 0.030470584087235 0.0529336109028776 -13.0380109831585 -3.33448547441152 0.00321858349422651 3.34372949611325 13.3057967273843
"etap[96]" 0.0500889289392755 6.58817037930718 0.0310569330054697 0.055213124375008 -13.2328429414937 -3.32383662976081 0.0526995000665296 3.41031287442285 13.3058840096496
"etap[97]" -0.0754162985761444 6.53485841488352 0.0308056179950541 0.0512222116694015 -13.4239541156303 -3.41620119568759 -0.0514815547364148 3.29750804159845 13.0082121524414
"etap[98]" 0.0180941687126346 6.6283182347072 0.0312461918108261 0.0540941248012829 -13.5256434647805 -3.3196246462729 0.0260432942509535 3.36367570877365 13.4225271773421
"etap[99]" -0.0276141783686697 6.57942811599438 0.0310157215809937 0.0508904934327923 -13.0974650242391 -3.43303164589763 -0.0055959596971414 3.33853439771733 13.1564538222919
"etap[100]" -0.0411027636515642 6.56995425541832 0.0309710613739447 0.0520597634801549 -13.6794446484832 -3.32882441318459 -0.0289745156319787 3.33983404390844 13.1613038830203
"etap[101]" 0.0589081302655542 6.30580458104758 0.0297258478673063 0.0496491934913235 -12.5056314740879 -3.32813687234823 0.0101044653261002 3.34920883685855 13.0562393468588
"etap[102]" -0.0405758831270454 6.53868155334798 0.0308236404426116 0.0575338854912743 -13.1433659225377 -3.39083514291919 -0.0086028771126563 3.32940143382535 13.1166499695317
"etap[103]" -0.0169416903077737 6.5066013893693 0.030672413099339 0.0501006679594342 -13.3408562317928 -3.32117244999868 0.00733579814950856 3.35025945901215 13.1208932128488
"etap[104]" -0.0495120482356528 6.45259764459122 0.0304178370050587 0.0454294833617362 -13.1035238284787 -3.35830974093737 -0.0159252233455486 3.26893923347638 13.0426289205104
"etap[105]" -0.130509743336173 6.48629253736425 0.0305766762528664 0.0534910822027942 -13.5023010885214 -3.4069102328611 -0.0306929900566624 3.2465699401294 12.805651751132
"etap[106]" -0.00784863477875984 6.57216123736606 0.0309814651866194 0.055684338706769 -13.2139743580253 -3.4022308332651 0.00936582971668978 3.36137078998691 13.3051941584237
"etap[107]" 0.0764705034648328 6.58005332446388 0.0310186688419833 0.0556725555788174 -13.1313758314166 -3.3242214838674 0.0272101390707304 3.40988249464099 13.7202302821452
"etap[108]" -0.0062269809437942 6.52116351363383 0.0307410596114452 0.0580362824605077 -13.1619107140842 -3.36480340406328 -0.0641762698955319 3.2796819527076 13.2913825185971
"etap[109]" 0.0145634674357904 6.58626682847983 0.031047959580814 0.049904720358937 -13.1944738354714 -3.36239835080648 -0.000944046909276809 3.35639846558758 13.4103631305907
"etap[110]" 0.0631089347624336 6.47443131055325 0.0305207618934581 0.0518931680113221 -12.9531838822924 -3.32655534166599 0.0167555142944886 3.37416506016929 13.1171516593593
"etap[111]" 0.0455333904017538 6.64828579586791 0.0313403197968294 0.0634747727252977 -13.0461147196793 -3.29706751562416 0.0311903927445859 3.39113058172439 13.3580919461659
"etap[112]" -0.0298872671123231 6.5515758951487 0.0308844249527865 0.0502676346171435 -13.4985314268114 -3.36009421166112 0.0239514766239297 3.35476263948523 13.0565719015218
"etap[113]" -0.00683939977374434 6.49626479881513 0.030623685944171 0.0515948343641176 -13.0779648066093 -3.35790894998894 -0.00609938447110771 3.29554372492512 13.2719845510199
"etap[114]" 0.0943806684065274 6.42786546349309 0.0303012483852718 0.0515662845240506 -12.8673055423883 -3.26233856883505 0.0508364291379167 3.37146071775983 13.1931037626617
"etap[115]" -0.0214915260385279 6.43649045598358 0.0303419069897899 0.0467814697061393 -13.0280250914622 -3.3814152743616 -0.0276872024624053 3.34800125630749 13.0300838266441
"etap[116]" -0.00352366914744637 6.61939367367534 0.0312041210266611 0.0630878665146296 -13.3588520391297 -3.32161586681492 0.0411407996884247 3.35749498308639 13.3923566198176
"etap[117]" -0.0194715237141569 6.50441209368426 0.0306620926605062 0.0461653558176652 -13.3776619483943 -3.33973057930706 0.0542054062325712 3.3611416692767 13.1350639144684
"etap[118]" -0.00320225131589826 6.51914519698929 0.0307315451755389 0.0544285539419394 -13.1944364548451 -3.39220070002609 0.0399635781197902 3.3686630021036 13.1440584834425
"etap[119]" -0.086899731909915 6.54447139840821 0.0308509340339724 0.0535208140037597 -13.6076022980681 -3.40133717288184 -0.0575503375928009 3.28695627231266 13.0516823633168
"etap[120]" -0.0234742359817286 6.46481722686661 0.0304754406683266 0.0473844769619569 -13.3698162918288 -3.34158030482372 -0.0202384717969042 3.32641888681381 13.1017572063823
"etap[121]" -0.0723015787210677 6.60662126419602 0.0311439113109617 0.0497629219246202 -13.2311937367392 -3.43777428613248 -0.092554539843655 3.30886768597234 13.0520387668706
"etap[122]" -0.0348886087394529 6.5923714047786 0.0310767368294616 0.0623015671325415 -13.6717415073618 -3.38033657677618 -0.00814658920505638 3.32541833498472 13.064017126833
"etap[123]" -0.0364063138228958 6.50576243312184 0.030668458221661 0.0488595363097151 -13.5858411156796 -3.35558541652645 0.00635061727392582 3.34730869796175 13.0665500671729
"etap[124]" -0.0610949423221188 6.46239704852627 0.030464031838219 0.0505041017971906 -13.3135651758237 -3.39848014911168 -0.0483705383273511 3.29481224660174 13.1424862562324
"etap[125]" 0.0170616881382726 6.54912983879905 0.0308728941325731 0.0473085975300116 -13.0774013131743 -3.36145029869723 -0.00416428030413343 3.35696337003935 13.4530882678004
"etap[126]" -0.0467454331447032 6.49683369502999 0.0306263677466464 0.0482336784586127 -13.4586508717236 -3.36934357310051 -0.0315961010171506 3.30992302211867 13.3574454974347
"etap[127]" -0.0106760095907232 6.5909431278778 0.0310700038675818 0.0543188190265397 -13.2449736603091 -3.37244492055382 -0.00905312033469644 3.35740767473211 13.4829463262725
"etap[128]" -0.0189702002985854 6.50533988032943 0.0306664662886948 0.0497085418822151 -13.2944036725427 -3.35310421693304 0.0208246385198235 3.32694589001275 13.0132219733383
"etap[129]" -0.00963495777217897 6.49160791155007 0.0306017331670753 0.0495975090619623 -13.2130602069471 -3.31656178257694 0.0354495499122934 3.35518747909458 12.9833583646876
"etap[130]" 0.00445011562463524 6.54002741246289 0.0308299848833228 0.0491295600337219 -13.1280727219474 -3.40762131731852 -0.0153264845234355 3.36954570302636 13.369244706646
"etap[131]" -0.0670963333551498 6.65161283644184 0.0313560036165034 0.0552377756140104 -13.6771176881899 -3.4243554841907 -0.0281263939755334 3.3884990121106 13.124603149891
"etap[132]" 0.00249098657292995 6.48255399634586 0.0305590526014941 0.0469143884026223 -13.1993073996355 -3.3452739130206 0.0204689596413695 3.35671042380152 13.146503237308
"etap[133]" -0.0349857110619434 6.53652662387325 0.0308134820076479 0.0475239690680861 -13.2782791234334 -3.34765898953511 -0.0155946068750292 3.32815260713486 13.1015927377205
"etap[134]" -0.0898370323188428 6.55339020636835 0.0308929776978971 0.0510176306583437 -13.5025010541312 -3.44839796882417 -0.0226338618543453 3.29752001780324 12.9675380633703
"etap[135]" -0.021732564663987 6.60847277074334 0.0311526393965285 0.0678785824018557 -13.5802302392178 -3.35305468021696 -0.00158181400966688 3.36942149009361 13.290466730901
"etap[136]" -0.0431762494080525 6.54422363689801 0.0308497660750125 0.0497732954175477 -13.325468186727 -3.36104952855838 -0.00503223930778313 3.33518117488328 13.187988423634
"etap[137]" 0.0764973625407324 6.46696314815738 0.0304855566383039 0.0512266186672576 -13.1738086080738 -3.26219609791415 0.0687050484772083 3.41558154118643 13.4257567100382
"etap[138]" -0.0214647452909498 6.49372430245839 0.0306117099294948 0.0529079832495592 -13.2362529644845 -3.37788614694754 -0.0139873569660939 3.35363470775332 13.1873041124368
"etap[139]" 0.125314835495929 6.51340116105606 0.0307044675304738 0.0631857205445687 -12.920448120972 -3.21869070619526 0.0928125853134827 3.39931879887046 13.4467154217067
"etap[140]" 0.00609423010352359 6.45834177712977 0.0304449151055256 0.0458754954437795 -13.0110377057023 -3.29347663673968 -0.0235712424004715 3.30873257134022 13.1439292085224
"etap[141]" 0.00420151628819704 6.48544004145094 0.0305726575485915 0.0471958247147017 -13.1764426914065 -3.31914855008004 0.032259330301215 3.34055179078161 13.1460567600825
"etap[142]" 0.0831454122230753 6.58234557202771 0.0310294746006269 0.057014693225919 -13.1011982480344 -3.33433076137527 0.035443736579032 3.45592151670117 13.7985529182191
"etap[143]" 0.103472847877881 6.52314956940375 0.03075042196813 0.0495875869441261 -12.8201132288692 -3.29200704290253 0.00794787649890473 3.40749162948879 13.6346949215961
"etap[144]" 0.0263113735722964 6.44343981585315 0.0303746665863811 0.0547245651631359 -13.0818526766269 -3.31560321606348 0.0317379431868817 3.34770924808006 13.2387599864382
"etap[145]" -0.0648420318515129 6.60149963426394 0.0311197677159236 0.0538151027091492 -13.7161055048569 -3.34794785095972 -0.0410242274360797 3.23657193085258 13.1953277486986
"etap[146]" 0.0131324238397541 6.53057621484239 0.0307854315104709 0.0519891999290473 -13.0983934085147 -3.30744007255591 0.0312331418853313 3.36097149082165 13.0076972149123
"etap[147]" -0.0832221879209288 6.58978704626628 0.031064554046601 0.0521721962283752 -13.2438860395971 -3.46265653832687 -0.0523690308622058 3.30799233417811 13.0725833525823
"etap[148]" -0.0292439605308901 6.56105913353256 0.0309291293672454 0.0526159612392987 -13.5339834671429 -3.39743096169416 0.00549994525840455 3.3525874017856 13.4421887840936
"etap[149]" 0.0334793487169052 6.42609566393786 0.0302929054701595 0.0512216654470597 -13.1271440336488 -3.34212367875595 0.0361878126454539 3.40540221561977 13.0614925122003
"etap[150]" -0.036539696285432 6.48446428752898 0.0305680578004916 0.0569530734908482 -12.8101234161425 -3.41272534321107 -0.0466954422340206 3.28577140154676 13.0381789194513
"etap[151]" 0.0676044775451608 6.46434320750599 0.0304732061196312 0.0450694109105749 -12.8072957509595 -3.28984106660579 0.038616489365023 3.38106958484041 13.0145281692393
"etap[152]" -0.000558782465100208 6.57425714711495 0.0309913453999274 0.061074300372636 -13.1007020555587 -3.34197416199027 0.00675126706154974 3.33214734450675 13.1967763033257
"etap[153]" -0.112972487876693 6.61868844379054 0.0312007965411022 0.0505621515689664 -13.711476834678 -3.4267551365732 -0.0627193971060422 3.2865430991005 13.2198784167264
"etap[154]" -0.0671797827725536 6.43704916711661 0.0303445407793292 0.0516673771869745 -13.462041946181 -3.37345879881553 -0.0123825773697982 3.36272592834389 12.7185583900954
"etap[155]" 0.0335076033232697 6.53065669490346 0.0307858108971171 0.0505591893735986 -12.9349422636654 -3.39800183870744 0.032550369305802 3.37231914997309 13.6006906040818
"etap[156]" 0.0309149936975624 6.5443138447725 0.0308501913190109 0.0539278364815424 -13.2079943742317 -3.32450840479589 0.0000161506721121885 3.41012724342816 13.3155688232382
"etap[157]" 0.0191738785911118 6.58445006913289 0.0310393952951207 0.0524706370954404 -13.1728491444998 -3.42215959029255 -0.0152517121283404 3.42106008129119 13.1696229544962
"etap[158]" -0.0536967693144406 6.56152714813013 0.0309313356092163 0.0594015342998466 -13.7256086552479 -3.34937921568273 -0.00595588958529309 3.40632058778679 12.9304955729169
"etap[159]" 0.0113376629811697 6.57988955986738 0.031017896848272 0.0522679427778808 -13.0773234639032 -3.39371295705525 -0.036850309944888 3.34825583279824 13.5942426405026
"etap[160]" 0.0384147787739193 6.55911641042317 0.0309199712826813 0.0537064400339452 -12.9032776529835 -3.38747434694037 0.0210020833134103 3.35401769427669 13.4408682583814
"etap[161]" 0.0135734516555995 6.50769417170228 0.030677564524659 0.0528991099562729 -13.1898630317205 -3.37153239668469 -0.00930443848572102 3.41610627608161 13.3234456739853
"etap[162]" -0.136463693120622 6.58479298223149 0.0310410118029698 0.0588525760765447 -13.5767580980093 -3.38696804994296 -0.0253545831107161 3.25597758357862 12.8640837732677
"etap[163]" 0.0547842995493534 6.5217356160248 0.0307437565279797 0.0492217561691981 -13.0141804540678 -3.33743625573977 0.00100943279193369 3.34804932826214 13.3647217520016
"etap[164]" 0.0862821904367114 6.59119129155465 0.0310711737223734 0.0574423791526566 -13.1267308287514 -3.29186156699348 0.0439899241705131 3.43302240316171 13.6476245087726
"etap[165]" -0.0889675803861114 6.53434053044132 0.0308031766643811 0.0559693149999852 -13.4727480337125 -3.37829630591689 -0.0271947955759313 3.34351467006376 12.6663991401817
"etap[166]" -0.0281975810044716 6.54377810026152 0.0308476657951663 0.0576231837184277 -13.1442941169535 -3.35117349669802 -0.014389364459254 3.32482750583223 12.9656301210386
"etap[167]" 0.0754073845032873 6.58288854972774 0.0310320342220518 0.057515052218136 -12.9782510156886 -3.28368571405172 0.0336650685094484 3.4030376286483 13.35733442802
"etap[168]" 0.0107901358219911 6.44531400247646 0.0303835015868514 0.0495019410190019 -12.9128703969308 -3.34838185808165 -0.004316202176971 3.31177250489532 13.0935396896528
"etap[169]" -0.11599444244999 6.56270649144966 0.0309368950869402 0.0512238267040727 -13.5148509854271 -3.38582906013999 -0.0419034820459024 3.28610099256374 12.9675422857018
"etap[170]" 0.0639388959778364 6.49065245194444 0.0305972290873 0.0518700240047552 -12.9411223943369 -3.3653633305714 0.019065929464708 3.41964878682136 13.3865949253947
"etap[171]" -0.00282021240570698 6.44109077131914 0.0303635930842523 0.051701678118831 -13.2013266799885 -3.33637099680535 -0.00222770219212265 3.34259902148832 13.1832954648763
"etap[172]" -0.0143675585355117 6.42949204107276 0.0303089161455166 0.0468717181340053 -13.1496182260919 -3.36089322130276 -0.0345397113950223 3.30199611625739 13.3232501629802
"etap[173]" 0.00519990275272374 6.477283992541 0.0305342095653121 0.0547804522641109 -12.9859445066295 -3.36104627022454 -0.00641287802155908 3.32463672976649 13.1684027069244
"etap[174]" 0.0850973601267042 6.51625454493571 0.030717918511078 0.055316234697082 -12.9141291170619 -3.32606832053968 0.017525700414013 3.41766985165911 13.4992502130564
"etap[175]" -0.00504331995556858 6.47117392209188 0.0305054064169914 0.0498003674227514 -13.1343428498252 -3.37004852105243 -0.0041036656565806 3.35082034890401 13.1485860474752
"etap[176]" -0.0465154829189634 6.4548360223066 0.0304283888188013 0.0474697803860777 -13.4145079692617 -3.36488275951283 -0.0432892701530744 3.32379220777034 13.200888546244
"etap[177]" 0.0476510563903774 6.49003466641829 0.030594316818401 0.0504200066737535 -12.8971934732245 -3.34146979016538 0.00301120720279309 3.43331926246736 13.3896981795888
"etap[178]" 0.000883863886005768 6.48153001936864 0.0305542255277316 0.0519952420646785 -12.9673728100186 -3.35450230418546 -0.00987188073505662 3.34172201645233 13.2451732422119
"etap[179]" -0.00987442489296085 6.5401791431028 0.0308307001484187 0.0482084235814709 -13.2896500867886 -3.38396432422477 -0.00328907511414632 3.32665145178197 13.253294290676
"etap[180]" -0.00507934240427251 6.53964107229986 0.0308281636583286 0.0444065864635209 -13.4408022745464 -3.35738897329935 0.0115826974554316 3.37524942527921 13.3200257729136
"etap[181]" -0.0360843957042675 6.52152740739095 0.0307427750230671 0.0495974797664366 -13.4283117777358 -3.34995018067302 0.0131258610276061 3.36405519377947 13.0232706109923
"etap[182]" 0.0487524421236618 6.53313451943485 0.0307974914739753 0.0502228157922869 -13.1300715813649 -3.32556388588201 0.0333122468881335 3.36881431833729 13.1741384449355
"etap[183]" 0.034868841954917 6.49124753508377 0.0306000343361213 0.0482633769087354 -13.0901328202724 -3.36466628666322 0.00846595661269711 3.37517805069195 13.3491823728267
"etap[184]" 0.107149238449042 6.52267648948711 0.030748191848016 0.0453355230831942 -13.0551759565449 -3.33810042406274 0.0572671375445016 3.44426230354435 13.7240918701135
"etap[185]" -0.0439453464761331 6.56212665841643 0.0309341617278085 0.051285971946176 -13.2862471168214 -3.33875334873678 0.00200569044662737 3.31771987633069 13.0412976200174
"etap[186]" 0.0514514860745229 6.4319565463718 0.0303205339349114 0.0469647418495823 -12.9360536030204 -3.29619171628869 0.0231227288917886 3.36289436150793 13.3298350937934
"etap[187]" 0.0584788940654547 6.5583583947354 0.0309163979624608 0.0580838189779549 -12.9310479110885 -3.29382421755831 0.00517760458833843 3.32696548185928 13.7279322630033
"etap[188]" -0.00168346467422298 6.4445269615259 0.03037979144023 0.0472402516410737 -12.9473888117521 -3.33328483873083 0.0237966810438581 3.32415008080727 13.1730531761287
"etap[189]" -0.118821894138568 6.41135650652119 0.0302234244157708 0.0523680391494392 -13.2776213402657 -3.37277171131482 -0.014415247174578 3.2653079401834 12.510255516479
"etap[190]" -0.00604389059118811 6.50710275089321 0.0306747765402282 0.05231022815905 -13.2142186330817 -3.38488119024665 -0.0285052456244915 3.35776771319479 13.1601889913163
"etap[191]" 0.0173827110783328 6.57306817076975 0.030985740511685 0.0500067548014267 -13.2900630594293 -3.35261059471935 -0.0125328562959666 3.35620403965207 13.5398107781954
"etap[192]" -0.0306169124226311 6.47979886388746 0.0305460647825314 0.0486955984437171 -13.1833546114116 -3.41934080355704 -0.0176778046437305 3.30667465704122 13.08810584565
"etap[193]" 0.0358073524280016 6.57016731504301 0.0309720657466475 0.0564528682808641 -12.9864818983805 -3.26393186406089 0.0198060945708375 3.31732545416734 13.1563636868108
"etap[194]" 0.00400516709896792 6.53319529554169 0.0307977779752905 0.0519009233509071 -13.0465693847519 -3.40284641531261 -0.0281355011359315 3.35263016416964 13.2255023570772
"etap[195]" -0.0628129311939878 6.39850282469149 0.0301628315785375 0.0509632241465037 -13.0352721142029 -3.37749577093972 -0.0446825462954392 3.33269589852521 12.8681420633608
"etap[196]" -0.0362319634887249 6.53460146424407 0.0308044067181235 0.0511221316673356 -13.4635751165307 -3.35331778647285 0.00203840295169777 3.29196607985552 13.2442045222648
"etap[197]" -0.0401983080965468 6.44374026307081 0.0303760829081477 0.0489881614289703 -13.0655122536757 -3.3901553078007 -0.044691327074994 3.30200586140008 13.2259779870988
"etap[198]" -0.093599871156971 6.633208714171 0.0312692457521067 0.0536942437408693 -13.6610618846075 -3.4185012266794 -0.0218392240296377 3.28792043582281 13.1963548374305
"etap[199]" 0.0459900918778913 6.61644397561861 0.031190216016672 0.055474206417578 -13.3866355240238 -3.29087950764599 0.0407077675981236 3.42914778137036 13.4806228099663
"etap[200]" 0.0374293292839555 6.4715089645077 0.0305069858220862 0.0560648851463551 -12.9747200989758 -3.30598651731543 -0.0219930963895276 3.34384419722877 13.3813703226196
"etap[201]" -0.00744788540748869 6.52793096004506 0.0307729616597698 0.0590216725442402 -13.1247679919527 -3.37638617466339 0.00536168253932088 3.32676617960957 13.0442889221443
"etap[202]" -0.110991234814663 6.53244559737113 0.0307942438642222 0.0632699119377705 -13.3743076897889 -3.36550680210766 -0.0439603790088173 3.25771709999593 12.8250638373552
"etap[203]" 0.0684687606478688 6.56856780957087 0.0309645256055415 0.0537335576597848 -12.8942684326078 -3.28452428248983 0.0520349201519294 3.36679686057087 13.4254122577985
"etap[204]" 0.00507201129169316 6.39904006655788 0.0301653641609833 0.0486830623971428 -12.7676230507893 -3.37831031430101 -0.0218370414094296 3.31734708702809 12.9692465799021
"etap[205]" -0.0195277845851915 6.47204009719248 0.0305094896055736 0.0480585847186819 -12.9694554695346 -3.39255378186958 0.00575969286779554 3.39731541687818 12.7882235611068
"etap[206]" 0.0591826615519996 6.50938080721953 0.0306855154007366 0.0506302204715509 -12.773096027176 -3.28232955954587 0.027026192405561 3.38899983317595 13.2378484180065
"etap[207]" 0.0936617482151386 6.5396514664182 0.0308282126566724 0.0550503198693606 -13.0126282421744 -3.23604183320833 0.0754086255743084 3.34503806766036 13.4406464385916
"etap[208]" 0.050153356567903 6.42149289564672 0.0302712078123535 0.0469747073181783 -13.1557003873448 -3.24161307473493 0.0709147363703415 3.34169491990864 13.1197108775203
"etap[209]" -0.0269512396994935 6.61307282308459 0.0311743242512239 0.0561576758441132 -13.3190410880633 -3.3925190643185 -0.0230863896644651 3.32055152980669 13.3904764702566
"etap[210]" 0.00941242544104586 6.48034093754151 0.0305486201422426 0.0468762245690229 -13.1967406372108 -3.34493293577544 -0.0153575364543235 3.36405652546564 13.271328721784
"etap[211]" 0.0664696387855775 6.65655516807573 0.031379301991258 0.0522776335145019 -13.2773437242542 -3.33092634595813 0.0290898803969725 3.41119618291336 13.4826402480045
"etap[212]" 0.0149359233789188 6.53871386254168 0.0308237927496114 0.044650912173619 -13.3555167424161 -3.28128473993334 0.0261273913741023 3.40740775697863 13.0978017795289
"etap[213]" 0.0677287998791734 6.54499950729749 0.0308534235631511 0.0576584448162233 -12.7387851513099 -3.33321708220698 0.0215654065708295 3.36787917063661 13.339103573285
"etap[214]" 0.0437268049103384 6.38992224009759 0.0301223823148516 0.0480653765259974 -12.8911859125179 -3.3051650111225 -0.00361817970988612 3.33262681792648 13.0950258928213
"etap[215]" 0.11672832568163 6.68642652901232 0.0315201169371349 0.0571868397499957 -13.1816899860992 -3.30074046112936 0.0757554582462683 3.46789241144841 13.5137720342777
"etap[216]" -0.000849488676399211 6.4936259676522 0.0306112463747728 0.0477980474375635 -13.295342352886 -3.31067108179428 0.00204930125276727 3.35281899269966 13.117253258328
"etap[217]" -0.0207607670931947 6.52745854441779 0.0307707346711459 0.0512671326589184 -13.1977156951568 -3.40185907650101 -0.0327513742717545 3.31235380727273 13.0287988243735
"etap[218]" -0.0586282608340427 6.54996838110148 0.0308768470588955 0.0509265988119053 -13.5329624786723 -3.36729251408417 -0.00120506451000922 3.30763825546672 13.3018019461604
"etap[219]" 0.0483004775801018 6.45046051294008 0.0304077624698399 0.0516582530058187 -12.9909714912089 -3.30541116017828 0.0298066793027366 3.36136697553351 13.1032601422762
"etap[220]" -0.00949878677234335 6.57866685624449 0.0310121329681177 0.0599939552210828 -13.3240609875836 -3.39916916154636 -0.00882353067252246 3.35663138204167 13.4641692432506
"etap[221]" 0.0159918963932696 6.42167725198446 0.030272076876464 0.054239406968737 -13.0071564400099 -3.33481829181244 0.00333083110263431 3.33385607014496 13.2606700532274
"etap[222]" -0.103891051429591 6.53064093680419 0.0307857366127247 0.0496824200645948 -13.4618398864436 -3.42183538604541 -0.00447132487908713 3.28784049100785 12.8194826696277
"etap[223]" 0.021002021112041 6.48852726411122 0.0305872108557789 0.054484423255922 -13.2409209933437 -3.31598125641834 0.0122636805942278 3.33164429638426 13.0226323159165
"etap[224]" -0.061281350557118 6.63028259116603 0.0312554518759774 0.0620359014893644 -13.469922590783 -3.43364350439663 -0.0338223235051219 3.35659613395828 13.2706276593571
"etap[225]" -0.000381482861975934 6.4061887782614 0.030199063511132 0.0486701552632543 -12.8314375949513 -3.344451144607 0.00574365350095978 3.30679737380955 13.0529146063291
"etap[226]" 0.102438144680831 6.61972844294948 0.0312056991441536 0.0563462933697939 -12.836437093249 -3.3064393861483 0.0124181901445593 3.38410636045012 13.7925933299269
"etap[227]" 0.0109744618276014 6.39806926048094 0.0301607877372485 0.0494429939610345 -12.8047290333983 -3.43194753148353 -0.0176920680059558 3.37468163154309 13.2745990565885
"etap[228]" -0.0118691538350525 6.55746657281014 0.0309121938735877 0.0508015275628322 -13.3114109795563 -3.38464483123742 -0.0576856668606291 3.35033889653625 13.2686440213417
"etap[229]" -0.0098348114285214 6.52191935851805 0.0307446226983995 0.0503572030554773 -13.1756796208018 -3.37505170982938 0.00790567298154355 3.35671566594587 13.2270256908653
"etap[230]" 0.00229801605593601 6.60846230257379 0.031152590049104 0.0460445862320343 -13.4272705757287 -3.31057561861416 0.00884504489827983 3.31965465365451 13.5802213867093
"etap[231]" -0.0475189454527806 6.47752689976872 0.0305353546409649 0.0543476040770722 -13.2184580355129 -3.35665159679936 -0.0416179479409231 3.27986778345983 13.0111249752513
"etap[232]" -0.0110311817003339 6.45396035514449 0.0304242608842121 0.0485822554757331 -13.0290833378911 -3.39624452927694 0.00223448780749225 3.32200220743537 13.0997235719441
"etap[233]" -0.0350507494988706 6.49079286044446 0.0305978909793167 0.0548016868492311 -13.3031400127219 -3.3476415081975 -0.0395297807356462 3.3110420850631 13.0640640817762
"etap[234]" -0.0275352911539079 6.61471543234451 0.0311820675855341 0.0573543445570744 -13.3626404288664 -3.33269644618871 0.0234864932038927 3.34943981424418 13.2165763734238
"etap[235]" 0.0347823511773296 6.43453376567444 0.0303326830632147 0.0466761276488615 -13.1946236652328 -3.30171727943988 0.0252343965424542 3.37099942172716 13.0376721019416
"etap[236]" 0.0369600551456804 6.49350917410231 0.0306106958046987 0.052951113729144 -13.2112410431331 -3.29837960718708 0.0205547340471703 3.41442072353717 13.1848807951675
"etap[237]" -0.0175922132272919 6.62061753867602 0.0312098903816027 0.061721001880497 -13.4634354976884 -3.35603747684593 -0.0075764543769886 3.37792311362794 13.1892175674156
"etap[238]" -0.0784276112673918 6.45588374277638 0.0304333278204611 0.0523784753107322 -13.2655362544593 -3.37022154279017 -0.0529040398977707 3.2484129402953 12.8681171008042
"etap[239]" -0.0557438416469527 6.38558619719178 0.0301019420125702 0.0529661257960023 -13.1190493688967 -3.42184947056167 -0.0224610036337848 3.31333752113387 13.0293460192682
"etap[240]" 0.08303245600456 6.49373136913376 0.0306117432421219 0.0515194724984417 -12.8564500600449 -3.31504425571514 0.0340313249774992 3.4047398852424 13.5426413405879
"etap[241]" 0.0190589579569248 6.51591521564517 0.030716318897462 0.051303623984023 -13.0961519677346 -3.37794990968247 -0.0119564871738566 3.34237451156389 13.2783249203196
"etap[242]" -0.0251024674958919 6.53925131588921 0.0308263263289888 0.0526604980097843 -13.2629210174248 -3.33385936106364 0.0369869040641994 3.30938157090071 13.2207704914265
"etap[243]" -0.00603555827137487 6.51096141027472 0.0306929664349945 0.0494395397116754 -12.968410562584 -3.31721952824708 -0.0174878366788592 3.27625095739958 13.4697389167442
"etap[244]" 0.0507070616514003 6.50087084077982 0.030645399034222 0.0548946283955815 -13.1493536315576 -3.3321657741673 0.0191362113338817 3.40088688488055 13.2428533151852
"etap[245]" -0.023764002721028 6.47137032633049 0.0305063322754512 0.058277813441676 -13.0486701526238 -3.40283340656438 -0.0306958967475132 3.34755354710515 13.2366313830627
"etap[246]" 0.0499368594637923 6.41510257500803 0.0302410835519697 0.050424092724778 -13.0853792871823 -3.35867606815642 0.0318329027143721 3.41980279984006 13.3623770389174
"etap[247]" -0.0675631402086538 6.4854715602419 0.030572806129597 0.0523579173050145 -13.5775607939116 -3.38674332502492 0.00732966978675962 3.34513652195653 12.9097298951153
"etap[248]" 0.0541366435820112 6.39338763420194 0.0301387183393228 0.0474448479289201 -12.7736661612019 -3.28642994980554 0.027701565436087 3.3964080435033 13.1277711043974
"etap[249]" 0.0840425234232681 6.49333872869112 0.0306098923173248 0.0520886218072151 -13.0985395233244 -3.31243072422487 0.063393004974026 3.46985494612304 13.1000889713881
"etap[250]" -0.0207195465303462 6.33049421715918 0.0298422359281032 0.05333492567499 -12.9043780888773 -3.36880745545906 -0.0230381275787965 3.34580281396092 12.8683475745837
"etap[251]" -0.0489412849540955 6.54957555023517 0.0308749952364327 0.0592895811253862 -13.156106834879 -3.3942799903341 -0.0745085523901773 3.31316557765196 13.2661471623376
"etap[252]" -0.0293676937298161 6.54633753372969 0.0308597310802419 0.0544618489740459 -13.394759521404 -3.33988517152493 0.00121255038185239 3.2876159317615 13.2345406878575
"etap[253]" -0.018887356949074 6.52910916289587 0.0307785157612726 0.0529904232493749 -13.3361503820012 -3.30756920596996 0.0233798535125803 3.30066415681551 13.1697650568315
"etap[254]" -0.0767818367073633 6.5511498271107 0.0308824164487937 0.0491705680134404 -13.4140568865867 -3.4167339587929 -0.0390783618504163 3.3466639577496 13.1139009586139
"etap[255]" 0.0383258315271625 6.51815820496259 0.0307268924505052 0.0603318021135303 -13.1546716429853 -3.3165154351425 -0.00329583680473215 3.34749208820491 13.4847677095806
"etap[256]" 0.0204734034307829 6.46435584918529 0.030473265713079 0.0506844184687715 -13.2558476440531 -3.33295131710691 0.0156192689100801 3.32455553342174 13.2433696157107
"etap[257]" 0.0432987826591612 6.62574008643746 0.0312340383033298 0.0543749840285831 -13.2381482384509 -3.37730620751632 0.0238163588248703 3.36937884980109 13.4971452351961
"etap[258]" 0.0207395152425976 6.4613973464533 0.0304593191974526 0.0524128062082626 -13.319860589115 -3.31532635316733 -0.00676211102932334 3.36978480015351 13.1722836648376
"etap[259]" -0.0331328321219055 6.56207316132114 0.0309339095400828 0.0507407708142891 -13.3892582354167 -3.35651425747263 -0.0243595890517891 3.29252181320483 13.0290459622903
"etap[260]" -0.0327728962978744 6.60023748063782 0.0311138178666708 0.0534213332272517 -13.3494687020673 -3.40314130985623 -0.039217761893495 3.35351618421602 13.1688351950186
"etap[261]" -0.0363464201054115 6.43618929231014 0.0303404872906183 0.0474884313440943 -13.3421491969409 -3.37803379501458 0.00230920895412936 3.32660699535474 12.9601394169857
"etap[262]" 0.0555645866572279 6.55169993852271 0.0308850096988593 0.0492896171595544 -13.0965266618245 -3.31646322333916 0.0537634203397163 3.39325496060421 13.6261522014124
"etap[263]" -0.00789862878135076 6.51753115223821 0.0307239364956147 0.0531616185445936 -13.0787389007556 -3.38899413663211 -0.0598802664864926 3.30360886602979 13.3958162133622
"etap[264]" -0.0298447922824794 6.52474594860862 0.0307579473718707 0.0502877433901677 -13.2537558711613 -3.3467976988083 -0.0135761051926809 3.3442294534449 12.940627994907
"etap[265]" -0.00202052919809436 6.5393005965196 0.0308265586401083 0.0530152580313866 -13.285888600047 -3.35160518911712 -0.00635997117890166 3.3391221641852 13.4448442721769
"etap[266]" 0.00506004848209022 6.53482787858169 0.0308054740455468 0.0579953601370318 -13.2291273162652 -3.35866187079541 0.0170961118586044 3.35657718822644 13.2925863253373
"etap[267]" 0.0839527345550592 6.46866377421926 0.0304935734664414 0.0522987429869636 -12.9767766943046 -3.30927781441872 0.0766692649757582 3.42442146377207 13.2387367844091
"etap[268]" 0.00207695252109857 6.53217061379836 0.0307929475792288 0.0553903269087652 -13.2593479084003 -3.36083285508978 -0.000748590924153857 3.34254842372662 13.2802273669001
"etap[269]" -0.0244680974666941 6.55203287323972 0.0308865791681666 0.0540561893796608 -13.5115151041078 -3.3258892252422 -0.0266742207513599 3.34738526391942 13.2591797689887
"etap[270]" -0.0618623870262949 6.5914574602388 0.0310724284535834 0.0581116102647219 -13.4518062840772 -3.43492807172813 -0.0276229051627885 3.31745808341942 12.9505980015428
"etap[271]" -0.00598658507543736 6.51568020394984 0.0307152110417058 0.0498670941779555 -13.2024939061729 -3.35952720669852 0.0409214127935225 3.36579126133333 13.3481297309582
"etap[272]" 0.0276392785934061 6.57274828758981 0.0309842325679135 0.0530549051115809 -13.0402891794872 -3.32272062757361 0.00485600689535345 3.33461120829935 13.2445804716783
"etap[273]" 0.059515263395623 6.42498147167788 0.0302876531174757 0.0495875748128337 -12.7297443943457 -3.32279655470893 0.00212170953336251 3.38920292875639 13.4559093960964
"etap[274]" -0.028332704289862 6.61503398305272 0.0311835692479736 0.0477706751387988 -13.2334918514278 -3.36915562650497 -0.0475704564816653 3.3485799977965 13.0520549874147
"etap[275]" 0.027273741201803 6.55587955813088 0.0309047126146441 0.0543502216954561 -13.2640123846402 -3.30712087293895 0.0314693859749355 3.39037984438127 13.4604445650958
"etap[276]" -0.0676266145249383 6.46695641117335 0.0304855248798566 0.0466598837624077 -13.266104628282 -3.38935551122699 -0.047391375306472 3.29991146395257 13.0618426149814
"etap[277]" 0.0258683846155192 6.51529554052091 0.030713397720912 0.0538361522482292 -13.1188794351164 -3.34276653294558 -0.010896061034023 3.3648542506738 13.2052418559688
"etap[278]" -0.0142867482346048 6.4598589250551 0.0304520670094327 0.0509845221142053 -13.2501807398197 -3.31200372374877 -0.00196725957888553 3.33350572581065 13.0511026044825
"etap[279]" -0.100285883097051 6.37753014227068 0.0300639654054747 0.0459594181516778 -13.3169930002492 -3.44921953075824 -0.0813843682490962 3.30228553010338 12.7570774734298
"etap[280]" -0.0204427544240602 6.59850835187743 0.031105666675524 0.05787942583087 -13.2930127983092 -3.39032706247832 0.0200482167319414 3.3927050272804 13.1581243675751
"etap[281]" 0.0309776242500933 6.38979926051327 0.0301218025835314 0.0481891502372338 -12.9441628892398 -3.25049815717231 0.0391968016076952 3.36558582987043 12.9514508243912
"etap[282]" -0.0529555922393626 6.39856780379446 0.0301631378929665 0.0463908634864851 -13.1084333144779 -3.39702102624401 -0.0481758909754365 3.28842952200302 12.9553939428022
"etap[283]" 0.030327660272627 6.4623948999417 0.0304640217096943 0.0491212255495667 -13.1480153710914 -3.32851809122423 0.0191739117560725 3.37056610193924 13.1945880735481
"etap[284]" -0.0256842765842402 6.50841387097929 0.030680957219587 0.0542664532566706 -13.1497563683058 -3.36603735451943 -0.00757767820534431 3.30711904101466 13.4438035280249
"etap[285]" 0.11453908187559 6.56688888579741 0.0309566110829728 0.0537365014669551 -13.1372338910254 -3.30207977383361 0.0867247337692601 3.48170569585325 13.6470860840346
"etap[286]" 0.035021710321852 6.46556431107305 0.0304789624570499 0.0482179209890106 -13.1141657159407 -3.31145594140377 0.0300802255303075 3.37928577011893 13.2854660734632
"etap[287]" 0.0618689678520346 6.5144551259278 0.0307094359685268 0.0516462864399955 -12.9309209573949 -3.36225272500285 0.0185672055876531 3.38396105690851 13.2811468476179
"etap[288]" -0.0341686975896142 6.61634567442796 0.0311897526204153 0.0561940660110108 -13.6378891637287 -3.31402523868825 0.0316914626557422 3.35470042173015 12.8937386167513
"etap[289]" 0.128175272791297 6.4996257829657 0.0306395297753998 0.0555526340843348 -12.8261817100743 -3.31511663164935 0.041801918172459 3.47551156028532 13.6032409560283
"etap[290]" -0.027723037764735 6.50428722721701 0.0306615040343346 0.0500868186795036 -13.0121868530332 -3.39620015887912 -0.0439378250790384 3.34175157182229 13.1452300705718
"etap[291]" -0.0439550834552725 6.51935884756112 0.0307325523339932 0.0571253339046848 -13.4699372162843 -3.36061350213107 0.0101797196217159 3.34601201207863 13.0105006251985
"etap[292]" 0.0942966146009877 6.49500441371466 0.0306177444318279 0.0494200027208068 -12.964620814554 -3.28131757565236 0.0353031629401313 3.38935813828717 13.5184092649436
"etap[293]" -0.0279149867134318 6.52330588831874 0.0307511588625621 0.0516961935211502 -13.3816027329585 -3.39496169706141 -0.000519875061518785 3.33243046769616 13.2481540541602
"etap[294]" 0.0167245853149563 6.54201383141127 0.0308393489520473 0.0542545744515804 -13.0640649773989 -3.34515919711808 0.0160914321794267 3.35022535108869 13.1588562732192
"etap[295]" -0.0015266891705323 6.56220160443095 0.0309345150267091 0.0614302853141684 -13.1696505116812 -3.37118949772572 -0.0121248040504772 3.34028292081491 13.4357267873138
"etap[296]" 0.0231715388847615 6.54453755490468 0.0308512458986875 0.0512550522541488 -12.9570657848219 -3.36454747987111 -0.0102163732401715 3.36818090210076 13.3171077665965
"etap[297]" -0.0282601778018963 6.64536323797072 0.0313265427267793 0.0579880174817479 -13.3983851485294 -3.41410587524704 0.00441865541291687 3.3844562668047 13.3605026877983
"etap[298]" -0.0414455172845965 6.40611899808522 0.0301987345642269 0.0471603698207528 -13.0351336129401 -3.39089059078986 -0.0475747251056074 3.31688132805011 12.9268321874989
"etap[299]" -0.058684128755191 6.53545798404403 0.030808444391182 0.0466288718986152 -13.2327121942094 -3.44247763427883 -0.0173713915200151 3.35462287566871 13.1321635714573
"etap[300]" 0.040143898796998 6.59610927146375 0.0310943573019965 0.0629756152984742 -13.0877087952074 -3.37120749172793 0.0577816176076057 3.43503043862199 13.3192842746138
"mean.p0" 0.227934318469651 0.246676017837993 0.00116284189979559 0.00420649963102054 -0.251429328138045 0.0716393993896794 0.222279493898623 0.384407647493196 0.730390417470959
"mumup0" 0.909741448265572 0.0279942839985812 0.000131966320332392 0.000411273579873542 0.851607547293709 0.891216519650356 0.911164160751295 0.929524571212382 0.96078380181189
"mupsi" 13.6290344390121 1.44280554723354 0.00680145057588269 0.00871110286917567 10.8857556849821 12.6395631300053 13.6059819689711 14.5870747702083 16.5480071699842
"ppo[1]" 0.476821820908288 0.118456669952664 0.000558410097335369 0.00205945927542142 0.210327889511934 0.403884520453823 0.4930084566621 0.559942409229335 0.677408258377098
"ppo[2]" 0.517769192945177 0.108638573378199 0.000512127146227713 0.00130409359907325 0.280892238958622 0.452322829836622 0.527062610768402 0.589945637395988 0.716555137910165
"ppo[3]" 0.55775240178428 0.104085993214683 0.000490666077524262 0.00105452003966198 0.34064803301546 0.49526142297354 0.557478467473791 0.621952886055325 0.767230494267379
"ppo[4]" 0.519035981330306 0.108945513988265 0.000513574078139708 0.00134958305452725 0.281855864183314 0.452968145671837 0.527611010468204 0.590742522937618 0.721864803986525
"ppo[5]" 0.599247261696702 0.106170838044864 0.000500494130305214 0.00158211800612258 0.398682862124493 0.529398715134367 0.591401027117637 0.666657215931672 0.823128087858736
"ppo[6]" 0.598051770155309 0.106205615127345 0.000500658071044228 0.00145427868997907 0.395443302015518 0.528437174348942 0.591507797792212 0.665299977355342 0.820142168935967
"ppo[7]" 0.637070566144438 0.112269978810425 0.000529245755603478 0.00223142415882796 0.439291765832254 0.55518782034338 0.625220105450376 0.712374452548587 0.87063425422726
"ppo[8]" 0.599119871045665 0.105853229053869 0.000498996907163226 0.00151916967860409 0.400852094220711 0.529268310466607 0.591942592812986 0.665893601803713 0.822641640571698
"ppo[9]" 0.437446174014455 0.130234826027947 0.000613932857540077 0.00296329630858048 0.155551911444232 0.349428430674035 0.455419673032836 0.536513519106401 0.646544141658665
"ppo[10]" 0.59850522141236 0.107006058701338 0.000504431398238412 0.00150039948413807 0.394305093162288 0.528598831339204 0.591958474466489 0.66565660071529 0.825295181928752
"ppo[11]" 0.477586913549878 0.117379012534333 0.000553329971546717 0.0020469890953634 0.217720125951257 0.403901020741669 0.493562896182661 0.560599024453805 0.676218974771609
"ppo[12]" 0.519732291607046 0.107850780907646 0.000508413456907072 0.00122915202080513 0.284495520200639 0.455128796592612 0.528234550974081 0.590497631771919 0.719310117315867
"ppo[13]" 0.599212708762051 0.106547327526212 0.000502268918740591 0.00150397636064261 0.400608466511553 0.529007599157902 0.59248407142446 0.665413017609976 0.824964647276325
"ppo[14]" 0.517530286757469 0.108672328298955 0.000512286268450148 0.00133518276687261 0.276632355757348 0.452763284217599 0.527344158420412 0.589282321362184 0.715260053327363
"ppo[15]" 0.598993904386708 0.106461808431813 0.000501865777863453 0.00147123540314016 0.395644474036748 0.528871027294796 0.592316722988906 0.666625415829963 0.822653224462168
"ppo[16]" 0.598325975470982 0.106599609587149 0.000502515378739409 0.00152155231818077 0.393969722375468 0.529065210492 0.591738067377338 0.665616205810693 0.822703294787281
"psi0" 0.999996792822731 0.00000668478862085983 0.0000000315123957640577 0.0000000445828105988233 0.999981277310009 0.9999967587982 0.999998766904888 0.999999537710829 0.999999934943339
"sdeps" 0.502569563667025 0.315271687988827 0.00148620498995353 0.010495033500052 0.0406899910686534 0.260881218612414 0.464372391700581 0.69076438223258 1.21706242453076
