"Mean" "SD" "Naive SE" "Time-series SE" "2.5%" "25%" "50%" "75%" "97.5%"
"N" 10.9394888888889 1.23327701868414 0.00581372361995387 0.0245787087528196 10 10 11 11 14
"betapsi[1]" 0.354104247560634 2.57572846017475 0.012142100404565 0.0210349344281944 -4.44910512018958 -1.02652146624178 0.0900458987822495 1.51415370329525 6.47975183586824
"betapsi[2]" -0.867601279102731 3.30988117605299 0.0156029294967252 0.0458600862439596 -8.54082177136224 -2.43497972994332 -0.28490846441397 0.84260530573388 5.39811528048991
"betapsi[3]" 0.341736221976756 2.59125939559883 0.0122153139362753 0.0212865058597927 -4.61431358744599 -1.02365471603375 0.0803469261708266 1.47171747893184 6.53049007650187
"betapsi[4]" 0.346821629935251 2.58170181112169 0.0121702590509716 0.02065157289545 -4.55496023805954 -1.0319189928345 0.0854906118953006 1.52332941451744 6.43561123073284
"betapsi[5]" 0.366082858230293 2.58774318363936 0.0121987383541377 0.0195720960556719 -4.54471971758018 -1.01049268772162 0.101043237449799 1.5300546530776 6.52649529968479
"betapsi[6]" 0.340251189283808 2.59342952710689 0.0122255440343114 0.0199845864187126 -4.54799095013445 -1.03194331945352 0.0772575086573749 1.48330935310507 6.55266336467069
"betapsi[7]" 0.357270338700304 2.54946059162443 0.0120182724847034 0.020300400275839 -4.47491389240535 -1.01660376535324 0.0988358008925545 1.52745796693548 6.40624910127938
"betapsi[8]" 0.336949266090125 2.58287145942159 0.0121757728259347 0.0205959424649205 -4.57571365894017 -1.03148067473198 0.0789783480936322 1.49662817346393 6.51531308061582
"betapsi[9]" 0.357212123967222 2.58514448663883 0.0121864879789956 0.0210567969939068 -4.49292159793355 -1.01083932435557 0.0904592535850911 1.49643513927408 6.44952341767174
"betapsi[10]" 0.332054560654363 2.59469735576705 0.0122315206359312 0.0218057275319366 -4.58804217615972 -1.04600870668815 0.0733010602192451 1.49632985668364 6.46061742840196
"betapsi[11]" 0.323060338356918 2.56165586812282 0.0120757615694397 0.0194539008796975 -4.57512007005436 -1.031695596302 0.076993483018483 1.50080156590008 6.42664079982974
"betapsi[12]" 0.34565898354377 2.54757566800223 0.0120093868695349 0.0200815565214152 -4.47845555227388 -1.02681078303239 0.0829498536472893 1.52844785430935 6.32070361753588
"betapsi[13]" 0.317645714707397 2.56832576130669 0.0121072037474404 0.0214294399240135 -4.54923604340255 -1.03783974627448 0.0742977098937249 1.47799267628946 6.3900800153675
"betapsi[14]" -0.857739898062652 3.34717656784225 0.0157787416596665 0.0512110192679048 -8.4768990662449 -2.42050167983696 -0.293557921097912 0.839561175194403 5.5758296244904
"betapsi[15]" -0.87592909872734 3.36807837932589 0.0158772737439275 0.0522677861904412 -8.50233707965228 -2.49901977848872 -0.309126463267071 0.829100651395387 5.61425252710246
"betapsi[16]" -0.914766469039775 3.32024368377528 0.0156517788265954 0.0504809196132172 -8.43164940291049 -2.55056030298501 -0.331509778394347 0.818639613850852 5.4026921965563
"etap[1]" 0.416814101949157 7.03659120664005 0.0331708090576854 0.574735326490355 -12.2935212872138 -3.97809234633921 0.0494689956451566 4.29470350160666 15.4883858500468
"etap[2]" -0.241693435309596 6.32739089523292 0.0298276067282481 0.465532570999078 -13.1064064590923 -4.13703702075405 0.0364126943669939 3.95875255788619 11.2651157276198
"etap[3]" 0.414504542312174 7.00550184202524 0.033024252387406 0.604315672356512 -12.4394964063226 -3.96150841541581 0.0670260472930398 4.32955999407379 15.3344566546449
"etap[4]" 0.0834623336763752 3.39577174034898 0.0160078214997494 0.0687106127726774 -6.39809830802706 -1.63626301224868 -0.00247156854051529 1.66257684925299 7.1324582531148
"etap[5]" 0.417442960373463 6.98653433716567 0.0329348387120167 0.557940132811713 -12.2364638291217 -3.97575755027159 0.0233015358980218 4.3048760160648 15.4968512898171
"etap[6]" 0.408599755438373 6.79563640830574 0.0320349372452745 0.594427886023464 -11.7733620416759 -3.91648900427008 0.0393436971514593 4.29788431493214 14.8641254504536
"etap[7]" -0.00325563274428987 3.31156166105123 0.0156108513789781 0.0886649437975229 -6.9248450810548 -1.62481710846788 0.0196314650973022 1.68064033163267 6.62676779098605
"etap[8]" -0.113877743832982 4.4688092199569 0.0210661686884033 0.246371463715871 -9.80690317721237 -2.5304532573218 0.0172372411607064 2.53421629410193 8.49016748246503
"etap[9]" -0.0664149617132583 3.28426783553117 0.0154821870515797 0.0863683795947486 -7.03329181768992 -1.6583967938186 -0.00655187506400825 1.65377453226558 6.33426498158969
"etap[10]" 0.349163127170448 6.87939469066639 0.0324297775748596 0.553297995430508 -12.2956950449011 -4.01129961522695 0.040653843477501 4.27577646242329 15.0197349943549
"etap[11]" -0.214257212337053 7.84698624022886 0.036991047882289 0.283294312576522 -15.9525484039926 -4.96189622538194 0.0121420614479491 4.82712434901746 14.2939322768316
"etap[12]" -0.277387500061471 6.92326766983852 0.0326365967820827 0.125247205197364 -14.9132449292196 -4.10537802299521 -0.0726186322495484 3.87214233582268 12.6818686189559
"etap[13]" -0.037902277525601 6.51087897277618 0.0306925778208996 0.0708856681456332 -13.2652168459288 -3.63244910799386 -0.00661835693127986 3.57750810283187 12.7232726367343
"etap[14]" 0.00900583751904501 6.32193127677894 0.0298018698400381 0.0541857843715426 -12.5522394046454 -3.511348538416 0.0172675055945409 3.53373927074003 12.5869896605849
"etap[15]" -0.0262515218428157 6.30771240351632 0.0297348414286726 0.0495893421837848 -12.6156857841195 -3.44128450864616 0.00626089958196943 3.45891438506499 12.4327133766938
"etap[16]" 0.0151356825796078 6.33243381877436 0.0298513792978025 0.0489789643981661 -12.721075476407 -3.36155267025621 0.00296676442556749 3.40010531088458 12.9854582383951
"etap[17]" 0.00314239365099388 6.25320544804107 0.0294778931764167 0.046755739533723 -12.4238278068346 -3.43055621676406 -0.0327908662744967 3.39568848711977 12.7407358952718
"etap[18]" -0.00851313550430642 6.2089350042274 0.0292692003029048 0.0495685595235568 -12.554705550577 -3.39400311896045 -0.0155959020367717 3.38722325802689 12.4781484605223
"etap[19]" -0.0596011946515458 6.24819398932415 0.0294542689334676 0.0467409350674264 -12.786036429051 -3.37974134976237 0.00461432394291363 3.35170614090699 12.1849145910299
"etap[20]" -0.0361070554088665 6.2305860778824 0.0293712644429143 0.0507708726586364 -12.6252244584769 -3.37366327452079 0.0229644981966749 3.33936242547332 12.1833574226423
"etap[21]" 0.0302901908460416 6.38419670498048 0.0300953918834701 0.0511141370483512 -12.6076205826782 -3.43521988434415 -0.0108321736132523 3.43688867031239 12.6372518234372
"etap[22]" 0.0253956223066063 6.30184829478181 0.029707197754994 0.0483599592029985 -12.7757555658425 -3.47783528756234 0.018079332986229 3.44981149218736 12.8332875350288
"etap[23]" 0.0120236308111315 6.251301152999 0.0294689162434992 0.0461824766998253 -12.4069923737471 -3.41935642214504 -0.020167746824392 3.371328933861 12.7339923925673
"etap[24]" -0.0190605390818644 6.40610497956914 0.0301986684803083 0.0528632911632849 -13.1008029332716 -3.45685102267124 0.00394807101728266 3.39287441554432 12.7523929821952
"etap[25]" 0.0100973759743393 6.21681592913322 0.029306351339191 0.0470943211261534 -12.5414540127232 -3.3619396939246 0.0317730987078594 3.36731848669134 12.4153654193889
"etap[26]" -0.0745289569838613 6.36928844575335 0.0300251136755021 0.0528894817638526 -12.7354753955032 -3.52323244375599 -0.0293364721207385 3.41336177152412 12.3872618343245
"etap[27]" 0.014415131523739 6.31315401542328 0.0297604934332059 0.0471971633412335 -12.8143115052918 -3.39553286745163 0.0265430625642486 3.45312226681679 12.6757183791942
"etap[28]" -0.0471807604956855 6.21050032150926 0.0292765792793362 0.0422484637104046 -12.7696430113908 -3.38089832751056 -0.0158741398945374 3.38166876549642 12.3705240812573
"etap[29]" -0.0161878343711362 6.30329427003594 0.0297140141477115 0.0493641367600044 -12.6410262211271 -3.41463393229265 0.014227163722085 3.4127562478962 12.6574541441209
"etap[30]" 0.00264098808235975 6.21944198261919 0.0293187306740422 0.0455888795045883 -12.4761210369354 -3.37792605062339 0.0390189487109471 3.42623917009018 12.3367845327671
"etap[31]" -0.0729873173910317 6.1896048363423 0.0291780770176179 0.0435283404353354 -12.6080324140109 -3.43908098682852 -0.0107043903015478 3.38411619235872 12.3105629165092
"etap[32]" 0.0455273202715413 6.31267642051142 0.0297582420292003 0.0473300129057007 -12.6164448038009 -3.40593752872794 0.0336977934381035 3.50668071454823 12.7145990991605
"etap[33]" -0.059388422170482 6.29430341333301 0.029671630842756 0.0436606668914972 -12.8793717302211 -3.41448779786466 -0.00633923499034908 3.36952965148088 12.5173960377257
"etap[34]" 0.0479143854809766 6.28730607567945 0.0296386450767221 0.0541327148974744 -12.4654857516601 -3.34075307210924 0.0715792083436156 3.44572006079706 12.555446181811
"etap[35]" 0.0333112693917314 6.36573820029158 0.0300083776578962 0.0514364471558766 -12.6852486607172 -3.42596795848033 0.0488501452276904 3.41301259445113 12.762332891215
"etap[36]" 0.0186031696531341 6.23837921585472 0.0294080016476273 0.0458092821966088 -12.3781354650555 -3.34080939616518 0.0249706820345483 3.37951814081062 12.5020621815894
"etap[37]" 0.00293706018669418 6.20649952791268 0.0292577193574544 0.0498243072306575 -12.6428218716427 -3.3451148680773 0.00248742270792451 3.37533955478641 12.4303492638327
"etap[38]" 0.0304582707746058 6.31451449077033 0.0297669067754961 0.0497699963641239 -12.5208356080062 -3.44431307204205 0.0106266514375429 3.45119371196589 12.7172300474312
"etap[39]" 0.00539815156943524 6.33930713264701 0.0298837804101263 0.0548450103002658 -12.6684565785012 -3.40541537688514 0.0198977149837527 3.38199480272504 12.6053270483409
"etap[40]" 0.0443150151814709 6.28666576994448 0.0296356266465406 0.0502423647472485 -12.2822733541219 -3.40285416695311 0.00145878339151331 3.42733185334969 12.7616057368222
"etap[41]" -0.00707280457763604 6.28057594507438 0.0296069189367947 0.0479256006831246 -12.4339559271472 -3.45081057199392 0.0410827850264849 3.40028095662009 12.5796199058396
"etap[42]" 0.0540411069736995 6.30460867005373 0.0297202102888166 0.0532924666275592 -12.570529088219 -3.37476963953092 0.051939385400504 3.44493313196242 12.9316018920242
"etap[43]" -0.0457381418502009 6.29881361788517 0.0296928921509119 0.051036924062002 -12.7535448843911 -3.44625716419334 -0.034957272929662 3.39781289361809 12.5306139126239
"etap[44]" 0.0499664808046381 6.35050542737406 0.0299365696777211 0.0520073441230128 -12.6310877927459 -3.35360279328815 0.0246543296516819 3.490559120173 12.5950536087951
"etap[45]" 0.0959172878598887 6.32052726482207 0.029795251264201 0.0497097444160649 -12.2831077509034 -3.4069592103269 0.0272065765384265 3.51643134112683 12.856688810886
"etap[46]" 0.050770156165361 6.18338633691111 0.0291487627301739 0.0441595796773046 -12.4783716902782 -3.31438685846199 0.0524264466387022 3.45053321156015 12.6709945223551
"etap[47]" -0.00986379634672838 6.26083388724529 0.0295138539836912 0.0491787121851222 -12.4754388950268 -3.42529188855978 -0.00777228809934263 3.3803583499482 12.5409147542093
"etap[48]" -0.0272187126254509 6.34259028607351 0.0298992573438033 0.0518229753678623 -12.8655726009091 -3.38031660350838 -0.00516522964796111 3.39231582242079 12.6136601201221
"etap[49]" -0.129836504705981 6.37883253296163 0.0300701049340702 0.0530147216423949 -13.126333765009 -3.48056239985605 -0.0699009738679545 3.33905700468497 12.3495420156469
"etap[50]" -0.0325131452035422 6.24465397515247 0.0294375811466256 0.046964459330226 -12.5970299280422 -3.39335006501493 -0.01280166376543 3.37714549194422 12.5809923930818
"etap[51]" -0.00211385727358198 6.21843602982452 0.0293139885670911 0.0469360832163004 -12.4801240043525 -3.4140760037579 -0.0147939547108205 3.41919695712565 12.4799768858727
"etap[52]" 0.0327493222304174 6.20584249020451 0.0292546220519948 0.0497132199877378 -12.4050755829304 -3.39253688282197 0.0240867738229588 3.4014553329343 12.5915626886754
"etap[53]" -0.0853357262707731 6.31825134421174 0.0297845224715543 0.050236904666912 -12.8728351481232 -3.42165457554985 -0.0730154044273034 3.32090903574726 12.4567048525483
"etap[54]" -0.0324188935843302 6.32261675381002 0.0298051012097516 0.0595284610071188 -12.656679777567 -3.39016661154251 0.00657938616472153 3.45268257617543 12.4588455622477
"etap[55]" -0.0330552558411527 6.20376933224208 0.0292448490916367 0.0451669408761879 -12.694983255952 -3.43503928736431 -0.00877409057676097 3.36665691442124 12.3644093442243
"etap[56]" 0.0395915243061552 6.3182133866908 0.0297843435380846 0.047781895556372 -12.6818614024475 -3.37093441492055 0.0342104841393826 3.42522909384874 12.7193571683586
"etap[57]" -0.0282067686580086 6.28983658472903 0.0296505740107809 0.0468616693980705 -12.6939663272338 -3.39766718434419 -0.0271706654058856 3.37656986719953 12.5208916469237
"etap[58]" -0.0104223047276264 6.31575037366793 0.0297727327833471 0.0511486536093465 -12.6423205244099 -3.44828853193557 0.021661057051097 3.40019920281901 12.7270509546626
"etap[59]" -0.0436510589127249 6.28683877663816 0.0296364422079159 0.0560204130212679 -12.8412508579764 -3.38073002612433 -0.0279099901080325 3.3684365037025 12.6494194353202
"etap[60]" 0.00550406216686111 6.32934944009219 0.0298368393972565 0.0458107580400621 -12.8719033583763 -3.39579402562533 0.00657561978986121 3.42143266504962 12.966084273799
"etap[61]" 0.0526465351364756 6.28307859374782 0.0296187165357808 0.0517149455932786 -12.4345443230035 -3.36792502905564 0.041982379396916 3.41408806189324 12.5130286713221
"etap[62]" -0.000243192092207146 6.27051458230541 0.0295594892178486 0.0486724456637018 -12.6728920432721 -3.44104539908511 0.0014018316269862 3.46264046311004 12.5208445156422
"etap[63]" -0.0511597292004321 6.42212989176841 0.0302742106408685 0.045830977925229 -12.7527853460311 -3.43842883936779 -0.00658035643772642 3.41968568604673 12.4940408007168
"etap[64]" -0.0626986257206574 6.40192099612407 0.0301789449931991 0.0530532278066481 -12.9707641135053 -3.48486337505452 -0.0602525793027291 3.36255669524151 12.7249461764116
"etap[65]" 0.00627510017731364 6.25515144481597 0.029487066693188 0.0515588488057182 -12.6233594296813 -3.42227480516771 0.0308016014596178 3.4626424715989 12.5808250819371
"etap[66]" 0.116063815563569 6.42368463333265 0.0302815397628889 0.0606314211247247 -12.5509482124978 -3.37133175966624 0.0252909489156495 3.47400224378794 13.1722864046248
"etap[67]" -0.0206665583938471 6.19775726669195 0.0292165079428405 0.0612697417344558 -12.2396514726148 -3.43147191033536 -0.0243462284224958 3.37196113077025 12.2942963095592
"etap[68]" -0.0627054831458812 6.23679378712927 0.0294005278649416 0.0512833691685675 -12.5534515135664 -3.45511648321521 -0.0648872699489166 3.36601503067564 12.2834688445557
"etap[69]" 0.0133313896613211 6.32389731115356 0.0298111378149604 0.0437854629965863 -12.6116383493432 -3.39848232934366 -0.00134776835441887 3.4060757007412 12.628954640643
"etap[70]" 0.0118579943769076 6.22081675255073 0.02932521140165 0.045646341591523 -12.4662481195639 -3.37916131410552 0.0153154483524644 3.40051010226801 12.4051807531054
"etap[71]" -0.00935926144739715 6.37020338970265 0.0300294267626418 0.0471536939575722 -12.7071303391947 -3.40731770275318 0.0126163332224385 3.45147160250014 12.6485117403257
"etap[72]" -0.0386012661130232 6.23136868450778 0.0293749536859263 0.0457899884236822 -12.6498009838018 -3.4442642722822 -0.0424141753619931 3.33075312432297 12.6654598508515
"etap[73]" -0.0286399958018166 6.4019696996223 0.0301791745836916 0.0522202242313499 -12.9871931802372 -3.46061548740736 -0.0103705621501826 3.44485139622369 12.7267398353331
"etap[74]" -0.0265772204109501 6.31131273168207 0.0297518135384092 0.0542926538810222 -12.6125231783601 -3.42056383865613 -0.00920598096655095 3.42264466456295 12.6133632015997
"etap[75]" -0.00987265318934589 6.31289247512228 0.0297592605204033 0.0477769420533674 -12.8846873373224 -3.43492964597594 0.011329479683607 3.4255139109017 12.6747374621274
"etap[76]" 0.0104951763820666 6.34260550192015 0.0298993290719923 0.0588358588069795 -12.6059998861972 -3.37559865233301 -0.00519730133167584 3.39764750710836 12.8167542657336
"etap[77]" 0.0830053097861431 6.43116304421809 0.0303167933298862 0.0527021016364143 -12.4808238284989 -3.42913980801972 0.0265572701317394 3.48591537653335 13.0036396634466
"etap[78]" -0.0203074381814763 6.30953176157948 0.0297434179648317 0.0544456183317546 -12.7137239084466 -3.41745706338818 -0.0175609614404637 3.40293948710035 12.5405800839184
"etap[79]" -0.0603178045492002 6.25102087996307 0.0294675950237372 0.0423914808239188 -12.7701528531143 -3.4277902703767 -0.0667061893870535 3.38203885044586 12.5461660334132
"etap[80]" 0.040466397832206 6.42167133349654 0.0302720489764444 0.0512112460000465 -12.7505301755071 -3.3925927585773 0.0378512962784711 3.46421659336506 12.9182690103354
"etap[81]" 0.0836206032525929 6.21689997099171 0.0293067475163113 0.04656452375747 -12.1899267315373 -3.35473885494855 0.0484763945938987 3.44941082836535 12.7811834132966
"etap[82]" 0.0397363466483356 6.29726863339726 0.0296856090241903 0.0461744112182146 -12.4391589229323 -3.42683065454433 0.00619850183065375 3.44069766077162 12.6132582746708
"etap[83]" 0.0452437436808341 6.34550881185599 0.0299130154062824 0.0517001736105755 -12.6129900651085 -3.36413816213248 0.0427370681290587 3.44421284142041 12.8834115841354
"etap[84]" -0.000775075287944794 6.37546325946633 0.0300542220264956 0.0528747494095395 -12.5773550380365 -3.39076023264399 0.0206964392513893 3.39965296377552 12.6649336039444
"etap[85]" 0.0330186359792333 6.35424223036891 0.0299541851359719 0.0462173959991134 -12.6572983294796 -3.38150634172226 0.0524774608231967 3.44615561111008 12.5638560808856
"etap[86]" 0.100000899695159 6.39059019429758 0.0301255310811472 0.0494563379986388 -12.6677327993996 -3.34975552761561 0.0215792059476304 3.53683122285766 12.8167265084403
"etap[87]" -0.0137630076265982 6.25698866026552 0.0294957274098739 0.0428966024017526 -12.4900113966259 -3.44571467423468 0.00375296706757877 3.40660893914115 12.588872177588
"etap[88]" -0.0249161361989873 6.30442156317875 0.0297193282585492 0.0508368575699875 -12.5173859460039 -3.46363725420898 -0.0804533999327215 3.34897944086577 12.8455210672416
"etap[89]" 0.0180190059578619 6.25698009378805 0.0294956870271118 0.0470513291787202 -12.7396149925293 -3.36460694009757 0.0260092826804425 3.40651422561294 12.4439543130756
"etap[90]" -0.0195893862452748 6.25472236471934 0.0294850439902147 0.0475203020477852 -12.7615209288248 -3.42119197276043 0.0196082733096481 3.40674086865522 12.3827708018096
"etap[91]" 0.00190049550940008 6.27000503792558 0.0295570872026066 0.0498234984729162 -12.5219236069572 -3.45036713364283 0.0155108556646833 3.43632300873934 12.5894347472131
"etap[92]" -0.0127098937109834 6.18055132930597 0.0291353983761585 0.0456306993520985 -12.4855029237386 -3.37985435337875 -0.0200848281048978 3.37621962155179 12.4596509574397
"etap[93]" 0.0135028455194198 6.32179531777455 0.029801228923145 0.0542930287125896 -12.4788523269301 -3.38219719328001 0.0513598365953483 3.46752538227878 12.5855992168791
"etap[94]" 0.0251920431645899 6.3606937140601 0.0299845977217503 0.0478225970776948 -12.5400469658486 -3.36578476007201 0.0327609395876665 3.41267213483173 12.8439685396293
"etap[95]" -0.0539508810183277 6.19858402886307 0.0292204053370914 0.0476227016147227 -12.612222415273 -3.44899365438332 -0.0426904498222215 3.36819617920544 12.3846116664022
"etap[96]" -0.0142586463933375 6.27476827399815 0.0295795413127887 0.0508292657259779 -12.6450504804623 -3.37452588841427 0.0371944091220191 3.38053602659041 12.5140492153756
"etap[97]" 0.0775317719365286 6.27687367503038 0.0295894662684354 0.050905514457771 -12.5000130212618 -3.37979143395003 0.0701595442639086 3.53192234509541 12.7823912692297
"etap[98]" 0.00886625934176973 6.26573830948139 0.0295369736518309 0.0477342830859123 -12.6529859922248 -3.41479909483005 0.0299659875239565 3.44947946998296 12.5337036503905
"etap[99]" -0.0194516394490873 6.20105783064258 0.0292320669505154 0.047702300791279 -12.6107080245334 -3.38314546515186 0.0159429378849211 3.35639520144325 12.4191097029202
"etap[100]" -0.0517170595304754 6.23147998463873 0.0293754783597753 0.0478238673001608 -12.7607355635422 -3.42683696706287 -0.0345253119937731 3.39935469286396 12.4139084969603
"etap[101]" -0.022465860122972 6.25054604995864 0.0294653566536303 0.0458996236329876 -12.4995418618318 -3.39111711545059 0.00142653519524075 3.38699607381022 12.2418411735072
"etap[102]" -0.0630796174893513 6.28039097471398 0.0296060469781536 0.0439443990839265 -12.7639846314007 -3.4739322512041 -0.036251282035881 3.36079801753691 12.3971671046106
"etap[103]" -0.0649593803847762 6.31640994061334 0.0297758420117454 0.0540805478355221 -12.7108309545071 -3.4377801323977 -0.0647694383990264 3.30078484503121 12.5958923537447
"etap[104]" -0.022164404951215 6.22812987900336 0.0293596858103589 0.045198911562726 -12.4764895833163 -3.5060164484635 -0.0444517235045088 3.39847655811199 12.3934600771507
"etap[105]" -0.0289457499706556 6.27887971181701 0.0295989228165363 0.0457101970520027 -12.6706105535969 -3.42461542076761 -0.0146695499772161 3.37355273643281 12.6159212357914
"etap[106]" -0.00117467086648024 6.27061658825264 0.0295599700784953 0.0467922155216343 -12.6954873702812 -3.43088681093138 0.0134729126451721 3.47485350431489 12.4837270546323
"etap[107]" 0.0362367737962676 6.23954912984521 0.0294135166750678 0.0472137633427235 -12.4605914233646 -3.35034008360504 0.0465002011808164 3.46371667614216 12.5161663521955
"etap[108]" -0.0445068131671775 6.27778917892367 0.0295937819951764 0.0452798254321285 -12.6377944134104 -3.40292195835879 -0.00909226274302826 3.38065793929222 12.5468032799011
"etap[109]" -0.00484562841993679 6.3011124319066 0.0297037288641334 0.0499979171563259 -12.7465637090087 -3.38337413087238 0.046129223189548 3.39575752241721 12.5119119593113
"etap[110]" 0.0323884460973754 6.37419955613398 0.0300482648718575 0.0527822493523214 -12.5124073549361 -3.3964193924342 0.0192502266600351 3.39894402719204 12.6823414858143
"etap[111]" 0.0257159993558476 6.28940385803183 0.0296485341175676 0.0467490059322794 -12.8426778119473 -3.3823206368566 0.0172360616612792 3.46491048814342 12.6805918709014
"etap[112]" 0.080862150942451 6.38387385470636 0.0300938699526825 0.0531117311837669 -12.5309372047789 -3.35937484675969 0.0252840203338381 3.47987534185796 12.8504957779726
"etap[113]" -0.0495105838627293 6.19279572988973 0.0291931190340542 0.0470840552289679 -12.7472675187662 -3.38378956999971 -0.00395535914660974 3.35741854662394 12.2259205173897
"etap[114]" 0.0188077023465774 6.24334543207976 0.0294314126154244 0.0499416626785156 -12.4664278158221 -3.35043136520488 0.0283353542869915 3.39256399785906 12.4611535657439
"etap[115]" 0.0182770189099677 6.36102605152869 0.0299861643756015 0.0484156997845565 -12.7267837915064 -3.35475159986797 0.0418485474677728 3.45616947377627 12.6918606741187
"etap[116]" -0.0194616766010441 6.27903465928106 0.0295996532458867 0.0458013123141421 -12.9901504499145 -3.38198101078235 0.0231493567604007 3.39220279836559 12.4928550643683
"etap[117]" 0.0478332640546531 6.39307566307918 0.0301372476933465 0.0538701641199493 -12.4254398413769 -3.36645823617075 -0.0174457979648281 3.36870368814163 12.7730728769038
"etap[118]" -0.00883528947751828 6.32214738450322 0.0298028885816201 0.0464102433752009 -12.9766699248335 -3.42515592132921 -0.0120064807586987 3.46942678076551 12.6180973359454
"etap[119]" -0.053744342724496 6.20658751518608 0.0292581341334389 0.0461977813601801 -12.6639123105928 -3.43374339745124 -0.0240275467994707 3.35724919749375 12.300902144788
"etap[120]" 0.0615682409251682 6.31774415128904 0.0297821315411876 0.0632526616730888 -12.5437931498646 -3.37673853027731 0.0170429178421024 3.42612372119679 12.8157686716912
"etap[121]" 0.0522405744275551 6.26242470928025 0.0295213531906817 0.0434258991710691 -12.6494862086781 -3.35289934472774 0.0327144960021997 3.41778848323863 12.8804693289555
"etap[122]" 0.0177657482086875 6.28636897532502 0.029634227543287 0.0474042058911343 -12.4602508705271 -3.3907026208368 0.000224580542769726 3.42691864705275 12.5218787235568
"etap[123]" 0.0119860758763555 6.19293297507763 0.0291937660140745 0.051339556336679 -12.3784791136296 -3.42577960352045 -0.0351399875947593 3.38033505146845 12.682698791611
"etap[124]" -0.0183369629811662 6.34573217773426 0.0299140683631305 0.0465248399432393 -12.6983635286199 -3.45563201940361 -0.036978861061855 3.43571762712021 12.6113320660554
"etap[125]" 0.0207543899778462 6.23650149393276 0.0293991499815993 0.0478220420657867 -12.5273358732565 -3.37254707824774 0.00441298789866443 3.35057184883009 12.6070049828774
"etap[126]" 0.00522516697774909 6.28184388651152 0.0296128960700504 0.053969595082971 -12.5777042506403 -3.40388203405378 -0.0292995981866058 3.37018455329203 12.8136469024032
"etap[127]" -0.0278291885748683 6.37052273239815 0.0300309321585452 0.0533892296667228 -12.6948977465848 -3.48107882825574 -0.0319691052647288 3.38626248283696 12.590028936235
"etap[128]" -0.0247151358326916 6.28066354468417 0.0296073318853154 0.0478886876693709 -12.6995097547944 -3.41662234348676 -0.00387405590924003 3.36595533369453 12.4713967575813
"etap[129]" 0.101140074983665 6.32591312464141 0.0298206404508728 0.0496620915639693 -12.685451903521 -3.2953401300188 0.064840540610586 3.49155453048291 12.9184766712443
"etap[130]" -0.0324722354997542 6.30753379406377 0.0297339994556387 0.0476319355128719 -13.0474862832337 -3.366246478544 0.024948588509571 3.41969488075822 12.5795858215166
"etap[131]" -0.0501910802685129 6.31600648926539 0.029773940123852 0.0588979727432765 -12.7002963461552 -3.4935759470495 -0.0474816758370792 3.37178075209647 12.4389316000666
"etap[132]" 0.0612338698548801 6.37090496067613 0.0300327339999274 0.0536019126445746 -12.6099453893854 -3.34410281683411 0.0574532592358364 3.47230643391054 12.7509058408141
"etap[133]" -0.0141262567736181 6.32210614733607 0.0298026941877499 0.0530916602318702 -12.806921815236 -3.38796191486209 0.00048347196606165 3.40220942398298 12.5425894559479
"etap[134]" 0.0592550886281023 6.20836057068268 0.0292664923972061 0.0474559941011093 -12.1477083242524 -3.34962809690452 0.0554605896070836 3.41149578863267 12.7156886865899
"etap[135]" -0.0355924399093906 6.27823255768637 0.029595872102708 0.0523422079422316 -12.6776894768461 -3.41583953526838 -0.0225352581517793 3.40034607366772 12.5336419592905
"etap[136]" 0.0291841412196094 6.2811181630628 0.0296094749769047 0.0500393810764362 -12.5307264757424 -3.37471116522516 0.00855621380712531 3.42758104721202 12.7389443554279
"etap[137]" 0.0268574772079312 6.36761095795198 0.0300172059221708 0.0494110855972059 -12.5584617003973 -3.41506460842725 0.00322321831399268 3.4302166513393 12.877952781337
"etap[138]" 0.000682683638675306 6.25441374503865 0.0294835891430878 0.0574673631680048 -12.4466619829335 -3.42370654703732 -0.00241635912316706 3.40608994736346 12.4898201316964
"etap[139]" 0.105233896004509 6.18172284645275 0.0291409209609503 0.0461288790045325 -12.2005170917992 -3.30248804602762 0.0747952310588291 3.44640872079656 12.8117348785813
"etap[140]" 0.0485323561529508 6.55345665419261 0.0308932909359447 0.0618096092691185 -12.9158386618193 -3.37192246285679 0.0826857282532215 3.49663751766786 12.9207789203007
"etap[141]" 0.0123402640134154 6.33523073634492 0.0298645640936729 0.0470254144296731 -12.8358918162178 -3.3713755759819 0.0026361317962825 3.44253103859501 12.6049988533126
"etap[142]" 0.0232050166486101 6.2178236551387 0.029311101805138 0.0456148332936574 -12.4834436349405 -3.3983180014203 0.0291125925406342 3.45388905583625 12.498719896866
"etap[143]" -0.0242049455602003 6.32252456066337 0.0298046666070904 0.0491223050118264 -12.7043243107375 -3.4262723346232 0.00285803345169761 3.39706368646656 12.5891174336887
"etap[144]" -0.0430997163801736 6.26844143906645 0.0295497163268976 0.0454852036108285 -12.5061461229696 -3.46898394500418 -0.0589838934524461 3.35441512371971 12.4384204220976
"etap[145]" 0.0223642604596442 6.34550344025249 0.0299129900843007 0.0497761363389899 -12.5215977356071 -3.41041483117531 0.0142956358546811 3.450078412957 12.8137268050883
"etap[146]" 0.0747105754364672 6.35340684413085 0.0299502470874797 0.0490822624985459 -12.4948164226001 -3.40312459063203 0.0335714982599589 3.4357685201273 13.0447123528357
"etap[147]" -0.0535933311315937 6.20104194582139 0.0292319920687502 0.0442504282699848 -12.6419317948485 -3.41743977159627 -0.006588983461121 3.328103972775 12.3648971155705
"etap[148]" -0.0989575983757993 6.27103818924432 0.0295619575246298 0.0603667923876059 -12.8803841618565 -3.48334578340809 -0.0438220375653903 3.35527581884825 12.2632421959868
"etap[149]" -0.0265673611634082 6.41384217683251 0.0302351419779904 0.0592743917644144 -12.7493416364903 -3.42460148106584 0.0725095331758623 3.47216423100049 12.3871346261462
"etap[150]" 0.0315369549124928 6.29891471670149 0.0296933687353025 0.0473848294080809 -12.430261977361 -3.41644960145738 0.0240938165187358 3.41438331811907 12.5584359260309
"etap[151]" -0.0955219839942889 6.31347066654367 0.0297619861409025 0.0483460303337968 -12.867933112709 -3.47896340680057 -0.0705583826626379 3.36743262020768 12.2889861457581
"etap[152]" 0.0145721795258556 6.25181746182698 0.0294713501466555 0.0433660186822435 -12.7171405571285 -3.43405942634198 0.0587541518382898 3.48621571531123 12.4294337142314
"etap[153]" -0.0134795709426517 6.35669593128122 0.0299657519929993 0.0510808391931368 -12.8327509768495 -3.37450249701276 0.014728770652314 3.40426590716045 12.462103644277
"etap[154]" 0.0401095695601415 6.25330261595221 0.0294783512303425 0.0469578045579337 -12.2882162389541 -3.41561659444995 0.00202728322186393 3.41624054503995 12.6819610726121
"etap[155]" 0.0440131145292619 6.31982054672847 0.0297919197631585 0.0491260280693952 -12.4938534710791 -3.37215555454868 -0.0150366915873765 3.44333497131083 12.6837608010495
"etap[156]" -0.0178525065155863 6.21285436213759 0.0292876763332794 0.0445216226878087 -12.4659954429423 -3.45849130073576 -0.0249503133447899 3.36180080932574 12.6175576289096
"etap[157]" 0.0171609249434487 6.284673207182 0.0296262336155987 0.0515004114177807 -12.6116631462253 -3.40291422028549 0.0337829738898864 3.43248515276991 12.7657339455263
"etap[158]" -0.0336662885936545 6.34456124871896 0.0299085485508171 0.0504779205553229 -12.7970584759208 -3.43156336803281 -0.0167386192666928 3.4071543345556 12.6868112723943
"etap[159]" 0.0158816948457422 6.35699419683639 0.0299671580303103 0.0563763866114056 -12.7427338251692 -3.43044591234735 -0.0161393685200539 3.46194843260083 12.758523408324
"etap[160]" 0.0413880766538718 6.27817212815921 0.029595587235185 0.0496108318988195 -12.4807385287488 -3.39225132159138 0.00530715944545179 3.41040090758126 12.8086062286155
"etap[161]" 0.000914083908143948 6.25605661953541 0.0294913337277365 0.048785021761554 -12.5102550974916 -3.42113638715762 -0.0272040287030366 3.38817218580406 12.7096224703297
"etap[162]" 0.0213817292885591 6.35940721675287 0.0299785331152841 0.0463174584418052 -12.7159676999748 -3.41259542640617 0.00830163412890481 3.40550973022604 12.7557708255007
"etap[163]" 0.012580801672441 6.29337958321884 0.0296672758658334 0.04833898986795 -12.7059062646622 -3.40784323532665 -0.0603777116462899 3.36326920234359 12.9345504458615
"etap[164]" 0.0158826433374771 6.22878579312321 0.0293627778191723 0.0505329901678252 -12.643269667669 -3.4114837741332 0.0450057542762563 3.41434126175171 12.4671330287785
"etap[165]" 0.0943849939394481 6.29368192197212 0.0296687011043845 0.0443201557438286 -12.4193397900311 -3.37563490502627 0.053345480622483 3.46840352943916 12.9730637488532
"etap[166]" 0.0151161245044357 6.37014519462882 0.0300291524284329 0.0528506276926982 -12.4894798914058 -3.41844643947754 -0.019051828131372 3.387823266578 12.7780645600899
"etap[167]" 0.0401561038692421 6.24964273555407 0.0294610983886902 0.0491326130575971 -12.692784301967 -3.34633032690896 0.0359549350564584 3.46763248913629 12.5855091510912
"etap[168]" -0.0522665565053959 6.30812326341908 0.0297367782408283 0.0467636061096108 -12.8135663906109 -3.49718346621628 0.0188094306739163 3.39289382570227 12.6200329393654
"etap[169]" 0.0492838645307792 6.31669361460002 0.0297771792637429 0.0501939322414718 -12.5431648901673 -3.36682865351856 0.0111198010421679 3.40789492542875 12.5813544535809
"etap[170]" -0.0422947831180933 6.28495003096841 0.0296275385754425 0.0458560112683695 -12.8410084236117 -3.47245203338252 -0.000166105208896313 3.43299426047324 12.4656795983451
"etap[171]" -0.0758939708653344 6.17557495043481 0.0291119395011882 0.04291115450123 -12.6976159202833 -3.43341741351547 -0.0394476544639248 3.36160174956254 12.3720750801107
"etap[172]" -0.0570998373764888 6.23874334024491 0.0294097181464639 0.047845843729242 -12.6489672116674 -3.44650608650163 -0.0521747227235819 3.39844923647356 12.4004689996929
"etap[173]" -0.0644468588546656 6.43061923355422 0.0303142297818322 0.0501104924240065 -12.9531525167634 -3.53951724956371 -0.043105620799131 3.40647811628104 12.78132698632
"etap[174]" 0.0198483138691477 6.29603490735078 0.029679793183833 0.0435571328181425 -12.6659494852134 -3.38013934682257 0.0320901361479638 3.40179451178951 12.6343981659478
"etap[175]" 0.0366850784278929 6.22786809177156 0.0293584517335133 0.0474730622490059 -12.4193188345413 -3.33155685649672 0.0320145554065111 3.43766489145108 12.6022583849302
"etap[176]" -0.0319630958132704 6.26427880564625 0.0295300934847709 0.0481831706633575 -12.3935819525263 -3.40186679235811 -0.0340905083355775 3.4045285657228 12.4322949683193
"etap[177]" 0.00697173429165761 6.22964599329101 0.0293668328416512 0.046632081064438 -12.3639146191566 -3.37614898603201 -0.016069123240168 3.38840735326209 12.4644758699946
"etap[178]" -0.0435217664892382 6.26218417244905 0.0295202192891853 0.0481499543807953 -12.4705753737302 -3.45824544224424 -0.0121630589640851 3.36072523078013 12.474583105474
"etap[179]" 0.0112828456725165 6.1822317626342 0.0291433200148367 0.0488921827504381 -12.5130146328482 -3.3627615375888 -0.00427885099173173 3.34591811073307 12.5297815629479
"etap[180]" 0.0511146233058271 6.37579547013084 0.0300557880825866 0.053373418267735 -12.4695760173057 -3.40842411725362 0.00155950874362446 3.37457653762934 12.9260892403009
"etap[181]" -0.020499038969321 6.2506423414058 0.0294658105758653 0.0484834898185342 -12.4833277513059 -3.4582470502978 -0.0385176941362693 3.38723033313573 12.6500958614129
"etap[182]" 0.0582686380239855 6.3154930322653 0.0297715196643412 0.0488247838558967 -12.6892386597913 -3.39084935087867 0.0189672039043983 3.45541099220854 12.8076134770798
"etap[183]" 0.00800698918211438 6.27561747131693 0.0295835444673398 0.0495163930934908 -12.2267443219212 -3.39910124295886 0.0146317348717372 3.39132057995041 12.5735342159494
"etap[184]" -0.0577314211571822 6.37352528006206 0.0300450863039718 0.0517143085195564 -12.8756453633557 -3.44834944855565 -0.0180189802251126 3.41180184979206 12.6484262636576
"etap[185]" 0.0686465485480162 6.32694709894188 0.029825514652469 0.0535876980661187 -12.4175060134714 -3.45911785533137 0.0264764998035917 3.5421059471423 12.7809670629096
"etap[186]" 0.00226434210059717 6.2429292363041 0.0294294506497226 0.0459566467226977 -12.6326507669358 -3.43777740545648 -0.00432469752818855 3.46140268672585 12.4548591217267
"etap[187]" 0.0164950726356274 6.35448628415613 0.029955335616558 0.0525660794194152 -12.8791248596726 -3.34387057342744 0.0626007042558026 3.4044203119925 12.6639305925883
"etap[188]" 0.101813968720755 6.29374302181993 0.0296689891318293 0.0479000170831163 -12.356271377599 -3.32682234456335 0.048385721253937 3.43287940412497 12.7869845196359
"etap[189]" -0.044486778909263 6.26104516835714 0.029514849972404 0.0500654579450551 -12.5444046342297 -3.44591679240726 -0.0467461113091627 3.40371089223596 12.323690193295
"etap[190]" -0.0679629812981907 6.28376506179441 0.0296219525771862 0.0483126950179505 -12.6655556878113 -3.48351674163096 -0.0199386459129627 3.41585949612856 12.4335374694851
"etap[191]" 0.0395945691266895 6.27260689148197 0.0295693524578958 0.0484539685941975 -12.679572933894 -3.38592553650273 0.0227961641147047 3.49841754644525 12.5154012241666
"etap[192]" 0.0179796059161214 6.30236308241238 0.029709624487157 0.0492074516411539 -12.5725914160374 -3.40848361922173 -0.00644388634471696 3.42366705079759 12.7782947325596
"etap[193]" -0.00651854809836315 6.16460164889998 0.029060210861673 0.0432702062293416 -12.7599755685268 -3.35734568707431 0.0427069079572677 3.46864686139329 12.2388985868802
"etap[194]" 0.066381579156494 6.30970203582885 0.029744220645341 0.0469865485412311 -12.4273509820748 -3.35262020546657 0.0215393770567509 3.489904891322 12.7179905620193
"etap[195]" 0.00910326857985039 6.32862341024904 0.0298334168597535 0.0487278496086651 -12.8024349314286 -3.39616636400858 0.0707858613152303 3.41281954878192 12.5757063191985
"etap[196]" -0.0101365213750868 6.0845256206127 0.0286827288442568 0.042566866793702 -12.2964418236539 -3.35861899284429 -0.020134688764699 3.34822438567097 12.206993356175
"etap[197]" -0.0104157063748462 6.27860903681615 0.0295976468423456 0.0512504978157136 -12.7269549085251 -3.39788346104088 0.042016471525341 3.43451839925899 12.7088781080149
"etap[198]" -0.0731963646789036 6.27798101646106 0.0295946863260002 0.0482162917059988 -12.7645187546482 -3.46935878071149 -0.035997027192378 3.34258170899458 12.5908555966294
"etap[199]" -0.053099560032792 6.33962491988846 0.029885278473549 0.0485914142770407 -12.7807533958854 -3.44263543452445 -0.00750267164412574 3.39017542363518 12.5308546695139
"etap[200]" -0.00210281357550753 6.37482681869947 0.0300512218159484 0.058243296205983 -12.7970801438367 -3.37251567264418 0.0408153040791697 3.40969587665035 12.5794977206438
"etap[201]" 0.0203483309780996 6.22327242434577 0.0293367875495076 0.0456602623602806 -12.5692076715369 -3.37998176937737 -0.00473895451028502 3.41383324756529 12.6729378002422
"etap[202]" 0.102783207710525 6.24152520306743 0.0294228319735715 0.0470217418693786 -12.2869589521624 -3.33161581121693 0.069651418990107 3.51996174436608 12.7847567649781
"etap[203]" -0.0326588939726497 6.23078377425892 0.0293721963925706 0.0465088102317108 -12.6952200218262 -3.46416285474631 0.0101307648171384 3.47011452264992 12.3538218112739
"etap[204]" -0.0258498899062895 6.39035677462058 0.0301244307302374 0.0541773446385341 -12.6316836729106 -3.41218383297799 -0.0178484657973415 3.40082972246726 12.6148052053826
"etap[205]" -0.0325248375603802 6.20976897248238 0.0292731316669607 0.043763342855866 -12.8420064471613 -3.45340662403987 -0.0103631008480982 3.39576426670247 12.5597956162791
"etap[206]" -0.0194500758627801 6.29705313358566 0.0296845931483361 0.0482688147249756 -12.5440255720503 -3.44408000305933 -0.0502514343059433 3.38656284221502 12.5740995157611
"etap[207]" 0.113180732243299 6.4034058688861 0.0301859447505273 0.0604846751940847 -12.3252004024606 -3.38124599043651 0.0331920687438949 3.46613061597231 13.0623226087106
"etap[208]" -0.0633786374594104 6.32669675122414 0.0298243345020099 0.0494509683754462 -12.9017579732002 -3.46296171191505 -0.0149671936258452 3.42028337794072 12.3812366548444
"etap[209]" -0.0209805573522351 6.45931921497605 0.0304495227917209 0.0591467142207626 -12.77867290658 -3.42409260961599 0.00558783042007168 3.37362401622107 12.8158151159194
"etap[210]" -0.0922615639537322 6.26106110080629 0.0295149250786896 0.0469870187952501 -12.7985473824753 -3.49416684837585 -0.0169845224226143 3.39001790000688 12.3218389210306
"etap[211]" 0.0422998452924035 6.3781643634637 0.0300669551528504 0.0467204243067774 -12.8325323782619 -3.3746624106958 0.0589048550277513 3.50971066971414 12.712547631538
"etap[212]" 0.070546620742462 6.33137088048852 0.0298463685586698 0.0488319117289727 -12.4863487172561 -3.37003886370114 0.0329292419622775 3.49557140818604 12.6900969687848
"etap[213]" 0.0521424598229473 6.20882876660074 0.02926869949393 0.0464590911970668 -12.487301599899 -3.2962342905063 0.0157874018853722 3.39524104981894 12.4459898234363
"etap[214]" -0.0513735240367835 6.37659667850862 0.0300595650151004 0.0546954403251056 -12.6592401736288 -3.45014545590683 -0.0743608599399204 3.34163586398239 12.7253767873932
"etap[215]" -0.0355945568153712 6.32327719991593 0.0298082145825522 0.04771907145276 -12.721011806843 -3.4711554068948 -0.0112252206060057 3.34745667167575 12.6608297992928
"etap[216]" 0.0533180113151715 6.30108677890631 0.0297036079347304 0.046786435257691 -12.6651137750981 -3.39333861100667 0.0218209821771284 3.42216225929048 12.7848063291681
"etap[217]" 0.0198103650936984 6.37901093265628 0.0300709459182958 0.0542999498489173 -12.6498379458789 -3.39377565635558 0.00348431189914436 3.40837433799889 12.7422865527854
"etap[218]" 0.0645089341161076 6.27803779778096 0.0295949539957092 0.04788234680133 -12.5728217333048 -3.32338218990821 0.077642258437824 3.49386303698228 12.5668359396681
"etap[219]" -0.0582097518284826 6.20390094341769 0.0292454695126684 0.0426670456818272 -12.7981993064444 -3.47391264809998 -0.0479410460542453 3.38266752232275 12.3705253943322
"etap[220]" -0.0366043021197376 6.21204341426045 0.0292838534883253 0.0443299380712889 -12.6577204622832 -3.39396087199076 -0.00669738722405077 3.38412069020673 12.3665407459364
"etap[221]" -0.0266101462026839 6.25094765010671 0.0294672498148838 0.0472857972673393 -12.8298776595394 -3.39044676984163 -0.0169075065447462 3.37638770750962 12.529670638621
"etap[222]" -0.041175582127406 6.17546491663578 0.0291114207968852 0.0471550522795946 -12.6228851355751 -3.45317685361522 -0.0176439474202506 3.39211608917125 12.3347760357432
"etap[223]" -0.0578091449526819 6.36912790527078 0.0300243568804096 0.0542858826700424 -12.6760087297464 -3.37318838569254 -0.0149256719107142 3.38126089762449 12.5075640711431
"etap[224]" 0.0393886886603862 6.26732389410635 0.0295444481694339 0.0534090979340696 -12.315329295502 -3.39567011804441 -0.0262740657093809 3.42191496359189 12.8544998658431
"etap[225]" 0.014145022218513 6.28866457240752 0.029645049091713 0.0447029165619126 -12.538352921387 -3.42349170059334 -0.0177323898246545 3.40675942266171 12.7264451349939
"etap[226]" -0.033578281874099 6.22050091466258 0.0293237225275669 0.0462001656625205 -12.5617255391063 -3.42165012445569 -0.00834556469699282 3.40247328270012 12.384003523135
"etap[227]" 0.0498516415099175 6.32177166404126 0.0298011174183769 0.0485803796385396 -12.6005189577576 -3.39979692216307 0.0261605825120807 3.46344603809562 12.6531669061274
"etap[228]" 0.0151460196174492 6.22793062413211 0.0293587465138879 0.0459420619818443 -12.5040230872253 -3.39998799114809 0.00603853032238533 3.39334132878108 12.5860689275496
"etap[229]" 0.0297273997885298 6.18599920640142 0.0291610799150736 0.0452585324072283 -12.3744294414753 -3.42143825852846 -0.00646879243821274 3.41339630932426 12.5822303604653
"etap[230]" 0.0173850586459501 6.36247192626953 0.0299929802944948 0.0450585640106698 -12.8162915379199 -3.35766531426156 0.00142870040127522 3.42261302133157 12.7689699315663
"etap[231]" -0.0822068106614542 6.2713488709842 0.0295634220923969 0.0498278679419819 -12.7548996394669 -3.52643959812799 -0.037870851783493 3.386349756191 12.4094423616232
"etap[232]" 0.0747370733340257 6.23270412740382 0.0293812490241108 0.0473666185452343 -12.4338623670063 -3.33818503232169 0.0482977741611191 3.46307745794298 12.8929368898197
"etap[233]" -0.0415009962817697 6.15766314920968 0.0290275024604578 0.0451966501103904 -12.3569912400063 -3.43171881584235 -0.0258635962515534 3.33719122942045 12.4461420977953
"etap[234]" -0.0375007977891138 6.40658527282132 0.0302009326044122 0.0494166850243916 -12.7923400342511 -3.47648297415279 -0.0408357859393625 3.42306630432915 12.8249776970758
"etap[235]" 0.10186399282156 6.26465149856372 0.0295318503760325 0.0476872179267081 -12.4621017715647 -3.30064751292802 0.0577995742534834 3.45899007064394 12.7072290417807
"etap[236]" -0.0273105561656359 6.38107009129994 0.0300806528852323 0.0468136481205976 -12.8513434066766 -3.44541810117804 -0.0236579865607334 3.36255555412916 12.693577200633
"etap[237]" -0.0667748144049417 6.36611404513603 0.0300101494074841 0.0480929614907576 -13.0274843157494 -3.44868131559602 -0.0319201230424205 3.35079154807145 12.5717162407224
"etap[238]" -0.0528973174321053 6.27129866139197 0.0295631854021092 0.0508179217773808 -12.6914978326476 -3.45363083905802 -0.0163451377174394 3.38843473355547 12.3271413124711
"etap[239]" 0.030885754549588 6.31462451012567 0.0297674254117109 0.0574127246061202 -12.3993150667702 -3.43636669521301 0.0193827084602301 3.42833745687624 12.7523965473758
"etap[240]" 0.0783149651202491 6.20277706383792 0.0292401714935212 0.0444591940529303 -12.2790332608813 -3.37642862712594 0.050833538358918 3.45534470159405 12.7025837139035
"etap[241]" -0.00299750078476677 6.28343143613331 0.0296203798507373 0.0513400388820927 -12.5718708216001 -3.42558449365234 -0.00620923084234069 3.42530633885345 12.7869546083364
"etap[242]" 0.0257020905488881 6.27706873679822 0.0295903857984273 0.0487563536273846 -12.6830229535591 -3.3769082214595 0.0218166175534599 3.47444407437729 12.5135206005462
"etap[243]" -0.0678328271671665 6.21792465163252 0.0293115779071757 0.0449551079079679 -12.7116340646783 -3.47138116057727 -0.0884152754585414 3.34677307651378 12.57734818437
"etap[244]" 0.0674754456989126 6.24875421375196 0.0294569098567468 0.0502506498327635 -12.3267682714762 -3.33240906136215 0.0716471104376479 3.44372724055483 12.6227964848141
"etap[245]" 0.0047046586265027 6.25145251036119 0.0294696297489471 0.0460269186078878 -12.340615818729 -3.39877191447296 -0.0229509826186064 3.39859081067148 12.6398477591836
"etap[246]" -0.00363130547243576 6.30304996030489 0.0297128624605946 0.04813020642602 -12.585140051309 -3.41439802855826 -0.0278774353110104 3.4251433228556 12.5753305529976
"etap[247]" -0.0157508588704921 6.24977543987073 0.0294617239628382 0.0476685282539907 -12.7687270377033 -3.36363407344282 0.0690301918526849 3.40690794003024 12.3985369830282
"etap[248]" 0.0483503078833768 6.20049373782945 0.0292294077914928 0.0445198242509307 -12.3321777774905 -3.37619641522384 0.0202842049513721 3.45837478795686 12.5522329498267
"etap[249]" 0.0171244726037536 6.21923877649297 0.0293177727511767 0.043626266056984 -12.6465499440965 -3.37465880559179 0.060345330818935 3.45800250039483 12.2728026006514
"etap[250]" 0.100197289020415 6.35062199020171 0.0299371191601602 0.0469142906554453 -12.4902448039849 -3.36464765174523 0.0786860430690572 3.514740645599 12.8587521900403
"etap[251]" 0.0679712281681122 6.30251399179574 0.0297103358808124 0.0502592509768524 -12.7156669432276 -3.35273958894489 0.0701508443769671 3.52681069167822 12.6108116541339
"etap[252]" -0.0318125069335296 6.2122790830278 0.0292849644415487 0.048354130299108 -12.4149428618196 -3.41196098945981 -0.0223695440617688 3.36944151921801 12.4435504518546
"etap[253]" -0.00775238749022517 6.16277120590876 0.0290515820706619 0.0442143725655133 -12.4559220551497 -3.41631425936665 -0.0238444226682613 3.34912629650743 12.5691703296919
"etap[254]" 0.0313815307163856 6.36894804136302 0.0300235089938171 0.0531130067072429 -12.7671164544628 -3.38881468203444 0.0426344501726335 3.45890979336848 12.8324903541656
"etap[255]" 0.0422148953259045 6.2476046262905 0.0294514906494831 0.0446097477290122 -12.4307133782177 -3.42101794215803 -0.00332473713810019 3.4376617508675 12.7875904495687
"etap[256]" -0.0515925926122177 6.36440711453061 0.0300021028594433 0.0539245815925873 -13.1732386330344 -3.44878511627938 -0.0236613875676688 3.38541925776928 12.7122628706322
"etap[257]" -0.0525093480003816 6.28883687992313 0.0296458613571313 0.0542997824872684 -12.7001910981685 -3.41645215653153 -0.025410944940128 3.38187592065138 12.3724694974404
"etap[258]" 0.050278640943029 6.25055059103913 0.029465378060489 0.0467103414995329 -12.3484406761281 -3.35376509261269 0.0219577377104903 3.38345273323718 12.6581899439239
"etap[259]" -0.0321487220943614 6.31145159691369 0.0297524681553889 0.0497742732714386 -12.4898914296235 -3.48681714841981 0.00238039889015448 3.37421488016712 12.4433153424088
"etap[260]" 0.0099661658785059 6.36846905409506 0.0300212510261819 0.0497259898380024 -12.7042398311856 -3.42465029738286 0.0382139505085833 3.48273009567088 12.5974750818425
"mean.p0" -1.34595109742892 0.300448435499094 0.00141632750758866 0.00870192087622729 -1.96061106540619 -1.53045617599161 -1.34106108959476 -1.15017530591941 -0.758118373603729
"mumup0" 0.72882152594913 0.175738941153884 0.000828441313389698 0.00379380009911204 0.285123161049428 0.637279200193752 0.767945437255291 0.858078493798083 0.96109169242401
"mupsi" 5.51530028654334 1.3398609774082 0.00631616521981716 0.0153693536137236 3.10522690701447 4.57571317112569 5.43935047136994 6.38083551749155 8.32268269140883
"ppo[1]" 0.230159757813569 0.0787271929387831 0.000371123546605301 0.00131950760756935 0.0983057395239126 0.179527127457874 0.220124148892253 0.268946636262579 0.418940634047926
"ppo[2]" 0.18987835568887 0.0804428832555825 0.000379211388321467 0.00207148972809694 0.0422047112309564 0.138400242154089 0.18909457159119 0.236068650987899 0.358821570889824
"ppo[3]" 0.229201978456456 0.078354697942396 0.000369367588352612 0.00127979587447075 0.0981978516682062 0.178494969030751 0.218653551070182 0.269048061488594 0.417919794459481
"ppo[4]" 0.230481674699614 0.0790386423143382 0.000372591733041643 0.00126795134831799 0.100982256296857 0.179298199101051 0.219968108189918 0.269349089180592 0.420080626645611
"ppo[5]" 0.204574210441218 0.0729611004540353 0.000343941925959208 0.0014537274022679 0.0677538984449978 0.158395860530698 0.201119223760898 0.246045708969842 0.364719647965404
"ppo[6]" 0.257359337572565 0.0924035428308617 0.000435594478275759 0.00179254321397966 0.124444307783341 0.195390039236004 0.238987477617051 0.299255480345358 0.495990194704658
"ppo[7]" 0.230413793947906 0.0796135432992118 0.00037530184227441 0.00129113619902449 0.0990329672418441 0.178955085052679 0.219700006639055 0.269103837319933 0.422126500238749
"ppo[8]" 0.204679573941886 0.072918365630359 0.000343740472068446 0.00134369024758505 0.0676897252038352 0.158518280084716 0.201631561057571 0.246823341163768 0.362669398746643
"ppo[9]" 0.230607059750224 0.079639431414867 0.000375423880021956 0.00125482241054509 0.0992113522460114 0.17921776902182 0.21971418777466 0.269064783295512 0.421778406497648
"ppo[10]" 0.229669842722081 0.0796125377955835 0.000375297102284849 0.00126978283990855 0.0976998708166731 0.178348140317191 0.219111780302571 0.268625922287708 0.421619133769863
"ppo[11]" 0.257442564531804 0.0926724629682916 0.000436862179960921 0.00175171226622584 0.1232625320843 0.195443056403969 0.238910156580367 0.29938872380723 0.49514906245658
"ppo[12]" 0.204955474763609 0.0723980910847298 0.000341287874339825 0.00133410383259794 0.0698448863738638 0.158386300895905 0.201636406721992 0.246830423598379 0.363222516372934
"ppo[13]" 0.230062721924372 0.0791156496006546 0.000372954748870678 0.0013051068793947 0.0989383663698946 0.178668516993684 0.219621695226938 0.269555181292799 0.419510993545291
"ppo[14]" 0.189986874510542 0.0802612457929817 0.000378355141111317 0.00192821713589471 0.0408815438348497 0.139490503596029 0.18919581645957 0.235450478579102 0.359521535826971
"ppo[15]" 0.189348653095668 0.0808362059395124 0.00038106552923481 0.00189038257342897 0.0416867879804067 0.138114736866264 0.188486253882753 0.234946936542122 0.358895082518679
"ppo[16]" 0.190562092790651 0.0822125054038664 0.000387553467129397 0.00201352810107203 0.0402378132857121 0.139892709768263 0.18926607513747 0.235299985664482 0.363837967620766
"psi0" 0.991445669225543 0.0124099543482798 0.000058501085825894 0.000124366236105532 0.957107835651271 0.989806035503976 0.995676471259197 0.998309156549848 0.999757115755125
"sdeps" 0.423498702042186 0.336610793357954 0.00158679849735995 0.013563563129546 0.0169194509988347 0.165701770625463 0.35017027254005 0.602207148281649 1.23877366760255
