"Mean" "SD" "Naive SE" "Time-series SE" "2.5%" "25%" "50%" "75%" "97.5%"
"N" 10.6210888888889 1.07336789554171 0.00505990478430317 0.0230913934127381 10 10 10 11 14
"betapsi[1]" 0.257527885382318 2.36767098351428 0.0111613080537438 0.0185038812750767 -4.39628630633742 -0.900019809526602 0.0416163560639468 1.24977176444991 5.83425079500588
"betapsi[2]" 0.279615128055823 2.388906331816 0.0112614124456438 0.0191544055460187 -4.35051686830722 -0.884829464612701 0.0418012649432841 1.26622667000899 5.96653940876489
"betapsi[3]" 0.276051984867299 2.37415526857044 0.0111918752666395 0.019179767075737 -4.30263465602803 -0.899612762822139 0.0482729079665677 1.26933425166081 6.00708905156784
"betapsi[4]" 0.258006013280259 2.35846235915892 0.0111178981822299 0.018743622400691 -4.34285423434461 -0.897293301294096 0.0443007172090415 1.26157200983633 5.8446954639524
"betapsi[5]" 0.266332674320122 2.35563113581804 0.0111045516674073 0.0178954258566901 -4.32268026700659 -0.883740398637228 0.0474544395911514 1.2561080338444 5.82776523098987
"betapsi[6]" 0.274374530915144 2.39857740075646 0.011307002301838 0.0195509257354844 -4.32830547857383 -0.903425943917783 0.0407378734307449 1.24182209641203 6.06733141980379
"betapsi[7]" 0.267021962038403 2.37591318676097 0.0112001621724615 0.0211677320161635 -4.32949558064254 -0.9025034533976 0.0417635082887461 1.24838465104756 5.94878867930439
"betapsi[8]" 0.267875032556166 2.35538231899775 0.011103378733668 0.0185792737200455 -4.33891926118914 -0.893684010694486 0.0491943032595343 1.28549281802811 5.83917921788696
"betapsi[9]" 0.270480697822004 2.39242860049791 0.0112780165794448 0.0188631528876993 -4.36319300107588 -0.920564084728396 0.0436955401367432 1.27144376790249 6.0070539922204
"betapsi[10]" 0.264970403568336 2.35841287568042 0.0111176649148753 0.0177542983308298 -4.36022383154456 -0.894133093495942 0.0511561054500688 1.2968453677166 5.81097928537829
"betapsi[11]" 0.27698986355426 2.38895091455087 0.0112616226106715 0.0195047720258192 -4.39130920708848 -0.888416298256704 0.0517965869571927 1.27692026148095 5.95697687145278
"betapsi[12]" 0.284850666056554 2.37449471673701 0.0111934754406425 0.0186900914802364 -4.28056278482109 -0.879860197180395 0.0499400842560228 1.27143477944823 5.94595295432221
"betapsi[13]" -0.976512217432798 3.18115506815292 0.0149961088046459 0.0527709114776166 -8.38047362236242 -2.43972913392021 -0.271831223815181 0.608405119681206 4.89084112922368
"betapsi[14]" 0.252443583492249 2.41478596191923 0.0113834101919144 0.0188314935026224 -4.41132100760597 -0.923336555395531 0.0396234267453133 1.25473666223056 6.07263950758549
"betapsi[15]" 0.221616288600407 2.35851382769131 0.0111181408072184 0.0179940299792666 -4.39657763096464 -0.947116317458776 0.0314146737208056 1.22187052905235 5.81163547458398
"betapsi[16]" -0.960216143402444 3.14782014083178 0.0148389664502516 0.0532958455545327 -8.46561027990827 -2.34329470924336 -0.26735071989605 0.620243426640648 4.81978175800287
"etap[1]" 0.0696703548366202 6.34595781159138 0.0299151320113334 0.329040957154189 -12.8275342741501 -3.6658858165364 0.188123794068644 3.8095006494863 12.8577945865348
"etap[2]" 0.0267453642400541 3.62091541404985 0.0170691589558503 0.0419165366041361 -7.50478699489146 -1.84546065726124 0.0481784017410193 1.88807265712348 7.32862924656491
"etap[3]" 0.0545179523854856 3.60043646898711 0.0169726202830142 0.0438486050319378 -7.33557465089329 -1.83843618185162 0.0735066603821582 1.94628812009413 7.31854419108128
"etap[4]" 0.117252655643556 5.73383074690916 0.027029537355436 0.297386424368911 -11.0123749285997 -3.42392187304208 -0.0329384719850767 3.62127353311132 11.7406289553413
"etap[5]" 0.121551875018414 5.73432646737194 0.027031874204108 0.290495467752698 -10.8905964113997 -3.4740535093609 -0.0316790789383239 3.64992865296067 11.8770519595928
"etap[6]" 0.0467327595570018 3.54019859719482 0.0166886562321571 0.0421015334427238 -7.32414727113487 -1.81667156451985 0.0724498153319307 1.92212500713531 7.30849544836146
"etap[7]" 0.0109759342930001 6.2857048778699 0.0296310969578611 0.307070950983836 -12.726363507545 -3.71555039814277 0.0893280177705989 3.74609709274436 12.5264467162066
"etap[8]" 0.0182771100471946 6.21200777288306 0.029283685473261 0.307833002116628 -12.8541778756758 -3.65009004508017 0.15628538450588 3.76138004040008 12.3289737056067
"etap[9]" 0.028620411974806 6.26675712416217 0.0295417763902945 0.325909504682094 -12.8490316191821 -3.64385034833678 0.148617240759969 3.79659091461396 12.3243461719687
"etap[10]" 0.0181044932009325 6.30445238417738 0.0297194735501302 0.326567705173632 -12.8135513077228 -3.65104260799884 0.147000983968908 3.76900862519318 12.4867375449867
"etap[11]" -0.171032734658805 7.36654791955014 0.034726239918997 0.226574228345335 -14.5351224155614 -4.71436369616302 -0.301632463817948 4.39033890022117 14.4741766329818
"etap[12]" -0.138452311022512 6.42900257978734 0.0303066088028896 0.0932215319756784 -12.9951126426147 -3.91075264237875 -0.132909755355796 3.56121529883982 12.8926945823864
"etap[13]" -0.0662645583521901 6.17191861251965 0.0290947033589607 0.0584175531273462 -12.58646309557 -3.56620167480067 -0.0872807226757668 3.43260405946676 12.406942728843
"etap[14]" -0.0639540582779605 6.0549450876019 0.0285432848743699 0.052354722786982 -12.1802569172081 -3.46649418839025 -0.0204740471409784 3.40692961283423 12.1875371999344
"etap[15]" -0.000611546770878392 5.99099218418416 0.0282418079964815 0.0434773315991193 -12.1294504080851 -3.36681896359352 -0.0192957422285276 3.32283786384581 11.9849380221415
"etap[16]" -0.0252642951910869 6.05566908523313 0.0285466978319339 0.0404990912457319 -12.1910379505026 -3.43479258743862 -0.0179748972545063 3.389947712838 12.1071915283371
"etap[17]" 0.000326893165110156 5.98756448538499 0.0282256496693831 0.0428026615210748 -12.1885305204806 -3.35217433197401 -0.0242709914827537 3.36265735895935 12.1545777650004
"etap[18]" -0.0372402833362843 6.01289006370258 0.0283450355904887 0.043992680259702 -12.2620683303881 -3.37839649305022 0.00462111648161948 3.3853654968849 11.9029535081636
"etap[19]" -0.0580258256552597 5.96469188094223 0.0281178271780173 0.0425518085996218 -12.3624439287749 -3.40666547221997 -0.0109557318796148 3.32157395103812 12.0745160308812
"etap[20]" -0.0107375131735065 5.9927484297549 0.0282500870174982 0.045270103706882 -12.1074148622936 -3.40318201078428 -0.0090094960495915 3.38368477729996 12.2257091920771
"etap[21]" 0.0173814965546777 5.92095223280361 0.0279116364993137 0.0417730212617776 -12.1662952428922 -3.312519453485 -0.0135623777030896 3.32995703540505 12.0179048473813
"etap[22]" 0.035597723307778 5.9145692685717 0.0278815469173641 0.0419461575983842 -11.9886674683949 -3.3273276594482 0.055895262389095 3.38184435995402 11.9035012605846
"etap[23]" 0.0135859803938383 6.04555793470757 0.0284990334112524 0.0441146627745594 -12.1572731032824 -3.38226255527247 -0.0118275655383323 3.38126971830896 12.2704622264084
"etap[24]" -0.0388757215683227 5.97179410554899 0.0281513073858903 0.043204303390247 -12.1169883256009 -3.37869012269362 -0.0308716393048986 3.30550071376149 12.1986945500725
"etap[25]" -0.0183123573347978 5.93302418783135 0.0279685442410624 0.0420206769698468 -11.8842724960869 -3.40579827224266 -0.0458063658446506 3.31208854523967 12.0264053753289
"etap[26]" 0.0127901874392068 6.01801207357362 0.0283691809765761 0.0457302855714327 -12.1907137430346 -3.36257666965414 -0.0178892862490703 3.44081333970391 12.0410995239455
"etap[27]" 0.00725453937114802 5.96447362133306 0.0281167982923526 0.041993080878043 -12.1591436854361 -3.36505724458061 -0.00360907585336155 3.38208079059915 12.1841855016481
"etap[28]" -0.00392788673638489 5.91446233093089 0.0278810428084908 0.0415830147761205 -12.0277749597325 -3.36160976936264 -0.0269646780924003 3.393942081917 11.9394902123272
"etap[29]" 0.0235971604515974 6.01998618113066 0.0283784870088453 0.0449061238116247 -12.1705346286956 -3.33666053247549 0.0310364808943411 3.3499767815042 12.2499832556862
"etap[30]" -0.0505020383428772 5.98477673214392 0.0282125080745762 0.0473311579618815 -12.0985955164346 -3.41568137766262 -0.0355530421342119 3.35952402717783 11.8135928115166
"etap[31]" -0.0305700067352182 6.04887004358766 0.0285146468422467 0.0431625654561618 -12.2357178182479 -3.43256722840858 -0.0234401334351396 3.35358652338785 12.1791014060769
"etap[32]" -0.00288200589625082 6.00088719023012 0.0282884535023147 0.0461719659617434 -12.0914034544141 -3.31192922183526 0.018706631323088 3.35954006660664 12.1741099689321
"etap[33]" -0.100195909081616 5.97757504463145 0.0281785589940692 0.0433712703656515 -12.1474587444708 -3.47504633293356 -0.0809570320380882 3.23038672617069 11.917966056844
"etap[34]" -0.0314161253492193 5.95750932855272 0.028083968301345 0.0431244737553117 -12.1542025499524 -3.38379507423948 -0.000268320682232435 3.32605438106411 12.1592384784952
"etap[35]" -0.0704832801744116 6.05321131988432 0.0285351118149691 0.0437132912024939 -12.3214816761705 -3.40277512121178 -0.0542385326963568 3.31303811187816 11.8496628743633
"etap[36]" -0.0439406316725394 5.96034282411536 0.0280973255275237 0.045293930558512 -12.0771714132201 -3.35608706296883 -0.0374255404087699 3.28910168454299 12.0662291206805
"etap[37]" 0.0607643959017518 6.11145785546754 0.0288096886169126 0.04544637444543 -12.1031690523164 -3.35583481408396 0.0491023296125787 3.48156095232273 12.4690265947099
"etap[38]" 0.0171513858545667 6.01328141757216 0.0283468804503222 0.0441970501575922 -12.0059007489555 -3.32822556452339 -0.0208341817366005 3.36195744431591 12.1434224601747
"etap[39]" 0.0544355162807102 6.02209142473336 0.0283884112223621 0.0432588984138734 -12.1422288315416 -3.33073887760206 0.050670095411106 3.43514876908185 12.3064544804842
"etap[40]" 0.0262102369872029 6.05366875876699 0.0285372682025419 0.0439587026855715 -12.1011390325068 -3.39538057309482 -0.0120000928748972 3.41452621992244 12.3548115031516
"etap[41]" 0.0131875267332069 5.93552873031656 0.0279803507675628 0.0426419509503895 -12.0170272035941 -3.37386012669555 0.00504825904955849 3.36115367869803 12.0212101234912
"etap[42]" 0.0292024947938278 5.94421120106877 0.0280212803272051 0.0413419217707086 -11.9726327616095 -3.39580902154252 0.0419575752244367 3.41976138559155 12.1404418216134
"etap[43]" 0.0557172846128858 5.97679861135071 0.0281748988524829 0.0412421716670981 -12.1494402207986 -3.32900976756375 0.0314178549151264 3.4629684832947 12.3641116370339
"etap[44]" -0.0183249414039568 5.98480155337888 0.0282126250829999 0.0474369477978193 -12.1339261332746 -3.37321170106358 -0.0266751537425749 3.33289057035675 12.1279446424927
"etap[45]" -0.0158124264494227 6.00793488960091 0.0283216766757604 0.0420461064523015 -12.0124864850065 -3.3867802117574 -0.00269936702179027 3.3632615471731 12.0833065525032
"etap[46]" -0.0166004453294948 6.00194489884821 0.0282934395885572 0.0410918401529113 -12.0931211779305 -3.36491994400425 -0.00953017602999972 3.31231938288666 12.278874394045
"etap[47]" -0.0334298819536855 6.09696779477218 0.0287413818157293 0.0423779023025116 -12.547978342309 -3.41340356046165 -0.0271517629468093 3.39881092456932 12.2691474404291
"etap[48]" -0.050913334136565 6.07176271424271 0.0286225639266444 0.0438509074642684 -12.3904828371648 -3.38043427358757 -0.0364064680655853 3.36320338203687 12.2428889616672
"etap[49]" 0.0270312168216097 5.90764408220107 0.0278489012757397 0.0421512468135637 -11.88126617639 -3.29966728569795 0.0263997194123152 3.36879214381329 12.1175985822778
"etap[50]" 0.0337112762640087 5.95943979664258 0.028093068615193 0.0427626650245374 -11.9941966447195 -3.31940212579092 0.0227827532052539 3.385488200544 11.9007792490698
"etap[51]" -0.00749864326051195 5.97717804367165 0.0281766875135971 0.0412582120827767 -12.1204927447639 -3.35338316189811 -0.00917086971459372 3.36405552666898 12.0578004774968
"etap[52]" -0.0125531847718649 5.93877542436284 0.0279956558300732 0.0423784539069323 -12.2288214550561 -3.32296035169746 0.0228820356349547 3.35501663200736 11.8540559390037
"etap[53]" 0.0389155791665923 5.976051580073 0.028171377313268 0.0429528327682582 -12.1394943886773 -3.36551609756417 0.090792689300033 3.44355464959054 12.1956922469489
"etap[54]" 0.0450045164649645 5.95412017535966 0.0280679916799764 0.043364250134154 -11.9364052088214 -3.34810284186153 0.0243684204702133 3.41806022142705 12.1884202031533
"etap[55]" 0.0426554240638745 5.99763433948858 0.0282731194168645 0.042439219996039 -12.1825162438268 -3.3366963128163 0.0239659681772318 3.38999051140204 12.3834670687633
"etap[56]" 0.00976115566808371 5.90175373635568 0.0278211339191343 0.0417278757113002 -11.9915085882226 -3.36502985872547 -0.0219927636431024 3.33743780665547 12.1412105478185
"etap[57]" 0.0091615858156664 5.97213045370224 0.0281528929462903 0.0421566610417458 -12.090348673048 -3.3361750715167 0.0316827740699647 3.39195734379078 11.9583624569772
"etap[58]" 0.0196617812718459 5.92382723635745 0.0279251893960394 0.0418021062451792 -12.0352569200732 -3.29607720048381 0.0449890137115922 3.42442726035436 11.7877303364106
"etap[59]" 0.0825834982660909 5.95559317325734 0.0280749354586572 0.0417093288456988 -11.933987580544 -3.3438832426335 0.0223519404346726 3.41496126006953 12.3520385975259
"etap[60]" 0.00585423427753698 5.93861270581737 0.0279948887674937 0.0429649640366593 -11.8553236244121 -3.32291250954328 0.0137976325811756 3.38949344539129 12.0561073844431
"etap[61]" 0.0634059285476543 5.99208051972946 0.0282469384594434 0.0428162581788753 -12.0904989423752 -3.30542698182091 0.0429291702645848 3.39221663752258 12.4495253972417
"etap[62]" 0.020137051620613 5.98535665787304 0.0282152418706805 0.0415706531719294 -12.0852839021485 -3.38628933893492 0.021339423905742 3.44636812889338 12.1528974524551
"etap[63]" 0.041017074577122 6.02133607389591 0.0283848504643665 0.0425929168992706 -12.0938566612033 -3.34967899548939 0.00284962084302318 3.40801181089555 12.3845559881891
"etap[64]" 0.0240314086259449 5.98699195770095 0.0282229507479978 0.0444771611169597 -12.120764386007 -3.37980484037043 0.00672344264543688 3.40075022170001 12.0455618137984
"etap[65]" -0.0304047080152299 6.01701894308292 0.0283644993145456 0.0466223869460176 -12.0349575382876 -3.48185491595501 -0.0416781029454264 3.34268568412946 12.321492353801
"etap[66]" -0.00688605338791987 5.99193240333203 0.0282462402320499 0.0430202893388216 -12.2725624924121 -3.37708274358923 0.0309840332161864 3.36575008637707 12.1764497756529
"etap[67]" 0.008027502546975 5.97092892248003 0.0281472288737901 0.0398840948713434 -12.0030272325945 -3.38248577229819 0.00430420620915919 3.39002557226881 12.1946533343561
"etap[68]" -0.0222282664490804 6.00963385857374 0.0283296856923051 0.0439565613173445 -12.1493175923172 -3.41862705219904 -0.0302985854392555 3.29531140627663 12.2203129829176
"etap[69]" 0.018392830547563 6.01845784684814 0.0283712823719447 0.0436185550492528 -12.4001999166548 -3.33480771415368 0.0179959431542749 3.42854067322306 12.1230794453874
"etap[70]" -0.0325067071367406 6.02020985717664 0.028379541427838 0.0475718049686239 -12.1606417568907 -3.39155808633493 -0.0386546066625835 3.32108768865243 12.1189127195012
"etap[71]" -0.0371350416690962 6.07583645181842 0.0286417677097414 0.0529395463136207 -12.1227434755986 -3.42585525338592 -0.0104146502073585 3.34000817988538 11.9700932943728
"etap[72]" 0.045886904301788 6.01782071978877 0.0283682789261836 0.0433443160016697 -12.1659032565581 -3.32505080330987 0.0199278002540481 3.37568417520743 12.3819296972795
"etap[73]" -0.0281922727356631 5.99992934014879 0.0282839381537289 0.0445699402905996 -12.1687848098137 -3.4216912503773 -0.0393694551310891 3.3614353804319 12.0504088894132
"etap[74]" -0.0162254201004716 5.9658280788121 0.028123183266141 0.0438676490424293 -12.1103290314064 -3.38480035505921 0.00260122428837662 3.37956485244177 12.1248011467738
"etap[75]" 0.0120714515364818 5.97023835051972 0.0281439734863499 0.0437914240418808 -12.0151474116402 -3.30531725498264 0.0172677615146535 3.29604903645155 11.9963212582005
"etap[76]" 0.0587149965929871 5.93204589700679 0.0279639325338889 0.0407501079250397 -12.0632762327996 -3.26446115996519 0.0216423304792986 3.35488045130908 12.1473541300907
"etap[77]" 0.0378473515712847 6.07321121353836 0.0286293922178077 0.0461404638620853 -12.207539021073 -3.37381933837197 0.0375343366720091 3.40009634142982 12.2831612401659
"etap[78]" -0.0754986455503064 5.97780822411507 0.0281796582126965 0.0418216382622047 -12.1116132550645 -3.41321563507589 -0.0854709965251673 3.28767792427827 12.0468265222854
"etap[79]" 0.0423852989216097 6.01034476290525 0.0283330369274624 0.0440770688254804 -12.1021062834425 -3.34249926657998 0.0413496043940012 3.41304632117928 12.0631551125326
"etap[80]" -0.00886845108890865 5.94787605523845 0.0280385566154414 0.041807644263231 -12.1833869041269 -3.37002545749194 0.0149891727962267 3.32587615930041 12.0426841412394
"etap[81]" -0.0584095286847185 5.92094189409177 0.0279115877621587 0.0431480625665317 -12.0131759940222 -3.42599399305381 -0.0479126659567917 3.27406723867539 11.9328296054962
"etap[82]" 0.0939551539233916 6.0721036369057 0.0286241710514901 0.0467168748940023 -11.9327002820274 -3.37759731097494 0.0797149233483224 3.44717379635351 12.5896865543646
"etap[83]" -0.0168421467872564 6.0290027393922 0.02842099147211 0.0452034454559308 -12.1811278803982 -3.38904106532439 0.0129722112606044 3.36724858470989 12.0825707237009
"etap[84]" 0.0260583373546515 6.07937732754732 0.0286584595580031 0.0441403836866493 -12.0808635033101 -3.43254340370492 -0.00797783832565797 3.3754299939674 12.5945921515095
"etap[85]" -0.0164875098426837 5.97956239250067 0.0281879274417685 0.0481688199047784 -12.0830977465288 -3.31882897127563 0.00860365499995379 3.33474221339639 11.7852285031353
"etap[86]" -0.0175812426881476 5.98208454700441 0.0281998169921205 0.0420752430140638 -12.1515200494926 -3.34577873752381 -0.0167053996907048 3.36503576305262 12.0034720798204
"etap[87]" -0.0528330026536135 5.96355017429253 0.0281124451212564 0.0418997707385 -12.2714039512061 -3.35348643008855 -0.0317691455364684 3.3219811648692 12.11767275733
"etap[88]" 0.0399158550341809 5.97564215009552 0.0281694472418447 0.044842843653081 -12.0564721280163 -3.31387343085081 0.00116492682627919 3.41516492883387 11.97877848756
"etap[89]" -0.00666951504154155 5.93259577812224 0.0279665246983261 0.0423483921886378 -12.1709834538106 -3.35125707643091 -0.00850200010229216 3.33884205192581 12.0894613254748
"etap[90]" -0.0601524588640765 5.96667546742073 0.0281271778943507 0.0416304835315168 -12.310416360201 -3.41163393527605 0.00989039878937339 3.33045661904657 11.9023820134702
"etap[91]" -0.111080711677851 5.94677178035408 0.0280333510137145 0.0401761836538747 -12.4048193803381 -3.4100236953483 -0.0297130270110792 3.2398080650148 11.8565559450838
"etap[92]" -0.0248709661709802 5.9837029947063 0.0282074464277539 0.0457131402479443 -12.1349210731171 -3.36440345960773 -0.0275539367212832 3.37714617458406 11.9453433124578
"etap[93]" -0.0232842089318574 5.97021965516823 0.0281438853556178 0.0434626725425507 -12.2883860225894 -3.37628891647048 0.0054404630653832 3.37126384356083 12.0679570752996
"etap[94]" 0.00459330697378222 5.95266993488358 0.0280611551808097 0.0408582887008495 -12.0431662911472 -3.28469351903815 -0.00240644310877812 3.29348084383433 12.2321636418883
"etap[95]" 0.0750077227838781 5.96804176706496 0.0281336186926412 0.0413541374720733 -11.9448242882172 -3.32338031337423 0.0477823860784703 3.39211344823549 12.3392024407271
"etap[96]" -0.0369806687587354 5.95683563055318 0.0280807924585187 0.0437655295733115 -12.1640249503009 -3.34675099210876 -0.0348228353301284 3.28955100735855 11.9644625466321
"etap[97]" 0.0034851311071431 5.96787208846459 0.0281328188200483 0.04349166388212 -12.1614910190896 -3.3736968007629 0.00023028817169846 3.37926207026608 12.0004121786393
"etap[98]" 0.0486984710680011 5.86611680518774 0.0276531398145375 0.0399953999895569 -11.5261698098504 -3.33061703997945 -0.029293065856622 3.34185397514584 12.1714486840824
"etap[99]" 0.0197229534370243 5.98474613454978 0.0282123638361342 0.0411241522434305 -12.1325027644651 -3.33807526768912 0.0558420419210171 3.40511378064668 12.1042779280259
"etap[100]" -0.0590478203620204 5.96088175663372 0.0280998660797792 0.0440207963808396 -12.2700425023191 -3.37971372335976 0.00343853524314493 3.31529757932082 11.7604403102089
"etap[101]" 0.0453491658509397 6.02230245802202 0.0283894060428252 0.0447607890073398 -12.0539593653666 -3.33360707934889 -0.00434384921237476 3.36910103078637 12.4168870730055
"etap[102]" 0.0763730433320138 5.93280121397515 0.0279674931322241 0.0419127900962041 -11.8314852540827 -3.29933701239169 0.0439145410241049 3.42639476313398 12.1741280880399
"etap[103]" 0.00601447335238292 5.99026117546935 0.0282383619883525 0.0397744546119712 -12.085703051586 -3.34176429146823 0.00718081228756274 3.3286340694284 12.2713098596158
"etap[104]" -0.0536264542818578 6.03761336848352 0.028461582366915 0.0463008986841469 -12.3496061001747 -3.41139411983532 -0.0284847245100507 3.3341022237838 12.0832684195187
"etap[105]" -0.0124578798455488 5.99965347903588 0.0282826377319716 0.0426741897344808 -12.3475656232108 -3.35863669522801 0.0306605302659802 3.36597634848083 12.0339245903451
"etap[106]" -0.00127722908361588 5.93343694085119 0.0279704899774576 0.0447755253951965 -12.0789529898917 -3.36503010792071 -0.00568763031309543 3.31177127146837 12.0881838299925
"etap[107]" 0.0192759190315132 5.9706835329786 0.0281460720965868 0.0467256088541717 -12.0332486219922 -3.31265504738632 0.0549867035310147 3.41394585019481 12.0290819059497
"etap[108]" 0.00672795476144234 5.96661836025157 0.0281269086885736 0.0386821031428058 -12.0419060651021 -3.36976837071712 0.00730400772320621 3.37455154188976 12.205096760567
"etap[109]" 0.0116206153036984 6.0008572707333 0.0282883124604541 0.0436784200188357 -12.1396223019139 -3.39632280492944 0.0262082000435011 3.36646220335532 12.3530272210414
"etap[110]" 0.00315042417643505 6.04273267910985 0.0284857150286409 0.04404515212683 -12.1992199717492 -3.31070221615662 0.0277896198751546 3.37345526969937 12.1163489747686
"etap[111]" 0.0954267657008578 5.97260101401868 0.0281551111888951 0.0433948370750954 -11.7276630433615 -3.27739234620388 0.0244588886223143 3.36836441336096 12.4877488807855
"etap[112]" -0.0146108603858502 5.99773940166893 0.0282736146847323 0.0434770399077939 -12.1882099796928 -3.36637227417388 0.00140093617571454 3.35112486118047 12.0929236445346
"etap[113]" 0.0049349773043084 6.01203722185451 0.0283410152554617 0.0422038680901734 -12.3580771343631 -3.35693806363382 0.0582969959409457 3.38515131187733 12.1582329904023
"etap[114]" -0.00236232066031466 6.03035287160121 0.0284273560563799 0.0458115286052407 -12.2789131519572 -3.34417250420695 0.0167827950313149 3.36010387432134 12.2250024181001
"etap[115]" 0.0965308256126747 5.99035934371885 0.0282388247579186 0.0410894574677881 -11.9959363830513 -3.28830046394556 0.0529688899343596 3.43858482365772 12.4893327335722
"etap[116]" 0.00806098030801663 6.02730219524536 0.0284129750301237 0.0432406147294366 -12.2427075746679 -3.34874665130393 -0.0177859424759839 3.37517133961647 12.2616066731144
"etap[117]" 0.0780442150616201 5.9055983353124 0.0278392575324225 0.0422680130911279 -11.7624499628966 -3.29389510410964 0.0454210295765273 3.34808600376229 12.1427234701251
"etap[118]" 0.0166486946941375 5.99660920751108 0.0282682868983785 0.0425080479075177 -12.2428239256873 -3.37888083617563 0.00765731978516635 3.41426026774138 12.2157483827513
"etap[119]" -0.0637634338307012 5.96179689381294 0.0281041800778135 0.0414228485189288 -12.3504715361884 -3.41090214748533 -0.0348790666701197 3.37840727291569 11.9206454790524
"etap[120]" 0.0214056173692975 5.88846158285776 0.0277584741066346 0.0399252586968696 -12.1305230015624 -3.31078940343461 0.0312429702491012 3.39966206374317 11.9085107964043
"etap[121]" 0.0294061666337314 6.00116648451669 0.0282897701082079 0.045703472378581 -12.1214492753067 -3.35964067113112 0.017820019289541 3.38487242606683 12.2571811312638
"etap[122]" 0.00552116231080767 5.99433400122352 0.0282575614730816 0.0440398985076593 -12.0329030859673 -3.33373822915824 0.0223648402308082 3.37099818552917 12.0945592820956
"etap[123]" -0.0233568299266703 5.9874310931191 0.0282250208522113 0.0408814061689264 -12.1477873899999 -3.35501941924945 0.0224224026870473 3.32912109829719 11.8591095657511
"etap[124]" -0.018000035339047 6.1013125526257 0.0287618632006682 0.0491377747521149 -12.2309533053883 -3.41387918053899 -0.00658588475615573 3.38018190250686 12.2650733768748
"etap[125]" -0.0554597203151065 5.97408481585746 0.0281621058978427 0.0409873134325358 -12.3673259115885 -3.37248331253639 -0.0393416806871402 3.28662498356727 11.9716511076041
"etap[126]" 0.00256043703749762 5.94742158103365 0.0280364142034941 0.0424091501134208 -12.0952373507872 -3.34812496898404 0.00155547309630134 3.39466030910533 12.11816928788
"etap[127]" -0.0292401944689863 5.97582870213429 0.0281703266565891 0.0433247402894029 -12.0018236592787 -3.38590776924635 -0.0268204226742042 3.36912012576245 11.9529106118818
"etap[128]" 0.0411375670969461 6.04836254348012 0.0285122544637967 0.0460438385980301 -12.0675349651935 -3.31833256732375 0.013732852193675 3.41608108576727 12.2157361688577
"etap[129]" 0.0041034902600164 5.88613442160162 0.0277475037632671 0.0410022237436373 -11.9444574812804 -3.32854297355095 -0.00983305062061008 3.29432196521422 11.9493068540672
"etap[130]" -0.00763959389742084 5.94970875122875 0.028047196027192 0.0409893234558193 -11.8463181535462 -3.38587662673547 -0.0246004487728069 3.35131219374271 12.0986459118341
"etap[131]" -0.0389872043672373 5.90135046856263 0.0278192328965269 0.0457053334108473 -12.1888661988176 -3.36374247702966 0.00865800388989704 3.33347667659564 11.8558190068642
"etap[132]" -0.014762160012541 5.97905180300866 0.0281855204998205 0.0441315575698188 -12.078463074952 -3.38450644189622 -0.00617376615498303 3.37070924734481 11.8348779111937
"etap[133]" -0.0215174180532759 5.98159607889303 0.0281975143313608 0.0440652396821638 -12.2373514203957 -3.31025283942871 0.0214896916815108 3.29346499047651 12.1584344334161
"etap[134]" 0.0365960605404672 5.99266097336863 0.0282496747441396 0.0439684742619551 -12.0594562676827 -3.33372338011374 0.029710052284083 3.42175228840686 12.1336596043929
"etap[135]" -0.0200328625749256 6.03895328786711 0.0284678988074642 0.0446028971525873 -12.2479051650255 -3.4124204954289 -0.0162933322427966 3.37465732125734 12.1522715387521
"etap[136]" -0.0320055768328249 6.02633686058369 0.0284084243988878 0.0439701561056084 -12.3421488322435 -3.39446728026523 -0.0138002119082496 3.40812559385189 12.1394813068619
"etap[137]" 0.00878757853365267 5.99709580016928 0.0282705807181671 0.0394591873335065 -12.143831685654 -3.38674330241039 0.00621112955794163 3.40742150221116 12.2002717884685
"etap[138]" -0.014205858029913 5.99532735236789 0.0282622441752835 0.0438219428385948 -12.2309302488578 -3.35620154608842 -0.000422229390071736 3.38332404745025 12.0125501498272
"etap[139]" 0.036825494764514 5.95088937231905 0.028052761528385 0.0404869746586863 -11.8523358392117 -3.36524041751055 0.0262383826751252 3.40861045961349 12.1134337421975
"etap[140]" 0.0173133399310092 6.00830424311179 0.0283234178249083 0.0447595036366639 -12.1163512611891 -3.35092429134306 -0.00316656723799383 3.39547444766449 12.2750507322725
"etap[141]" -0.0542125654921813 5.92256560142826 0.0279192419919474 0.0441092519370818 -11.9557717953916 -3.40294998808313 -0.0594558040240265 3.27866715629428 12.0106845071393
"etap[142]" -0.0206275055623073 5.9449216480649 0.0280246294064627 0.0420855509238971 -11.998728508578 -3.39724485878789 -0.0329577169007358 3.34246410537425 11.9715123534833
"etap[143]" 0.0216265467614674 5.96477144098127 0.0281182022276381 0.0426637636685112 -12.0988766512114 -3.36447639832066 0.0583658273922072 3.41014432067765 12.1211375001161
"etap[144]" -0.0438627244454371 6.03443079155157 0.0284465795553801 0.0433222017676516 -12.3841785245481 -3.40501529110654 -0.0218813341782432 3.32948652967606 12.0349997724094
"etap[145]" -0.00835756632634756 6.00605733577506 0.028312825802145 0.0451665751273952 -11.9919127806116 -3.3563213891241 -0.0525803359399686 3.31512102555754 12.0993003434267
"etap[146]" 0.0367100930940098 5.9607516926254 0.0280992529521641 0.0419605799157164 -11.8386152423943 -3.35748051610968 0.00692686686646931 3.3822061214832 12.2835606602123
"etap[147]" -0.0224491348426114 5.97183910186253 0.0281515195005465 0.0419785590998801 -12.0992668858743 -3.38992605029074 -0.0147585629602045 3.33722473258801 12.0069655509002
"etap[148]" -0.0651877022279153 5.93065202008862 0.0279573617350824 0.0420203643220905 -12.1923908847869 -3.37393767370515 0.0183103674566807 3.3032613968281 11.77673247988
"etap[149]" -0.020280492148904 6.01011792404162 0.0283319675988043 0.0441269521246007 -12.2676459335454 -3.39008422760153 0.00859038696893917 3.38990055418181 12.086186958914
"etap[150]" -0.00279459190421302 6.01103055642493 0.0283362697891174 0.0460467461426647 -11.8824939590576 -3.3710633327226 -0.058941484808707 3.31113416086655 12.1246231735288
"etap[151]" -0.00436384008029983 5.95398198455448 0.0280673402422734 0.0421824595329586 -12.0691332564685 -3.35871631663503 -0.0128991867616675 3.35184270867552 12.1001278225181
"etap[152]" 0.000121721698700533 5.93494505800158 0.0279775993098834 0.0414185420756019 -11.8990958555084 -3.33587311479431 -0.00382142109362135 3.35438494885411 12.0967206186054
"etap[153]" 0.0327956571061389 5.99026311197587 0.0282383711171318 0.0408439265462986 -12.0511663034173 -3.35777108434119 0.0162617596896698 3.40491376439713 12.132412176181
"etap[154]" 0.0500563048081252 5.97271772392879 0.0281556613646875 0.0430225884627732 -12.1334766172663 -3.31566744523803 0.0950609869974999 3.40707874419305 12.1094771645789
"etap[155]" -0.112119323635966 5.95732121524613 0.0280830815267135 0.0416459484455815 -12.3612767838609 -3.43614366968994 -0.0742971227987901 3.27801218145764 11.8349339058467
"etap[156]" 0.0127853986718308 6.08524220444267 0.0286861068528266 0.046503218872223 -12.2485007682518 -3.3513507339085 0.0391524955103939 3.37213130135813 12.1815254072805
"etap[157]" 0.0021089448100241 5.98796039648663 0.0282275160122146 0.0430528009080814 -12.0513132197942 -3.38273504141828 -0.00503964352636277 3.36485049397487 12.1291842269658
"etap[158]" 0.00172681995441708 5.95119862206998 0.0280542193456915 0.0389830514590025 -12.2196187077256 -3.36889507881374 0.0298103866406415 3.39052017083293 12.1663483795791
"etap[159]" 0.00878847394363746 5.94427996384153 0.0280216044780245 0.0421391618711012 -11.8215867489814 -3.38562522580285 -0.0310382004808375 3.31354474872551 12.1210457110374
"etap[160]" -0.0176300785877937 5.95915640521245 0.0280917326951798 0.0434264386429343 -12.0120747315736 -3.42582429207119 -0.0393329849721339 3.38589945164724 11.9912711953243
"etap[161]" -0.0601506557176864 5.91651539826616 0.0278907210607242 0.042033442877965 -12.1959370823917 -3.44017863127026 -0.00359253983293795 3.37490845266719 11.8921525564306
"etap[162]" -0.00994431402736634 5.97137691761719 0.0281493407431196 0.0439725464950757 -12.2991698017697 -3.37468924692712 -0.00118151382214771 3.36085153856259 12.0152748095678
"etap[163]" 0.00873694036595442 5.98372107706816 0.0282075316688251 0.0450795460436572 -11.9541056317236 -3.41138748679256 -0.0170180326323089 3.38608067558405 12.0419864055982
"etap[164]" 0.018680549248178 6.02015206428676 0.0283792689895424 0.0444325493386718 -12.1672596689753 -3.33109985565063 0.0286850825260866 3.37186463595463 12.2320519576414
"etap[165]" -0.0362135502500365 5.99568450538637 0.0282639278107588 0.0414308901376521 -12.2842543518017 -3.39674292569675 0.00819835073811708 3.34898821781606 12.0019734826807
"etap[166]" -0.00846936137131157 5.97806629699744 0.028180874779931 0.0421608701840265 -12.260603840907 -3.38850638383906 0.0178240021287439 3.34921501870376 12.1094664996339
"etap[167]" 0.0327891716454341 5.98612058331501 0.0282188430497494 0.0444546598520247 -12.0827955036886 -3.29231850765216 0.012908199494037 3.4345102613785 12.1059674623361
"etap[168]" 0.0306640529398412 5.95993280279814 0.0280953926684981 0.0420777653595612 -12.1707295903636 -3.32112383449319 0.0428939076444042 3.38199867893959 12.163987881426
"etap[169]" -0.0228177855607853 5.94704434589558 0.0280346358999992 0.0412155945479484 -12.0885549813282 -3.42332360056665 0.00388993987691039 3.338036971639 11.8891133427366
"etap[170]" 0.0345321065352181 5.95109858437907 0.028053747763494 0.0438181745219052 -11.9338317894057 -3.34586718801841 0.01584428170285 3.38493325187344 12.2049261117678
"etap[171]" 0.0361787483708755 5.97160998925285 0.0281504394533468 0.0408630767774763 -12.0119610665062 -3.35532345815941 0.00115304508551126 3.39325025206188 12.2449804490322
"etap[172]" 0.0316046560190187 5.93923937264482 0.0279978429032486 0.0411018815584656 -12.1667141346631 -3.28434490978663 0.0619360203114723 3.39671878615698 12.1244378269436
"etap[173]" 0.0248452989952093 6.02552742792178 0.0284046086967268 0.046028652717947 -12.129171825132 -3.36872127430399 0.00387422246259321 3.40774687119358 12.0629518484969
"etap[174]" 0.00590342747312563 5.92459176782392 0.0279287934319353 0.0434437111835548 -12.2547107429299 -3.33421135994653 0.0277212750241039 3.3630144866124 12.0544549919315
"etap[175]" -0.00664029089102033 6.04619382641662 0.0285020310335162 0.0421214774256475 -12.364425013329 -3.3613666096994 0.00810739084980534 3.351961543624 12.0831998153929
"etap[176]" 0.0788241332293809 5.95693496282994 0.0280812607153619 0.0435604102654122 -11.8857924431943 -3.34128357481355 0.0465261615880116 3.4214933167247 12.3550063321896
"etap[177]" -0.0410865112580708 5.87500824199651 0.0276950544496173 0.0415694036779307 -12.0222827157656 -3.37626216386836 -0.0242386931636263 3.26190890957351 11.963865826472
"etap[178]" -0.101654522864026 6.03860356881097 0.0284662502160235 0.0438842146901705 -12.3696547832426 -3.42353401205715 -0.0635954306110481 3.2962298196688 11.9067383996532
"etap[179]" -0.0818940194036708 5.99103326749178 0.0282420016650509 0.0453907511251316 -12.3111652683476 -3.44902989334392 -0.0387003777357363 3.3500281374533 11.8540077547378
"etap[180]" 0.0141425265290072 5.97382416692499 0.0281608771869916 0.0418465046267951 -12.0858050934682 -3.33688534138261 0.0183136222168985 3.3838216734307 12.0995178400517
"etap[181]" -0.0170055595071327 5.97859450454864 0.0281833647742065 0.0423831783365922 -12.3496078954118 -3.34912352696973 0.0103275083084436 3.40168696781747 12.0648936026659
"etap[182]" 0.0122132010428621 6.02219452931568 0.0283888972620243 0.0423157765637413 -12.2210797012559 -3.39908705627577 -0.0146348428533081 3.41191798997516 12.3456258058442
"etap[183]" 0.0368578002747447 6.133437564506 0.0289133019589766 0.044711301228035 -12.2018851278945 -3.37899787356191 -0.00269832337499875 3.36659833271017 12.4493050313726
"etap[184]" 0.0611909970119954 5.96448835755421 0.0281168677595653 0.0435953172623769 -12.0273922563296 -3.30188154964372 0.0530182267435445 3.42197398268154 12.2139492583265
"etap[185]" 0.0189541980569664 6.00184266690146 0.0282929576625385 0.0450901588122097 -12.0347035803493 -3.31592885966762 0.00954394489341296 3.31393805606278 12.244867205312
"etap[186]" 0.066974810967596 6.00235883376063 0.0282953908964475 0.0417001932489776 -12.0939240568759 -3.31999029507722 0.0404016548744603 3.40085535938722 12.2693733398368
"etap[187]" 0.0159288804743891 5.99073040829899 0.0282405739731245 0.0413130503936342 -12.100914939617 -3.39243443830426 0.0488737619167875 3.38416185056536 12.1573441753288
"etap[188]" 0.00474713319002405 5.95513497309989 0.0280727754824007 0.044242037499366 -12.0039756028663 -3.38783730259494 -0.00554299647618659 3.35271049926925 11.9899416820462
"etap[189]" 0.0119588919303832 6.00588129839187 0.0283119959539624 0.0428131982302012 -12.0965787729718 -3.36377457835101 0.00799955630844333 3.35223093883744 12.0168820623678
"etap[190]" 0.00178653253084276 5.94791967804991 0.0280387622553467 0.042543129655681 -12.035187033638 -3.35586626262351 -0.0268954631935053 3.33703210172792 12.0757319207693
"etap[191]" 0.0350556044358233 5.89954392635805 0.0278107167749046 0.0393705620264096 -11.7820706525692 -3.34163706325096 -0.0108605019431003 3.38277755539596 11.9458328630891
"etap[192]" 0.0353163303665737 5.97877030875456 0.0281841935231809 0.0449631988874916 -11.7687870015763 -3.37397879599352 -0.0500162629040472 3.36068757388457 12.3700371877073
"etap[193]" -0.0085351603037194 5.93011509983956 0.0279548306687553 0.0445951493629974 -12.1124667125138 -3.3069334853452 -0.0372608741982082 3.28362173019063 12.2640002712752
"etap[194]" 0.031630592441244 5.99072851813451 0.0282405650628036 0.0421238886346713 -12.286733966165 -3.30572850037664 0.0590034019429668 3.40754367196524 12.0907791814242
"etap[195]" 0.0615648018925656 5.97918766017355 0.0281861609366376 0.0442372546483508 -11.8472138490525 -3.34650045384547 0.0638085908479382 3.39847020676518 12.2110118678913
"etap[196]" -0.0728237081152792 6.00329897957507 0.0282998227863187 0.0434687130264977 -12.3335828890611 -3.4275677964752 -0.0420953194743664 3.30013633678223 11.9067707444299
"etap[197]" 0.016740108094997 5.9734074337592 0.0281589126880084 0.0424668888163601 -12.0588520927073 -3.33588173488216 -0.000501066802704807 3.39058887218353 12.0918511582618
"etap[198]" 0.0427927450824041 5.97704866898636 0.0281760776354819 0.0448811923149203 -11.8884249916294 -3.38093996223789 -0.0118997781202435 3.40725870836607 12.340840118876
"etap[199]" -0.0112613399835098 5.96140665085223 0.0281023404548547 0.040800757990962 -12.1076728915968 -3.40651308983358 0.00923750475674226 3.37127086771193 12.0132888767309
"etap[200]" -0.0870778613018115 5.97873010106467 0.0281840039823131 0.0444824907798461 -12.3589897477964 -3.43223058805341 0.00386218961502091 3.31800002783066 11.9258296010982
"etap[201]" 0.0557454799734504 6.02835983507777 0.0284179607921074 0.0432524469753543 -11.9848621905679 -3.31543372203636 0.0154119808515876 3.39420169784339 12.384586025473
"etap[202]" 0.00957050468240222 5.97470877725966 0.0281650472801006 0.0421720164585855 -12.1204196740505 -3.33366162032284 -0.000322584808426082 3.34620034622056 12.1171351303625
"etap[203]" -0.0659525532365445 6.00110921991313 0.0282895001602779 0.0442277137247488 -12.3748664544685 -3.41213875797296 -0.00234996087089093 3.34493146438105 11.9382289599698
"etap[204]" -0.0232317319032702 5.99183874217617 0.028245798709127 0.0441208990195165 -12.3489588579088 -3.3615482114724 0.0353779155768362 3.37435364758976 11.9650901250012
"etap[205]" 0.00155845149728845 5.98429414040562 0.0282102331153049 0.0535838127758844 -11.9915286717796 -3.35330280938547 0.00934479598928548 3.38100091786921 11.9877296664282
"etap[206]" 0.0167467144262012 5.97223404107628 0.0281533812618545 0.042987664183085 -12.040725848628 -3.32022008203233 0.0049934307725893 3.36351925205135 12.149874451879
"etap[207]" 0.00132180970541899 5.97699084839799 0.0281758050666143 0.0387613044754016 -11.9836261984897 -3.41890554704809 -0.0112904870126594 3.41609689143446 12.206138481361
"etap[208]" 0.0250593818308801 5.99571511914408 0.0282640721253966 0.0401505593788417 -12.218933329952 -3.35756605174122 0.0362719213001604 3.39039032550801 12.1506714387611
"etap[209]" -0.072597107997089 6.01288706586918 0.0283450214585665 0.0437902732235832 -12.4408321577515 -3.40058964026226 -0.046277360253374 3.3735593245545 12.0098324773612
"etap[210]" -0.0596420504899417 5.89934342527995 0.0278097716037582 0.0396574355248992 -11.9942381188778 -3.4196222020699 -0.0392130047417819 3.31369050433094 11.79625761975
"etap[211]" -0.000973609562549509 6.06505966533715 0.0285909654510728 0.0490829483069177 -12.2755350568031 -3.39654220020834 0.0333937608166748 3.3885546311481 12.03360815183
"etap[212]" 0.00549783318609271 5.9498871012236 0.0280480367771305 0.043135620826778 -11.9044120816829 -3.36640205503087 0.00263551463138042 3.31897839111379 12.0287834813416
"etap[213]" -0.000534649459127046 5.96830964661978 0.0281348814889729 0.0432376665397869 -12.1153030876243 -3.35301672971196 -0.0325543670392427 3.3478318763524 12.0364337782537
"etap[214]" 0.0808267893155517 5.99375231791604 0.0282548193916735 0.0426980011486517 -11.9211480574039 -3.32870521166071 0.0193014879619693 3.41586653477453 12.2806334593395
"etap[215]" -0.0579550959027708 6.03799078548177 0.028463361527707 0.0424054074250842 -12.5735589051641 -3.44264319132488 -0.0445107653742886 3.35239366094542 12.1283884402204
"etap[216]" 0.00982126376188631 5.95082289530994 0.0280524481527588 0.041574461739989 -12.1534979251342 -3.35590735425644 0.000333117406281431 3.36600493402905 12.0592242354066
"etap[217]" 0.0141422852237342 5.95165522872332 0.0280563718100975 0.0402315656615686 -11.9361698064053 -3.37847549271912 -0.0159783609538511 3.35987903301158 12.1287500569113
"etap[218]" 0.0113220500530707 5.97478209765339 0.0281653929157513 0.0439042643839387 -12.0664934953508 -3.37284478346141 0.0309741469221696 3.38393349497083 12.0145080248494
"etap[219]" 0.0283807787511127 5.95473623506461 0.0280708958132763 0.0426151868019911 -11.9460395285185 -3.35835013535155 -0.00391569630682376 3.36382443733305 12.1704588563856
"etap[220]" 0.060189503465126 5.96881485241311 0.0281372630519219 0.0415878793174383 -11.8276722819281 -3.29978684493096 0.0444109176330673 3.42044716869594 12.1250006514314
"etap[221]" 0.0124124095936541 6.05292398955566 0.0285337573268102 0.0455330136759005 -12.3253583900578 -3.32927650178405 0.0176676561711202 3.37780139860459 12.2067403658873
"etap[222]" 0.0206303930681762 5.93074808133176 0.0279578145721253 0.043502302014564 -11.9158537757571 -3.37628644687635 0.00374917996834242 3.35694805674108 12.0549633186323
"etap[223]" -0.000297340356563021 5.99418352581871 0.0282568521252207 0.0440163996511401 -12.1150903665102 -3.35589756297155 -0.0466531676279994 3.37215107259497 12.3092860888292
"etap[224]" -0.0210819400211676 5.96910371900037 0.0281386247820733 0.0417070856187329 -12.1842979311926 -3.40244332612486 0.00955946653634127 3.37109274062462 12.0033573818625
"etap[225]" -0.0198513189678062 6.0007198105553 0.0282876644669607 0.0432795154577373 -12.2940196732033 -3.38721872569796 -0.0376405814674976 3.33121412520149 12.1433947780649
"etap[226]" -0.0304113188662651 6.09755910876178 0.0287441692966084 0.0466700670310818 -12.1834841820497 -3.42681616776669 0.0120062551312336 3.36489955135192 12.2829358739242
"etap[227]" 0.00811922735108115 5.98285721477117 0.0282034593829037 0.0425545209940916 -11.9479688757397 -3.39408382354969 -0.00401831958897519 3.34678071329058 12.1216041741604
"etap[228]" -0.020087113918981 6.07200286260876 0.0286236959968985 0.0454726116783928 -12.3381339176421 -3.36514996684338 -0.00658579912406646 3.4047552120202 12.0904583489153
"etap[229]" 0.041400790433982 5.90729854500431 0.0278472723977731 0.0433123454433906 -12.1215492869708 -3.29895517931791 0.0116462134879096 3.36692631665292 12.2160178114812
"etap[230]" 0.0533892493570219 5.99014238152561 0.0282378019883313 0.0421432167914459 -12.2172334721476 -3.3187660579932 0.042244294868753 3.41548184362289 12.343148695926
"etap[231]" -0.0210628254344943 5.9607702252476 0.028099340315783 0.0442473143391722 -12.1589667032773 -3.34829063263992 -0.0555330953242589 3.31482628811593 11.9590760747746
"etap[232]" 0.0399447087743179 6.03888208183867 0.028467563139027 0.0437652626484814 -11.9540332668583 -3.3426693455571 0.0287757593043864 3.39258816565333 12.3740007680579
"etap[233]" 0.0319663714640015 5.89736596137547 0.0278004497495155 0.0411766547573806 -12.0614011992467 -3.30264320768125 0.0281098754943498 3.35537909746934 12.0173190138684
"etap[234]" 0.0276958104397115 6.02969521050544 0.0284242558122429 0.0466123145545371 -12.0636079848349 -3.34894584471893 0.0344239288591511 3.36673537230096 12.3978735220795
"etap[235]" 0.0721411789851395 5.99061643400674 0.0282400366931583 0.042205881539815 -11.8556149515851 -3.35673341119334 0.0127392381329774 3.40701690203924 12.377852790176
"etap[236]" 0.0936580311470184 5.98895166690452 0.0282321889057778 0.0456119549000418 -11.7947326881804 -3.34145150911056 0.0338745116595948 3.4287956105006 12.1892562848281
"etap[237]" 0.111087402209371 5.96244590953158 0.0281072395672518 0.0436178283594367 -11.6605447089948 -3.33156031002901 0.030772430577158 3.41766082722098 12.4676167661301
"etap[238]" -0.0600699898989433 5.99338222063055 0.0282530747363384 0.0430082407772001 -12.3092065554004 -3.44589627428115 -0.013097468597752 3.35015220497723 11.9581264581787
"etap[239]" 0.0480455571972302 6.00865831047532 0.0283250869144667 0.0425684208327388 -12.1531300121672 -3.35592338688237 0.033798740368013 3.40255716542138 12.2630196721526
"etap[240]" -0.0266062833005272 5.99977217971637 0.0282831972923456 0.0442936787335065 -12.0783039151166 -3.36632109812812 -0.0348738419348871 3.32834628667727 12.0725223720365
"etap[241]" 0.02462789160372 5.96381419457968 0.0281136897248258 0.0431239115839558 -12.176172283534 -3.30240350586751 0.0292617541163162 3.38580110224734 12.0221809599067
"etap[242]" -0.00319599717902674 6.03802666327697 0.0284635306572555 0.0430713327485871 -12.1871240567432 -3.36382045421622 -0.0146653701576802 3.37343589165084 12.308090289809
"etap[243]" 0.0060918764617076 6.02324118456583 0.0283938312421906 0.0497198783272354 -12.1738499125351 -3.37042182348866 0.00693420162986382 3.37384259381648 12.3183603086892
"etap[244]" 0.0176658108020029 6.02104275097559 0.0283834677268596 0.0501577083174288 -12.197408932767 -3.38048949615138 0.0277313916765295 3.37540753223959 12.1226490883308
"etap[245]" 0.0105401483656833 5.94786666289631 0.0280385123395159 0.0441302200749657 -12.0341495235388 -3.37101668025629 0.00834087454941351 3.37044411049656 11.8349158787943
"etap[246]" 0.0112653763564622 6.00456950744774 0.0283058121121484 0.046108723436974 -11.9248516875872 -3.31865596236445 0.00503628195309792 3.37123791429524 12.2323532514811
"etap[247]" 0.0032452697304842 6.04106538315723 0.0284778553201453 0.0477106170425615 -12.1669709336869 -3.39675691049866 -0.000544220536490036 3.38827364377212 12.0941061474322
"etap[248]" 0.0636068636118576 5.96457794051035 0.0281172900576704 0.042983304244883 -11.9700663996312 -3.33956659409835 0.0514357964071917 3.44572945956642 12.2402843155757
"etap[249]" 0.00795516374472866 6.00832220099698 0.028323502479191 0.0427443410945835 -12.2244670384595 -3.35092619563664 0.0150609286442436 3.32949685899312 12.2600311316061
"etap[250]" 0.0102029638222542 5.97256464160533 0.0281549397276942 0.0424424492132109 -12.1642084260881 -3.29324235743236 0.0326072865539224 3.37285816362067 11.8469838793205
"etap[251]" 0.0807630203233517 6.0105880236568 0.0283341836696425 0.0444718862074088 -12.0533523866112 -3.21674391729183 0.0281280897073544 3.37516982239942 12.2002420575601
"etap[252]" -0.000484237991497856 6.00494714928948 0.0283075923328628 0.0454588299056651 -12.2695047947719 -3.35294339960176 -0.0131778347956883 3.39413585320028 12.0908626950465
"etap[253]" -0.0348776696711686 5.9882038933609 0.0282286638674879 0.0443780423739094 -12.2233080337019 -3.36153164030447 0.0267143876489753 3.33235433048722 11.9266564636926
"etap[254]" -0.0216191614599448 6.00174299969221 0.0282924878268083 0.0444635571604999 -12.3063358186292 -3.40604501667259 0.0185593883517881 3.39474386817935 12.0438634916027
"etap[255]" -0.0602335677585919 5.87419595033041 0.0276912252699813 0.0418065555981344 -12.031337997658 -3.34810871289752 -0.0498603087975229 3.30022586129155 11.8003030004784
"etap[256]" -0.0568827821450092 5.924402445834 0.0279279009595159 0.0458900729930054 -12.0452724198514 -3.3489079490478 -0.0147904473042843 3.34839997901809 11.5980713696972
"etap[257]" -0.0249987308278025 5.9383064390352 0.0279934450120369 0.0434490459493262 -12.0061468894951 -3.38781032988834 0.0208438084304602 3.34446240376858 11.9155073407821
"etap[258]" 0.029573183097224 6.09392965726487 0.028727059898172 0.0429448734461089 -12.2503973747652 -3.38129031129061 0.0224031068333456 3.42829320380962 12.3680137510232
"etap[259]" 0.0213415510934202 5.929617657276 0.0279524857020223 0.0412299852165712 -11.9726375043041 -3.34966589873422 0.0195692285800313 3.3974645628872 11.9333644568748
"etap[260]" -0.0939125910471077 5.98635734899754 0.0282199591738806 0.0434281922919874 -12.3477234786727 -3.43417710145371 -0.0563179639719911 3.34687384191019 11.9357080289667
"mean.p0" -0.968461711433032 0.315946295091244 0.0014893851183319 0.00537073167813264 -1.63692266571349 -1.15935767464193 -0.952530391457565 -0.757077697911925 -0.393156350966414
"mumup0" 0.795422206720097 0.14567167572203 0.000686702864865701 0.00320620166618835 0.387007709663246 0.741487490212511 0.831716624986187 0.894027623750114 0.968779309012468
"mupsi" 5.60948042512287 1.29578357165585 0.00610838233645318 0.0135884300010188 3.27218657344008 4.68643233700567 5.53963430550919 6.44747809026576 8.316813929286
"ppo[1]" 0.28871272011615 0.105582842525579 0.000497722292845253 0.000861557237349471 0.101405104575957 0.218708321575052 0.282180558658438 0.349483764444543 0.528190432212015
"ppo[2]" 0.451001166995016 0.151381827201664 0.000713620777084713 0.0032109710829242 0.223510074393366 0.331408223932156 0.427754723011554 0.552165933345379 0.780803783789981
"ppo[3]" 0.396216519674344 0.134352594164299 0.000633344202690533 0.00225565677176571 0.190216729833616 0.297382756134822 0.373081958384217 0.478858959304599 0.70707375657333
"ppo[4]" 0.289103557193043 0.10638161093093 0.000501487723218733 0.000926056139722262 0.101095214378908 0.217892690758824 0.281896890624646 0.349195755526107 0.528048383490182
"ppo[5]" 0.239531760419633 0.0998593144785707 0.000470741322882915 0.00154119058549674 0.0591477943180815 0.167370973807333 0.23889204831741 0.305654870062091 0.446000170674612
"ppo[6]" 0.238821388178294 0.0997048912956011 0.000470013365017247 0.00147990372460317 0.0586750459186683 0.166609656731803 0.239186596293355 0.305531244176176 0.442742231443078
"ppo[7]" 0.340525775194883 0.117040954981092 0.000551736352957866 0.00125988303615635 0.146073335813213 0.260719897515273 0.325043000074818 0.405606811201063 0.613831623665553
"ppo[8]" 0.239774356360182 0.100241379898939 0.000472542396546913 0.00153526631902944 0.0580437645166768 0.167847417361629 0.238907609939261 0.306074362288851 0.446458558971866
"ppo[9]" 0.238728287772339 0.099289814549731 0.000468056674472464 0.00143488523148548 0.0580146092219123 0.1669944101036 0.238158333346712 0.304642820870811 0.445086727982767
"ppo[10]" 0.240889301490932 0.100454078386118 0.000473545066831128 0.00142398988371774 0.0586419780771081 0.16823448002623 0.240246264503449 0.307731780403868 0.448627748205419
"ppo[11]" 0.396235004905782 0.132963791018938 0.000626797321878415 0.00223831585206477 0.189617495663828 0.298133414324029 0.373759575530973 0.478757890039946 0.702945402483447
"ppo[12]" 0.289388312223222 0.105390339074164 0.000496814822872606 0.00093725254836138 0.102045885528331 0.218495887969703 0.283026856830676 0.350220504608023 0.527024832599054
"ppo[13]" 0.217264582953049 0.122107012665957 0.000575617977910201 0.00220826074437537 0.027322452421657 0.125814138644049 0.210637261746022 0.290960631558998 0.489171664663355
"ppo[14]" 0.341497340844348 0.117350046790033 0.000553193425718605 0.00116913630367113 0.147836062318437 0.260354995901256 0.325647673732575 0.407871686047162 0.614198060504125
"ppo[15]" 0.287928639589863 0.105890189252674 0.000499171139211285 0.000943969697741909 0.101966915434603 0.216462326188537 0.28103783923016 0.348219525710819 0.528374619483027
"ppo[16]" 0.218119854323148 0.122802520529896 0.000578896633423262 0.00224996370356596 0.0275998583249365 0.126862124944272 0.211654044936185 0.291231957181744 0.49516095318559
"psi0" 0.992543321920849 0.010234869689795 0.0000482476384147649 0.0000927676499234897 0.963462223207299 0.990864703256451 0.996087405495437 0.998417993576638 0.999755686480199
"sdeps" 0.694961227612815 0.426568946886776 0.00201086529991496 0.0133890060453927 0.0445061376648354 0.379992495354129 0.652022197132892 0.942904466062168 1.6588752881767
