"Mean" "SD" "Naive SE" "Time-series SE" "2.5%" "25%" "50%" "75%" "97.5%"
"N" 46.1567111111111 1.1980939368989 0.00564786898186468 0.0195951993617055 45 45 46 47 49
"betapsi[1]" 0.00599865096492401 2.63736713169371 0.0124326678886609 0.0186027584347736 -5.75018379321592 -1.10738929671734 0.00122344959984572 1.1121171238393 5.82895621011637
"betapsi[2]" 0.00764783860237128 2.67752431192717 0.0126219706517037 0.0184974872605396 -5.91807873055037 -1.11351742109519 -0.00024207777440917 1.11523339667051 5.95130360675462
"betapsi[3]" 0.0344642248840781 2.69652058201819 0.0127115199276944 0.0192805310495556 -5.85508025990359 -1.10434587598496 0.00273307449148875 1.130957128877 6.02064089011716
"betapsi[4]" 0.0130899805235513 2.66912716221252 0.0125823861083312 0.0183220178037932 -5.87448086168722 -1.10348312531369 -0.00000623547040382088 1.11186276415583 6.01461674261024
"betapsi[5]" 0.0304552252775578 2.64930544980347 0.0124889456599367 0.0188099703302922 -5.74719335549849 -1.10329181952045 0.00293125449333363 1.12738082715663 5.91462228324668
"betapsi[6]" 0.0172928024513034 2.67824574133104 0.0126253715025278 0.0195573194356935 -5.83655934074291 -1.1139582364557 -0.00101077124733034 1.12228138211082 5.97641368884899
"betapsi[7]" 0.0331716549105006 2.66279993844291 0.0125525592894407 0.0190889994184996 -5.89526595184188 -1.0686944718445 0.00313918524603561 1.1188068605228 6.06354337158494
"betapsi[8]" -0.00908654197314339 2.68251386602721 0.0126454916352986 0.0190109352735898 -5.96936077129336 -1.11645796422347 0.000283721121296488 1.09979143101647 5.86538618173528
"betapsi[9]" 0.0132864812700245 2.68284857415208 0.0126470694645306 0.0187246105131123 -5.91272195093379 -1.10153126124177 0.000908073650797382 1.11207531303638 5.98261700355464
"betapsi[10]" 0.00322774857560028 2.66008461432903 0.0125397591288137 0.018214975476325 -5.93926610288411 -1.09458320688278 0.000576840405434292 1.12016710273595 5.92506125183744
"betapsi[11]" 0.0147511800320029 2.68601678978764 0.0126620045762651 0.0188966355083256 -5.83320507224906 -1.12167964079055 -0.000938822927853572 1.11725821444696 6.01446029339622
"betapsi[12]" 0.00619075676100287 2.69952831239587 0.012725698504668 0.019394064600904 -5.9508375548009 -1.10689487055306 0.000808004295067787 1.11134462444283 5.97139679594384
"betapsi[13]" 0.0561965709041115 2.67283584632273 0.0125998690128886 0.0192529454551849 -5.76519468268616 -1.06700958908611 0.00702709867757881 1.14688472462334 6.06915683563943
"betapsi[14]" -0.00395456482711867 2.64358202860653 0.0124619651936704 0.018218989723555 -5.80936967491341 -1.12808117860731 -0.00337146429661956 1.1192721879815 5.79566695168428
"betapsi[15]" 0.0500124596267493 2.69043517263219 0.0126828330327402 0.0185097631685534 -5.85817744619394 -1.08774990822215 0.00748276657413571 1.1554882124508 6.05721957946816
"betapsi[16]" 0.00968300274384122 2.67926926272686 0.012630196428659 0.0186456654896909 -5.88371583119275 -1.11188425507673 -0.0000281735317235789 1.13625327681057 5.96793840792078
"etap[1]" -2.25462339037246 7.62375420078134 0.0359387219564794 0.201502607885453 -18.2123091595742 -6.39397820117905 -2.58897120356671 2.54630853361398 12.6960255475038
"etap[2]" -0.857903610984975 4.5208710069481 0.0213115903058844 0.0629693269351427 -10.7030146198194 -3.04900463041841 -0.618256269803909 1.5964157523949 7.69638984348096
"etap[3]" 2.12808481380496 6.89364265604917 0.0324969431277947 0.196497878868111 -11.3774025338037 -2.64415029870929 2.81393181538041 6.01194622996556 16.0846494721086
"etap[4]" -0.867957853128126 4.51736882705909 0.0212950808715613 0.0684915690351193 -10.7467263937231 -3.01912471094394 -0.653452492400822 1.57520700220497 7.64664443667993
"etap[5]" 2.07438133272435 6.83695706287896 0.0322297246789531 0.183510351365886 -11.4268855627339 -2.62690483479259 2.72181702124822 5.98181345911718 15.7400151570764
"etap[6]" 0.240746740742219 3.55006940226357 0.0167351876534896 0.0349560912876668 -6.8958742999199 -1.66707832519516 0.182175920668997 2.09554155001789 7.5370880985797
"etap[7]" -2.14023704817003 7.42446529029557 0.0349992650230143 0.181677816605575 -17.590854953086 -6.27396384880106 -2.52026454576458 2.59467267963644 12.4960881811816
"etap[8]" -2.11563215871686 7.3975986779656 0.0348726145979074 0.170344488187047 -17.3852832716201 -6.27914811628019 -2.55946855496977 2.53189896176147 12.6052562579048
"etap[9]" 1.10251873701699 4.65508046463229 0.0219442597567368 0.0748537159008144 -8.06974888928168 -1.58640203564281 1.11569569624002 3.63519917849104 10.8249960956151
"etap[10]" -0.863063784388522 4.53211442084393 0.0213645922672806 0.0636558473694299 -10.8296927494496 -3.02233571760586 -0.648850060147848 1.56600096570865 7.71056398637335
"etap[11]" -0.755617922214474 4.40547222063165 0.0207675952102507 0.0544332383007808 -10.2545250609689 -2.94067273804395 -0.58029520447501 1.62059442856955 7.82299653655415
"etap[12]" -0.869177236031081 4.58202365946507 0.021599866674433 0.0805632647258267 -10.8368982543936 -3.06667952412641 -0.652020806235658 1.59749281789713 7.75284622913712
"etap[13]" -2.16926071663055 7.58754980403863 0.0357680527935092 0.197206305540894 -17.7490582735097 -6.28728470007307 -2.55447365891219 2.59632587940468 12.8083509918888
"etap[14]" 0.0867856781577968 3.61831017335911 0.0170568777334567 0.0376483395773309 -7.37070262129542 -1.78620933961621 0.114829508524806 2.00848323394355 7.40352704325884
"etap[15]" -2.16319573024971 7.57185189006118 0.0356940521173496 0.17970767858039 -17.9627628707861 -6.34163752269875 -2.54964552821591 2.57510621417323 12.8080028972849
"etap[16]" -2.22961322440811 7.48750073990914 0.0352964169821936 0.185334855913834 -17.7722223760257 -6.33649895137049 -2.55671284115514 2.52688051511636 12.2786991106563
"etap[17]" -2.18591212688622 7.53458050845526 0.035518353139498 0.195724574215554 -17.9304478873374 -6.28238483967756 -2.52707530353167 2.55049953446987 12.7520099409541
"etap[18]" 2.11085900119138 6.84697276640023 0.0322769391581414 0.171036898993883 -11.4796308685598 -2.58260121597511 2.75199104980017 5.98848079528749 15.7210317951823
"etap[19]" 0.198054574214048 3.59545690889888 0.0169491464116428 0.0350470734895794 -6.98355357328951 -1.70219975951891 0.161845285435986 2.07441583243799 7.58076112764687
"etap[20]" 2.07217687606367 6.80150233394034 0.0320625894839023 0.203645895797307 -11.406517366889 -2.65424990531267 2.77890405517412 6.00818736561538 15.6868790077604
"etap[21]" -2.28214742653517 7.62895802959699 0.0359632530407706 0.214633775592475 -17.9552297497892 -6.44017650970698 -2.65365761093359 2.5005452189418 12.592734860572
"etap[22]" -0.853036529125764 4.52335279614785 0.0213232895723685 0.0678719858850581 -10.6203454956163 -3.08969830072083 -0.651928450724862 1.60603502951843 7.81403827046428
"etap[23]" 1.13449495113899 4.73360453055003 0.0223144257533819 0.0835762635529021 -8.27672809499657 -1.57358337750786 1.11209533738773 3.63019657110442 11.114608615027
"etap[24]" -2.17269351922342 7.54571379264671 0.035570835944489 0.198770438346963 -17.6863537091943 -6.29521296485477 -2.58830603111016 2.57414926990697 12.6497146384223
"etap[25]" 2.10408101476614 6.9006071479229 0.0325297740573376 0.194712080090232 -11.3770211984053 -2.65490280939117 2.78049650554284 6.03452470247495 15.8579963521669
"etap[26]" 2.08293090396312 7.00917877616401 0.0330415856211627 0.209348546617176 -11.7522132593989 -2.66120412495924 2.77501528383314 6.02600950696153 16.1478142335807
"etap[27]" -0.872609202272135 4.57755578896632 0.0215788049309188 0.0632506267640572 -10.9549950248928 -3.05087263292016 -0.660893640347966 1.59114837657336 7.72469010311963
"etap[28]" 1.14434938550071 4.75038154470742 0.0223935133565736 0.0830073182648858 -8.10347363487277 -1.61987552073018 1.12252164643106 3.65499909661111 11.2982924915633
"etap[29]" 1.1971842638625 4.73239023590697 0.0223087015135388 0.0875215622520037 -7.94041976169496 -1.55531577071362 1.14999381171004 3.70381463908655 11.3288096126591
"etap[30]" -2.09268642209929 7.50063807944634 0.0353583469946837 0.199803175739703 -17.3115777504791 -6.25368720845797 -2.49463070599556 2.59480642272167 12.739119438722
"etap[31]" 2.10483014122577 6.91860689183023 0.0326146256638476 0.18637631402029 -11.6061864730867 -2.61536711995409 2.80645912259057 6.02747309598447 15.8425399127653
"etap[32]" 0.198834341926863 3.63787002819811 0.0171490837734278 0.0377060124221681 -7.06664775769019 -1.68430479223005 0.190656979292133 2.06729215442999 7.59190009728119
"etap[33]" 1.15380976135083 4.75828722343236 0.0224307810834822 0.0843437295563882 -8.15055531451666 -1.61899623951167 1.14420652114681 3.67693287077888 11.3125080490694
"etap[34]" -2.11888958820744 7.41187849134983 0.0349399302837612 0.167575812523162 -17.2929268251054 -6.28938126624613 -2.56917907425783 2.61696684626732 12.849383803179
"etap[35]" 0.202538795674715 3.71828234858699 0.017528151087014 0.0380929919168708 -7.17138796128758 -1.68006543093734 0.174929246173619 2.06999550473796 7.89716677265435
"etap[36]" -2.16077982834743 7.47732246684114 0.0352484361428126 0.188233522170996 -17.5582876450105 -6.29673850273913 -2.59103694969448 2.55973014353199 12.7581598550902
"etap[37]" 0.177629178176471 3.66431530744225 0.0172737480153206 0.0356257269057278 -7.23019514565219 -1.73940680680868 0.134849713601822 2.04519207383769 7.78370261266188
"etap[38]" 0.184246463308778 3.68769040664019 0.017383939289679 0.0400400360624053 -7.20775287891274 -1.68956526581319 0.150990927537896 2.04535667069258 7.62843710880155
"etap[39]" 2.08915941268556 6.88604936944495 0.0324611480314658 0.189427941766744 -11.6036239170016 -2.6567467255474 2.78102099302822 6.00770384314244 15.9216617712014
"etap[40]" 2.03241001656027 6.88318183901873 0.0324476303634016 0.191499016256352 -11.7375771032253 -2.64981954178459 2.75108993307993 5.91682832322292 16.0539793568476
"etap[41]" -2.19512378891001 7.55016064845941 0.0355917986238231 0.190193850252887 -17.924081006943 -6.31788530905771 -2.54180353708582 2.53531512342398 12.5994320708323
"etap[42]" 0.200006243213312 3.63674060897632 0.0171437596401576 0.0352927475913442 -7.09454624938189 -1.72348691173645 0.149770189900271 2.05001151212042 7.73830938901613
"etap[43]" 0.246919238968316 3.63386014731798 0.0171301810136806 0.0337784814475697 -7.03296017961593 -1.65446631333386 0.174790938412306 2.07500193834056 7.86865472387544
"etap[44]" 1.10413745358062 4.73452869588154 0.0223187823105342 0.079756880706914 -8.03052398697532 -1.61726104359593 1.0786568726593 3.61222280435931 10.9821562475499
"etap[45]" 2.08345624067408 6.87851423983532 0.0324256270898385 0.203448847124477 -11.6873096830031 -2.65601917840927 2.7881609928174 5.9715277928889 16.0152010426866
"etap[46]" 2.00814490271009 8.89202077350358 0.0419173879159735 0.165084429436414 -15.1729873796505 -4.0479132203097 2.67388569900267 7.2778025298386 19.8431380642528
"etap[47]" 1.13919810636646 7.54413891160313 0.0355634118840525 0.105519384399321 -13.7881726038389 -3.42464676984951 1.06320538140317 5.53488483287822 16.6126267864215
"etap[48]" 0.372879091433066 6.91213044810545 0.0325840954153425 0.0754859785182096 -13.4246022467467 -3.44234870486228 0.296776616082297 4.16816563064893 14.378302007952
"etap[49]" 0.251812733467053 6.61167775195138 0.0311677478228337 0.0620663306610862 -13.1313846358515 -3.32166719391687 0.174674082806789 3.75054060589519 13.9349745943078
"etap[50]" -0.014421996665098 6.44321280713665 0.0303735964570289 0.0539254892256955 -13.2027492361176 -3.44381907372532 0.00975158308846887 3.46867920889285 13.1082212577594
"etap[51]" -0.0151820474652479 6.36819075742662 0.0300199391231057 0.0520936467654086 -13.0721536234231 -3.45096577039725 -0.0157361718055453 3.41912341154437 12.7611380678586
"etap[52]" 0.033244613338474 6.35287647810913 0.0299477469180765 0.0550982734747971 -12.8952002773157 -3.34847378057648 0.0354015604927398 3.42249350381832 13.1675646959506
"etap[53]" -0.0433858316323959 6.36011402243024 0.0299818650292005 0.0526616738091974 -13.0626717604821 -3.42474983655222 -0.0367441166884436 3.33718089289704 12.9060805303217
"etap[54]" -0.0640149985160618 6.3052342443617 0.0297231592743853 0.0556287168427079 -13.0293931231024 -3.39336864297839 -0.000584725695707379 3.32900701924654 12.7476342657949
"etap[55]" 0.0373596680864356 6.39982695259626 0.0301690735773417 0.0516851277424773 -13.1350340515911 -3.37213877464037 0.042918838748481 3.4939322361341 13.058254725237
"etap[56]" 0.0350159948199835 6.28214824613256 0.0296143308350634 0.0475847223213715 -12.8239513777934 -3.39341297216972 0.0148409593252335 3.42048393052986 13.0444385527101
"etap[57]" 0.0250813149946317 6.38838319423532 0.0301151271830798 0.0542796754292224 -13.0327604381956 -3.3634269939553 -0.00142350914938897 3.39730837874885 12.9978564064851
"etap[58]" 0.00246808311869851 6.32964856423269 0.0298382494819775 0.054910935745358 -12.83390862003 -3.37247730656121 -0.0137030338192398 3.38710545069607 12.9109769558459
"etap[59]" -0.0135299604605079 6.3548103631922 0.029956863339785 0.0555317486850135 -13.1101140963807 -3.35071392859014 0.00961531228791345 3.340752699463 12.8049194849117
"etap[60]" 0.00887137686813691 6.54294290880704 0.0308437286648926 0.0533216167585558 -13.2316285011592 -3.35250924241291 0.024502153328673 3.44199483125172 13.0628166391379
"etap[61]" 0.0117632008118131 6.41223329488689 0.0302275576357645 0.0480848818665382 -13.0861872203302 -3.32695074893297 0.0328792467037438 3.38097962966293 12.8277409802937
"etap[62]" -0.019200201436436 6.28079891285029 0.0296079700169702 0.0504130921822149 -12.9327629707094 -3.37601009650937 0.0120876920546254 3.34134207490556 12.8977397149356
"etap[63]" -0.0372906982837946 6.35014637270029 0.0299348770777569 0.0533233390779956 -12.8381105890509 -3.4214322951048 -0.0198147452542701 3.38299223127989 12.7820395361812
"etap[64]" -0.0179743852067481 6.2649490935073 0.0295332532520502 0.050577712951922 -13.1171601211122 -3.33346968314537 -0.00384807708362867 3.38339420037962 12.6707309171802
"etap[65]" -0.0233097626424168 6.34753979399487 0.0299225895479015 0.0495791751838855 -12.9551267851323 -3.40841721044648 -0.019447566498199 3.35983765308805 12.8800318212627
"etap[66]" -0.128722714033109 6.35905223247885 0.0299768597033683 0.0533708633231126 -13.5762617875914 -3.47492086562577 -0.0659551307506775 3.28899022609289 12.544262627885
"etap[67]" -0.00211529387010726 6.31258115227356 0.0297577929304202 0.0537129294983593 -13.0461255094626 -3.34325931700898 0.024160098573441 3.42871773420718 12.8771332524447
"etap[68]" 0.112142214171224 6.41955536313115 0.0302620741964834 0.0508033788058446 -12.6879888843007 -3.27537701028053 0.0780504586539862 3.45512626414183 13.3957676743237
"etap[69]" -0.108900513355071 6.41359585390651 0.0302339808005815 0.0575257502197829 -13.3341311177842 -3.49091582010687 -0.0450708413729359 3.32294329470038 12.8631009161874
"etap[70]" -0.0576955000316598 6.40951313317326 0.0302147346704737 0.0549788338365705 -13.2471969934754 -3.47801168897352 0.0194774977813468 3.36331297604685 13.0341810351566
"etap[71]" -0.0180188231697318 6.34638409885069 0.0299171415487453 0.0549729073841319 -13.0816306376378 -3.37367349570133 -0.00142028131912416 3.426260270315 12.5816264791851
"etap[72]" -0.102790089284019 6.28069796148085 0.0296074941276509 0.0497241787831458 -13.3134432429461 -3.4718442611079 -0.0274601243658163 3.35673731517951 12.5798674544183
"etap[73]" 0.0137350863548271 6.40773787461479 0.0302063660213733 0.0542504476858919 -12.9082591343952 -3.4275043158899 -0.0304547113177886 3.37943741965969 13.4315382070912
"etap[74]" -0.0191737063575452 6.43660950077909 0.0303424681723377 0.0507180409378573 -13.241041045914 -3.36324618634821 -0.0177716587172038 3.38452008031609 13.1130462025563
"etap[75]" 0.00988434354469212 6.37912270057903 0.0300714727973365 0.0482544955819891 -12.7054660665028 -3.45403303120762 -0.0134727825199425 3.44402019028413 13.0492547442101
"etap[76]" -0.00114374423443974 6.32871853437518 0.0298338652791845 0.0495301191667443 -12.7951585097052 -3.41036667604452 -0.0183748274922299 3.33997782626715 13.1640428140294
"etap[77]" 0.0172966394833502 6.32263184765963 0.029805172362841 0.05076219193707 -12.8957879861102 -3.36486962591797 -0.00180365641194506 3.40653161974907 12.8761132213908
"etap[78]" 0.0334923648235743 6.41418984707193 0.0302367809112164 0.0551421452808352 -12.6759857283921 -3.39360858175879 -0.0133703921817353 3.43089765482224 13.1643330155095
"etap[79]" -0.0281325064611941 6.42127298138002 0.0302701711265585 0.0514549143583607 -13.3100652258438 -3.38992243991623 -0.0097521642812733 3.38736219278686 12.9691879975436
"etap[80]" 0.147525837540416 6.44570751816805 0.0303853566376116 0.0595533208033884 -12.6538806935838 -3.28891960427987 0.0459002053662454 3.50393338604066 13.431415333612
"etap[81]" 0.0493577020743566 6.52125931473964 0.0307415112221889 0.0563592549229257 -13.2055242753645 -3.43985357272502 0.0260566545606428 3.44842768761431 13.4257819239877
"etap[82]" -0.00754276881417031 6.33608136970179 0.0298685740177726 0.0557753639896019 -12.7696065201352 -3.41405697039725 -0.015434952594009 3.33605415265547 13.0925246955466
"etap[83]" 0.0206256594586752 6.38155436163316 0.030082935757476 0.0534015979785884 -13.034487545833 -3.36326192457199 0.0244410772063596 3.43535269429811 12.8803876618034
"etap[84]" -0.12141472893865 6.33098985149802 0.0298445723707831 0.0510780196037371 -13.0769783921534 -3.46071861540544 -0.0362812551890466 3.25690923389538 12.5522089471435
"etap[85]" 0.0572855972286896 6.43988080468812 0.0303578892468537 0.0559123719298191 -12.9828343204017 -3.37938369994483 0.0238102454426587 3.45742391740836 13.2393280394233
"etap[86]" -0.0701840249626071 6.3706457705549 0.0300315121659785 0.0511668262542135 -13.4270191406685 -3.41908162729564 -0.0599911969210603 3.34484834500563 12.9436194059366
"etap[87]" 0.110437394135454 6.405730397865 0.030196902685221 0.0531575450022486 -12.8943974171248 -3.34093281479909 0.084184939002602 3.47919359929662 13.3089922678858
"etap[88]" 0.00359979014755543 6.46582760123695 0.0304802036187853 0.0573522743028858 -13.2405798106072 -3.4366635963364 -0.0154273755386142 3.414292474419 13.0394112681463
"etap[89]" -0.0595994309283728 6.32146006830686 0.0297996485419984 0.0550607767674129 -13.0415058538255 -3.44947434137105 -0.0341173304674228 3.33742013653097 12.7654626200416
"etap[90]" 0.0120659459949046 6.27391364763762 0.0295755125654892 0.0502459225789352 -12.9129559148854 -3.30410748478381 0.0150528759597852 3.33958609419884 12.8037244921458
"etap[91]" -0.0493165503832413 6.37351146582063 0.0300450211830132 0.0529747078214557 -13.2906756877409 -3.32327527579264 -0.0274379585476725 3.33947867077936 12.7826927406138
"etap[92]" -0.00882355603757306 6.28805739369245 0.0296421868238009 0.0494292555015881 -12.7437751346293 -3.36153207584649 -0.00234731550770356 3.33708932353971 12.8642651765984
"etap[93]" 0.0224249675703485 6.33523784300115 0.0298645975947717 0.048793929055608 -12.8208877545145 -3.4427358083442 -0.00775695235451573 3.40066652336148 13.104964337122
"etap[94]" 0.0219832685295269 6.37734655473233 0.0300630999655193 0.0573963221478822 -12.9148967269862 -3.41124024559112 0.0130906521754673 3.42005354558047 13.0936573979654
"etap[95]" -0.0487015010863482 6.42932124066619 0.0303081109846785 0.0606784047838641 -13.3624201097607 -3.43320916725842 -0.0181332139435287 3.40698076909502 12.7250267467001
"etap[96]" 0.0515972088958116 6.36376517217566 0.0299990767141612 0.0535576060662934 -12.7651231234029 -3.3787429257806 0.0595102542742322 3.47196034064275 13.0786338770192
"etap[97]" -0.00527589393500298 6.36858628809279 0.0300218036725472 0.0506267343618834 -12.999731231561 -3.40316505490306 -0.040798897634288 3.33939415599642 13.284351835758
"etap[98]" 0.0271020833138898 6.48709899592463 0.0305804779349784 0.0558409603180192 -13.1009559347854 -3.38236722888861 0.0455111809306248 3.40066805819802 13.1917392546782
"etap[99]" -0.0961570824266832 6.33051976458435 0.0298423563598204 0.0492873098156796 -13.3171097084514 -3.41196019813926 -0.0442364121391816 3.32520314516774 12.664198551576
"etap[100]" 0.0253212098513244 6.34092744030839 0.0298914186136928 0.0515457180781996 -12.9060076715956 -3.40996415642432 0.00710666610288598 3.41940965193433 12.9952819924681
"etap[101]" 0.0526336814227746 6.3343204713454 0.029860273063314 0.0599301399006614 -12.6119773387109 -3.38570063244288 0.065289148976457 3.49579203672276 12.8544294107922
"etap[102]" -0.0383359390211089 6.36293764814167 0.0299951757284544 0.0581514499175038 -12.9166552050971 -3.40290287325929 -0.027308320560748 3.35612339670016 12.9190303788422
"etap[103]" 0.0386938503453794 6.41436786379214 0.0302376200900833 0.0533890903355319 -12.9306195430202 -3.4183900064688 -0.0244909419682554 3.40596027628861 13.1356681305311
"etap[104]" 0.0000511526115492881 6.4466396949664 0.0303897509611808 0.0521003804682522 -12.9750888634962 -3.37645636812849 -0.0388028585030549 3.36142907554829 13.23784917647
"etap[105]" -0.0745915274032546 6.38382153060666 0.030093623294511 0.0513667695523943 -13.0508743627286 -3.44231924325944 -0.0797684294476102 3.27912945820405 12.9735050592013
"etap[106]" -0.00118474122814155 6.36505555646698 0.0300051596440461 0.0458498714098659 -12.9508100463128 -3.3696623688445 0.0254973627330106 3.36298805570063 13.0489544942196
"etap[107]" 0.0483490899183209 6.35336684605338 0.0299500585347342 0.0583464470048406 -12.6449665423535 -3.36488048094218 0.0341163982272099 3.41364374091778 13.0075007940216
"etap[108]" 0.00407799936570345 6.30959913808931 0.029743735580745 0.0506170152451245 -12.7574669463213 -3.36681619551746 -0.0139914558536211 3.38761043857914 12.907540003446
"etap[109]" -0.0285441752840399 6.35174642233501 0.0299424197840699 0.0472610559552808 -13.1065450829271 -3.42417547053264 -0.0025138928064401 3.36892176699168 12.8495933004411
"etap[110]" 0.1287383428266 6.28606784138996 0.0296328079843035 0.0544814157467253 -12.4709050561271 -3.24878020074699 0.0518460398100508 3.44447444376524 13.5142085929615
"etap[111]" -0.0926107228712184 6.51518208478616 0.0307128628854493 0.0566445819370373 -13.4194387997754 -3.44800717383438 -0.0405302225961898 3.34915456922694 13.0021176985712
"etap[112]" 0.0423658326805741 6.31414138270421 0.029765147927205 0.0477959061472154 -12.8141203415072 -3.33886421454036 0.0357176470007293 3.41940742214208 12.8542773562414
"etap[113]" -0.0413986306238509 6.33519541617374 0.0298643975927892 0.0512361821600724 -13.175261208111 -3.42819126806014 -0.0489411814198174 3.36585428573108 12.7538726142161
"etap[114]" 0.0152330226662157 6.33398467554933 0.0298586901067507 0.050295261241584 -12.7186699809321 -3.39817386980695 0.000438352678865061 3.37702807159375 13.0267630965549
"etap[115]" -0.0680952355308305 6.43130143755004 0.0303174457223095 0.0522391056434203 -13.0820386660257 -3.48535624699022 -0.0629631720895993 3.38722450300933 13.0175038181102
"etap[116]" 0.023982377757665 6.29759688701969 0.0296871564266061 0.0512742944127157 -12.8984222947698 -3.35322252954354 0.0373641886946946 3.41890542987867 12.8591140610315
"etap[117]" -0.05527810599561 6.4343773694281 0.0303319458042391 0.0550006604461965 -13.2449074386679 -3.45407656015778 -0.0246994791375419 3.39354514406111 12.8567635927724
"etap[118]" -0.0453227288213849 6.41856235149173 0.0302573930947232 0.0524123721163641 -13.1314493619031 -3.43097047492062 -0.0545951068064052 3.33641702022972 13.1973756456113
"etap[119]" -0.0192046542324286 6.36649639924307 0.0300119518420301 0.0519945886426909 -12.9735888285676 -3.36022090905599 -0.00418148572884481 3.36664592807 12.8376249597881
"etap[120]" -0.0152805534932761 6.36587462817871 0.0300090207851237 0.054597885949904 -12.9808767147891 -3.37388713828535 -0.0150199766259375 3.35692916122862 13.0944228030925
"etap[121]" 0.106708968675634 6.40482276449934 0.030192624060503 0.0547856469098532 -13.0124793410861 -3.26868472838974 0.0806506122596698 3.48718014935679 13.0299687821196
"etap[122]" 0.084348786493974 6.40361086601593 0.0301869111162648 0.0532972403636418 -12.6797872324726 -3.333635577841 0.00838623463275502 3.46998268032914 13.4634832516901
"etap[123]" -0.0442889451179423 6.34548590372415 0.0299129074163133 0.0525797215559685 -12.955117381273 -3.43362534045396 -0.0220184834024587 3.36652404312856 12.9468691258484
"etap[124]" 0.032290255274825 6.43514250987728 0.0303355527109069 0.0560688840973544 -13.1031896365951 -3.36302663585218 0.0375787215601206 3.40429915559181 13.1570539363275
"etap[125]" 0.0592635109435801 6.3460456943197 0.0299155462944877 0.0519427985965122 -12.8643815735 -3.35053363436749 0.0307876289007172 3.42528169057546 13.0258611486701
"etap[126]" 0.0511725679002104 6.29183759682303 0.0296600068722536 0.0472384384302013 -12.8929312747074 -3.34727246525178 0.0237031510539118 3.47310012786533 12.8734759878413
"etap[127]" 0.00508504979237209 6.38791688934142 0.0301129290007293 0.0506169503917789 -12.8697145378698 -3.41007813450942 -0.0124814405037835 3.39198359922016 12.9210872603334
"etap[128]" 0.00116029628859968 6.39413477861133 0.0301422404118455 0.0541305446767425 -13.0180262725626 -3.37501733858046 -0.0325672789704626 3.40186732255996 12.7864252837273
"etap[129]" 0.00120594343745396 6.4056859258603 0.0301966930421803 0.0496532708881527 -12.7538312791783 -3.41741269815268 -0.0423534821701673 3.4199423889626 12.9314162178935
"etap[130]" 0.0235875908189961 6.4230230281022 0.0302784209259228 0.0555825284922156 -12.9370330618928 -3.41654147353264 0.0103679636123486 3.41576564116207 13.1025180926834
"etap[131]" -0.0163403637029476 6.38689480502178 0.0301081108490402 0.056258895597286 -12.7773536760882 -3.47098435945071 -0.0296904108253708 3.39424671752124 12.9205972101683
"etap[132]" -0.0769724797176215 6.39853927263386 0.0301630033957856 0.0533979727731394 -13.3542403871398 -3.40378786731179 -0.0169365990295518 3.32574700673345 12.7552233372821
"etap[133]" 0.0569454035168357 6.47259684753604 0.0305121141518627 0.0665424656409691 -13.1199373322823 -3.37150432417051 0.0335764185175705 3.44005605559071 13.1710837960165
"etap[134]" 0.0131756247361856 6.3917570525357 0.0301310317036329 0.0530396298639484 -13.0482072383943 -3.39463464845027 0.00566908650979465 3.38241522028897 13.1845239131148
"etap[135]" 0.0289076807992723 6.37247079882297 0.0300401154317399 0.0533879900297372 -12.9498690541541 -3.33904058489536 0.0478429702786013 3.36036858507361 13.1624787095235
"etap[136]" -0.0560339396550145 6.36660624660269 0.0300124696674493 0.0563214375805707 -13.1648523101352 -3.44129993195183 -0.0427136781962916 3.41478275074358 12.8257644786916
"etap[137]" 0.00990805968733835 6.28377281924698 0.0296219891461683 0.0531942485709521 -12.7270654354348 -3.33743641718008 0.0215748290654866 3.3700751775908 12.9538603730017
"etap[138]" -0.0846528679333761 6.30013616933707 0.0296991267182459 0.0496600760929343 -13.1524565467148 -3.43642607153157 -0.0744398526059199 3.30347406296101 12.7639861366962
"etap[139]" 0.0386190957257458 6.41965507410147 0.0302625442385052 0.0583674890821533 -13.1383056799652 -3.35710342857211 0.0173259190023541 3.43585510076944 13.153233016461
"etap[140]" 0.0136345405896449 6.38329528055252 0.0300911425279651 0.0539612246425022 -13.0657708670852 -3.36327244334007 0.026838958730079 3.42513264098513 13.0178460466063
"etap[141]" -0.0996689744874241 6.41321753842453 0.0302321974042965 0.053428807659745 -13.4157732458559 -3.44992589644796 -0.0238698899679415 3.34558066818011 12.8485956284981
"etap[142]" -0.0213368427972895 6.42171108878041 0.0302722363846498 0.0558521069213985 -13.1094341149772 -3.4298114116774 -0.0260576676419033 3.38511334148689 13.1006313880549
"etap[143]" 0.0505897726307453 6.29807566003533 0.0296894133842461 0.04948467413062 -12.6889859433628 -3.38235618799153 -0.00154511226034243 3.43961393687145 13.1131350350393
"etap[144]" 0.0581062494312337 6.30105602298618 0.0297034629499325 0.0512414684304075 -12.9036968443249 -3.28047796194026 0.0631872979959772 3.40909169961575 12.8611727913469
"etap[145]" -0.0162463891551708 6.29580071368543 0.0296786891843071 0.0526770950991651 -12.8934186841517 -3.4027848502326 0.0109747190023142 3.41622036274874 12.8842290271841
"etap[146]" 0.00495186505746663 6.46246752910159 0.0304643640868374 0.0601572602185722 -12.987086498238 -3.37643479787445 0.00410821268781629 3.39900931286383 13.1922506380569
"etap[147]" 0.116272469355396 6.35978887282308 0.029980332259253 0.0578049186472785 -12.634208896496 -3.32292053048686 0.0597316890125808 3.43710436796163 13.2787491142409
"etap[148]" -0.0322160259845222 6.30096245921735 0.0297030218860964 0.052039784403588 -13.0278487090584 -3.44288412616974 -0.0456163799138128 3.4099253388155 12.9450292197439
"etap[149]" -0.0202222352470525 6.31076555317804 0.0297492341142045 0.0474907479853227 -12.8508254191679 -3.39665111814575 0.00281905359961602 3.38817950103149 12.8888677031726
"etap[150]" 0.0378627870489927 6.34406319909685 0.0299062007223827 0.0489767184773645 -12.837170556314 -3.37835827787231 0.0373517749678258 3.42534253774272 13.0566899935159
"etap[151]" -0.0399010400522365 6.32899581927904 0.0298351724127568 0.0555269525584934 -12.9686505401273 -3.44157007176005 -0.0579035103450439 3.33339890871369 12.918096877542
"etap[152]" -0.0938376049558546 6.32029671740367 0.0297941644532481 0.0533385877101712 -13.3704099816119 -3.41762543397155 -0.0410276962489676 3.26587680821005 12.7186145531325
"etap[153]" -0.021798570700633 6.41885872712235 0.0302587902228444 0.0595785068655577 -13.0877278701908 -3.36068735062507 -0.0160544778500466 3.38635214945727 12.8556667968702
"etap[154]" 0.0310651127650877 6.29729898172828 0.0296857520875947 0.0456748708432429 -13.0062239285111 -3.32764513254526 0.0655763665736507 3.37054819514405 12.849560660347
"etap[155]" 0.0202893841964002 6.29795174152894 0.029688829226805 0.0497276393108293 -12.7890807805445 -3.37484006973842 0.0157538508114502 3.40334687995119 12.9322605138861
"etap[156]" 0.022280692139415 6.24222975315603 0.0294261532545404 0.0481958242020874 -12.8017746424565 -3.30180720505797 0.0332505893565111 3.36283837455119 12.8750768476903
"etap[157]" 0.0332028089508055 6.54509139208307 0.0308538567121843 0.0568045942853455 -13.2598863242925 -3.35822630700806 0.020464497715302 3.38992745390922 13.4433230448732
"etap[158]" -0.0223581203803931 6.41877630096169 0.0302584016621968 0.0567737395224692 -13.0318302101043 -3.39051040448463 0.0157150736558923 3.36078003144734 13.1088966414931
"etap[159]" -0.103177626388509 6.44974718321992 0.0304043998012909 0.0558050376737468 -13.3233110839565 -3.45431977939201 -0.0329797501524078 3.28130533932609 12.9446402518229
"etap[160]" 0.00265764055621764 6.41639722891511 0.0302471866090163 0.0516080904199061 -13.0717758902333 -3.37995739097616 0.0274855084866836 3.39780822965111 13.0336297294896
"etap[161]" 0.02483005502294 6.28309021321643 0.0296187713104811 0.0497620691997148 -12.7239505946323 -3.36503504262257 0.00593691405667207 3.39963471257715 12.9599812603628
"etap[162]" 0.0917033627155262 6.43746450310871 0.0303464986919724 0.0550873383377304 -12.7700911450214 -3.37066842029645 0.0531920956850256 3.523269918982 13.175575242931
"etap[163]" -0.0155851922643681 6.3659841502472 0.0300095370771059 0.0503167656706284 -13.0827369048201 -3.38300948933532 0.00515540693890503 3.44709983394174 12.7360367457307
"etap[164]" -0.0385677729179025 6.49384669231625 0.0306122868808177 0.0562331443815265 -13.1707500941757 -3.4014198945941 -0.00269634622816206 3.35517010277789 12.9691150380382
"etap[165]" 0.00467429057830734 6.38104562710465 0.0300805375599097 0.0523458062441158 -13.0815740146709 -3.4252565892444 0.00447211479221363 3.35911815912739 13.2184257659189
"etap[166]" -0.0171932725876628 6.39895617475486 0.0301649686912313 0.0510329734968737 -13.0475177117026 -3.36932083029571 -0.0257834078993794 3.39585032309935 12.8265236019348
"etap[167]" 0.140151463791297 6.39918543443942 0.0301660494317486 0.0508908407990555 -12.7954207938172 -3.28654972170193 0.0827393029592473 3.47466951816949 13.3585642868687
"etap[168]" -0.0648392811684965 6.33625541097491 0.0298693944562021 0.0534100113342332 -12.9685406949121 -3.49200408969279 -0.0372250833878343 3.32210306882954 12.896736841653
"etap[169]" 0.0743472980795487 6.45148964088624 0.0304126138255028 0.052674219346885 -12.9486757721481 -3.38018135612365 0.0318447593668481 3.42737183963309 13.5932673167694
"etap[170]" -0.026392947347879 6.36230735827299 0.0299922045135193 0.0512983055519718 -13.1762008722436 -3.46498287518755 -0.0231546931955231 3.37447620362281 13.0776158904772
"etap[171]" -0.0558847368384176 6.41981877347085 0.0302633159247329 0.0570037325529225 -13.1091373387375 -3.43780194527281 0.0107894564841935 3.40052952650375 12.7177312804923
"etap[172]" 0.024877009617613 6.3575232649645 0.0299696520813843 0.0509687244565996 -12.6569890030151 -3.4078110663471 -0.00905635674552001 3.42195162797512 12.9802369428486
"etap[173]" -0.0282021428273281 6.34360606243257 0.0299040457594811 0.0470081360749467 -12.942264210063 -3.43262741395957 -0.0358623381257806 3.36589750982485 13.0129669895251
"etap[174]" -0.00616502603508448 6.34406565286572 0.0299062122895601 0.053639387647692 -12.8586847080971 -3.40500696682859 -0.0238412567187858 3.40217876394901 12.9638812643817
"etap[175]" 0.0488883408129423 6.47619504258918 0.0305290762060101 0.0598098082117275 -12.8773107906457 -3.37394227317799 0.0153110705741637 3.44352023949415 13.1758876376328
"etap[176]" 0.0569726037385557 6.44110719743089 0.0303636705176857 0.0573389157102444 -12.8736024100069 -3.38836710152996 0.0054670117277425 3.44532809325434 13.2390650763649
"etap[177]" 0.048926125381236 6.29099763228181 0.0296560472414332 0.0517907086079014 -12.754412320156 -3.34932620137731 0.0373049492125905 3.42501996714076 13.0711362539048
"etap[178]" 0.0714422599937576 6.40837148719333 0.0302093528997128 0.05118005654443 -12.7050440204979 -3.37659193506942 0.000954706133854449 3.43451156402673 13.2697004561913
"etap[179]" 0.0171397915002329 6.31947046294102 0.0297902694523579 0.0500875642599898 -12.6711683294278 -3.35187513673859 0.031741155560247 3.37000320601006 12.9664169392287
"etap[180]" 0.102351444136093 6.33663672814185 0.0298711920025656 0.0626523774092843 -12.8853422763447 -3.32057618978217 0.0679524258606479 3.42784428760874 13.1312967195305
"etap[181]" 0.0201715611087939 6.36063283728935 0.0299843107459009 0.05234639461234 -12.938304945143 -3.35252365880984 -0.00444079291468 3.41549985479881 13.0950735993805
"etap[182]" 0.0345477056484836 6.31627964714874 0.029775227802463 0.0560268264348519 -12.8610681914559 -3.38991519760336 0.00293834894609739 3.38473777128726 13.0124912733618
"etap[183]" 0.00618276215692291 6.42712205295374 0.0302977439143813 0.0483131406596151 -13.2475742631017 -3.37243063580101 0.0382363865373346 3.41816299036917 12.8611356818337
"etap[184]" -0.018086450145138 6.3771055778134 0.0300619639894294 0.0555991814182338 -12.8638220241539 -3.43195697191456 -0.02507168129922 3.38885091329749 12.9596166132951
"etap[185]" -0.0251609983690388 6.41768423309518 0.0302532536049039 0.052054558755587 -13.1133022325427 -3.47927496946036 0.0090580925291504 3.3652796831403 13.1307200592186
"etap[186]" 0.0824361323471434 6.32299976620225 0.0298069067474837 0.0513138660671741 -12.8399955618418 -3.33724526774774 0.0512214674554649 3.44996595843573 13.024438522818
"etap[187]" -0.0508505408061616 6.38399098841731 0.0300944221262913 0.050524374262713 -13.1115146973111 -3.45462656730652 -0.0102473398281271 3.38740145634112 12.8972057573957
"etap[188]" 0.0430928251683589 6.47431219078186 0.0305202003574706 0.0519711342764956 -13.0713899320469 -3.38325222273426 0.0189773377792051 3.51377413730128 13.1923793435548
"etap[189]" 0.0385281132612257 6.27388924563687 0.0295753975333546 0.0492799395815282 -12.7753912660841 -3.32412495313092 0.00214976068267851 3.38297192822158 13.101479313377
"etap[190]" 0.06052233579625 6.40817898499805 0.0302084454356617 0.0513979072095253 -13.199381407587 -3.33450989030882 0.0339190889473069 3.47118547798581 13.2324152619993
"etap[191]" 0.0148992123095785 6.44383149927093 0.0303765129997197 0.0554474246674828 -13.2358101013312 -3.3824778040845 0.0240880638132619 3.41909476463015 13.0615256799906
"etap[192]" -0.0222842960927621 6.29873487307295 0.0296925209443072 0.0503461282569876 -12.9390674447022 -3.32557869342092 -0.00406596555754661 3.30322133015829 12.7094194118321
"etap[193]" 0.0192896328378334 6.37805960122484 0.0300664612989204 0.0505151772586982 -12.8036498917785 -3.36953614237298 0.0230496592725706 3.39166840104684 13.1107500546849
"etap[194]" -0.0190311845273878 6.41860105723142 0.0302575755553299 0.0529111586659638 -13.2426948934286 -3.43249549963796 -0.018508187121031 3.38589267506369 13.0514316626192
"etap[195]" 0.0547520297532175 6.37223748147577 0.0300390155632174 0.0524797268457015 -12.8977048814304 -3.34546347049596 0.0596748585721349 3.43277262634589 13.1505955845518
"etap[196]" -0.0799236379477929 6.32373607350279 0.0298103777333854 0.0524687269342546 -13.1636630599049 -3.44299218174881 -0.0411177154819634 3.35328446880304 12.7552149054431
"etap[197]" -0.0146643363817937 6.37330179328662 0.030044032777209 0.0492754647368367 -13.0745870800278 -3.43131571863086 -0.0545447018828791 3.39086446612108 13.0866352847627
"etap[198]" 0.0999267655586779 6.4377378164803 0.030347787103562 0.0570556710515981 -12.8708231505954 -3.37048237512969 0.0281450287963112 3.42725524365474 13.5405048126875
"etap[199]" 0.020083077386597 6.4258633343274 0.0302918102578727 0.0550682100331988 -12.8941702875698 -3.40060921917677 0.0153986030292951 3.42955548789494 13.0659116985435
"etap[200]" -0.00215857585809855 6.43127296761955 0.0303173115137701 0.0573349839767859 -12.9632873862504 -3.42684314995434 0.0122490220765224 3.41523193840981 13.1377917851323
"etap[201]" 0.049631939926171 6.41262783333972 0.0302294175078674 0.0555076600577138 -12.815138632589 -3.34649078908829 0.0288502211242195 3.42149610855833 13.3115914616115
"etap[202]" 0.0358167729590552 6.35888089274234 0.0299760520001045 0.050874935204366 -12.9490659039895 -3.3574238283865 0.0591858802784826 3.46297719783552 12.9590143279601
"etap[203]" -0.00993773855260166 6.4823655148962 0.0305581640914195 0.0610052151742448 -13.2623251222677 -3.40485701451207 -0.0142408774746759 3.35049321201715 13.1787953069839
"etap[204]" -0.0533876520172253 6.35626247255393 0.0299637086489631 0.0560611190987336 -13.2239920639054 -3.37291599540295 -0.00180647241234622 3.38308430533016 12.7426988925406
"etap[205]" 0.00078743474591631 6.37315069117586 0.0300433204750279 0.0544987561974232 -12.7659760715376 -3.38592513787774 0.00347909950930241 3.4379867722066 13.0974389846819
"etap[206]" -0.0130293371546348 6.23780229759857 0.0294052820288865 0.0487580217209104 -12.7993415222198 -3.38633604795277 -0.0320977661390856 3.34476121780428 12.7556628184432
"etap[207]" -0.00371815556361261 6.36128791190891 0.029987398797272 0.054234280906139 -12.9624314389562 -3.37623537966297 -0.02694028437176 3.36190055110012 13.0194963345005
"etap[208]" 0.00756390681988714 6.31305629559052 0.0297600327774966 0.0480897563706793 -12.9850804176557 -3.41735854866706 -0.00294283409877922 3.41461905167766 12.7699256556224
"etap[209]" -0.0479661991814176 6.30784124293102 0.029735448783498 0.0519742129887147 -13.0038775790396 -3.41764230763702 -0.0230437380344175 3.37170530396482 12.6604536380472
"etap[210]" -0.0108975534391342 6.5356682346396 0.0308094355219945 0.0603020436535858 -13.0358263692988 -3.41314476755865 -0.0148362392875677 3.39279065001626 13.0927535015861
"etap[211]" 0.00409359696732942 6.34114223533084 0.029892431167139 0.0529716012803382 -13.1623179523866 -3.37121708356939 0.0204814076153282 3.42407018196506 13.0060231217987
"etap[212]" -0.12181583908226 6.36003461718611 0.0299814907092899 0.0538831174158264 -13.0536369540628 -3.46666882939362 -0.0446557706851996 3.33237438888781 12.6266214098983
"etap[213]" -0.0256728944482905 6.33535628943779 0.0298651559566287 0.0523153465169045 -12.9377389037178 -3.43003881510658 -0.0332372196418698 3.36333684541458 13.0875365351997
"etap[214]" -0.0630446730007089 6.43937693136207 0.0303555139652156 0.0558975822002096 -13.2032268769424 -3.42319004122741 -0.0278988514127439 3.33926052192494 12.9623654920501
"etap[215]" -0.0337681685291864 6.47076245826097 0.0305034667578911 0.0547484500696275 -13.0185718175186 -3.44899630531698 -0.0202086199590403 3.41128912690729 13.0240815745671
"etap[216]" 0.00410851504814154 6.43795666087734 0.0303488187459431 0.0539610697609038 -12.9204251640554 -3.36174928323292 0.0382149204252026 3.41517142632769 12.8893933480896
"etap[217]" 0.0542860035919512 6.36341165543351 0.029997410220257 0.0510719255821871 -12.9307152672061 -3.36925013645521 0.0437305157958019 3.48827593598542 13.2028911397272
"etap[218]" -0.027510880044109 6.29497010574945 0.0296747736609469 0.0476751466518384 -13.0122494976936 -3.42956418251109 -0.041787932336587 3.36483389429795 12.7768105215427
"etap[219]" 0.0293895834514373 6.3674675453112 0.0300165298684988 0.0576975974127768 -13.1806759233046 -3.28883153525037 0.0267148739830123 3.37925121452597 12.9397594824798
"etap[220]" 0.00243203743963668 6.32999130845567 0.0298398651937394 0.0520438075579117 -13.0450647759341 -3.3929588607424 0.0503878192674368 3.41774734133848 12.97471934808
"etap[221]" 0.0150951835485533 6.34000793791725 0.0298870840378522 0.0525830282934721 -12.9654207437675 -3.38461275936723 0.0106548373689119 3.42097997571599 12.8151380595873
"etap[222]" 0.0591451037378056 6.42827817154571 0.0303031939096896 0.0617137309350253 -12.941858997762 -3.36757834228085 -0.0151255288235488 3.37531368651829 13.3903398637051
"etap[223]" -0.00819558702809495 6.50173763238022 0.0306494851290122 0.0594237789262157 -13.0561551720998 -3.42247146302782 0.000690091710925031 3.38391151788338 13.1481909856215
"etap[224]" -0.0299534625224603 6.332328416415 0.0298508824263154 0.0537584622852183 -12.9078240665797 -3.34960724153188 0.0150927815570664 3.37826042649721 12.6839614314805
"etap[225]" 0.0801330411447675 6.47913153313984 0.0305429189552185 0.0556064248111884 -13.2050446185834 -3.3522463984715 0.0637330293395848 3.50251291644495 13.4097025348879
"etap[226]" 0.0919683939303235 6.36868197385505 0.0300222547395562 0.0581524867889834 -12.7139086433258 -3.30843194890751 0.0566172959350846 3.40524002164908 13.2972683395791
"etap[227]" 0.0322445312882575 6.30825998660913 0.0297374227601272 0.0517048828555055 -12.6799980920377 -3.3217223472588 0.0339830036585482 3.41314037619727 12.9027017582035
"etap[228]" -0.0720032506140022 6.3533388290013 0.0299499264610841 0.056312199928763 -13.1400479855892 -3.43274235057038 -0.0314274155017402 3.38297055868578 12.6318420862063
"etap[229]" 0.0264020998833037 6.36503642364746 0.0300050694510699 0.052544470706078 -12.9180209231307 -3.34991296796316 0.0102695345461878 3.3531939833795 13.3025103818554
"etap[230]" -0.0759236450051497 6.35915503893621 0.029977344337656 0.0528408542023202 -13.2142240253785 -3.40094936121742 -0.0244861566576115 3.39512725540749 12.623636441558
"etap[231]" 0.0132682934215324 6.34086277298871 0.0298911137690244 0.0514018805167699 -12.8549166799974 -3.44197822898804 -0.0245542860302802 3.3921879110832 13.308148628668
"etap[232]" -0.045835076208736 6.43722067671514 0.0303453492833302 0.0511076858742346 -13.4718574741468 -3.39762053176206 -0.00545656839301817 3.36995940832988 12.8846532968475
"etap[233]" 0.0163869381307723 6.32271425306554 0.0298055608256499 0.0548908267753519 -12.6836802813903 -3.39810417767929 -0.0272376299322257 3.34247478747104 13.0096155616479
"etap[234]" -0.0661688858335764 6.42077467584836 0.0302678220917549 0.0552063308841697 -13.1572395886564 -3.42006932287632 -0.0383749429052915 3.35914748565828 12.9396944747217
"etap[235]" -0.0541840297749391 6.41401022597826 0.0302359341692606 0.0535304541471223 -13.2604076591568 -3.45502421771158 -0.0533991943661704 3.37931339008992 13.0799622574574
"etap[236]" 0.0948730334182034 6.3542848263055 0.0299543859351427 0.0601693993159409 -12.7175787025715 -3.3442590887404 0.0370282670969175 3.41429550740087 13.2413365820636
"etap[237]" 0.0226592049745029 6.33662225982962 0.0298711237982877 0.059137781082288 -12.9837042213878 -3.34327209238653 0.0150210541117818 3.44959551068797 12.9255039875965
"etap[238]" 0.0692308899330011 6.36417639487333 0.0300010152365486 0.0523986299365051 -12.6807654724217 -3.34017422320658 0.0209761605376426 3.37557916256978 13.2569646259611
"etap[239]" -0.0370855252222296 6.35747942995614 0.0299694454411732 0.0519808768575825 -12.9651443768231 -3.43633044901311 -0.0323701009759671 3.39697028869775 12.9029151533933
"etap[240]" 0.012171580727651 6.36671896401499 0.0300130010224266 0.0533519032672062 -13.0315899157532 -3.4131559652442 0.00237838955219903 3.40460690516541 13.1404577294331
"etap[241]" 0.0108219852921852 6.35980679014639 0.0299804167223251 0.0473350700323089 -12.8547837694145 -3.37746210494385 -0.019555067434892 3.32723008927496 13.1010550064407
"etap[242]" 0.000261049495206939 6.36664481733983 0.0300126514916479 0.0556431917117793 -12.9153395621729 -3.38851880733543 -0.00345099614642903 3.40386698835875 13.015010830318
"etap[243]" -0.0458563970886884 6.37100278248915 0.0300331951363763 0.0471817183135363 -13.1060889878929 -3.38847794097377 -0.00869788301770154 3.34293837528384 12.846416865679
"etap[244]" 0.00992266243785905 6.38026275744307 0.0300768470769332 0.0544547835459286 -12.8532244066656 -3.40011123401435 0.016815264057568 3.40926351875149 12.9543913794182
"etap[245]" -0.0747145597641574 6.36506626660828 0.0300052101321364 0.0538173459664083 -13.2604443474356 -3.42937447546449 -0.0137882703115303 3.42795418443607 12.8198908382738
"etap[246]" 0.0546825677735167 6.35754178948051 0.0299697394067902 0.0591319502905824 -12.5860148130857 -3.41996790718814 0.0156799516096818 3.4314203328034 12.9846180985199
"etap[247]" -0.013611755482323 6.37636986927025 0.0300584958260972 0.0538401060733795 -13.0605367449898 -3.38144265269709 0.0150107771579378 3.40589472285726 12.9791672236823
"etap[248]" 0.00620433737897709 6.43812651000836 0.0303496194224253 0.0531012771864026 -12.9966583932661 -3.38872834613466 -0.0160660958086702 3.3603067151929 13.1759734706704
"etap[249]" -0.0198639476911625 6.28685432911995 0.0296365155230181 0.0506004118001002 -12.8693870674108 -3.38495896141732 -0.0221357045291873 3.33263972035342 12.9562421761912
"etap[250]" -0.0224559105249635 6.32311633884767 0.0298074562762043 0.0487963041764552 -12.8848636081359 -3.38535743176223 -0.0287222069588133 3.35677829501432 12.8449957226936
"etap[251]" 0.0565593554955682 6.45870400613828 0.0304466226694473 0.0581299802727393 -12.8518534781799 -3.39736491079721 -0.0131382419075655 3.40300812721963 13.3256108457389
"etap[252]" 0.00707139572265677 6.37975745802934 0.0300744650726533 0.0488701341722266 -12.8363390289404 -3.41434067565117 0.0183343666863734 3.3777036231741 13.0180456682539
"etap[253]" -0.00132536684182389 6.28750123856773 0.0296395650834004 0.052664106307589 -12.7873174556015 -3.35681782873946 0.00833720971697526 3.3236043469026 12.9187422439594
"etap[254]" 0.010240998745775 6.38395679801925 0.0300942609512091 0.0479126381898677 -12.8750402889179 -3.35580618099932 0.0364226222862476 3.43305695646143 12.7525052345674
"etap[255]" 0.0510202394530457 6.49536048919967 0.0306194229877617 0.0559871792595213 -12.934149412739 -3.42773765311602 0.0379662566117814 3.46487871539916 13.3092314169701
"etap[256]" 0.0237598359135698 6.37629242681619 0.0300581307588677 0.0561861477016472 -13.1517617214081 -3.32198197918218 0.0405969969209922 3.41303355910498 12.8520643680011
"etap[257]" 0.0581964937395975 6.35453604602451 0.0299555701962552 0.0541268304300098 -12.8119855980534 -3.3070398654725 0.055463216393486 3.42459008712733 13.1137813668314
"etap[258]" 0.0682949312551152 6.40382087995053 0.0301879011314468 0.0595780561675144 -12.8457708756352 -3.39718739989181 0.000574291009118866 3.42351201910872 13.2699274948938
"etap[259]" -0.0215138212712512 6.48456422627122 0.0305685289162405 0.0494438534310285 -13.1475432089352 -3.39678615620458 0.00774113032957148 3.41951693771417 12.9572065406893
"etap[260]" -0.0318696113539388 6.37373105191062 0.0300460563217684 0.0502105569945343 -13.2677697137934 -3.39860266744172 0.00320122984492827 3.30928707997576 12.9936579784571
"etap[261]" -0.0347708715962748 6.39119763605787 0.0301283945890664 0.0535969691885907 -13.0897711801572 -3.40287345632301 -0.0148587065038424 3.36181945945361 12.8726710085787
"etap[262]" 0.00420994236531137 6.29705037736338 0.0296845801553797 0.0518334977198812 -12.8496086901712 -3.3989767938886 -0.0262517118275707 3.38609333737764 13.011163676466
"etap[263]" 0.0391867230141088 6.37714828922295 0.0300621653329449 0.0534627186744843 -12.7821010686775 -3.34421598444718 -0.00417061282567944 3.38353533788817 13.003412062021
"etap[264]" 0.0623974780739637 6.33097268701276 0.0298444914566236 0.051594438000374 -12.7957676735289 -3.32611569392868 0.0973749157539854 3.41887951874417 13.1236335577806
"etap[265]" -0.00798910811317674 6.40056095164322 0.0301725336820316 0.0527933000010986 -13.1844251587541 -3.38132612074326 0.0423318807331425 3.38425856108856 12.7812773687568
"etap[266]" -0.0197974863100965 6.26981498199392 0.0295561912703528 0.049826144907931 -12.8968373011288 -3.37006146963123 0.0202172044123711 3.3619345070718 12.6762652246824
"etap[267]" -0.0793842595141719 6.3957331398858 0.0301497751591519 0.0542787705210657 -13.2115831554113 -3.45632641753161 -0.0566650994144179 3.36059055577815 12.7221057491574
"etap[268]" -0.023581893126328 6.40424223462947 0.0301898874164519 0.0489495858757312 -13.2369305071478 -3.38783184896504 -0.00613022709481612 3.36206702277805 13.0629311851102
"etap[269]" -0.0119065952539226 6.36591567673981 0.0300092142898964 0.0510485016538068 -13.0341283712961 -3.39014392466316 0.0102686604463512 3.41053390458186 12.7967275592539
"etap[270]" -0.038000630667719 6.33935629905506 0.0298840121827966 0.0535296679775912 -13.1229850737527 -3.39118534966393 -0.0263095083844746 3.34147936530294 13.043897113953
"etap[271]" -0.0327982264919384 6.463621742922 0.0304698051029664 0.0583568282090162 -13.2911608229612 -3.50448173605981 -0.0343809261552745 3.40944243402155 13.1301139174389
"etap[272]" -0.0530214787558714 6.44711327975432 0.0303919834612808 0.0555410877317688 -13.143209626063 -3.38565863816909 -0.0310327305327168 3.32255879291567 12.8880728672167
"etap[273]" 0.0525059971338045 6.3016345343096 0.0297061900784643 0.0551630496587762 -12.6123547260325 -3.37518959445605 0.0116218620846157 3.39858326391625 12.9844227413381
"etap[274]" -0.0172686206841764 6.31244346376426 0.0297571438605627 0.0521674215901052 -12.9086045597227 -3.39962953087328 -0.0207714357159192 3.39944273067404 12.8702961638634
"etap[275]" -0.0207718466993605 6.50518799602369 0.0306657502992112 0.0568268800247196 -13.3184325223503 -3.39814583612452 0.0146393919636307 3.37019670025781 13.2297745247129
"etap[276]" -0.0066906534302776 6.36582874018744 0.0300088044670584 0.0540271644928978 -12.7742383597812 -3.40689125170204 -0.0562573222598316 3.34771245076288 13.1162976810813
"etap[277]" -0.113120449721567 6.43922905307331 0.0303548168602771 0.0539729086652007 -13.418181814928 -3.48086213743772 -0.0724938730282361 3.36900798922474 12.7910205760833
"etap[278]" 0.0716768283559292 6.44910785478512 0.0304013859781466 0.0552117762313168 -13.1933290274896 -3.34123998892103 0.0222488789110991 3.47906814018251 13.3466953597067
"etap[279]" 0.0521946729779019 6.41973214674176 0.0302629075624158 0.0516791785207238 -12.914057352283 -3.39397526728112 0.000516244321311142 3.45371541316377 13.3454661392441
"etap[280]" -0.0723444038143008 6.2823986141848 0.0296155110813803 0.049879705998821 -12.9316335432364 -3.39720205444171 -0.0397378999107104 3.32783629968467 12.6197829247131
"etap[281]" 0.0428814743422182 6.37256411952775 0.030040555349761 0.0450242837809611 -12.9609601226383 -3.30992224393053 0.0498396291993562 3.40462900439353 13.1985059964705
"etap[282]" -0.11798788234072 6.27425243953647 0.0295771096458165 0.052070192609356 -13.1006963942581 -3.53038296519601 -0.0982787950271463 3.28225079873017 12.5612382100383
"etap[283]" -0.00440545494780425 6.41665203863698 0.0302483877935646 0.053860998080028 -13.1604730780069 -3.43767132750715 0.000361549130040048 3.3747663415388 13.0374034861276
"etap[284]" -0.00559547422807147 6.33707322721275 0.029873249678919 0.0503829036315456 -12.9799245889416 -3.4338342195194 -0.0215205860117002 3.37009085657468 12.9919930259041
"etap[285]" -0.0408364909778137 6.35646621046825 0.0299646690787017 0.0538922756743027 -13.0207387648371 -3.4264466212723 0.0166709761926307 3.45076704349573 12.781508737946
"etap[286]" -0.0156716705441626 6.33445757694593 0.0298609193853132 0.0554523718933709 -12.5718022096337 -3.42703098877071 -0.0553866582794151 3.33407191203108 13.0725272263046
"etap[287]" -0.0794486654604936 6.53795934877287 0.0308202359375952 0.0546081242890057 -13.5131039798451 -3.49072095138278 -0.0708047157821098 3.36657020797546 13.1254023153226
"etap[288]" 0.00308208981605826 6.31691422504432 0.0297782192313507 0.0561799614273335 -12.869746441517 -3.39082577387268 0.00720069222884021 3.39925135107165 12.9261423632467
"etap[289]" -0.00885010198107756 6.34221762235225 0.029897500590174 0.0509556789511138 -12.8262640211862 -3.42519250729874 -0.00900363064907516 3.37613403969709 13.1274273265395
"etap[290]" -0.031547906637124 6.44056160421475 0.0303610985665997 0.058513851558803 -13.0961489150301 -3.42812852023703 -0.0386074870292289 3.386124773408 12.8781929370068
"etap[291]" -0.00967618756125271 6.3967627190591 0.0301546286419199 0.0508279849655905 -12.8022738559603 -3.40603352086985 -0.0310224941486695 3.36123018632289 12.947119712701
"etap[292]" 0.0106556942057251 6.42534331358075 0.0302893588565639 0.0569286656161599 -12.8542966967455 -3.41635686206489 0.00137330250855347 3.40782976950849 13.1271845232978
"etap[293]" 0.0159733280158999 6.33044780529069 0.0298420171404569 0.0503347564313474 -12.9568777342019 -3.31589442540176 0.0453757163603601 3.38065906830161 12.7156519811699
"etap[294]" 0.0149779330600664 6.34647990224343 0.0299175931702698 0.0508495657383246 -12.9378554747953 -3.4084109836097 0.0181228598802588 3.45315471787164 13.0284034353774
"etap[295]" 0.0191389784644197 6.34295050496809 0.0299009554319571 0.0514430550796366 -13.0000694593967 -3.36792272546414 -0.00262474374924203 3.41197462476103 12.8026465816061
"mean.p0" 1.49280799927196 0.382686448936772 0.00180400122074261 0.00567157125876701 0.823282776265218 1.2335145698443 1.46212449390361 1.71986764333361 2.32676660213452
"mumup0" 0.660285696272734 0.0664228829156848 0.000313120472904272 0.0010310747985492 0.523133841853684 0.617776572328696 0.661763783548144 0.705449482056486 0.785644821325564
"mupsi" 13.0113252181226 1.44979202258487 0.0068343851365328 0.00913463089407134 10.298657141482 12.0086852510312 12.9685174323223 13.96613154581 15.9809799662667
"ppo[1]" 0.549977514338568 0.175345335619681 0.000826585839107384 0.0041487861252003 0.192730409287051 0.423761510512046 0.562715652679491 0.692380223676947 0.830763061923117
"ppo[2]" 0.819515587114796 0.0951424671981905 0.000448505891564394 0.0010201562045842 0.597827306799031 0.764231899069826 0.830070368663868 0.889521389689442 0.966258229584552
"ppo[3]" 0.871691591010689 0.0828125528635318 0.000390382117981152 0.00158778628539074 0.688842244185694 0.817596193765296 0.882843251944025 0.937887828588349 0.990234841698278
"ppo[4]" 0.819609196182674 0.0944175579324264 0.000445088636513949 0.000845809993168796 0.60055189327787 0.765097265918778 0.829654070977184 0.88877358542065 0.966477320384079
"ppo[5]" 0.759254320057446 0.110828867872279 0.000522452293491444 0.000986816177690152 0.493613527652655 0.699162338677427 0.776129644287253 0.838487321071066 0.929890882241064
"ppo[6]" 0.871255418307109 0.0827889917312332 0.000390271049738347 0.00152549752118837 0.691950393786666 0.816219754719808 0.882410248546137 0.937819119065875 0.990581101758581
"ppo[7]" 0.820158155622567 0.0934868399301185 0.000440701189775254 0.000943207842495945 0.600944758811618 0.764919256540054 0.830305274618481 0.888521627950885 0.966222006571258
"ppo[8]" 0.757407008270613 0.112213553578239 0.000528979764508087 0.000954484008430481 0.485936503651276 0.697276661615083 0.7745234487899 0.83689506425539 0.92948409448636
"ppo[9]" 0.819959813538057 0.0947839705392306 0.000446815922107173 0.000881941793457221 0.597448064962445 0.765652133569256 0.830028220144703 0.889032406261884 0.96680134412976
"ppo[10]" 0.81953065820612 0.0953391478973807 0.0004494330532719 0.000968640453862322 0.594592643276325 0.763941282359071 0.829950046051761 0.88918025400113 0.965907585930615
"ppo[11]" 0.871651827194736 0.0835646754910133 0.000393927658048992 0.00161285693263587 0.68743792845858 0.817134358284489 0.883810862154382 0.937888082576631 0.990073419549596
"ppo[12]" 0.820244518059879 0.0943383324987769 0.000444715164238109 0.000940689496152606 0.59843045440301 0.765815715350209 0.830974627377006 0.888778928965873 0.966189991775894
"ppo[13]" 0.622978982206647 0.154050968414689 0.00072620322942921 0.0029949711364003 0.282631300189441 0.521629942515357 0.645321889786391 0.744417833500055 0.85829454385561
"ppo[14]" 0.819393507841697 0.0945135710144726 0.000445541246523266 0.000925054764987629 0.59892330605111 0.765106146013733 0.829433272799337 0.888198837393009 0.965566809784524
"ppo[15]" 0.819486411510214 0.0943584685852806 0.000444810086660198 0.000872896225037488 0.595670864104438 0.764998454674343 0.830174867435413 0.888123974504863 0.965425848645985
"ppo[16]" 0.691449342979633 0.132008861209475 0.000622295739586226 0.00185978072352362 0.383610760381101 0.612705041881117 0.715560378039305 0.788690810374162 0.888189487740141
"psi0" 0.999994044226699 0.0000133641366948015 0.0000000629991445439873 0.0000000866334368903353 0.999966322844176 0.999993908957702 0.999997667383047 0.999999139827086 0.99999988530393
"sdeps" 0.921953160502359 0.498631051643102 0.00235056931951345 0.0152911303532986 0.0817760784564103 0.585240953701691 0.887345276740058 1.20652917734269 2.03582202946015
