"Mean" "SD" "Naive SE" "Time-series SE" "2.5%" "25%" "50%" "75%" "97.5%"
"N" 10.3565777777778 0.883265823033938 0.0041637550203841 0.025580620789424 10 10 10 10 13
"betapsi[1]" -0.429647771753176 2.94531036686947 0.0138843262207496 0.0443465143932956 -7.45861892717902 -1.53944330133811 -0.0804538718965039 0.874263237456507 5.54717326640427
"betapsi[2]" -0.360188531494172 2.91659075247588 0.0137489406601444 0.0423425148039742 -7.31676600759756 -1.45069936089652 -0.0703590257706097 0.879501087528361 5.58857538674864
"betapsi[3]" 0.338490282008152 2.39593758187604 0.011294558076295 0.0235988395102591 -4.3005105290953 -0.812370373537926 0.0686137981144486 1.31213440215596 6.12916873973868
"betapsi[4]" -0.420894806279334 2.91691291421856 0.0137504593451637 0.0432483654292806 -7.35525255448311 -1.49870252361556 -0.0718504352640867 0.857786185865854 5.41230734848568
"betapsi[5]" 0.325247069814384 2.42796601679103 0.0114455415664228 0.0253636875215444 -4.23796125382069 -0.840018750842868 0.055206489194264 1.25655615761952 6.29888255010737
"betapsi[6]" 0.34623718425079 2.39043084446434 0.0112685990671881 0.0232274307964803 -4.21833777317981 -0.815556648909352 0.0623466024921104 1.29266151467236 6.22412411546613
"betapsi[7]" 0.327812197710532 2.37100126565865 0.0111770071543275 0.0232164265126885 -4.13286944122798 -0.834150779580666 0.0568860660018425 1.27928107609825 6.07810409940688
"betapsi[8]" 0.31660574491462 2.41664423691746 0.0113921701842649 0.024278523157736 -4.34275673211769 -0.845395087363272 0.0479713470181402 1.26371823462503 6.22739493173023
"betapsi[9]" -0.378060601628898 2.95913487731151 0.0139494955879506 0.0422899811768709 -7.30526980470189 -1.50160343907687 -0.0696949059350897 0.892694494145928 5.73702835842406
"betapsi[10]" -0.363423808394184 2.94806906999863 0.0138973308720157 0.0430756967536425 -7.38416340776911 -1.44945077131453 -0.0600789856887706 0.904914476663541 5.6318669628684
"betapsi[11]" 0.327478094287193 2.42170509399858 0.011416027293336 0.0257797074207009 -4.27329686812102 -0.841543189629561 0.0571839705989256 1.28074845033743 6.1403918955011
"betapsi[12]" 0.353538525697278 2.429682358946 0.0114536324809336 0.0241497367304199 -4.29830761486991 -0.829427959337755 0.0671289853056424 1.33943161015817 6.22139062681235
"betapsi[13]" 0.345721504900355 2.4442751347304 0.0115224234856902 0.0239985590627675 -4.31687505663405 -0.836422302195356 0.0624676850833082 1.30095814585104 6.29907699091827
"betapsi[14]" 0.302927926030024 2.41071535973819 0.0113642211892096 0.0248322790334233 -4.32707509573323 -0.859848847998945 0.0540839349150306 1.2648455101897 6.18055709689941
"betapsi[15]" 0.335291990054576 2.42714613524909 0.011441676607769 0.0235127828967664 -4.2815503215765 -0.823683338007593 0.0620507923605428 1.27522714425005 6.26784782367784
"betapsi[16]" -0.370891573058 2.90465693920993 0.013692684124906 0.0412731646489757 -7.27752347898268 -1.49340362513336 -0.0667595484072798 0.904545880992108 5.50906788020722
"etap[1]" 0.240272924948652 5.98643915332751 0.0282203448031902 0.144965242006189 -11.5839149353871 -3.05467489492907 0.182178833744252 3.37970481543348 12.7169115076112
"etap[2]" 0.284039394294077 5.99415308852206 0.0282567086424282 0.156748413259105 -11.5766860928697 -2.98738747069681 0.180010007868484 3.42929074737183 12.6228210999126
"etap[3]" -0.106084831943768 4.38503070839359 0.0206712329974424 0.0583190033093293 -9.15709102866106 -2.41496559175936 -0.102150633675727 2.26307390874176 8.78691830518779
"etap[4]" 0.231827100222038 5.84988477447242 0.0275766212879292 0.144795097182886 -11.4175822379203 -2.97606441093688 0.193398091041852 3.38120443311777 12.4195024196537
"etap[5]" 0.231840171703743 5.95770812777889 0.0280849054498844 0.14316480187324 -11.4208720789596 -3.01895746592177 0.212619702891126 3.34976678786233 12.5016392790119
"etap[6]" 0.173376407585158 5.84383081757688 0.0275480826614369 0.148863055911759 -11.7466872116294 -3.05469630847611 0.170786027510181 3.34859175940646 12.0947627838919
"etap[7]" 0.192054466166306 5.85539217314274 0.0276025834142391 0.149458916819405 -11.6293192577032 -3.01320110545264 0.153105075331295 3.28556196547611 12.2798831005148
"etap[8]" 0.16976619995567 5.95878921685559 0.0280900017526657 0.161884330867024 -11.8184413851759 -3.06507773006085 0.134142383223227 3.32246466965728 12.3476285404005
"etap[9]" -0.0464139069689769 4.51161838484948 0.0212679730270198 0.0636133827200524 -9.31287618914188 -2.36908742401777 -0.0547213138113021 2.32340233748894 9.08432268871814
"etap[10]" -0.175375708710271 5.82442504462913 0.0274566029704668 0.125005704033045 -11.9034482222823 -3.52435165346536 -0.229226198982189 3.2861835699388 11.4148343795505
"etap[11]" -0.264604803864243 6.89496427883797 0.0325031733173689 0.163334279195483 -14.1757483578062 -4.15191222888082 -0.174401852147926 3.71002119023742 13.4001463077178
"etap[12]" -0.110095165022666 6.3734275346441 0.0300446255276527 0.0941968467112678 -13.1857405906793 -3.60455634034619 -0.0670137438040423 3.46275674051752 12.576155307919
"etap[13]" -0.0595775428921467 6.11193699103722 0.0288119472836488 0.0562686628003002 -12.3397677080819 -3.4551529945205 -0.0902638162150831 3.34089641505039 12.4589750113859
"etap[14]" -0.0674847004599564 6.1228503481097 0.0288633933422586 0.0447544756686721 -12.3548470950565 -3.33804496270216 -0.0268475697645308 3.25301536172459 12.150636081443
"etap[15]" -0.0670536577434072 6.00023237124764 0.0282853666560283 0.0417401338578652 -12.18947775815 -3.2987543520855 -0.0366795045798858 3.22177034758031 11.9134583079389
"etap[16]" -0.0385786420388618 5.99007280952179 0.0282374740227601 0.0414975227261882 -12.2173229242154 -3.30604432896258 -0.03274327266668 3.29387955642426 12.0124306920547
"etap[17]" -0.00954857897389575 6.02531000451952 0.0284035837529793 0.0412321350165133 -12.1201642396222 -3.33724015731078 -0.0332244167301547 3.28800230303363 12.2382870189649
"etap[18]" -0.0438743422025604 5.93786277672394 0.0279913535678445 0.0386126874921225 -12.2373559825066 -3.27968658768242 0.00774258222280597 3.2389849711528 11.7753516968976
"etap[19]" -0.000547129495484242 6.08210520952379 0.028671318916962 0.0425879945134323 -12.3227737878708 -3.26884897521169 -0.0254581592687895 3.31736057274402 12.0707733163974
"etap[20]" -0.0735641298635695 6.04482704826005 0.0284955879794969 0.046066111768717 -12.2146450573217 -3.38075205397744 -0.0702676911349109 3.26075612421984 11.8483008939825
"etap[21]" -0.0585233279597972 6.00711369892268 0.0283178055457789 0.0387622710968676 -12.3069647458559 -3.27587154462705 -0.0390301311806867 3.24080475434009 11.9153693433843
"etap[22]" 0.0681579527726066 5.95351431248558 0.0280651356149981 0.0398112473274733 -11.9682622724544 -3.24682826673584 0.0517999752209306 3.36195561965119 12.2481708281702
"etap[23]" 0.0456501572270084 6.0540993907296 0.0285392982210817 0.0394958906124855 -12.0840067537277 -3.27792491464742 0.039343723073804 3.31154846225637 12.3719233471275
"etap[24]" 0.0325669201257142 5.93092963049709 0.0279586704030981 0.0396619991311439 -11.9151879839214 -3.31103326683731 0.0528688369798103 3.31693648332702 12.1362746003706
"etap[25]" 0.0000521228528253418 6.0642420975434 0.0285871113995325 0.0418282933029578 -12.2071388493785 -3.3635741279242 -0.0148775798210889 3.28139557695981 12.3323530925266
"etap[26]" -0.0258607257437789 6.01835086837541 0.028370778070588 0.0418488897759225 -12.3101933349993 -3.35732728725099 -0.0105434678095932 3.32730322815672 12.0542034338346
"etap[27]" -0.00831081226603444 6.03713913051041 0.0284593467876705 0.0428679001954294 -12.1959609290525 -3.35355140502818 -0.024604074354206 3.32515897266255 12.1845473833846
"etap[28]" -0.0291537259136671 6.0843912874073 0.0286820955914537 0.0477548297182013 -12.353870032414 -3.3028176762254 -0.0235487478458953 3.25852121215441 12.1378209226971
"etap[29]" 0.0179301205526503 5.95437058682873 0.0280691721309621 0.0399953260541267 -12.0075623793607 -3.27615359977666 -0.0118529393898982 3.34284545868245 12.1371651232527
"etap[30]" 0.00824300647793036 6.06684931445582 0.0285994019379245 0.0443268100522094 -12.2023921683963 -3.27232758430643 0.0201458352805766 3.3670241669614 12.1505424270155
"etap[31]" -0.0269010447255271 6.06419496660068 0.0285868892221378 0.0408168109451755 -12.3071647744922 -3.2861671314382 0.0235088100333828 3.30011367660334 12.0423096372617
"etap[32]" 0.0379678375517728 6.00174475929699 0.0282924961216648 0.038330240708629 -12.0133712341255 -3.24048681230257 0.024958289201219 3.28314512030804 12.261269430944
"etap[33]" -0.082559485232881 5.94699824196441 0.0280344185639834 0.0405520623838167 -12.3693455281688 -3.35685044927356 -0.0649649768237755 3.30011181802722 11.6722185620658
"etap[34]" -0.00656260221080973 6.14612143437085 0.0289730942949308 0.0485592511308756 -12.3180683631771 -3.34706263284895 -0.00242358552569433 3.28519426693242 12.1699824103811
"etap[35]" -0.0205569051207604 5.97246718664473 0.0281544803206042 0.0426262377351461 -12.0941251918586 -3.34123804065396 -0.0203893827031186 3.29839262814832 11.9724396509218
"etap[36]" 0.0420942434161927 5.98414050105605 0.0282095088524653 0.0400796718986582 -12.1746470213916 -3.27753225426711 0.0291565175135771 3.33305049235812 12.2181448343792
"etap[37]" 0.0360814883657879 6.06642379950299 0.0285973960412002 0.0393852677698482 -12.1604529375703 -3.27453622393816 0.0349125993162615 3.34165739419118 12.4776487185707
"etap[38]" 0.00649687378499223 5.99254213257417 0.0282491145232619 0.0387635523312328 -11.9225089015713 -3.32359351037692 -0.0267243816391885 3.27954266983548 12.2018702510342
"etap[39]" -0.0045541096083786 5.97165489009991 0.0281506511179697 0.0398367547823098 -12.1389664933753 -3.32435785067437 0.00814081507766177 3.32496202700561 12.0198181564875
"etap[40]" -0.00480658040621343 6.06095403386129 0.0285716113186885 0.0412488429489033 -12.4239937807627 -3.28623266217167 0.0155769270917617 3.29660105083813 12.3679881761387
"etap[41]" -0.0556899195133067 5.9233390965805 0.0279228882830631 0.0392763257511866 -12.2802258770827 -3.31045971936241 -0.0276553205493205 3.2414456891869 11.9098696724955
"etap[42]" 0.059155886007395 5.98729402036673 0.0282243746850599 0.0419547898201361 -11.7932118037557 -3.25885222002528 0.0150903132849459 3.33734176373887 12.1887389883069
"etap[43]" 0.00435524139176204 5.97412097430416 0.028162276350395 0.0410394433025981 -12.015195152481 -3.30343488068244 -0.00886160561218915 3.28541437850396 12.1635802598373
"etap[44]" -0.018252226500607 5.92829223982276 0.0279462376242284 0.0378356815332263 -11.9021635138686 -3.34830191109835 0.0103111601230291 3.2896785094528 11.9074860460533
"etap[45]" -0.0815000022128031 5.97067386449735 0.0281460265189291 0.0385918273307899 -12.2035123849642 -3.36190964558069 -0.0620301723658129 3.24244718900091 11.9123113613237
"etap[46]" 0.0271703551780768 6.07273733688241 0.0286271583418286 0.042704208359749 -12.2555757567657 -3.26690883029428 0.0225625857703073 3.34202752579132 12.1390492646652
"etap[47]" 0.019939037641058 5.94484797150954 0.0280242820918499 0.0404923049859267 -11.9767232271816 -3.26602272865909 0.00331844941238997 3.2791451773621 12.17829952598
"etap[48]" -0.0193361592033801 6.07864320685583 0.0286549988798753 0.0470023642652884 -12.3419055469495 -3.3028824545428 -0.0131290196842233 3.32432885157638 12.1386544338896
"etap[49]" 0.00908912272030496 6.04067202429479 0.0284760010086848 0.0450880169535033 -12.1625268027381 -3.30174948832709 0.0399127877444125 3.3376297369108 12.0788255829864
"etap[50]" -0.032308529697071 5.96217406165444 0.0281059580640693 0.0387406805436833 -12.084229184069 -3.35757394501539 -0.0255425707000262 3.27673944432784 12.0543609642796
"etap[51]" 0.031315133494427 6.03173070546668 0.0284338512275107 0.0431395250940188 -12.1385532718982 -3.27207449363236 -0.0111628624132521 3.28405890390737 12.467480129376
"etap[52]" 0.0267320528664726 6.07855512573814 0.0286545836615046 0.0438474329621101 -12.1299448183405 -3.27779921913252 0.0220688620802937 3.34722647735192 12.3023667042029
"etap[53]" -0.015695559254046 6.05205958235133 0.028529682472171 0.0469692203555493 -12.4294160909682 -3.268655869166 0.0541149145151522 3.32308734268677 12.0774289426783
"etap[54]" -0.0620873140034729 6.06276019414841 0.0285801256399347 0.043924071827857 -12.136794194401 -3.33086424151719 -0.0583482719820839 3.23751937220269 12.2464422512996
"etap[55]" -0.00218387040731178 6.04503224843711 0.0284965553024083 0.0450664547918848 -12.2546860205256 -3.34856342514841 0.0264138478111439 3.33588994770257 12.0448838672857
"etap[56]" -0.00588252046083913 6.02342425930835 0.0283946942648033 0.0417868331955043 -12.1731888543068 -3.29632478649107 -0.0141010246783878 3.23758422325074 12.1798379568362
"etap[57]" 0.00623205519948175 5.92767100413351 0.0279433090911045 0.0403067681715398 -12.0115865110404 -3.26183036449884 -0.0205154601695664 3.25984480130089 11.8861619865498
"etap[58]" 0.0157222298728648 5.95235551385067 0.0280596729858463 0.0404426427938952 -11.9936473062865 -3.30954984691109 -0.0200434822049425 3.27094090830191 12.4152321865754
"etap[59]" -0.0278171017395067 6.04641735240255 0.028503084745119 0.0428199840896493 -12.2262821523077 -3.30717032910276 -0.0389550642942716 3.27510191954295 12.1161701219971
"etap[60]" 0.0766263489721612 6.1069027058716 0.0287882154357886 0.0473084750000321 -11.9195181353831 -3.26619545668431 0.0136969236499704 3.29889006377087 12.6483263709864
"etap[61]" -0.0145441471648321 6.00326550405282 0.0282996649811935 0.0410693494149747 -12.0842506332257 -3.31183458822904 -0.0033409577200154 3.29953363469562 12.0215777566373
"etap[62]" -0.034223367454226 6.00172456074656 0.028292400904785 0.0426415190391741 -12.1829292568231 -3.35643018912828 -0.0282599415375154 3.26844002781722 12.1185501368616
"etap[63]" -0.0555393527978763 6.03253787080142 0.0284376562413889 0.0411506328822628 -12.1719986316775 -3.37263843841472 -0.0338391922725342 3.25838010249802 12.0181766268038
"etap[64]" -0.0145180433519818 6.0799936605748 0.0286613649797578 0.0521395278987721 -12.2838815342583 -3.30273652663313 -0.0144992011691318 3.28222206548094 12.2561041901133
"etap[65]" -0.0535064713233893 6.10991029199488 0.0288023933327404 0.0446520063044874 -12.207426705524 -3.3273036690178 -0.0639985052427381 3.23085793000719 12.2938940597264
"etap[66]" -0.114377534791341 5.97423458512469 0.0281628119169391 0.0407303820823099 -12.3694268019678 -3.35620004410847 -0.077213311245365 3.1411601529517 11.8975054518434
"etap[67]" 0.0480215415776225 6.020802640771 0.0283823358365003 0.045685242199382 -12.1938371286981 -3.26050304726767 0.00894711786005026 3.30872665045279 12.3196235522728
"etap[68]" 0.0317686003797015 6.12700634454132 0.0288829848973211 0.0422542158267575 -12.2376012535296 -3.27222041031277 0.0149218317752028 3.39792369771185 12.4393195630909
"etap[69]" 0.0262467904027585 5.95767690229106 0.0280847582515231 0.0384340271426258 -11.9383797902958 -3.24330835308916 0.00593330772356422 3.29410828039645 12.2826708354785
"etap[70]" -0.0165349286719383 6.09403272620452 0.028727545769813 0.0440978448860263 -12.2081863277632 -3.36611854479906 -0.0219466694422197 3.24223803182713 12.609664458161
"etap[71]" 0.0152612626752126 6.04280957092364 0.0284860775001272 0.0387995577411162 -12.2298524578767 -3.29273595617198 0.0496513546932872 3.30482908265504 12.174574884881
"etap[72]" -0.0544609782324357 5.99069182953472 0.0282403921110856 0.0417457050542179 -12.2557115067611 -3.32376953059105 0.0127501767915823 3.28116321890089 11.8211775336937
"etap[73]" 0.00322706302467943 6.02509581746844 0.0284025740655376 0.04234891136458 -12.2299580150004 -3.29157871559734 -0.00916791510687875 3.2949201691323 12.2041139400974
"etap[74]" 0.00657391758075785 5.95776397923715 0.0280851687361836 0.0419339737372486 -12.114874150023 -3.269055779973 -0.00616506935689065 3.31254628069093 12.3404443446909
"etap[75]" 0.0277149507916327 5.94211300054233 0.0280113893150682 0.0395935120295956 -12.0107957074556 -3.25300376576698 0.012644314225825 3.33317136703087 12.1636674939359
"etap[76]" -0.0253550191005117 6.04756629312677 0.0285085009036342 0.0407724534597377 -12.390402803881 -3.30348362341617 0.0184853235754394 3.31856120706462 12.1113535408438
"etap[77]" 0.0140069281763431 5.95292362049609 0.0280623510662557 0.0388439302631274 -11.9790419662487 -3.29731201921988 -0.0106596277435602 3.31242947690766 12.2056729792952
"etap[78]" 0.0455703987910566 6.02721779592837 0.0284125771679279 0.0418531153884898 -12.1152332671536 -3.2705647933481 0.0198453465026944 3.36037141994071 12.4059943048591
"etap[79]" 0.00878327881196033 5.99795027548253 0.0282746087534228 0.042022480589356 -12.1736367702707 -3.27270018115973 0.0425522243991245 3.33940146230841 12.1052764676742
"etap[80]" 0.00446777022479479 5.97923048831433 0.0281863628304294 0.0421588351202887 -12.0950520550997 -3.2931632397274 0.0121255947707741 3.31563359093452 12.0461164421171
"etap[81]" 0.0548744185040214 6.06942358494363 0.0286115371653814 0.0436241626771218 -11.9817516848023 -3.28219829251853 0.0391334759993206 3.32106873958125 12.4528622647622
"etap[82]" 0.0199333676110966 6.0636385838094 0.0285842664085068 0.0432953061805258 -12.2354492745807 -3.29543640583485 0.0212766065977995 3.28087511349474 12.4259332569323
"etap[83]" 0.0319824184977639 6.09580330214943 0.0287358923448614 0.0433636005507602 -12.116547571472 -3.31654919012765 0.0413667069875821 3.34106656807454 12.3022215552506
"etap[84]" -0.0440565760754269 5.96748381292306 0.0281309884715923 0.04250263351821 -12.0952000340382 -3.31508218373121 -0.0000988742146794125 3.27150517931761 12.0147931078203
"etap[85]" -0.0075419323812171 5.98236284348224 0.0282011288942982 0.037506347797256 -12.1274567781512 -3.31201660772672 0.0013576584096113 3.30293774260111 12.1267562555072
"etap[86]" -0.0214573427366358 6.01037799073074 0.0283331935649339 0.0387290537317419 -12.0906831056111 -3.29755515078623 -0.00181372913826614 3.26286900202172 12.0078767609605
"etap[87]" -0.0365909003505755 6.00143203286938 0.0282910219151474 0.0406717331823503 -12.2947592017649 -3.32153398420785 -0.0196250066388568 3.25592168027707 12.1087534576416
"etap[88]" -0.0472685519453085 6.02085279107293 0.0283825722472908 0.0434628855719611 -12.2349700449247 -3.29378542583921 -0.0143024253644798 3.25379456052336 12.177232613167
"etap[89]" 0.0422743929332962 5.9212441669713 0.027913012690178 0.0384558256650689 -11.9684273116682 -3.26183360524595 0.00161117930215062 3.30620718351716 12.1639814713335
"etap[90]" -0.00389175236233428 6.07007519650368 0.0286146088917335 0.0407088062731829 -12.194921041971 -3.32241768776162 -0.00570651561955045 3.34797727058004 12.0548496041195
"etap[91]" -0.0796285807701053 6.02556540530603 0.0284047877238331 0.0377157163710325 -12.3818705342876 -3.34554111859879 -0.0440235398042914 3.22770934717613 12.2234366966531
"etap[92]" -0.0221146005739227 5.98927865337365 0.0282337303347756 0.0413728803460725 -12.0733842676481 -3.28420889648416 -0.000969704098153297 3.27472899534304 12.0290891003816
"etap[93]" 0.0171387129023095 5.92543712288251 0.0279327784738982 0.0394865877326886 -12.0331220647804 -3.27449341529998 -0.00434875102779266 3.27193436552288 12.0669884838073
"etap[94]" -0.0519172765718063 6.01886157033037 0.0283731855426914 0.0410660141980361 -12.3854297165289 -3.3353203387806 -0.0289625661868434 3.25804705092994 12.1445039108523
"etap[95]" 0.0325298528480722 6.04492585849986 0.0284960537754344 0.0425763736065083 -12.3818359889529 -3.26233571113464 0.036463321574254 3.39223937015623 12.3918380959623
"etap[96]" 0.0221453836928692 5.93496434007847 0.0279776902064655 0.0394927924791488 -11.8557870423689 -3.30033858536663 -0.0225117058821333 3.30963232737116 12.0908039359986
"etap[97]" -0.0440540004398014 6.02928376062061 0.0284223162188851 0.0420295604737098 -12.3029754669469 -3.32097780546049 -0.0272472974560123 3.25951430429364 12.1026836657388
"etap[98]" 0.0269838959576671 6.05122156488582 0.0285257320199536 0.0407942599993229 -12.2300926161325 -3.21543454990292 -0.00370605196592878 3.25480143224567 12.4075347860843
"etap[99]" 0.0432871721005005 5.99253757764476 0.0282490930511188 0.0445086036235704 -11.8396268908392 -3.27438115730716 0.0582464094279746 3.35095009629495 12.066504679472
"etap[100]" 0.0215942528503546 6.04210616532222 0.0284827616143226 0.0395423804615234 -12.1747080249878 -3.25028629898463 0.0277518257532188 3.32353794204252 12.111646125721
"etap[101]" -0.0239921389273982 6.03955161095725 0.0284707193295601 0.0408898549512318 -12.4935831461805 -3.28168454741073 -0.0214170997140814 3.27694917654971 12.1849814401442
"etap[102]" 0.081023081317212 6.03387644728487 0.0284439663514462 0.0381602003741166 -11.9309593750913 -3.24315966250529 0.0411503865745131 3.31383974640608 12.4157996417574
"etap[103]" -0.0584132718287238 5.95822330490716 0.0280873340181572 0.0416253835360927 -12.4276575307921 -3.27491261348068 -0.0069271682333286 3.27990046713189 11.8702516564394
"etap[104]" 0.0219699438190323 6.09310709315236 0.0287231822937592 0.0458898590058775 -12.3170236328664 -3.26124703278796 -0.0214694383750195 3.3012563004704 12.4296312973125
"etap[105]" 0.0692101836822595 5.99984568334692 0.0282835437917829 0.039491578721615 -11.9911100401026 -3.24940678294039 0.0867487949193037 3.38611422666181 12.1583556214811
"etap[106]" -0.101257172439035 5.92510844352377 0.0279312290645422 0.040085827215663 -12.32759708511 -3.35774820113486 -0.0550804780597101 3.18507117214972 11.864948735456
"etap[107]" -0.00889229439951779 5.98164171193984 0.0281977294476065 0.0407513112495401 -12.2025838102272 -3.2805593990307 0.0105900643649955 3.28000104288386 12.2141932770498
"etap[108]" 0.0017258569418247 6.01123382228503 0.0283372279935712 0.0376470597663458 -12.0863483735667 -3.31006741247999 -0.0267260341101027 3.2903222956328 12.1775445634728
"etap[109]" 0.0251272197197522 6.0693369467849 0.0286111287491844 0.0428692107694107 -12.1831672280782 -3.3144774582484 -0.0132196024520822 3.26316450635737 12.4423267611793
"etap[110]" 0.0352702638469971 6.06926449851476 0.0286107872247637 0.0414575532847468 -12.1337054605296 -3.27693937478928 0.0209014093965785 3.29484055145772 12.4150400957623
"etap[111]" 0.026595494160439 6.02825724041643 0.0284174771562357 0.038415885189838 -11.9987140888701 -3.29315589657093 0.00529920400203918 3.36450702709453 12.2329133646845
"etap[112]" -0.0635037585308722 6.05664910556789 0.0285513176920966 0.0406294267250204 -12.4485679578449 -3.34439669396758 -0.0626663802830115 3.23680275070735 12.06731516527
"etap[113]" -0.0493470779995822 6.05173055531686 0.0285281314238559 0.0397772005308573 -12.3050824305507 -3.3204130884225 -0.029918677387618 3.26966099356467 12.0591820397313
"etap[114]" 0.100196325144866 5.92367511933713 0.0279244723095288 0.0373481152514091 -11.6168345882577 -3.19718448259392 0.0544668344634656 3.3279963215523 12.2461730175105
"etap[115]" -0.0320277545354676 5.95403562979654 0.0280675931283697 0.0408399828874762 -12.1194098469881 -3.30827189608073 -0.0176586390021767 3.27092127049324 11.9963732745388
"etap[116]" -0.0115799886372322 6.01870474327718 0.0283724462528729 0.0400924052427098 -12.1512608530861 -3.29817828851755 0.00783079661361945 3.33326771410243 11.9799589726804
"etap[117]" -0.0708396058139545 6.03753118529296 0.0284611949516394 0.0408206998050214 -12.2524727057593 -3.37731447531982 -0.0796150570639781 3.23102295628475 12.1985779589088
"etap[118]" 0.0199959919090394 6.04931956151217 0.0285167658900646 0.0449460073861751 -12.1132821098033 -3.31503544702124 0.000760585016011447 3.30437772836058 12.388579610489
"etap[119]" 0.0384006900088722 6.00550617012113 0.0283102275823354 0.0423013964030042 -12.0600687041216 -3.28950851630427 0.0393154510617687 3.33423684211313 12.394168078435
"etap[120]" 0.0426862349570731 5.96825968566129 0.0281346459707559 0.0394713583236569 -11.9250903130306 -3.29905415741245 0.0232761091654654 3.32613497699516 12.2364484767976
"etap[121]" 0.0234393039965726 6.00814735986096 0.0283226782701716 0.0448764128966512 -12.0617304319644 -3.33327920176735 0.0139701812924776 3.29579775581139 12.361596908962
"etap[122]" -0.010028006698478 6.02847611523286 0.0284185089420153 0.0392386314171095 -12.0339395038264 -3.30006381156783 -0.0101497682449693 3.29757365910077 12.168961978092
"etap[123]" -0.0629933487934062 6.05812034336986 0.0285582531736067 0.0431127962354265 -12.37295856486 -3.37148225184713 -0.03538005901174 3.26315023033112 12.1212860988248
"etap[124]" 0.0448505857994489 6.04017692569787 0.0284736670915165 0.043734729793828 -12.0808648863434 -3.24270078274719 0.0172954931424205 3.31714954202056 12.232196438087
"etap[125]" -0.017215565533856 5.96618958542341 0.0281248874246497 0.0417899234175545 -12.2784964758734 -3.327293160512 -0.0172841140545127 3.28078093618019 11.9891951526557
"etap[126]" -0.00544466327322577 6.1018925847966 0.0287645974985439 0.0425312839284704 -12.3087068709017 -3.31764484472352 0.0078969563531633 3.32501057720866 12.3857834898833
"etap[127]" 0.00441818625828709 5.98640913312548 0.0282202032866007 0.0401950544890079 -12.4148672015288 -3.26873849460072 0.0500884828296484 3.32368704580488 12.0931768990428
"etap[128]" 0.0537029617110845 5.96325895715131 0.0281110723104874 0.0457279851274313 -11.8647332415899 -3.21646190637874 0.00167054907636648 3.2916261888615 12.1446720304756
"etap[129]" -0.00271314559799978 6.07329201546579 0.0286297731217465 0.0369166965062458 -12.2322169971362 -3.30508513593147 -0.0202584121994211 3.33210058256722 12.2901066960812
"etap[130]" -0.012063886720512 5.97721697084298 0.0281768710180425 0.0464889932943572 -12.2622532356242 -3.21577843698146 -0.00612341108899405 3.27798637589444 11.8996578359903
"etap[131]" 0.0585185502477699 6.00705120092342 0.028317510927385 0.0420280627153789 -12.1932104349334 -3.18369924974793 0.0164908599703294 3.35121790940143 12.1527814314112
"etap[132]" 0.0453029892625625 6.00979664064975 0.0283304530543705 0.0393004198777556 -11.8205350754345 -3.28904637687643 0.016016225157754 3.3664569719966 12.1727511552192
"etap[133]" -0.0417333916329899 6.02400506706402 0.0283974322188206 0.0424668439839083 -12.2588148213561 -3.35127701612665 -0.0514724884359226 3.26033552281347 12.3345519271899
"etap[134]" -0.0282653663098306 6.04040783604626 0.0284747556133378 0.0408902994812721 -12.3908236550556 -3.30444820672932 -0.00854716514436318 3.28944297418752 12.0365687902224
"etap[135]" 0.00579152796967528 6.01355465698454 0.0283481685132648 0.0409728864878684 -12.2606572760146 -3.32088184512362 0.0174154550627875 3.34159038352524 12.0534316265419
"etap[136]" -0.0151004469202796 6.02444766602714 0.0283995186503418 0.0403644074788675 -12.1250983331213 -3.29741147419986 0.00452718353034286 3.29078825149808 12.0156352641489
"etap[137]" 0.0104033160986907 6.0558413054323 0.0285475096857385 0.0440100270719558 -12.1593321853906 -3.32987428317248 -0.00631997176389524 3.28655795287227 12.3478336175669
"etap[138]" -0.0337051327560183 6.03790058504752 0.0284629363187822 0.043299687592082 -12.4000599568673 -3.2772174983607 0.0242954070010343 3.29143415810359 11.9863116512788
"etap[139]" -0.0607611546055312 6.09066579563304 0.0287116739068872 0.0442120594422984 -12.4006527384727 -3.3391004365625 -0.0428464966667836 3.29596949336269 12.1018116811549
"etap[140]" 0.0790081983218462 5.93703010787188 0.0279874283292327 0.0439145295632271 -11.8894251400449 -3.20770589358327 0.0616758912253701 3.32740444491147 12.0544462768052
"etap[141]" 0.0496053951935183 6.04634401568944 0.028502739032538 0.0413608601864449 -11.9569669998572 -3.2755712604932 0.0149606178538229 3.33140199571337 12.3348243588342
"etap[142]" -0.042703067408255 5.98626579455158 0.0282195275820833 0.043144203317287 -12.3016675834492 -3.27932784065851 -0.0263512418500179 3.27808296739057 11.9631787384676
"etap[143]" -0.0257712895644144 6.08382260962184 0.0286794148186643 0.0400090610058714 -12.4346629463584 -3.35435086849261 -0.0311789329748723 3.31074097957867 12.2396323276237
"etap[144]" 0.113373383825576 5.98332757276671 0.0282056766717586 0.0402752230066545 -11.7299065660893 -3.20733243226884 0.0541067488571726 3.35589502233803 12.4132885628193
"etap[145]" -0.00112203471936487 5.95402100427155 0.0280675241829837 0.0389675570304592 -12.1749441450315 -3.25363219466575 0.0140897401593404 3.3000625292057 11.9363562425432
"etap[146]" 0.00245499481041638 6.01380491718096 0.0283493482511444 0.0435020998531608 -12.2263188813595 -3.28346124442598 0.0550960870788342 3.35618407704903 12.2036205067102
"etap[147]" -0.0390596776464106 6.03671595738645 0.0284573519304333 0.0408516277332973 -12.117938072976 -3.34657691976801 -0.0336177815289958 3.27260662370787 12.1453867736776
"etap[148]" -0.0183827116785846 6.07633292228718 0.0286441080939756 0.0435634273733377 -12.2032264732693 -3.36099816553209 -0.0175740729063446 3.311974098693 12.3509083715404
"etap[149]" 0.0397622741310163 6.01090189768596 0.0283356632860055 0.0422430651191317 -12.1377036413987 -3.31621026024645 -0.00855470309305909 3.36513263318611 12.1501699049843
"etap[150]" -0.00911740183552061 5.96150709003673 0.028102813929711 0.0393607762305769 -12.1246238948218 -3.28673968148406 -0.00665167137469357 3.24501801908347 11.982489894607
"etap[151]" -0.00937462931440249 6.04840548093267 0.0285124568728891 0.0425758733319569 -12.3449111346541 -3.27860084713273 0.00601069730656709 3.29035675680702 12.201438993019
"etap[152]" -0.0331455907764756 6.02078960352484 0.0283822743783326 0.0431047952230524 -12.2758192438036 -3.29735571591451 0.00833143959853005 3.30608495670129 11.9697291612896
"etap[153]" 0.0124154334036452 6.02426944290186 0.0283986784984721 0.0427581413567911 -12.0923720185706 -3.27333838809457 0.0129695218193566 3.31943572344759 12.2032959442656
"etap[154]" -0.0254155334295694 5.99896661755082 0.0282793998358794 0.0376598127768841 -12.3166142049116 -3.34180658553256 -0.0286179281276678 3.26957167435783 12.1613942683309
"etap[155]" -0.0290402587069616 5.97670608073814 0.0281744626589921 0.040397226377052 -12.3183371643425 -3.28037466963093 0.0264897231330198 3.26861101650031 12.1318985762509
"etap[156]" 0.0686177703557007 6.00095397475579 0.0282887683275879 0.0410031295867978 -12.1548868183404 -3.24571082606675 0.052469884373721 3.34876562135052 12.4296104819857
"etap[157]" 0.0589928260820528 6.00325902164047 0.0282996344228086 0.0409642413027422 -11.8230785975845 -3.27792347287271 0.0278554160048592 3.38829495334117 12.0686461932832
"etap[158]" -0.00793485716383237 5.95311058607099 0.0280632324304281 0.0445656932702731 -12.1089391269922 -3.24996643390457 0.0408599413105076 3.26560983466837 11.9462452287875
"etap[159]" -0.00274253439638564 6.03847826021311 0.0284656595056283 0.0421369606929508 -12.3139770021573 -3.2942654394363 -0.0487395744168474 3.29219756141294 12.252902483671
"etap[160]" 0.0330233699787961 5.99379809268321 0.0282550351759953 0.0388270625489543 -11.9428692096128 -3.27243615513596 0.062425997223995 3.31475445322063 12.0612075315992
"etap[161]" -0.0530772764433289 5.94684902127517 0.0280337151309084 0.0405463256752157 -12.0950517641344 -3.3121710048766 -0.0143128499818991 3.24337136566616 11.7671890093052
"etap[162]" -0.0773120143625136 5.98672487518813 0.0282216917089581 0.045329792957564 -12.344553294563 -3.32978271074426 -0.0466917515682002 3.24005323990323 12.0265964086789
"etap[163]" -0.0580057994466236 6.11361116962341 0.0288198394371902 0.0499940453432831 -12.4301213820371 -3.33447020845362 -0.0505463226252429 3.22389331878024 12.3826250379407
"etap[164]" -0.0732353669071206 6.02045338966407 0.0283806894509933 0.0417391560533771 -12.2855518897113 -3.34573853257128 -0.0692499109848256 3.2341526877296 12.1056637842225
"etap[165]" -0.016259259239054 6.0021296836951 0.0282943106726791 0.0410054409420919 -12.1430378718211 -3.35279693412198 -0.0283300467362116 3.27036297190684 12.1801805747979
"etap[166]" -0.022450735054055 6.05235450597893 0.0285310727554844 0.0414877840818519 -12.1815148093742 -3.30598771692568 -0.0375633039172642 3.30346206203161 12.1584638756294
"etap[167]" -0.0350252162146537 6.02649113640994 0.0284091516621073 0.0398592664045762 -12.112589380661 -3.36269742893039 -0.00596627294493006 3.29834168890169 12.0257394331712
"etap[168]" -0.022333459822069 5.98104399869983 0.0281949118003717 0.0417336455071102 -12.2073809972903 -3.31893908395079 0.0144413582458605 3.26697550216433 11.9223869224196
"etap[169]" 0.0020593068185825 6.09200949091293 0.0287180081471823 0.0418948470831148 -12.3654145708053 -3.3190708472435 -0.00403792719986816 3.30962139011598 12.3135105395389
"etap[170]" -0.0919970328091548 5.98281401807921 0.028203255751745 0.0442180525626901 -12.3466526733532 -3.29832899853258 -0.0371531981389185 3.22590693173116 11.9050716975555
"etap[171]" -0.0283013843989653 6.01247298218177 0.0283430694493442 0.0420450920307617 -12.0683091484447 -3.34337972323429 -0.0345336372111714 3.27526124666738 12.1789834107267
"etap[172]" -0.0963733823538216 6.06387244501048 0.0285853688407811 0.0410725930429594 -12.7399962257766 -3.36420060493589 -0.0292585533425636 3.27649280675381 11.9197969738286
"etap[173]" -0.0120906451075571 6.00129062791322 0.0282903553257914 0.0406875969622925 -12.2922486754224 -3.29398801263627 0.0150970351961185 3.28352009730313 11.8303335953594
"etap[174]" -0.0275659204411661 6.04601395226458 0.0285011830986318 0.0412111352551768 -12.2990742212502 -3.28865804859072 0.0132597929124192 3.28435241899973 12.1035485958813
"etap[175]" -0.0572892323896571 5.98548682155729 0.0282158554681725 0.0403236682261649 -12.0842996513429 -3.35257495400091 -0.0582068719242253 3.23337659952427 11.9951726062475
"etap[176]" -0.0135874293157018 6.02235689087157 0.0283896626417388 0.0404906009386078 -12.2475819295248 -3.31858017620703 0.00719783297254118 3.30440904727556 12.2745904776567
"etap[177]" -0.00642984095080729 6.09334580229165 0.0287243075794334 0.0454629475118755 -12.1234233102522 -3.31398730477527 -0.0594320273302797 3.26470498049382 12.3724814951526
"etap[178]" -0.0216258181926973 5.92381538169986 0.0279251335126476 0.0409539136178501 -12.0683479666458 -3.30179855493428 -0.0392030478157527 3.28489496674363 11.9525450216822
"etap[179]" 0.0235467092912235 6.01442929584346 0.0283522916003863 0.0399252427834445 -12.1875431744791 -3.29426493949278 0.0131400796856338 3.33509286986845 12.1494063997536
"etap[180]" 0.0232126060158877 6.10831782978205 0.0287948863938772 0.0395775695455786 -12.3635974914985 -3.31570008461105 0.03451288807045 3.37269048741726 12.4037831213807
"etap[181]" -0.0188582600746836 6.02248231999792 0.0283902539203108 0.0432889538269453 -12.45474086008 -3.29667478209743 -0.000158786232938542 3.3142323837845 11.818980597633
"etap[182]" -0.00213164521057417 5.99720694364435 0.0282711046535331 0.0403353257923427 -12.309037172174 -3.28285417024586 -0.00640724117385419 3.2711148725625 12.1975267915839
"etap[183]" -0.0117026539046179 6.05518678542141 0.0285444242488177 0.042591117173487 -12.2248202127058 -3.32460490658901 -0.0364278154736537 3.29992895334484 12.1571873059447
"etap[184]" -0.0146520416067902 6.03110223982484 0.0284308886120635 0.0413784196443119 -12.0957869167749 -3.31152368187673 -0.00490229156919998 3.26201205147226 12.1811426539406
"etap[185]" -0.0190653873017049 6.09802781929955 0.0287463788192729 0.0451716847402664 -12.4269413449351 -3.31251139608833 -0.0261576828688054 3.30828767487033 12.3892626702447
"etap[186]" -0.0487603689388852 5.94203981531153 0.0280110443165816 0.0382909468547614 -12.0901558376879 -3.29953448555935 -0.0348101956573014 3.23235923733997 12.0417462505293
"etap[187]" -0.0126700234792477 5.97538550653714 0.0281682374125082 0.0415577044156713 -12.0557002803244 -3.31607293259553 -0.0133402787685406 3.30230359878176 12.0397060986293
"etap[188]" -0.0720001939183238 6.05696011672685 0.0285527838127601 0.0453459837250651 -12.4041500042885 -3.36581592789325 -0.0165714190620042 3.25605910624737 11.9551562009356
"etap[189]" 0.0049496823732558 5.99294618367465 0.0282510192384159 0.0387511931772136 -12.2480692595262 -3.25456884846414 0.0289899333151856 3.35412813268852 12.0172229655245
"etap[190]" 0.0925878351267586 5.98062510367764 0.0281929371102997 0.0420330912019625 -12.0539531802109 -3.17863637742601 0.0623279591835993 3.30622851246748 12.3137828973521
"etap[191]" 0.0753724183138253 5.97129411167504 0.0281489503921648 0.0420720191022207 -12.0818661425531 -3.17736942638904 0.0552085160344033 3.36459210730896 12.2105968258145
"etap[192]" -0.0405452879362152 6.02076806157295 0.0283821728285975 0.0410344602065346 -12.2823277255616 -3.30051512342237 -0.0121240983607939 3.32169288831434 11.943000546878
"etap[193]" 0.00170087714631308 6.0793882929151 0.0286585112492425 0.041313038106459 -12.2604772671247 -3.32343392451909 -0.0364673429185073 3.29890032187867 12.312805179533
"etap[194]" 0.0234625263413528 5.93773240649111 0.0279907389966732 0.0454763397814908 -11.9363934307324 -3.26720201995741 0.00598576433252103 3.29808086336242 12.0315513668277
"etap[195]" 0.0103853499540777 5.97697136213455 0.0281757132074876 0.0415882239811697 -12.1954501319227 -3.30931197272195 0.0172521082599034 3.31162459104734 12.1080170953418
"etap[196]" -0.0100075444970308 5.99117721195142 0.0282426802257411 0.0420645259780159 -12.2524166619651 -3.28915475920121 -0.0333598477608027 3.2950560347711 12.0890301062052
"etap[197]" 0.0358712050323758 6.03855812661272 0.0284660359994466 0.0396922294038678 -12.1695010206902 -3.26947744003073 0.0598439412027723 3.32269633901636 12.2554015494456
"etap[198]" -0.020711425716074 5.95027678539087 0.0280498737659118 0.042546427781113 -12.0242082345867 -3.29300450424392 0.020971811224596 3.32251017672945 11.8565779988351
"etap[199]" -0.0294105344298797 5.94486109166211 0.0280243439408423 0.0425497704461957 -12.2220754618392 -3.28642380442626 -0.0506388327897759 3.2682457745692 11.9549346966923
"etap[200]" 0.0479973003364302 5.99422006826533 0.028257024387966 0.0410763798239717 -12.0521090652047 -3.25755781986651 0.0518509966250084 3.35006553322977 12.0381633539684
"etap[201]" -0.00056869023475367 6.15099171525567 0.0289960530191971 0.0455217725708172 -12.302966986183 -3.32543466319745 -0.0168199956790843 3.29229776508885 12.2610689501208
"etap[202]" 0.0113156373827178 5.98646628928947 0.0282204727233417 0.0463830376108766 -11.956688637902 -3.3144571577914 -0.0100192955958468 3.25359800379791 12.1185860930228
"etap[203]" 0.0347864623621011 6.03687332355476 0.0284580937616649 0.0395250784459692 -11.9725712327626 -3.30048136773365 -0.0305402156861786 3.28599673226808 12.3171165169251
"etap[204]" -0.00479731555728754 6.05647850575011 0.0285505134768432 0.0416697160052305 -12.3728402407004 -3.33685922093458 -0.0265940000572459 3.28389737911616 12.1512792784463
"etap[205]" -0.022290746372402 6.03848511727968 0.0284656918301501 0.0417075493432875 -12.0564187289693 -3.34268509022114 -0.0367508221388727 3.24337367261465 12.380146961552
"etap[206]" -0.00779143355364059 5.93784118857743 0.027991251800346 0.0449550353795971 -12.076824565697 -3.26786654236297 0.00541237243061516 3.31001252209332 12.0846920326533
"etap[207]" -0.0370899899454796 5.96730625067785 0.0281301514351412 0.0382226619391965 -12.2813924555882 -3.28153417960529 0.0182680850945512 3.27971210991964 11.8179225802973
"etap[208]" 0.0160385576587031 6.00659682620665 0.0283153689844288 0.0393983537775521 -12.163520469781 -3.25878140236958 0.0330338478588962 3.34213627503494 12.192327031944
"etap[209]" 0.0157794857884665 5.96110602088513 0.0281009232715989 0.0368548706690675 -11.9338358715356 -3.26607333535036 -0.0185387537978918 3.29232812937475 12.2376680582815
"etap[210]" -0.0438910839978748 5.98822341300927 0.0282287558839927 0.0414754908669307 -12.1355507013062 -3.36337061927785 -0.0376661214946929 3.24090584944565 12.0620018556494
"etap[211]" 0.0691936764948722 6.06150773271636 0.0285742214801229 0.0439505150122625 -11.9639998279692 -3.30109146042998 0.0225622352446531 3.34783279120447 12.4763085069853
"etap[212]" 0.00351455560927586 5.9644995714262 0.0281169206222648 0.0386502231061323 -11.935561799934 -3.28283255980567 -0.0487491886508793 3.24709027339789 12.2208175332919
"etap[213]" -0.0016973952747886 6.00370672208937 0.0283017449029644 0.0399268291265646 -12.2367244463975 -3.28522923420568 0.0134282015743714 3.30349779626222 11.9129079784229
"etap[214]" 0.0123831170819457 6.09103634579798 0.0287134206971165 0.0419084789301621 -12.3498381136033 -3.27160422308909 0.0251032669513207 3.32187967000549 12.2007437410339
"etap[215]" -0.0238454668603724 5.99487578957742 0.028260115487875 0.0396363257653095 -12.0065346168215 -3.29163923482668 -0.0166088953590312 3.25036784337932 12.1306595682183
"etap[216]" -0.0512914108515519 6.05679405799087 0.0285520010043716 0.0451311697864095 -12.5095145381542 -3.32893883030465 -0.0355909553731963 3.31446882615308 12.0942941674126
"etap[217]" -0.0428027434681222 5.9736255792527 0.0281599410357267 0.0397137710773799 -12.3005107393502 -3.28440131648821 0.0165138290748388 3.22798491303691 12.0103472855745
"etap[218]" 0.0291082479836208 5.99305002118802 0.0282515087331482 0.038456782748239 -12.2205309106704 -3.27491494254533 0.0319584933033787 3.34853030647265 12.1687297557496
"etap[219]" -0.0151179092813798 6.06552230073467 0.0285931463352514 0.0447400993694894 -12.1710563759595 -3.30385191752565 -0.0169401813543819 3.30213263970186 12.2784604445533
"etap[220]" -0.00871722208828999 5.96691659144682 0.0281283145639104 0.0435103740323224 -12.0321275720266 -3.22832677120839 0.0266207321402633 3.24475860676758 11.9169685506881
"etap[221]" -0.0651081827209215 5.9937886680079 0.0282549907476498 0.0420698116519723 -12.2785294479135 -3.35671302323863 -0.0487458710669574 3.26927724577707 11.8668726467931
"etap[222]" 0.0279098352622834 6.03110862118712 0.0284309186940938 0.039492257981508 -12.1998273280838 -3.25647050719768 0.0145208525127397 3.31815953683158 12.2714144101528
"etap[223]" -0.0452303800072485 6.0683578587587 0.0286065132839664 0.0412924449774756 -12.4769816466361 -3.32817684808543 -0.0335060754327236 3.27909532354839 12.2067653783969
"etap[224]" 0.0661253705212064 6.05232823444152 0.0285309489102693 0.0365323819629044 -11.9890767000689 -3.25751735893958 0.0808113017496397 3.34587999230301 12.3988165103289
"etap[225]" -0.0465754906984018 6.00348484894604 0.0283006989829363 0.0428510540314324 -12.1398411436477 -3.33335515587245 -0.0577372769368207 3.23459675935739 12.3231193656624
"etap[226]" -0.0168499504563821 6.00874226896446 0.0283254826985801 0.0411332842275742 -12.531920686339 -3.28010880358935 0.0154309150026053 3.30712477550271 12.0074779619676
"etap[227]" 0.00201316855933551 5.9547563796249 0.0280709907756441 0.0405664429463069 -12.1106192454871 -3.32577562041006 0.0279508214184023 3.2841008080629 12.099405488435
"etap[228]" 0.0250003213951118 5.99960396848799 0.0282824043370105 0.0405834828235823 -11.9266559902033 -3.28970499754892 0.00811449221577792 3.32689137078357 12.1534389535784
"etap[229]" -0.00149508543826823 6.05024816521638 0.0285211433699065 0.0392935667479225 -12.2354581445441 -3.29197053192555 -0.0145107779242972 3.29281825547383 12.3280893104217
"etap[230]" 0.0147179800079841 6.06537415772472 0.0285924479824053 0.0440233697836633 -12.1799195559865 -3.31486106123926 -0.01142894628479 3.29227705163946 12.4941785882443
"etap[231]" -0.0599659338384352 5.92891137486173 0.0279491562547919 0.0410271693446738 -12.17271542962 -3.30299032351462 -0.0553476113516295 3.22570583678444 11.8531360116241
"etap[232]" -0.00452315024521668 5.97696418078054 0.0281756793542601 0.042038017277749 -12.2210101380999 -3.32927477429669 0.0102081037570586 3.32839800545394 12.0588929283945
"etap[233]" 0.00179105852915769 5.99860197636981 0.0282776809008675 0.042501983641523 -12.0904674611702 -3.28143983695116 0.0247812169733187 3.30275694830608 12.2263278456393
"etap[234]" 0.0794334115509853 6.00581677296622 0.0283116917781888 0.0407282511115651 -12.0006660236658 -3.26335225838817 0.0331283661266691 3.39520146522194 12.4114542596125
"etap[235]" -0.0550109682424412 5.99042736125669 0.0282391453956669 0.0424862895846826 -12.3017338794586 -3.33459175221761 -0.0478460774501456 3.26550331733467 11.9988914290335
"etap[236]" 0.039682308556587 6.18520778935535 0.0291573491393402 0.0397734769370318 -12.3529580752364 -3.24688203085528 0.0231495229836996 3.34104345549367 12.5751611755764
"etap[237]" 0.12173267059838 6.09987191361172 0.028755071963228 0.0467674003116661 -11.9849060932849 -3.23957935852538 0.0701985259844262 3.33887963481947 12.7779544017841
"etap[238]" 0.0232691777332602 6.08678847952022 0.028693396063446 0.0405870330403006 -12.0929520612662 -3.2734446030636 0.031133114939027 3.28749298245951 12.3108370849845
"etap[239]" 0.0965804670318948 6.08474018266377 0.0286837402994655 0.0447083868056718 -11.9903854173573 -3.26402305785361 0.039021179362123 3.37934570461697 12.5374262931814
"etap[240]" -0.00527835910555353 5.98953338188472 0.0282349311364926 0.040295919667681 -12.2182534322535 -3.34657871179391 -0.0242017735413544 3.29734811815291 12.4222638623861
"etap[241]" 0.0137114885039993 6.11615499972777 0.0288318311673034 0.0435068059018051 -12.1038915212208 -3.28618866792592 0.0250398817314886 3.31473822891577 12.1905627131674
"etap[242]" 0.00932481799525361 5.94247927388129 0.0280131159441465 0.0400767745012416 -11.7414751697762 -3.34861806860986 -0.019947358964479 3.29473140306985 12.1664998639718
"etap[243]" -0.0241577396025564 6.00431870996728 0.0283046298414875 0.0431616992715739 -12.1550042795623 -3.33553028554802 -0.0162575016992793 3.27412853646031 12.083739508659
"etap[244]" -0.0443618140690074 6.01105050896633 0.0283363638462996 0.0400211225432489 -12.2530069438789 -3.34301881053888 -0.0400856262801205 3.23044706153051 12.0100427786981
"etap[245]" -0.0787818047386762 6.0415801345688 0.0284802818815702 0.0445583775764733 -12.3112660027217 -3.32279436056795 -0.0514367186789115 3.25321162388658 11.9041858224021
"etap[246]" -0.0674429345601565 6.03806422818472 0.0284637077399289 0.0423836474487498 -12.2300628809566 -3.27810244715057 -0.0209344552894079 3.27378980497667 11.8326006172655
"etap[247]" 0.071931285073338 6.05824776569499 0.0285588538482079 0.043161137451831 -12.0102735261857 -3.26685457179818 0.0388305143463492 3.32540368350862 12.5151477717325
"etap[248]" 0.0476305663488245 5.99488352174366 0.0282601519376562 0.0429332478016744 -12.2110160305408 -3.1816647259498 0.0598966323240221 3.28584834083261 12.084242350483
"etap[249]" 0.040853426090815 6.06000342999013 0.028567130129065 0.0435854035552464 -12.2213647389306 -3.28027444896374 0.0195119901709487 3.3464074753307 12.4413745392578
"etap[250]" 0.00324549556304361 6.11071571630512 0.0288061901393504 0.0522130062617073 -12.3040982724589 -3.3056789732658 0.00729086834527463 3.31730874383131 12.19096610092
"etap[251]" -0.0120204985308859 5.92644170988525 0.0279375141424444 0.0396075319754139 -11.9355578217245 -3.29574561945399 -0.0175518073247787 3.28329363473147 11.9807966271498
"etap[252]" 0.0606860695313062 5.98383536420376 0.028208070423549 0.0391864519944936 -11.9325145946147 -3.27241496039385 0.016886850943424 3.32718896300049 12.2756949087804
"etap[253]" -0.035361499106079 5.94337011775434 0.0280173154224372 0.038102812320479 -12.1237867624736 -3.33291082598206 -0.0249186588089159 3.24723421448572 12.0181590381996
"etap[254]" 0.0424385219422831 5.94063677729901 0.0280044303319622 0.0403084920275317 -11.9995115693652 -3.25045206781629 0.0680299992842369 3.32762763615675 12.064894731864
"etap[255]" 0.0378757778529394 6.0466884408078 0.0285043626681167 0.0393116066309091 -12.1404220166313 -3.27494744324895 0.0219312454170878 3.37872672202046 12.2650014932508
"etap[256]" -0.00814662467328392 5.9688285664469 0.0281373277004972 0.0401724708675557 -11.9243092728694 -3.32514410219054 -0.0419866448444202 3.26097763963399 12.3015767129706
"etap[257]" -0.137205432374015 6.07721824789963 0.0286482815589364 0.0434032084394482 -12.4988928620787 -3.41222705655203 -0.0351568166831591 3.26717181069586 11.9119730176045
"etap[258]" 0.00917618337023866 5.97043386618399 0.0281448951560301 0.0386996665451266 -12.0895412790189 -3.27066871715802 0.0231540672549308 3.24551898104383 12.1893370619868
"etap[259]" 0.016815683969905 6.07513159911417 0.0286384450022287 0.0459505101889078 -12.0290695983896 -3.29470779346212 -0.025094426326463 3.23687547059521 12.3687419576024
"etap[260]" -0.0424184912680313 6.07062898408029 0.0286172194714052 0.0453576153305617 -12.3508934476951 -3.35034117303585 -0.0286428311468099 3.29269842998354 12.2302259830411
"mean.p0" -2.01717534709727 0.369405180675484 0.00174139272174051 0.0114300058999508 -2.80672532453477 -2.22816713257613 -2.00217895971751 -1.77337692850207 -1.33203865139041
"mumup0" 0.890668541063198 0.116481050708619 0.000549096938905324 0.00301176588870721 0.523506386646688 0.874717578945351 0.922108440993373 0.954500072258945 0.989648707275138
"mupsi" 5.38903775629812 1.30712652090279 0.00616185351199426 0.0125759518758292 3.04619670327818 4.46527123438764 5.30664719767458 6.24057246513821 8.14228286963284
"ppo[1]" 0.112399845849387 0.0585842957888891 0.000276169018822413 0.00140788796986978 0.016299203243976 0.0753700190455062 0.106384062361549 0.142475137412815 0.23778991761176
"ppo[2]" 0.112380314326676 0.0587665607421125 0.000277028224051726 0.00132076650285721 0.0157872436675861 0.0752944770138639 0.106767073942387 0.142301844780086 0.240849911928438
"ppo[3]" 0.132240146918085 0.0624943999948656 0.000294601426817027 0.00105984951169433 0.0364686366555864 0.093068722053513 0.121964378673959 0.160595088747834 0.286154323109978
"ppo[4]" 0.113991438315994 0.0618830950280717 0.00029171970756774 0.00143109246007226 0.0166571005609417 0.0755988701291109 0.107669692415655 0.143142865442309 0.247732581319387
"ppo[5]" 0.159255079595384 0.0777267986987001 0.000366407642931817 0.00158887463557035 0.0593777279785106 0.106391135944886 0.140771703058096 0.191107744935681 0.368585591545734
"ppo[6]" 0.131531642403617 0.0612591259521776 0.000288778289135637 0.00104129242728155 0.0369985010663501 0.0923426782692591 0.121766891170853 0.160090800659018 0.280177895370903
"ppo[7]" 0.131818136969047 0.061774916073522 0.000291209747085449 0.00111518669948932 0.0359891829165123 0.0925128646510373 0.122198959111249 0.160547575315541 0.283578199125805
"ppo[8]" 0.159755139739857 0.0794491392535731 0.000374526834170905 0.00151738289817268 0.058906349022189 0.106110949558656 0.140801078637469 0.191346595149048 0.375843712961349
"ppo[9]" 0.113101718621039 0.0591028430251832 0.000278613473936741 0.00139417937422861 0.0171769791126806 0.0754976529758082 0.10712098455016 0.142825821765017 0.243877803619393
"ppo[10]" 0.113812923915301 0.0600131239979198 0.000282904579594122 0.00138672686358099 0.0168623750513833 0.0762672901358756 0.107635285563572 0.143477846936566 0.24414597095721
"ppo[11]" 0.159909740765158 0.0799920707077449 0.000377086237590668 0.00166962813681299 0.0586643899113903 0.106483216935339 0.140834301634659 0.191042206146913 0.375343948597047
"ppo[12]" 0.132541811101317 0.0619216712513934 0.000291901557628429 0.001102441821114 0.0384095239830804 0.0929864080275672 0.122724060379826 0.160974371005401 0.286361267839607
"ppo[13]" 0.13255731677344 0.0621958948777373 0.000293194260200091 0.00108666019056543 0.0382147737880885 0.0931098049399702 0.122470889617289 0.160658165840021 0.287697243334885
"ppo[14]" 0.158738027827438 0.0784036326845691 0.000369598268939454 0.00154396080711953 0.0585443546705732 0.105628671388392 0.140536571012903 0.190051679794395 0.37035712089837
"ppo[15]" 0.132770674182791 0.0624423497753871 0.000294356059729323 0.001068252267461 0.0375415668186853 0.0930633979248477 0.122539544325613 0.161995385051997 0.283942290804493
"ppo[16]" 0.112980596240134 0.0593826829375106 0.000279932651934429 0.00125474203092687 0.0159849664559455 0.0753806809903022 0.107210596221272 0.142841711081753 0.243675111237314
"psi0" 0.990608170900113 0.0134364387952316 0.0000633399799140417 0.000118191158945115 0.954618043038406 0.988629206329919 0.995065941814179 0.998055050581936 0.999709112449181
"sdeps" 0.502685926037337 0.414341983831486 0.00195322684331687 0.0178590146752745 0.00770738662032722 0.190189266968998 0.408652666575445 0.706340824356711 1.56131476271514
