"Mean" "SD" "Naive SE" "Time-series SE" "2.5%" "25%" "50%" "75%" "97.5%"
"N" 25.1098 0.372994409395978 0.00175831250819045 0.00607867200314843 25 25 25 25 26
"betapsi[1]" 0.0450270540164681 2.51755735029702 0.0118678791628071 0.0185306345127173 -5.43930097056547 -1.06317460709655 -0.000704864925143274 1.10559263056013 5.71093565866219
"betapsi[2]" 0.0793620530035713 2.57014423130565 0.0121157760972247 0.020243261810314 -5.3578676440736 -1.06002028023224 0.00447956630368302 1.12012604695913 5.94486893310185
"betapsi[3]" 0.0756013125579033 2.55915997941361 0.0120639958372306 0.0186450454224666 -5.42414012616033 -1.05267749148106 0.012024716694585 1.14316747572568 5.93041967921525
"betapsi[4]" 0.0620823317088116 2.50465908982979 0.0118070761798612 0.0179834262300309 -5.28515005914576 -1.05129096088982 0.00065845367645262 1.10488113782489 5.84999062345991
"betapsi[5]" 0.0934457561099404 2.54630829780279 0.0120034124291195 0.0180405732036525 -5.34274055778607 -1.04712520922459 0.0115093712204988 1.14170260488545 5.96708500196774
"betapsi[6]" 0.06765512166688 2.52483246970035 0.0119021744045673 0.0184249918968516 -5.46121885875522 -1.02344754021234 0.0117658816752002 1.12039716113256 5.83570215099092
"betapsi[7]" 0.0551465020348715 2.52603705088936 0.0119078528547489 0.0188174515044119 -5.33863987139104 -1.06873285525871 0.00357666600600541 1.11294126455117 5.79090877695043
"betapsi[8]" 0.0478897361727399 2.52485809223622 0.0119022951903598 0.0183133381604233 -5.41451749500249 -1.05772051686288 0.00548305250100999 1.12512220720929 5.71084401457716
"betapsi[9]" 0.0539522318457559 2.52997564735843 0.0119264195765598 0.0186914724544434 -5.4793641476623 -1.04990296884866 0.00865870414088658 1.11939202009569 5.69152413125388
"betapsi[10]" 0.0694853741343275 2.52419480639801 0.0118991684309326 0.0184963856453937 -5.32447022806345 -1.03318549391554 0.0116959844663355 1.1334332607485 5.80138610894628
"betapsi[11]" 0.102493505546879 2.58891630141992 0.0122042684843895 0.0202502847638525 -5.41121454245563 -1.03655227073408 0.014361626524916 1.15558077564305 6.03374290340445
"betapsi[12]" 0.0567274927488619 2.53529663139815 0.0119515029358736 0.0190122746124593 -5.30969121979718 -1.06816400376349 0.00334836874029091 1.08689595309891 5.90460309085819
"betapsi[13]" 0.0378673775629185 2.5439487425271 0.0119922893788794 0.0186348531293972 -5.48650468322028 -1.07272424976548 -0.000275236718405512 1.09110714599907 5.82833844028433
"betapsi[14]" 0.0803542305927991 2.55537572012835 0.0120461566678814 0.018590179694251 -5.43839391070611 -1.01507615413427 0.0110030106005653 1.12365412486282 5.89896144102845
"betapsi[15]" 0.0520876604372143 2.49482035343991 0.0117606959317305 0.0170076284735345 -5.35417086807015 -1.05303676122417 0.00835166428240084 1.13253670123505 5.6424391623734
"betapsi[16]" 0.0676803729938325 2.56807189492503 0.0121060070098405 0.0195270544772794 -5.46882367975323 -1.04129005852321 0.0114391506804508 1.11394127822456 5.94128296569219
"etap[1]" 0.133915473703249 5.9529068414706 0.028062271969171 0.168340191040527 -11.5519060973041 -2.93836251656982 0.105976150407341 3.20604609685595 11.3993025256459
"etap[2]" -0.162011189453439 6.05346783979423 0.0285363210614212 0.223703968772403 -11.7175033277803 -3.7859802285665 -0.244842488705073 3.46585953234647 11.8147986793248
"etap[3]" 0.0457526382492423 4.78335886221497 0.0225489699221398 0.0665997598077999 -9.08933284633143 -2.51106307419935 -0.0161396379106417 2.52200861619411 9.57143941337493
"etap[4]" -0.191936592696338 8.07254058629971 0.0380543212665077 0.352499334622935 -15.1078590454438 -5.52215466147126 -0.475236125221524 5.18312061894458 15.2660393960932
"etap[5]" -0.050869644524866 4.68999128237834 0.0221088309298368 0.053970892612771 -9.56751499424459 -2.63595996423746 -0.0265979764489018 2.48363580193244 9.34511302084946
"etap[6]" 0.118380029891109 5.95821914769537 0.0280873144208728 0.150930503822645 -11.5471051419867 -2.96553221784751 0.0678084821119993 3.19357310843695 12.0139510999635
"etap[7]" 0.042373941883337 5.7325541701122 0.0270235195147037 0.142224734480115 -11.3969966690831 -3.00811560880258 0.0577507467209098 3.14842541147602 11.4412537569582
"etap[8]" 0.160226215814193 5.77421025657064 0.0272198881894534 0.143858501765853 -11.0654146165034 -2.92815961972829 0.0993658772596414 3.18703250477323 12.0215647331525
"etap[9]" -0.00397601701438399 4.70553832613927 0.0221821203969752 0.0605336979829448 -9.29144478690454 -2.55745234602592 -0.0534045641436571 2.51056224592312 9.45060581086507
"etap[10]" 0.0239909678852711 4.7381768844139 0.0223359800362028 0.0649854574046533 -9.30283725049167 -2.56608210908548 -0.00997667378653331 2.53412199445138 9.60954319883933
"etap[11]" 0.151072451138717 5.71377448616517 0.0269349912355871 0.135727886191143 -11.303439556729 -2.98726818648657 0.116764181473426 3.24217876011748 11.5721188181133
"etap[12]" 0.147242107887686 5.7332229324744 0.0270266720907125 0.14704428833674 -11.2893772166427 -2.97365747508837 0.128117992275077 3.2424540211439 11.7507427525857
"etap[13]" 0.161114614337817 5.82024391698172 0.0274368929457169 0.14776505703915 -11.068389983333 -2.9475603167355 0.0965313098791717 3.17951409544908 11.8725354330635
"etap[14]" 0.177649846248417 5.74568961368191 0.0270854405895173 0.141758284392166 -11.2652118602487 -2.8668408458553 0.134023002129709 3.23811832954443 11.7580478988222
"etap[15]" -0.00132404735780428 4.70132604905708 0.0221622635323815 0.0646307043862678 -9.15278857391439 -2.54194553421284 -0.0425124809005985 2.52196183558228 9.41043915230205
"etap[16]" -0.156284982253798 6.06927073788351 0.0286108166374301 0.24054515831435 -11.7863463413101 -3.78469487226099 -0.168375220238385 3.48520154563052 11.5115943362789
"etap[17]" 0.135408093033959 5.72619006887167 0.0269935188537481 0.135059160112975 -11.3274680319243 -2.87176776264327 0.113133565204597 3.18873189170802 11.593534579868
"etap[18]" 0.135136368187942 5.83070556917881 0.0274862096471234 0.158619321992063 -11.3534897874882 -2.93838970523183 0.145659337320202 3.18373045469643 11.6001478422949
"etap[19]" -0.13333079819096 5.93925495604081 0.0279979163640818 0.225549838058028 -11.6562837379528 -3.77718316903956 -0.16878269456381 3.49211071850986 11.4361319901283
"etap[20]" -0.160666132283111 6.02336176695052 0.0283943996730033 0.215334023192091 -11.8438466685537 -3.78712893304475 -0.219783878436056 3.4763049337809 11.4766453662401
"etap[21]" 0.0594414284288931 5.89929395361312 0.0278095383920842 0.161193893109095 -11.6727485859731 -3.0045876810144 0.0963060463826196 3.19100238379468 11.6904391036337
"etap[22]" 0.104014375791675 5.78116939493096 0.0272526938822921 0.145521267199712 -11.4115235551928 -2.9417676684936 0.0864070184716245 3.20015869203893 11.5591624973983
"etap[23]" 0.0366582655434635 5.90051942777816 0.0278153153326993 0.13725565292401 -11.6602071544184 -2.95486031072518 0.0818947927759128 3.14339087643731 11.4388618185579
"etap[24]" 0.0963041476488219 5.83093861138021 0.0274873082185961 0.140251524451571 -11.4818792037714 -2.99471711686128 0.104208411146162 3.18781046365767 11.657032862395
"etap[25]" -0.134898706211396 6.06324105300517 0.0285823924303241 0.218405601066399 -11.6865310141299 -3.74271207007853 -0.181754214307723 3.48059251918588 11.6102102654094
"etap[26]" -0.0751321349425582 6.70160874750693 0.0315916866014749 0.097115846879966 -13.6190856454696 -3.71635765810169 -0.0479557542145885 3.48701717862002 13.2160035858991
"etap[27]" -0.00452354488618392 5.98417282157481 0.0282096612128519 0.0519169131840101 -11.9986542540257 -3.24732412586492 -0.00822253401855916 3.22857095562722 11.975933027985
"etap[28]" -0.0174129228325605 5.91944272522475 0.0279045206123453 0.0499324444140571 -11.5445240671578 -3.21535717518458 -0.0108008136210432 3.12563891663759 11.6406409778221
"etap[29]" -0.00113547637085049 5.81117965672983 0.0273941636131132 0.0436809586932686 -11.9025982435263 -3.20337519393948 0.0328449146334084 3.20740638503103 11.595434968605
"etap[30]" -0.0549759316999156 5.99216706420076 0.0282473464339936 0.0612618171815832 -11.8463279919825 -3.28224960068415 -0.0506409585024254 3.16384253323388 11.7594229571818
"etap[31]" 0.0646531562225158 5.89879636032506 0.0278071927148292 0.0454659715558687 -11.663118771547 -3.12800776805657 0.0357156085388635 3.25930581217308 11.771474771237
"etap[32]" 0.0271235766116125 5.92710940281353 0.0279406616770933 0.0538028971144279 -11.9567632566726 -3.15125879591948 0.00173109362059894 3.18067806576213 11.9652964745342
"etap[33]" 0.00999390586575482 6.02863450816375 0.0284192556134521 0.0610005403170612 -11.7089319941368 -3.1875171716131 -0.0371891289126973 3.13234754504363 12.0281082596482
"etap[34]" 0.0759474564640749 5.94616048086387 0.028030469320282 0.0466057042308185 -11.659614267188 -3.16705797180549 0.0412522576511807 3.26924520087267 12.0295383024143
"etap[35]" -0.0273288932034079 5.99335193559353 0.0282529319713047 0.0497557098576236 -11.8353132236946 -3.22119188333829 -0.0333520948009341 3.14408187224243 11.7690103745539
"etap[36]" -0.0377460523597578 5.80303460639115 0.0273557674775959 0.0469230594259761 -11.6510352254313 -3.26876826921918 0.00617148660342758 3.19725892080608 11.4746233898089
"etap[37]" 0.0626286008261322 5.87725375730047 0.0277056399102752 0.0444841375999987 -11.5520368433494 -3.19053226511561 0.0322376840009906 3.22271259130991 12.1148763762559
"etap[38]" -0.0590277142511339 5.8835343790124 0.027735247044959 0.050027914449695 -11.6492794087335 -3.20851352464141 -0.0688015879697068 3.07242571981481 11.8341469453097
"etap[39]" 0.0539894958526738 5.93837508921212 0.0279937686320744 0.0501380072101657 -11.5787044397357 -3.1861736613384 0.0257878387669302 3.21965260183628 11.911912193889
"etap[40]" 0.0196747164814685 5.98266437295491 0.0282025503178639 0.0596911501910094 -11.3796880100208 -3.23698872886987 -0.025769549400697 3.18057120539621 11.8985621201886
"etap[41]" -0.00286363436314982 5.93640320626386 0.0279844730867116 0.0515061521012038 -11.7150518402188 -3.21548081206443 -0.0152987033542969 3.15483036601578 11.6208160315716
"etap[42]" -0.00574703705568654 5.83642863347993 0.0275131884309666 0.0450919895651795 -11.6148685236353 -3.17887506087028 0.0126581536861697 3.16516591193121 11.7709893983373
"etap[43]" -0.0911223935047903 5.90519998123394 0.0278373796732879 0.0479892561510381 -11.9671381949991 -3.26618476315936 -0.0295623969563827 3.15763476424908 11.5884180585923
"etap[44]" -0.0396718085580742 5.90905248215496 0.0278555405367931 0.0535068026629727 -11.8259324413267 -3.19913628910265 0.00600931493600502 3.13966648832428 11.6339625428979
"etap[45]" -0.0107754258109852 5.8715527007951 0.027678764872176 0.0468185559772444 -11.6728336445836 -3.22119484111491 -0.00493865044422084 3.17259521540074 11.6886970084079
"etap[46]" -0.00979352911667385 5.91012881060823 0.0278606143977804 0.0473653902421677 -11.9356498308306 -3.24256373105517 0.0172329198962065 3.22570051008592 11.6657429924843
"etap[47]" -0.0215270636249241 5.98576877995089 0.0282171846327867 0.0472494468271744 -11.9159371145942 -3.16747847457251 0.044639232942279 3.16603194217004 11.7037774710187
"etap[48]" 0.0123884554238027 5.78437389587009 0.0272678000445879 0.0458216519335447 -11.4784430640793 -3.19763890068029 0.000797364750413173 3.1785413452846 11.7210133433352
"etap[49]" 0.0508617167425483 5.88118944133416 0.027724192902734 0.0524452888074549 -11.6868257587655 -3.13163342127491 0.0245629289185969 3.21676161560758 11.7617981213203
"etap[50]" 0.0253671461602303 6.0039847184935 0.0283030553905811 0.0495514246636547 -11.820580911903 -3.16731049539901 -0.0062381488704017 3.24921972260273 11.7553936621097
"etap[51]" -0.0145975445161253 5.89202290085695 0.0277752623206826 0.0453984164600392 -11.7319759967246 -3.21393861690422 0.000315588658403803 3.20610380785405 11.657581333226
"etap[52]" -0.0498430106947734 5.84644276726901 0.0275603955103664 0.0419107652604189 -11.8540999352162 -3.20175239542598 -0.048335346805408 3.17140361937114 11.5463275604651
"etap[53]" -0.00374361232272017 5.93409252741291 0.0279735804421473 0.0477204975710977 -11.867586929312 -3.19119030534285 0.0251418426063498 3.22113328051962 11.7967476577273
"etap[54]" -0.00215200168813215 5.85987493723153 0.0276237153668101 0.045299561189235 -11.6815700462839 -3.24764235279997 -0.00250181070592834 3.15991588750381 11.8070743677948
"etap[55]" -0.0503526854981068 5.90273976545306 0.0278257821048756 0.0501133316792597 -11.9126144732364 -3.2096260551883 -0.00880696336465792 3.16732104654722 11.5489865533482
"etap[56]" -0.116455993995069 6.05168643043786 0.0285279234171815 0.0685532281243904 -12.0589339072082 -3.29311245507467 -0.0380339053037878 3.16372523972196 11.4294843782523
"etap[57]" -0.0411828908616842 5.91142888095175 0.0278667429881533 0.0412355942185147 -11.88461502333 -3.19392920038383 -0.0170095203777636 3.16715479900829 11.6023457656197
"etap[58]" -0.00191011085663955 5.96470710562714 0.0281178989478703 0.0536715501428618 -11.7387634137574 -3.22849741293754 0.0273987850049181 3.26278080954157 11.6198741604061
"etap[59]" -0.00254169725766328 5.8315153972293 0.027490027213164 0.0483340703157497 -11.506381271745 -3.17933341946635 -0.026001784894838 3.15193558840594 11.725536734679
"etap[60]" -0.045736994846156 5.96892708524416 0.0281377921225613 0.0463292946461632 -12.1907517940228 -3.25357045053901 -0.000225750935343682 3.20635719970694 11.7248008507147
"etap[61]" -0.00996469489682441 5.89977696920065 0.0278118153494 0.0441204948994268 -11.655132045818 -3.16371638524091 -0.0152295302386054 3.1011085214468 11.8204149489108
"etap[62]" -0.0857281467987852 5.99893975084062 0.0282792731849929 0.0475127365242053 -12.3343647104303 -3.24106612044359 -0.0156495300661372 3.21874084072955 11.7355345538798
"etap[63]" -0.0167364163328516 5.86489467104666 0.0276473786189463 0.0456903143542261 -11.772268501408 -3.18485162552951 0.00518780817776222 3.21188224211034 11.7702502093761
"etap[64]" 0.0516911790977218 5.8194220028933 0.027433018405547 0.0414782032776367 -11.3427058280178 -3.15086228714148 0.043721421215986 3.23183382817657 11.6073646702379
"etap[65]" -0.0102984380608224 5.93951656955808 0.0279991496220292 0.0527024357511418 -11.6129031681557 -3.18497357569919 -0.0269693681189426 3.20666952199834 11.7834080025947
"etap[66]" 0.00211334435400883 5.96876124958116 0.0281370103657489 0.0502696436904847 -11.7327712300697 -3.19369120979694 0.0157685080833908 3.18779137978695 11.6707971419712
"etap[67]" -0.0465980675616977 5.76516069145906 0.0271772281304055 0.043084408000639 -11.5885433052941 -3.28778901394279 -0.0390703799595865 3.15117547470558 11.5361384191374
"etap[68]" 0.0664849185605401 5.83249866044538 0.0274946623604159 0.0502819751378852 -11.4660695921996 -3.17129712816373 0.0542444524931223 3.23308668649978 11.9999183419822
"etap[69]" -0.0047480108770135 5.90204012713063 0.0278224839781946 0.0436219181411377 -11.8171509304936 -3.20419885056518 0.00445694141681702 3.15594141504781 11.8180549497085
"etap[70]" 0.00987136023283736 6.00261126032389 0.0282965808466783 0.0657225670200289 -11.9202286994722 -3.17718998518208 0.0487168066175627 3.249546907298 11.7168850617214
"etap[71]" 0.107046499710323 5.92513427471111 0.0279313508339271 0.0461581249277683 -11.5177927628723 -3.13201841427948 0.0368649823807084 3.24308176739919 12.2555402202408
"etap[72]" 0.0440359174857559 5.9232202706917 0.0279223281324515 0.0581861278699153 -11.756295454029 -3.19264901037836 0.0172790299211939 3.22442854569089 11.9523107757064
"etap[73]" -0.0689294178316577 6.24384935053792 0.0294337881098172 0.0627638035296138 -12.132007476522 -3.2570186928466 -0.0029202569521623 3.20076878003502 11.9082510591382
"etap[74]" 0.0205405351407947 5.89445828800438 0.0277867428457943 0.043473670244866 -11.6546947086907 -3.17308874445599 0.0351540793590244 3.22638752091817 11.613919610363
"etap[75]" 0.0714306785647386 5.8019324933248 0.0273505720667769 0.0464444907117628 -11.4060104615004 -3.14378206518469 0.0611987013331857 3.22861092961302 11.6681732503204
"etap[76]" 0.077756868046108 5.79496060350108 0.0273177062629633 0.044422392978841 -11.5442432831631 -3.1284813972376 0.00319316789105241 3.18944307473731 11.7335605736403
"etap[77]" 0.0315981443783206 5.90729033845628 0.0278472337117347 0.044802833981993 -11.66763847043 -3.18509335271403 -0.0222770993207251 3.16750037350596 11.7779669237302
"etap[78]" 0.0277041241817955 5.94270038868131 0.0280141582893099 0.0514084694537854 -11.7563621903874 -3.20521888873153 0.0298362006894081 3.19822840184605 11.715844891098
"etap[79]" -0.000293103656683604 5.85647776099762 0.0276077009244642 0.0454548316016074 -11.6575646338254 -3.23119322789546 -0.0249486654608937 3.20441456547184 11.5439180137632
"etap[80]" 0.0294705850480931 5.9644011525042 0.0281164566710172 0.0628447320769972 -11.5846648429482 -3.16965450984297 0.0105419970514349 3.2326437809917 11.7837204949649
"etap[81]" 0.0568477687689823 6.1622422629119 0.0290490886094623 0.0715652029141572 -11.7270384899238 -3.18867865453933 -0.0148742880885565 3.17049415499618 11.9881930148742
"etap[82]" 0.022781833869786 5.92466406062924 0.0279291342234877 0.054963483277131 -11.6828175395298 -3.15685922859429 0.0269503963421956 3.18863031061468 11.6387212359489
"etap[83]" 0.0904534181459944 5.92336605525834 0.0279230153674892 0.0479165898157339 -11.5388435382688 -3.17886381915006 0.0422242937067482 3.26384460428018 11.9060879251349
"etap[84]" 0.0400567884796027 5.89173870756314 0.0277739226206477 0.0432815664275934 -11.6245669424672 -3.15167709691827 0.04982426414157 3.25646725120035 11.5772609817023
"etap[85]" 0.0589467319048895 5.82722269257244 0.0274697912093473 0.042692470657637 -11.5392032337487 -3.13852695846976 0.0423812962266287 3.21463397469307 11.8664924660018
"etap[86]" 0.0186744233843751 5.95102727812308 0.0280534116225797 0.048327127126661 -11.5355532731259 -3.18934791640738 0.0000341958926597622 3.17168599532302 11.8620608485824
"etap[87]" 0.00647651899774298 5.82236699436037 0.0274469012284597 0.0442379140011613 -11.7385360783833 -3.18013614748387 0.000656834261150187 3.21295301384772 11.6026460630619
"etap[88]" 0.0555258441365325 5.86776714628408 0.027660919597074 0.0549146708102744 -11.5153765925109 -3.16070394004047 0.00568091126600507 3.21523607087136 11.8624290527789
"etap[89]" 0.0463020668236086 5.86412465214684 0.0276437487150416 0.0452118165284153 -11.5134806309021 -3.13939074597551 0.0330710841545005 3.19998667644968 11.7657792022699
"etap[90]" -0.0155247731954502 5.96970712246657 0.0281414692532916 0.0497458304731429 -11.7318085970836 -3.20707620889322 -0.00673778330821276 3.20202498765058 11.6165250715874
"etap[91]" -0.0343313839940591 5.94786325540741 0.0280384962764592 0.0525501051942575 -11.920497735884 -3.18948029850022 -0.0500998056471123 3.16945112454837 11.5964234537329
"etap[92]" 0.00644243597126812 6.0051994231203 0.028308781563106 0.0518738973200214 -11.753370990641 -3.17973146977684 -0.00916584686011142 3.17449875202173 11.8066541887192
"etap[93]" -0.0324502850628058 5.92717225685922 0.0279409579739062 0.04968496588071 -11.7225706772531 -3.24183809492437 -0.00664479361092021 3.2128198883893 11.5475352012711
"etap[94]" -0.0783381104370562 5.8742748480676 0.0276915971974812 0.0462248627745232 -11.8698336915432 -3.23306980311895 -0.0521138394274849 3.11837002349589 11.5807763362372
"etap[95]" -0.00460523777721353 5.91724478363333 0.027894159416319 0.0503474462225539 -11.7798263802852 -3.14156460422465 0.0498801492850656 3.22174726320167 11.6302219310343
"etap[96]" -0.103446922884406 5.8802937746696 0.0277199706895861 0.0488549926236398 -11.897079086891 -3.2523798595105 -0.065041190495392 3.07616187564871 11.6332467401255
"etap[97]" -0.021322053979052 5.96067446038907 0.0280988888759105 0.0446477306635254 -11.9151520810621 -3.24759313275338 -0.0274948980325272 3.19411681704314 12.0307803376296
"etap[98]" 0.0527046512069346 5.84289788541756 0.027543684777062 0.0499769718144251 -11.2991954640972 -3.22756927862018 -0.0100212757971672 3.20063352086306 11.7058394737146
"etap[99]" -0.0375828158372375 6.00698970063755 0.0283172210122571 0.0466495230014263 -11.8499635113974 -3.1789402631617 -0.0454609317414194 3.16290893900961 11.8197448517657
"etap[100]" -0.0117527416892936 6.0048433353351 0.0283071029491887 0.0507808873197705 -12.0122390546855 -3.26571765925341 -0.0138384456734572 3.20301345584198 11.7841794932804
"etap[101]" 0.00452794782813206 5.93779675024766 0.0279910423160504 0.0450889593125274 -11.5451277096897 -3.158546278618 0.013054437524643 3.15422803058833 11.5214149346968
"etap[102]" 0.0690117316819385 5.88584836940645 0.0277461553002872 0.0440676254108906 -11.4439095871119 -3.18632962205259 0.00166315756681992 3.24557401569396 11.9446521432556
"etap[103]" 0.0158086738808441 5.87907223388684 0.0277142122911128 0.044410606223099 -11.7372740916182 -3.17609662044736 -0.000278305349462578 3.20243265607072 11.7042275156239
"etap[104]" -0.0164585024557322 5.82754595954607 0.0274713151044753 0.0492828958252487 -11.7883969079734 -3.11183552315587 0.0253660569425948 3.20215627696896 11.4152733836795
"etap[105]" 0.0026456970048123 6.08855465423279 0.0287017218908861 0.0479837950136405 -11.8303932651841 -3.21216535433723 0.0366979250966578 3.14700911124099 11.6546200208696
"etap[106]" 0.0227285274949291 5.87776969217432 0.0277080720505948 0.0443312851990441 -11.7664017945556 -3.18769573380104 0.0250628414587579 3.21240003385261 11.7619014214699
"etap[107]" -0.0127215078137659 5.90419448811016 0.0278326397332462 0.0470383763877904 -11.8363166070986 -3.21598831122435 0.0123967941797464 3.18995860048915 11.8546002339257
"etap[108]" 0.118845774643037 5.92499997841586 0.02793071775512 0.0508238008833536 -11.5227932077393 -3.09649482588889 0.0553276190061964 3.26159147155798 11.9241041748191
"etap[109]" 0.13433020511469 5.99103872052315 0.0282420273708873 0.0554532588696354 -11.3501397958541 -3.11522471144724 0.0355616374870806 3.22523733521094 12.0235179859739
"etap[110]" -0.0602372879202619 5.87476419889549 0.0276939040194064 0.0449486017146013 -11.6086430592086 -3.27062143455997 -0.0266754471680644 3.15634728002191 11.5715364467424
"etap[111]" -0.0190789900500106 5.86626906281364 0.0276538575638692 0.0434645321029546 -11.7485642359619 -3.19035212583224 -0.00204551776858901 3.15055548899989 11.6657803427688
"etap[112]" 0.027610766550833 5.93293705904332 0.0279681335120167 0.0526312971495239 -11.6213566852852 -3.15553785438228 -0.00399688149679361 3.21414031629448 11.7515624948139
"etap[113]" -0.00772161551845203 5.94933641744601 0.0280454408289077 0.0436801551369237 -11.8598036900234 -3.17093342976912 -0.00863001189134137 3.25910125687757 11.713521165558
"etap[114]" -0.0506636580200872 5.94195461621862 0.028010642684206 0.0546356208156326 -11.8034428445253 -3.26433047916443 -0.0519785782257811 3.11495700091521 11.7675663443732
"etap[115]" 0.0209429551553064 5.87953151857852 0.0277163773799127 0.0465894377405624 -11.7589415906243 -3.16151731027571 0.0236517489833179 3.1922042274615 11.6644377218654
"etap[116]" 0.121720485233662 5.83571926737089 0.0275098444470596 0.0467861104334569 -11.5611752375418 -3.08953649630061 0.0788748402572508 3.27218534497755 11.8630332782658
"etap[117]" -0.061726007785691 5.85093430787829 0.0275815688358517 0.0462126945958479 -11.6869144701433 -3.28176064930519 -0.0310931933630365 3.1651129181581 11.3954732658033
"etap[118]" 0.029296812202521 6.00945845843665 0.0283288588481294 0.054086045872737 -11.732528515112 -3.18443897170333 0.000530270076211133 3.16767412884434 11.9495366017207
"etap[119]" -0.00199315209830678 5.91015330579497 0.0278607298691981 0.0420086165295334 -11.7075102149491 -3.21275064682591 0.0291388589529988 3.21164270635668 11.7443513385916
"etap[120]" 0.0381171284109165 5.85347776627749 0.02759355881373 0.05229481656027 -11.8367023750798 -3.20854020727208 0.015166088122611 3.20366331324511 11.8801075771798
"etap[121]" 0.05700085033902 5.84272777293378 0.027542882859123 0.0422355135156092 -11.5471484954476 -3.16966460916487 0.0233632944896849 3.21739518642677 11.8645470551122
"etap[122]" -0.00107413582526938 5.9001027515775 0.0278133511022524 0.0472097255798669 -11.7371822616487 -3.18383751454034 -0.0174516609294745 3.141020810852 11.6909497949079
"etap[123]" -0.00455157731245791 5.84644625624483 0.0275604119575561 0.0426613433337548 -11.8886923434801 -3.21266592920844 0.0335736173793963 3.23953957618626 11.7007736708248
"etap[124]" 0.00748369714129439 5.812750967505 0.027401570843143 0.0461003096134092 -11.668108697204 -3.20312277715858 -0.00820512455237279 3.26229080140165 11.5319171925613
"etap[125]" 0.0755117920390515 5.95352664075014 0.0280651937309946 0.0463426164996294 -11.6429017747346 -3.13444789550888 0.0144573627363872 3.18107536716164 12.0675884188014
"etap[126]" 0.0281958697132667 5.85424515948777 0.0275971763400155 0.0398532373168531 -11.716945272048 -3.17330768038632 0.0123356374833809 3.20721425136203 11.9284698556981
"etap[127]" 0.0247144431379903 5.91696929328656 0.02789286074237 0.045720173458085 -11.6881925189575 -3.19206983628463 0.015535849457603 3.20675611985526 11.8114628151448
"etap[128]" -0.0362643737880144 5.99186356765202 0.0282459157375424 0.0438012374890204 -11.9683779075654 -3.24142213827014 -0.014508446735359 3.1757971841777 11.7594983910821
"etap[129]" -0.0380763646223873 6.01521456480322 0.028355993393763 0.0521587850593479 -11.8985666529727 -3.18981899138915 -0.0193754055898556 3.20647374665605 11.506941326656
"etap[130]" -0.00973803355575601 5.96352849855759 0.028112342940862 0.0525264429502624 -11.870252764903 -3.23617953276806 -0.00609721869629957 3.20399142798699 11.8661195262397
"etap[131]" 0.0355147313954557 5.86050763121831 0.0276266979148665 0.0478454790318154 -11.5962210565743 -3.1990051097505 -0.00821222866063662 3.19359145993391 12.0070917111071
"etap[132]" -0.0297557215227143 5.80807351116976 0.0273795211025207 0.0459421081471214 -11.6504058803614 -3.20552943706313 -0.0191814878505767 3.17531470781019 11.7117662070147
"etap[133]" 0.00655242123105668 5.87196278830655 0.0276806980432442 0.04841748405991 -11.7477137395934 -3.17449932616162 0.00247929592401679 3.19871957787174 11.6628101355977
"etap[134]" 0.0855007642296565 5.90283998390118 0.0278262545391708 0.0461483113856703 -11.5406679864203 -3.15018876435127 0.0534990765888435 3.28736477226716 11.7694879091439
"etap[135]" -0.058501483053663 5.86892899093279 0.0276663965852727 0.0509130234565373 -11.7348301445393 -3.23689918697746 -0.0466032451232342 3.15141538241173 11.6627134297733
"etap[136]" 0.0156833125603533 5.94150743912313 0.0280085346711619 0.0531014248937594 -11.8321844671373 -3.17131371975651 0.00801338609974775 3.16810024484146 11.8687528729305
"etap[137]" 0.0118467211126375 5.93996404362569 0.0280012590350133 0.0438875064869559 -11.7302291901757 -3.19492185715991 -0.00182989672457999 3.19272222218984 11.8901216393931
"etap[138]" -0.0187468191556996 5.91543448111919 0.0278856255684274 0.0425217348286601 -11.8061250702685 -3.20031106130929 -0.0123042998899339 3.21220583382391 11.6770989717956
"etap[139]" -0.00735749474541117 5.88054140141064 0.027721138013238 0.05164601908208 -11.6126686874701 -3.28500923413804 -0.00755293440811138 3.18508188417414 11.7661359315096
"etap[140]" 0.0889861499936594 5.88925341357465 0.027762206832431 0.0462266911954254 -11.401174200752 -3.12418593322291 0.0495277616793457 3.23889716897013 11.8980904656183
"etap[141]" -0.0123978755707152 5.89342678881898 0.0277818803120024 0.0484618731412127 -11.8786613530556 -3.18909628745657 -0.00964441406662188 3.21466918388852 11.7317552911502
"etap[142]" -0.0334710422822002 5.85204151981259 0.0275867882829647 0.0460881998003271 -11.4908513361467 -3.23952966251123 -0.0487303062667038 3.14732524913852 11.6101741272851
"etap[143]" 0.0750905502133722 5.91189328756686 0.0278689322219317 0.0486220352841051 -11.4718142594631 -3.12673146367717 0.0543607191444431 3.22744638269516 11.8414342678841
"etap[144]" 0.0308167630208907 5.94616521707557 0.0280304916469981 0.0476363382155911 -11.7404669362046 -3.18057868667599 0.0451217157814171 3.21407087288891 11.861492698668
"etap[145]" 0.0255252572674526 5.87641907050775 0.0277017051589998 0.0494993492305145 -11.4394129368324 -3.17652712384865 -0.0305518383589944 3.18946866510153 11.5380144559646
"etap[146]" 0.0600831272337894 5.84448191294885 0.0275511519544551 0.0480041697603057 -11.3511734652882 -3.13563774420117 0.0177102039058885 3.17109779261243 11.8097187205483
"etap[147]" 0.0432021689506915 5.92417546735111 0.0279268309726863 0.045618343642434 -11.6904942505903 -3.15568933312896 0.0202132544837855 3.19717276350164 11.8418893741811
"etap[148]" 0.0643968663727095 5.86378413484433 0.0276421435010835 0.0448714028773935 -11.5994423459707 -3.16082112022939 0.0516506163100314 3.251654378501 11.8132134494352
"etap[149]" -0.00269751350088612 5.78174564328371 0.0272554103430779 0.0477206622798421 -11.4719955174431 -3.17258430426539 -0.0273999283849866 3.15196078115209 11.552995357237
"etap[150]" -0.0334610023196704 5.88818758142543 0.0277571824514956 0.0465262986854165 -11.7352497628888 -3.20252750610121 -0.0128802975539136 3.15626579659525 11.7095418878951
"etap[151]" -0.0320503018727973 5.78334444087616 0.027262947147207 0.0459797633421722 -11.6621616326046 -3.1863232879912 -0.0232314893996292 3.16923902955825 11.4729816135332
"etap[152]" -0.0404424408093232 5.84316491225314 0.0275449435536366 0.0410595445053111 -11.7016131377569 -3.22745047714511 -0.00528893980537932 3.17310610959857 11.6759982002652
"etap[153]" -0.0139623619665146 6.00520353955444 0.0283088009681627 0.0586488084295771 -11.8852252792957 -3.21560722502166 -0.0121500321294928 3.2455373967627 11.663099708253
"etap[154]" 0.0509837194292587 6.00019491496413 0.0282851900854145 0.0494175917560286 -11.6523297051394 -3.11314889799065 0.0600275915484302 3.2516885461736 11.8716293177944
"etap[155]" 0.0500209605988441 6.01981812563761 0.0283776947876536 0.054954016791936 -11.5395491104179 -3.15597067812267 0.0412022642076266 3.26480579777051 11.707313078025
"etap[156]" -0.0321154838494707 5.79281814967964 0.0273076066387932 0.0413528249808073 -11.5689304268021 -3.21538761417652 -0.0175258899610046 3.11791473382728 11.6537039568716
"etap[157]" 0.00901536655471541 5.9382900353125 0.0279933676841465 0.0538160683560471 -11.6667483869805 -3.16622367262316 -0.00336743449453401 3.16821110653652 11.8520564233769
"etap[158]" -0.034507472332004 6.05153800708053 0.0285272237427651 0.0536104615591449 -12.0860893276051 -3.27289110993273 -0.00177343580289975 3.20573549681343 11.7959901846565
"etap[159]" 0.11157370437011 5.90626612244284 0.0278424055111447 0.0492648092102046 -11.6718551298619 -3.1319527404865 0.0738746208496337 3.28114235812996 12.0755512203328
"etap[160]" -0.139198637932831 5.87631279125979 0.0277012041538203 0.0426690865364261 -12.1962492432634 -3.27587374917227 -0.0656686456514759 3.10835840813595 11.312472672411
"etap[161]" 0.0120322027079716 5.81364262749479 0.027405774168645 0.0451608878320854 -11.5497177798806 -3.1900527365896 -0.00825983698671623 3.21757998544748 11.7585448501828
"etap[162]" 0.0174525921332686 5.85510114857962 0.027601211511292 0.0462983879441343 -11.6108074067531 -3.23135493326426 -0.00367204574729701 3.22018184223169 11.6924836182707
"etap[163]" 0.029808673725649 5.83319120180429 0.0274979270316902 0.0551764151765359 -11.3780831103072 -3.20953120838659 0.0300741104049801 3.18780886711323 11.7490973655362
"etap[164]" -0.0443629832430701 6.17165255231083 0.0290934491391083 0.0663703808945102 -12.2186741633344 -3.21513095989814 -0.0163272980933229 3.16751623135494 11.9256472769896
"etap[165]" 0.061215625167427 6.13235351300511 0.0289081916911937 0.0685781772093882 -11.558403908343 -3.13442085212357 0.0662780214573945 3.190617452973 11.5647120939289
"etap[166]" 0.0827294105303828 5.85994665758863 0.0276240534598158 0.0431370302455327 -11.6559077269741 -3.12714257044267 0.0641304283518897 3.2478491384276 11.8709494634538
"etap[167]" -0.0382492168209456 5.93644524411544 0.0279846712550444 0.0438977130093467 -11.8828966807715 -3.28932961970758 -0.027900397788207 3.17788390663698 11.8044825962356
"etap[168]" 0.0391916074905776 6.0267231472286 0.0284102453715951 0.0630351469127622 -11.7060363773309 -3.16730144200287 0.0335361833493515 3.22429711858054 11.9603655700293
"etap[169]" -0.0323429837115767 6.06806516410392 0.0286051335081316 0.0485669419420449 -11.7919632168687 -3.30458131831666 -0.0522710128433898 3.19244585926663 11.7157288291372
"etap[170]" 0.0895641296261696 5.95010323369605 0.0280490556353765 0.0529964399006689 -11.3286665623082 -3.14300914687777 0.0309647811805893 3.25379386297627 11.8384315159112
"etap[171]" -0.00365267065232747 5.82509092599077 0.0274597419653086 0.0455896310325775 -11.8753309462191 -3.16593166905248 0.00414677173205037 3.15928638673272 11.6269962656773
"etap[172]" 0.00603955560059813 5.95796917479525 0.0280861360373209 0.0446170076755927 -11.8505641897792 -3.24103601255179 0.00721449565770236 3.24582521651511 11.7654282805435
"etap[173]" -0.0373361584897936 5.94758472890521 0.0280371832899362 0.056821798588457 -11.9188018485949 -3.18583606412885 0.0120999013432429 3.17804124361322 11.4932503004881
"etap[174]" -0.0406850337946354 5.94928333352812 0.028045190588919 0.0520931605953576 -12.0266082554416 -3.21520697409437 -0.020636375965077 3.19632961241173 11.857981059091
"etap[175]" -0.0138725281366291 5.84095725265061 0.0275345365464666 0.0380564304294304 -11.6315130483899 -3.21031460906188 0.00705575669045923 3.19092341678639 11.617899708863
"etap[176]" -0.105749650593073 5.83768672535249 0.0275191191329296 0.0447680511754483 -11.97857502448 -3.21931362227674 -0.0273535620890736 3.11147269915693 11.4850283634786
"etap[177]" 0.0261235305587126 5.87393440282997 0.0276899923232402 0.0478672289241856 -11.5246063423173 -3.17219513380072 0.0109193794553899 3.17186413430529 11.7419584884332
"etap[178]" 0.0487932125613564 5.8353539782615 0.027508122457684 0.0392972250189521 -11.624610989679 -3.13379788325389 0.0192372861375117 3.20069020830076 11.8121854556707
"etap[179]" 0.0690626159112396 5.84644173592743 0.0275603906485756 0.0463312595886707 -11.6005748553034 -3.1504495057098 0.0247740634569674 3.26478030534777 11.8765775062242
"etap[180]" 0.0416365166339217 5.8289586845894 0.0274779747541959 0.0427829742677816 -11.52094423172 -3.14360368339694 0.0463589956334345 3.20924760411774 11.8030126965195
"etap[181]" 0.0272741438101654 5.88728854909363 0.0277529443724401 0.0477454398259798 -11.4985710552797 -3.16797436397433 0.0183177766427726 3.18103462902342 11.8759718113829
"etap[182]" 0.0502650165733187 6.04030792369837 0.028474284622013 0.0519449865790894 -11.7847241134647 -3.16754125556289 0.030499336173073 3.25228563531755 11.8689695511528
"etap[183]" -0.0028753879908733 6.0577637992321 0.0285565724084227 0.0503693432890668 -11.8932160666447 -3.20807350917095 0.00510909724503849 3.22541901842387 11.8635983610738
"etap[184]" 0.0475364069206284 5.89164298827337 0.0277734713955885 0.0489468889745738 -11.6950860880586 -3.16714109471483 0.0295504343942881 3.17263156689326 11.8166669212732
"etap[185]" -0.097539007643994 5.93621834028644 0.0279836016201366 0.0529761677102847 -11.9525418282494 -3.24711419991965 -0.0476412279827347 3.12095609671019 11.4881604214426
"etap[186]" 0.0257023585217756 5.89969685880401 0.0278114377053686 0.046113292849925 -11.5864312787365 -3.19801448745839 0.00478291256356485 3.19560527444743 11.8894462905028
"etap[187]" 0.079446713912229 6.0113610921588 0.0283378279495097 0.0582918611586131 -11.3994844650286 -3.21524593820166 -0.0149977578970509 3.2244856034429 12.1594632761342
"etap[188]" -0.0595385533045511 6.03543879792355 0.0284513313429875 0.0682591247433549 -12.0143271760614 -3.24146290149528 -0.0156697150472712 3.150493816876 11.6974422021644
"etap[189]" -0.0816980197906218 5.88142833879816 0.0277253190761794 0.0484792417365877 -11.8629669438445 -3.24443095036461 -0.0537594376353008 3.11291102564808 11.4324741789
"etap[190]" -0.0586743506834492 5.85857875771015 0.0276176051179487 0.054412305464868 -11.576003587607 -3.22058650729698 -0.0445747602780304 3.13567697993266 11.5430203607986
"etap[191]" 0.0580117234895886 5.96851232163928 0.0281358369081773 0.0574221525321296 -11.6390085661318 -3.16452160185881 0.0143311400632762 3.19450920969531 12.0007163757692
"etap[192]" 0.0145337448641738 5.99514918224306 0.0282614042732604 0.0479070690444825 -11.8522739706214 -3.16141965389208 -0.00753748559326634 3.17620285608325 12.0705483833389
"etap[193]" 0.0347716577879012 5.96448905756609 0.028116871059453 0.0421817728167099 -11.8898580610291 -3.20490961276893 0.02683220624825 3.27833678690888 11.9911091513683
"etap[194]" 0.0249676411112272 5.97313928824663 0.0281576486379399 0.0469784012915182 -11.9184412444644 -3.18776558381092 0.016938696103044 3.21186706873551 11.8607548282182
"etap[195]" 0.0802917042890306 6.00152504938361 0.0282914603992005 0.0500045407403215 -11.8035989785403 -3.12171015219156 0.0659589039184226 3.2317998123386 12.1420999693965
"etap[196]" 0.0372660366670958 5.90924334210131 0.0278564402592086 0.0608909517249132 -11.8552340870072 -3.13936151600506 0.0637080888707958 3.24715089606162 11.6832409155038
"etap[197]" 0.0548739629562621 5.91736991863946 0.027894749308395 0.0567351547224129 -11.4844285484665 -3.15569586691413 0.0510137932364551 3.24337961446439 11.7173460071059
"etap[198]" -0.0351858320296721 6.09052423892802 0.0287110066021803 0.0546726912294364 -12.0421860876554 -3.25469864726784 0.0437645531482231 3.23084977633612 11.8288132899913
"etap[199]" 0.0112552804116476 5.88882393899656 0.0277601822698543 0.0586618545234182 -11.6511856100734 -3.18534595135969 -0.00368572760851013 3.14401238391638 11.6683431228486
"etap[200]" -0.0674682203602063 6.01370440815799 0.0283488744470663 0.0614282029275544 -11.940754270411 -3.25090215354853 -0.0355514921603243 3.18202557156696 11.6679072993338
"etap[201]" -0.0124782198946695 5.90061713884571 0.0278157759470891 0.0489777880533458 -11.8890531360449 -3.19304935327078 0.0180394592671938 3.22149142627809 11.6925387325207
"etap[202]" 0.0202886400459484 5.90353506728774 0.0278295311936783 0.0477350759988258 -11.5442754729213 -3.19951835021925 -0.00107952996974691 3.21512479595583 11.8801990857021
"etap[203]" -0.0154293912831597 5.98604564813053 0.0282184898019021 0.0482615589764427 -11.8226108629557 -3.20240620012991 -0.005420153647729 3.14229032131314 11.8776355346837
"etap[204]" 0.0129270498213854 5.87370541718543 0.0276889128745598 0.0500517002292374 -11.5611270640989 -3.19008389170504 0.0111218621221163 3.2816510282358 11.6510247639857
"etap[205]" -0.00219530108279337 5.7923022542114 0.0273051746842334 0.0425275829047391 -11.5982670689737 -3.21139582844192 0.0145864944160132 3.1422853623176 11.7152149591615
"etap[206]" -0.000106685147567223 5.96604543445815 0.0281242078904827 0.0465313117976932 -11.7810745281441 -3.1961922990387 0.0486616258425369 3.20407392035952 11.7682185617195
"etap[207]" -0.0154549972992145 5.8867398924098 0.0277503579800289 0.0465414273744952 -11.755773528684 -3.19832375784234 -0.018988843623177 3.16292497704303 11.9081195964462
"etap[208]" 0.0303954043576869 5.90896522995627 0.027855129225984 0.050852262657379 -11.6935424280982 -3.15393674882099 0.0340007409428535 3.2240733821906 11.6486025374257
"etap[209]" -0.0139311991426958 5.75526235076069 0.0271305669048701 0.0437222256080439 -11.6044435689016 -3.21788167857174 -0.0477453348733283 3.19795885095208 11.5435444723555
"etap[210]" 0.0126566949229761 5.86891414372395 0.027666326594859 0.0496086027588804 -11.5686018787952 -3.18067415956328 -0.0072778239329165 3.1988136678441 11.5697973811165
"etap[211]" -0.0403225634419562 5.92129951481584 0.0279132736024193 0.0458703205486326 -11.9574789471154 -3.21280580929661 -0.00957753312232381 3.17164393993316 11.607858196511
"etap[212]" 0.134580729270233 5.960957982531 0.028100225412105 0.0608430501914559 -11.4434704468578 -3.16008649801933 0.0336350146988373 3.29213660654172 12.10830283796
"etap[213]" -0.00210628371581463 5.97752206358137 0.0281783092390039 0.0456913704312798 -11.9301107088361 -3.17959608916927 0.0190784594481022 3.20336055113895 11.6105404920085
"etap[214]" 0.03845041722781 6.01649088302952 0.0283620100155814 0.0498721770589801 -11.761525091964 -3.18968221545839 0.0255912357512424 3.25327127770414 11.9168595782188
"etap[215]" 0.0125453769485984 5.95623655986751 0.0280779684122237 0.0444118257225983 -11.8359497883881 -3.20450648847672 0.0176672653945018 3.26471492150751 11.6893611162162
"etap[216]" 0.161180007975834 5.98192665477649 0.0281990726810201 0.0508244018908273 -11.5267593643811 -3.13607197742929 0.0702881700543991 3.3067334605546 12.112226381332
"etap[217]" 0.0025851320645219 5.84852178985324 0.0275701961168167 0.045524789046044 -11.6707414688201 -3.16561079346358 -0.00797957930534877 3.17136204273548 11.5992232988552
"etap[218]" 0.0274888911763831 5.91488173358312 0.0278830198915538 0.0477735968752358 -11.7833688857423 -3.22038163378196 0.0248889586280106 3.22708381100107 11.6036275548678
"etap[219]" 0.0719436891920934 5.95149874943554 0.0280556341596609 0.0643101515282649 -11.5509351718324 -3.15122136099621 0.0365427870684902 3.25500408377789 11.9376371393142
"etap[220]" -0.0381931769544029 6.02988752076776 0.0284251623715135 0.0524669164522203 -11.9048580578666 -3.20736106892444 0.0124394236352363 3.21375234088402 11.6819608346592
"etap[221]" 0.0344991757863737 5.85112921113454 0.0275824876186128 0.0452217601223456 -11.5162874012658 -3.1868458348242 0.0101144963999509 3.23163459336676 11.7840186775197
"etap[222]" 0.060525912093483 5.9315015010097 0.0279613662265476 0.047614771613815 -11.6796562824146 -3.17247403928171 0.0307419716208597 3.24456111210912 12.004708115361
"etap[223]" -0.0963200623669616 5.99947358570431 0.0282817897066739 0.0510048632823413 -11.9534554919849 -3.25480424587903 -0.055914133601967 3.15862754964829 11.5667509601957
"etap[224]" -0.0435931579453929 5.88405901105487 0.0277377201841247 0.0418091406186818 -11.7236728826413 -3.22446509641711 -0.0211878898408832 3.15354940233771 11.6806364775078
"etap[225]" -0.0775852873119235 6.03555607288057 0.0284518841824367 0.0509214234538932 -11.9191626552128 -3.2500992050471 -0.0196188840855789 3.17410062436574 11.890357115051
"etap[226]" 0.0433773765928518 5.84559087390549 0.0275563796465385 0.0483017988455868 -11.6810896865159 -3.11400743996974 -0.00327053477253157 3.23180041881302 11.5874286065405
"etap[227]" -0.00175284926147863 6.05707394025423 0.0285533203820139 0.0534288496195146 -11.7079008544302 -3.17212578090098 -0.0710658096377371 3.183446397853 11.9028551224746
"etap[228]" -0.031672159854053 5.85820060026465 0.0276158224666549 0.0457213948168625 -11.5541167878649 -3.23238144906367 -0.025287413204549 3.16119427337692 11.5235863376563
"etap[229]" 0.0601367409485985 5.93882544451745 0.0279958916273433 0.0482158290043429 -11.5866373208595 -3.13971819204058 0.059101523044939 3.23342570068236 11.9870482274729
"etap[230]" -0.0473328435418676 5.91597824529087 0.0278881888973151 0.0558033685612017 -11.8686450796073 -3.21674813871846 -0.0346031439480851 3.16610526919264 11.9123444451674
"etap[231]" 0.0164114051365623 5.82954223057259 0.0274807256163415 0.0462152618109239 -11.4440601520261 -3.15095202934685 0.0201541681987225 3.20717318481668 11.5045856139187
"etap[232]" 0.00994599866236975 5.94445575751414 0.0280224331773444 0.043740535795962 -11.6683828489051 -3.16620983410485 0.0344772713899806 3.21575715692542 11.7838731290715
"etap[233]" 0.000479589470801511 5.95792126803488 0.0280859102026868 0.0546937329294319 -11.9367176340545 -3.13544735276381 0.0176531193079066 3.20853439038707 11.7782455999856
"etap[234]" -0.0272358948900062 5.88934859452527 0.0277626555197352 0.0481375273707032 -11.7695924605564 -3.21622867496042 -0.0427738798532542 3.13344876967606 11.6913680751934
"etap[235]" 0.0389826817575655 5.91373552006127 0.0278776165891939 0.0539127671425808 -11.3871507959881 -3.21266136949866 -0.0162320925405659 3.23930169254525 11.8729043375751
"etap[236]" -0.0594575865465169 5.90715977356954 0.0278466182229561 0.0447231106590093 -12.0921522149734 -3.21934770068336 -0.0424142657504654 3.1420142990316 11.5910630820034
"etap[237]" -0.00298916487281294 5.78038121493298 0.0272489783661496 0.0490817879453423 -11.5970851113487 -3.1893995762593 -0.00720762760935131 3.19364395405271 11.4513717125634
"etap[238]" 0.0166276158065673 5.88085979434484 0.0277226389319237 0.0450085675305779 -11.6683929652667 -3.18541078982217 -0.00223663562655472 3.23553648340761 11.9132040884102
"etap[239]" 0.0163630346405515 5.88016256685915 0.027719352170036 0.045890254717887 -11.5844940187817 -3.21329158972976 0.0102226819591998 3.2733553251198 11.6080434377534
"etap[240]" 0.0334633826683101 6.10272362672774 0.028768515067777 0.0575751571872668 -11.8120632838452 -3.21068783537479 -0.0101948909191333 3.19666750917956 11.9035663441231
"etap[241]" -0.0381076081168243 5.86350155850727 0.0276408114234559 0.0489419242308497 -11.9758216889712 -3.22162781275407 0.0140880441770904 3.19698170432182 11.5912374841487
"etap[242]" -0.0569750435585669 5.90550460366318 0.0278388156771907 0.0433114295574554 -11.9802816509579 -3.27937730712635 -0.0395708944232794 3.16506372514894 11.6090939118541
"etap[243]" 0.0710274696056521 5.91363316402038 0.0278771340781898 0.0435375262566623 -11.5734198135673 -3.08358911706762 0.0400456917346288 3.22328516595878 11.9129106043497
"etap[244]" -0.0402150226906103 5.8225603687342 0.027447812804 0.0418683767343863 -11.5003461568362 -3.24420393168844 -0.0129217221597142 3.19460598040688 11.4028279071491
"etap[245]" 0.0725968512524961 5.98384053004727 0.0282080947755689 0.0565874229724444 -11.6663654016684 -3.18311190639602 0.0355156619685258 3.27666487554305 12.1108001789216
"etap[246]" -0.0246050948452498 5.92459039306543 0.0279287869512616 0.0490314097361067 -11.8436001839614 -3.21755081568536 0.0159106743446798 3.17000121995764 11.7113787006757
"etap[247]" 0.0235471934343868 5.78853402724486 0.0272874110919594 0.0451466101854897 -11.67229536632 -3.13005537223519 0.000625187125345546 3.22248640739547 11.4259540783056
"etap[248]" -0.0635914449284799 5.94267050767742 0.0280140174289067 0.0507811215635647 -11.9680520367715 -3.22855975230586 -0.0165357178705014 3.20509699150857 11.434313560778
"etap[249]" -0.0289366275946806 5.74605583806045 0.027087166987794 0.0426843252531643 -11.6438630491325 -3.16352030042135 -0.0216545441540239 3.16406118395811 11.596995179384
"etap[250]" 0.0677633643527979 5.94145503094549 0.0280082876166432 0.0472323995455622 -11.5877603194523 -3.12788891602331 0.0571388317982914 3.25891600998441 11.7476089933963
"etap[251]" 0.0460544979469349 5.92460624264436 0.0279288616668932 0.0456633368544042 -11.5761714450855 -3.15369845259701 0.0149426255272547 3.20767230657432 11.8232864160215
"etap[252]" -0.0913229444946186 5.84939884544033 0.0275743305965041 0.0474399671406654 -11.7771146335946 -3.29407214289007 -0.0687344122326496 3.16186148058473 11.4901230668064
"etap[253]" -0.0632583313658659 5.9156956876462 0.0278868569078043 0.0441057735766365 -11.958422011286 -3.21022585315036 -0.0169263107965799 3.14460984948126 11.4313100828594
"etap[254]" -0.0371153186194311 5.86044300167294 0.0276263932482679 0.0495021830381015 -11.6686028909334 -3.19078966465916 -0.0119929816358846 3.15258942187096 11.5673799616522
"etap[255]" 0.098215996091592 5.99915907121638 0.0282803070711593 0.0733457838255542 -11.6534524780423 -3.12767658475898 0.0450129246459046 3.27354815916781 11.7975128530488
"etap[256]" 0.00737846104219763 5.95566740528669 0.0280752853917994 0.0507006129504707 -11.9191134855238 -3.19851892734904 0.0120295902163212 3.24750854815912 11.8334254118277
"etap[257]" 0.0582920771391994 5.81844660057514 0.0274284203149233 0.0469106224204424 -11.5725435998938 -3.14942730771725 0.0601559071684248 3.20413553009644 11.7118645748194
"etap[258]" 0.0302326330282977 5.9128006901918 0.0278732097589274 0.0482793513550758 -11.6590594170887 -3.1858843986421 0.00935709331920948 3.23630196447425 11.9099277788806
"etap[259]" -0.0365464116870131 6.09468989991822 0.0287306437164089 0.0654475086144346 -11.7899481250492 -3.23630217438644 -0.00398168253328733 3.17342441052163 11.6845169912814
"etap[260]" 0.058348701133479 5.89487068950011 0.027788686925089 0.0497550141437267 -11.5109823697262 -3.15629061078227 0.046400247604368 3.22627695610485 11.8598314455643
"etap[261]" 0.0108810520715778 5.84902659706823 0.0275725758008495 0.0478899646819945 -11.7189449285032 -3.13709137386799 0.0214360976581887 3.19356108673243 11.6515177003414
"etap[262]" -0.0227025192872238 5.89400923852981 0.0277846260062706 0.0452022805416722 -11.7600268626889 -3.21707590806843 0.0140787988159632 3.19204082666046 11.5317382368538
"etap[263]" 0.0028464625830815 5.98313009592369 0.0282047457569931 0.0443322052774721 -11.7071609388638 -3.1597478794416 0.0204885528770615 3.23828415605037 11.7286206255925
"etap[264]" 0.0461828671168909 6.01855985655766 0.028371763250327 0.0503312786843594 -11.7915875404314 -3.20597890536095 0.0122394858144838 3.26361720479408 12.177059874327
"etap[265]" -0.0183534422094644 5.79832013464807 0.0273335432446676 0.0399429419353386 -11.6752338135611 -3.19009475374886 -0.0198742102291642 3.19424852795773 11.7457694128008
"etap[266]" 0.0101627553649224 5.93799184755399 0.0279919620135724 0.0521425183520526 -11.7554100852537 -3.16488805646936 0.0185749462022575 3.17554193805422 11.7679237037586
"etap[267]" -0.0739216092216541 5.98084288158713 0.0281939637252103 0.0552062813812236 -11.9104555898203 -3.25302836826855 -0.0698779505709704 3.14900006649852 11.6499645581119
"etap[268]" 0.0390057295954203 5.86660909994941 0.0276554605142996 0.0478666029563571 -11.5996108221468 -3.19624303873157 0.00261047655403843 3.2181266922249 11.8522459947523
"etap[269]" 0.100358536165497 6.02093436088321 0.0283829567710641 0.0819331824146709 -11.539812957187 -3.1437183303648 0.056906856222803 3.2674316590456 12.0415456898924
"etap[270]" -0.0586446053184073 6.00577295727757 0.0283114852290517 0.0494999454306973 -12.060768360481 -3.21421726789937 -0.0148135712443752 3.23374764382881 11.7328641023236
"etap[271]" 0.0845797939613248 6.02751241943859 0.0284139660364744 0.056392828698828 -11.5227213677181 -3.13316069012617 0.00545760663358775 3.18687977145787 11.8754447943178
"etap[272]" 0.0461230006815892 5.91035832697532 0.0278616963483109 0.0476471000153449 -11.5603053295605 -3.20834023606371 0.0201486163566767 3.21163699050184 12.0010504192822
"etap[273]" -0.100151107899546 5.99198101512315 0.0282464693902309 0.0526572761805918 -11.9300863530624 -3.27769411981638 -0.0696709686521103 3.13193125836423 11.6906479102734
"etap[274]" 0.0291683743284691 6.01400428498612 0.0283502880799909 0.060363776952565 -11.7985974699834 -3.19142462937741 0.0111714758559843 3.23756233837627 11.9815572743028
"etap[275]" 0.0170191072148751 5.98374486099988 0.0282076437873544 0.0452532021440976 -11.8897603734733 -3.13135524316806 0.0500258155018127 3.20924731090503 11.8366907858983
"mean.p0" -0.423708218885153 0.248156385140564 0.00116982041818422 0.00411341253029367 -0.938574612971498 -0.575643021645989 -0.417145477302228 -0.266300057945432 0.0526704663508389
"mumup0" 0.88165696933219 0.042791927640836 0.000201723081432528 0.000571059768502313 0.791995477539587 0.85398460639229 0.883748207636092 0.911897559680155 0.958334708778623
"mupsi" 9.23428773145038 1.36459616642561 0.00643276801907144 0.00864983715176589 6.70242808584882 8.28740709754837 9.1938881519133 10.128712183411 12.0346409822514
"ppo[1]" 0.369975131027703 0.101512723164023 0.00047853556617329 0.00138981412633684 0.160429973067576 0.307395212831811 0.374556158806137 0.432957408577855 0.57142322844376
"ppo[2]" 0.37037603947421 0.100097497283979 0.000471864127395359 0.00120245860779341 0.163580057580748 0.307770533778721 0.375235058676003 0.43194932759205 0.570810404640771
"ppo[3]" 0.370099492906286 0.100159269938266 0.00047215532648028 0.0013153876026616 0.16275308965679 0.30792701952308 0.375176951309639 0.432129313240453 0.569178884049594
"ppo[4]" 0.408356777353394 0.101256688082068 0.000477328605222144 0.00107919097946016 0.212872727437862 0.345128418992573 0.40373230051733 0.466403199796886 0.629289287396655
"ppo[5]" 0.333629554671587 0.105375954455394 0.000496747013129424 0.00200065200141279 0.113047096240735 0.263365768801714 0.345049385433661 0.407545447898522 0.522437963167056
"ppo[6]" 0.333437290472978 0.104911754814908 0.000494558755038678 0.00208741066447818 0.112904862061551 0.263855537787122 0.344587426142811 0.406456567335562 0.521001591969819
"ppo[7]" 0.407948288707914 0.100853768251948 0.000475429222927793 0.00106055720644894 0.213345938812399 0.345790793004166 0.403971952436398 0.465513906200297 0.629955669760466
"ppo[8]" 0.408058455215217 0.10220753033597 0.000481810918592629 0.00109693653550639 0.210997253961362 0.344659877972538 0.404053189285016 0.466635992910048 0.630639162529422
"ppo[9]" 0.408338526599717 0.101135295262673 0.000476756353983597 0.00108726538944246 0.21421051823863 0.345231413324487 0.403837818807619 0.466562745475867 0.628810155893142
"ppo[10]" 0.524896370740615 0.137342449943399 0.000647438517998343 0.00336740437886969 0.318470864605425 0.418525760646794 0.49945387126954 0.61553963259169 0.831242295838226
"ppo[11]" 0.446556418317082 0.109859259678898 0.000517881516633886 0.00155583361333347 0.255030995393161 0.374117140212906 0.431901771646396 0.508443944330323 0.699662508053014
"ppo[12]" 0.370602195602503 0.100149116589275 0.000472107463134125 0.00131256466328467 0.16038947173461 0.308636520603706 0.375601763431736 0.433626144811231 0.566210103803065
"ppo[13]" 0.408397843973827 0.101557719150649 0.000478747679288417 0.00107785947419063 0.212434668047378 0.34530543141554 0.404028111494779 0.466583629839053 0.633496219996885
"ppo[14]" 0.486303859642606 0.120751517093505 0.000569228110502536 0.00256439127645169 0.292572379918887 0.400017216671626 0.465993138983837 0.557986732542731 0.763141608500709
"ppo[15]" 0.446745619760428 0.108276341015203 0.000510419566492782 0.00163850590017355 0.259833478721206 0.374647928591917 0.432474696265089 0.508123593810649 0.695609154275811
"ppo[16]" 0.333372482860442 0.103662600839718 0.000488670186727995 0.0020589523299991 0.113344085408385 0.264643723260152 0.34473235377062 0.405223271276009 0.518900138920482
"psi0" 0.999770053210567 0.00043728623389826 0.00000206138707539324 0.00000288497200198321 0.998773579179029 0.999748397155783 0.999898351503139 0.999960084749906 0.999994065020104
"sdeps" 0.488768577834115 0.322820982640601 0.00152179270622983 0.0113201061081657 0.0366672514876669 0.237052397438299 0.444409059255717 0.680600319470349 1.24437009031516
