"Mean" "SD" "Naive SE" "Time-series SE" "2.5%" "25%" "50%" "75%" "97.5%"
"N" 46.6770888888889 0.934946852560336 0.00440738172996289 0.0170420457943471 46 46 46 47 49
"betapsi[1]" 0.00788777382569002 2.82056247054055 0.0132962589978633 0.0202828776039404 -5.95408373197058 -1.3645214005371 -0.00106180893779614 1.30998346674553 6.22222421958204
"betapsi[2]" 0.0245036032600292 2.82012403986441 0.0132941922158355 0.0205096437707181 -6.02208636978399 -1.31632536259031 0.00657324275839979 1.34241462967733 6.24960282981615
"betapsi[3]" -0.00985939018535607 2.82127860518425 0.0132996348889487 0.0214796379982647 -6.09984093487013 -1.3403479338738 -0.0124790826664595 1.32559472982117 6.15172022214805
"betapsi[4]" 0.0042883332715646 2.84501285121746 0.0134115191977249 0.0214138541860986 -6.13951132249423 -1.32654231054153 -0.0124640926312959 1.32067515060894 6.23220251682561
"betapsi[5]" -0.0265621882278505 2.84802371251374 0.0134257125339903 0.0210932188274776 -6.29915992124111 -1.35541355845248 0.00339482776614802 1.298136931483 6.17131309744484
"betapsi[6]" 0.0342333032875035 2.82695432519528 0.0133263904896682 0.0210765542016165 -6.0176337481549 -1.29767715822641 0.00644191513244551 1.33415351560352 6.22109889168789
"betapsi[7]" 0.0162799657137339 2.81880464077378 0.013287972508875 0.0210424761688265 -6.0516021068938 -1.32099018618753 0.0066775421484382 1.33131382733082 6.21675146582951
"betapsi[8]" 0.0366238043578346 2.83084944232998 0.0133447522479312 0.0214762357131411 -6.0642802369796 -1.29640978786176 0.00879040219057897 1.33876199602164 6.25922560014425
"betapsi[9]" 0.00942445238671054 2.81387599394003 0.0132647386448869 0.0210616405543727 -6.10980328888867 -1.30582478745367 0.00257901378995707 1.33262139229865 6.09677008429372
"betapsi[10]" 0.0382600483641519 2.84994284454994 0.0134347594091689 0.0200979029632834 -6.16902936310362 -1.29803364749084 0.0180567953092369 1.35557347477552 6.28945152915488
"betapsi[11]" -0.012571738496444 2.86264455056054 0.0134946358255205 0.020529813076003 -6.19285906717025 -1.35015543057199 -0.00963763473494989 1.3135244800497 6.29654220779501
"betapsi[12]" 0.0151651582033439 2.7970073104197 0.0131852189081741 0.0207041938091957 -6.05397848665125 -1.30821083232498 0.00629464891718601 1.34854394352181 6.12022383196657
"betapsi[13]" 0.0190834415133026 2.858524751726 0.013475214907567 0.0207927825736629 -6.24141590199144 -1.31533206635273 -0.00350305098905712 1.34578419647614 6.28986003874283
"betapsi[14]" 0.0224159377476558 2.85123073695997 0.0134408305922127 0.0211213584075642 -6.25399425673589 -1.30158398474649 0.0197214847694215 1.35741493656446 6.14439466939415
"betapsi[15]" 0.0377819532278503 2.81878470737744 0.0132878785419435 0.0211045217707753 -5.97997019873276 -1.27895669449943 0.0178058314462908 1.33802944777538 6.27424955555448
"betapsi[16]" -0.000580442932336929 2.83325507011319 0.0133560924860547 0.0216057535296793 -6.21870027764221 -1.32700203947868 -0.00404214369460586 1.31748530565279 6.18186300244186
"etap[1]" -0.114459354161376 4.13309584353644 0.019483600655057 0.0431856939585503 -8.24756281323003 -2.02015594011542 -0.0492510050309725 1.87261708315346 7.40689641638017
"etap[2]" 3.27327786351203 8.90600720566417 0.0419833205894759 0.610221149165587 -11.3084466240161 -3.77713443677995 4.275924318001 7.82094619587583 19.8318436490574
"etap[3]" -0.142331794060671 3.95873159806842 0.0186616397192776 0.0377232033231033 -8.12854669414848 -2.05732664993664 -0.0549355095893832 1.87413514386603 7.10393796709063
"etap[4]" -0.116307212257639 3.9881254951875 0.0188002038791336 0.034280707932059 -8.1449548107815 -2.00486536949823 -0.030868725691141 1.89538733280183 7.22218205381585
"etap[5]" 2.1976288717294 6.53019363108226 0.0307836279933298 0.309197464075293 -8.50065123508443 -2.30672843918188 2.47826711199017 5.41385000773699 14.8061501634513
"etap[6]" 3.37212348899272 9.2402404140112 0.0435589110436087 0.582613283811917 -11.1999889899329 -3.79991279640051 4.33813805801199 7.89946796613937 19.9130745680902
"etap[7]" -1.98738999406 7.05172635179285 0.033242156816164 0.186020010249742 -16.4971704074085 -5.21247146864695 -1.56538666032259 2.00375765272074 9.92634222568029
"etap[8]" -0.178406671621272 4.0742535050241 0.0192062152111707 0.0430077031944117 -8.39833233450383 -2.04397951690467 -0.0439494451271567 1.85185479923846 7.10817546165306
"etap[9]" -1.9566946289103 6.81494335386564 0.0321259510594706 0.171376030212887 -16.3699005665611 -5.19619105736278 -1.60133291094648 2.04187023306746 9.81700227458687
"etap[10]" -1.95754406891052 6.88759732100741 0.0324684451451109 0.157232404568144 -16.3722276837965 -5.1750560380537 -1.58185975345199 2.00578708690963 9.66366590381912
"etap[11]" -2.02899853759823 7.25210048051499 0.0341867295174558 0.232383734067469 -16.6307435801815 -5.20095906826138 -1.55117557912544 1.97512863037346 9.79491996382895
"etap[12]" -0.178504355237662 4.28559584334028 0.0202024925483386 0.0446451783480082 -8.49385312438055 -2.05382006555491 -0.042354367348143 1.90915475449952 7.24334642375733
"etap[13]" -2.0050563147228 6.93942491661534 0.032712762773824 0.184231169004126 -16.4821968737597 -5.12536596633757 -1.5992149941649 1.93708125854449 9.66007239337375
"etap[14]" 1.15205002211489 4.7248068880287 0.0222729532688133 0.0969748393394043 -6.54242136242618 -1.50360414043484 0.917436962231798 3.32585612101681 10.2614666293036
"etap[15]" -1.99477418483098 6.79894485861407 0.0320505334295961 0.153069704530254 -16.544869446172 -5.26270566801369 -1.6105520988439 1.96900903106427 9.76032720158243
"etap[16]" -1.96790205575879 6.91734801048092 0.0326086912402555 0.18747196721241 -16.2754381362568 -5.16611128791415 -1.58708038088339 1.97328758662635 9.74078801982259
"etap[17]" 1.07278910753424 4.48093697926583 0.0211233394940562 0.0921849483638732 -6.58283174015822 -1.55650475945546 0.913279067072146 3.26662502335121 9.91414615265487
"etap[18]" -2.01039007298742 7.06301524300207 0.0332953731596714 0.183034295315988 -16.6907049953336 -5.18960979211001 -1.57704070129734 2.0122449378613 9.74119706286486
"etap[19]" 3.29815790402301 8.93260757186425 0.0421087159182901 0.612061103540434 -11.3571120637737 -3.78991344502857 4.34351000809682 7.89398121492415 19.6110748321933
"etap[20]" 2.19129801258963 6.476873789875 0.0305322758514002 0.277250790370082 -8.50105375464226 -2.30922328945809 2.46017264263014 5.44564001498442 14.7372894865327
"etap[21]" -1.95206333735387 6.88798742742545 0.0324702841244014 0.154414432774692 -16.0952898457227 -5.19753048935488 -1.56755962695725 1.98294028941992 9.90543383780285
"etap[22]" -0.114385728484431 4.30678809343526 0.0203023937733437 0.0651691696947093 -8.05858763156797 -2.01125276463722 -0.0302847581023433 1.88806988703876 7.42821541562686
"etap[23]" 1.09520525825027 4.6237198922955 0.0217964246009952 0.121917194965341 -6.62053083110447 -1.56790720507778 0.90102113593222 3.26012508542542 10.2990377247069
"etap[24]" -1.8707134647746 6.84799225499933 0.0322817450734866 0.148060746520414 -15.9267998600191 -5.10726286633392 -1.55250313204197 1.99889657726818 10.0529879902068
"etap[25]" -1.96374018676351 6.71271907437428 0.0316440611846022 0.148493539755485 -16.2086262102838 -5.21321733300344 -1.59357638071635 1.95994603535521 9.84073963322814
"etap[26]" -0.148295779227113 4.21425499295234 0.0198661885544391 0.0524729727888895 -8.42764909297174 -2.06914288520738 -0.0494589492796347 1.88486586235013 7.2688658319805
"etap[27]" -0.131304192511017 4.14525478059907 0.0195409184340504 0.0603460215470517 -8.30692031092161 -2.07415251103549 -0.0766484843368128 1.87261891565509 7.34165734203247
"etap[28]" -2.0278631407163 6.93811123611365 0.0327065700245503 0.169864419645778 -16.6898788222322 -5.22445446108182 -1.58090410602979 2.00655866391276 9.58764494687431
"etap[29]" 3.37931438406666 9.45265602553523 0.0445602478391989 0.689055996461827 -11.3300227898635 -3.86567959719697 4.30275499687406 7.87739443394267 19.7556116765763
"etap[30]" -1.978868071192 6.89535293001711 0.0325050054365975 0.147866634195128 -15.863828757484 -5.15225423551623 -1.57524050764934 1.96003748750021 9.6510182810352
"etap[31]" 1.12982449305215 4.5805804216812 0.0215930631862741 0.171354401142814 -6.58154759575726 -1.53202014193912 0.917208119872961 3.27486300458733 10.32255224178
"etap[32]" -1.96676183843468 6.85723272406444 0.0323253050624018 0.172339904271885 -16.5949415761532 -5.16376336727904 -1.51187705566795 1.99694025190292 9.57456372740634
"etap[33]" -1.97964832611443 6.82944576605199 0.0321943160861408 0.16714291777378 -16.5089827649336 -5.24227176598591 -1.5509027392239 1.98631595443456 9.77159214009827
"etap[34]" 1.15210477849655 4.58236073052196 0.0216014556426335 0.108053691639658 -6.52467739969155 -1.49893058981181 0.912130718154383 3.31461851272625 10.4805297402411
"etap[35]" -0.15632743289813 4.30606579501628 0.020298988825943 0.0806380325765739 -8.20830930267782 -2.05538587307402 -0.0553665314777306 1.87088347143543 7.37261605242839
"etap[36]" 1.13982516332859 4.68849014569612 0.0221017545036535 0.120770936081334 -6.60828587930057 -1.53487681735742 0.921200711981847 3.28543498966592 10.4408000133064
"etap[37]" -1.97737475869031 6.88883377933662 0.0324742738655725 0.168300080750605 -16.0960320093636 -5.21442097166568 -1.60487294132717 1.98923147413566 9.8603399340355
"etap[38]" -1.9413815962678 6.79805895093818 0.032046357220762 0.161109436110108 -16.3129600110284 -5.11283958237301 -1.52933578232711 1.97109123371883 9.64884392983237
"etap[39]" -0.149344520099989 4.10989539728071 0.0193742327025638 0.0412775182960373 -8.2557983408297 -2.05682756724694 -0.0597807959651235 1.88291432346965 7.27879391966093
"etap[40]" 1.15764302787269 4.97116460813096 0.0234342946986931 0.140160443213425 -6.60285964766521 -1.55528377809501 0.885488626114737 3.30704013081196 10.7234057776154
"etap[41]" 2.2241850774508 6.65399322515581 0.0313672248765135 0.342555721418586 -8.55856751712921 -2.3093413343272 2.48267788822456 5.42674994691665 14.7365281543941
"etap[42]" -2.00320781589909 6.94415732456091 0.0327350715588217 0.194300983497022 -16.426792914443 -5.18216025630799 -1.54354658774022 1.97197156897879 9.51019661983674
"etap[43]" -1.98253241045407 6.98742758264608 0.0329390495115931 0.149170429422719 -16.1762688477723 -5.1990945746335 -1.62177590556809 1.98912345369834 9.95082740521442
"etap[44]" 3.32451701197106 9.08847427031697 0.0428434785812039 0.503227745088536 -11.2715881028131 -3.77886996269755 4.25660423144203 7.86072511628808 19.5926207134507
"etap[45]" -0.0515873887023047 4.10002865656132 0.0193277204407579 0.0618298902535623 -8.04125576701215 -1.99094938550234 -0.0228255286036543 1.91226111428822 7.43645386284016
"etap[46]" 3.30078611818223 9.04870606206149 0.04265600944965 0.546644004850302 -11.3544892266966 -3.81015565770652 4.30765423709606 7.8240607644396 19.537035734355
"etap[47]" 2.08776545729887 9.69965964396062 0.0457246340629737 0.235860674244443 -13.7313199860586 -4.03950389616393 1.6249864077141 7.1964271621624 20.9407145402789
"etap[48]" 0.668819861363636 7.95176824149762 0.0374849949732453 0.120749924404049 -12.9792549970865 -3.62608267445605 0.335029734429591 4.52900302702858 16.0008689042799
"etap[49]" 0.094171500958891 7.03018937198608 0.033140630519713 0.0878753020571093 -12.8388310243937 -3.43830127085272 0.0345436102230514 3.62913641486777 13.4590579146163
"etap[50]" 0.0336134954524011 6.4774053533274 0.0305347816655457 0.0622145626834422 -12.4537662883269 -3.31785692911743 0.0232868266203716 3.403156433147 12.7935475435546
"etap[51]" -0.00718820836016677 6.87031744346711 0.0323869870211988 0.0554475215284178 -12.8911248100953 -3.43635895303518 -0.0465696636912546 3.39014456955491 12.7524330733582
"etap[52]" 0.00636496158110152 6.72913680842189 0.0317214551251141 0.0503999251892017 -12.7025036399503 -3.36921991689568 0.0138645232506521 3.3577359941302 12.7624675626661
"etap[53]" -0.0784805401232374 6.73782434448765 0.0317624085628735 0.055576693850377 -12.9773573315437 -3.46167873711415 -0.0202282115989913 3.37477190327136 12.5167432323183
"etap[54]" 0.0775813808867032 6.89011177204831 0.0324802983809908 0.0579502009277381 -12.6528805822804 -3.3290937761006 0.0331786288216844 3.38930045173144 12.8409050080713
"etap[55]" -0.0046472691724833 6.74239189539034 0.0317839402043182 0.0510407505694356 -12.6310686291203 -3.30727840699149 0.00816570156665063 3.34435883888747 12.5072613285554
"etap[56]" -0.0365971525700987 6.7934801189957 0.0320247723999857 0.0707119933007976 -12.6781181472186 -3.35572301666627 0.0171542190166981 3.36390467826935 12.3302511139415
"etap[57]" 0.0666174404728161 6.92289652731955 0.0326348471994697 0.0930924821531789 -12.7660664321361 -3.32865436229309 0.00667067430519996 3.34715982699013 12.7945504621905
"etap[58]" -0.0472157447272908 6.85504001748218 0.0323149685444453 0.0641002374669949 -12.8039032603642 -3.36418346599165 0.0115450229645561 3.3421015939848 12.6028534545398
"etap[59]" 0.00226915207382778 6.73733138937522 0.031760084750188 0.09428740196348 -12.8628803807424 -3.42223959084146 -0.0353334952146167 3.34835317327344 12.675906850642
"etap[60]" -0.0866119025467231 6.69507399703958 0.0315608814923494 0.0529902545213236 -12.9403155823685 -3.41147686010259 -0.0430950198027686 3.32927653511584 12.6298213496231
"etap[61]" 0.0930053110010831 6.80432612420368 0.0320759009588613 0.0612726189793354 -12.4186643720216 -3.32550155580259 0.0465723393103757 3.4085601441535 12.7606908988865
"etap[62]" -0.0743854935742462 6.6953485206857 0.0315621756092279 0.0505991790357384 -12.7898181362031 -3.3818856959092 -0.0077469608175025 3.26864403484511 12.4821012485981
"etap[63]" -0.00151762010954716 6.95040996077413 0.0327645467685994 0.0756243564735468 -12.668042752265 -3.4371241427208 0.00721359339190451 3.40349596751897 12.6759530483661
"etap[64]" 0.0695185627533563 6.89095789999593 0.0324842870663875 0.0627352702182894 -12.7435506778213 -3.35056288308154 0.0286361148902441 3.37419017615265 13.1716710975054
"etap[65]" -0.0286893313459353 6.79326408082706 0.0320237539862921 0.0696979273606289 -12.8318185550874 -3.38241153805378 0.0154199839503702 3.39717277494079 12.4703994180069
"etap[66]" -0.0671592316520967 6.92343361878863 0.0326373790729357 0.0642552856296636 -12.9482477161274 -3.36247495440163 0.00254037017386178 3.41110758480028 12.5325216148222
"etap[67]" -0.0592023372393492 6.56435816828617 0.0309446811662164 0.0691505409611149 -12.7272117459102 -3.35752689302529 -0.00699372998511537 3.36271246831694 12.2138026731011
"etap[68]" 0.0483128466648667 6.92390443069779 0.0326395985015599 0.077096157853586 -12.6674589953086 -3.38192825458407 -0.0243601112258542 3.38870185662078 12.714877287021
"etap[69]" -0.101057699342223 6.62932676962402 0.0312509460900177 0.0626793546268064 -12.9408841641795 -3.41755095731513 -0.0280414090204633 3.32482294846552 12.344216836881
"etap[70]" -0.087497066188324 7.11407482094397 0.0335360703183864 0.0754048833792974 -12.6538232458592 -3.38582254055534 -0.014318568514769 3.37032574982935 12.585990841571
"etap[71]" 0.0299010816379958 6.91186536394358 0.0325828457966195 0.0772106360570278 -12.4423022969514 -3.34940859020184 0.0388347745732013 3.35043970600626 12.7388788868899
"etap[72]" -0.0145139373081629 6.94592559492146 0.0327434072652411 0.0723755644675697 -12.4609704901323 -3.3989345940133 -0.0193921088507925 3.36634854537602 12.6001823404054
"etap[73]" -0.076983338562042 6.70721160575209 0.0316180987285361 0.0851306238579247 -12.7963762159851 -3.44057246986835 -0.0379041512303847 3.32275428859769 12.5908799900444
"etap[74]" 0.117307620299708 6.72198184171604 0.0316877262886016 0.0638932787460199 -12.3512577117484 -3.29788164106508 0.0639540702358734 3.42500993389738 12.7966166035176
"etap[75]" -0.0377019939678255 7.12686309072186 0.0335963548002503 0.0655049328693327 -13.0877963209762 -3.36881169307867 -0.00982825657488089 3.36347235110707 12.6238572143579
"etap[76]" 0.0561563754523577 6.62959307595661 0.0312522014701087 0.0634765412312952 -12.4334586588203 -3.3772873598691 0.00689321333819626 3.37388619543077 13.0342168597951
"etap[77]" 0.0621109094693132 6.78453576732597 0.0319826083218591 0.064524011241825 -12.6839855472417 -3.31165865171292 0.0239611009962247 3.42071319596526 13.0762086875227
"etap[78]" -0.00539920657421032 6.73671627800152 0.0317571850873645 0.0584385434332734 -12.721103909611 -3.38386815378692 0.022815044035837 3.37708864062471 12.3930747999395
"etap[79]" -0.125062348484807 6.80254887593145 0.0320675229301604 0.0671249623515604 -12.7042586928514 -3.46531249166468 -0.0760890218333947 3.30932719802179 12.5471909775646
"etap[80]" 0.0121349207424564 6.55323143860092 0.0308922292594639 0.052424774606652 -12.5384945523513 -3.34724341359962 0.0398012188841378 3.35789140613329 12.6861182502958
"etap[81]" -0.207137954953579 7.01041825292093 0.0330474285706289 0.0972882532244849 -13.0579870754083 -3.47623092865097 -0.0506073758000753 3.2940515982532 12.2816796179606
"etap[82]" -0.0323714745102187 6.65844925928173 0.031388230822831 0.0685254820794396 -12.7192310794217 -3.43277316903318 -0.0338276394703215 3.35208184664796 12.6372569643224
"etap[83]" 0.0476825555563626 6.94826093165209 0.032754416148165 0.0688086180505228 -12.7623795559472 -3.36153577023688 0.0324072229927196 3.41682053819326 12.8244064903794
"etap[84]" 0.023931905457454 6.71353417862308 0.0316479036228803 0.0503033588844464 -12.4041931196924 -3.3624718595414 0.0836102675491652 3.42066289331376 12.6189412266066
"etap[85]" -0.0258748454348067 6.45736056757022 0.0304402896393034 0.0546828470311339 -12.511349541354 -3.32546026806128 0.00409676629043773 3.30391679061964 12.3974228364374
"etap[86]" -0.0743192936711933 6.85283487653489 0.03230457341033 0.0797554779197927 -12.6014104514022 -3.39786619694917 -0.0489776522491038 3.30080834347401 12.6885691301852
"etap[87]" 0.012658477600787 6.74864420003728 0.0318134138510775 0.0622798147242693 -12.6651097313523 -3.31602443365867 -0.00204396462605118 3.35140857915314 12.6468377777526
"etap[88]" 0.0580087044096445 6.62677156132184 0.0312389007225656 0.0700568158123963 -12.4569203964342 -3.28695019349835 0.0301642056994653 3.40406416319129 12.5766040687028
"etap[89]" 0.072979784102082 6.65801117295106 0.0313861656640633 0.0820022710191125 -12.4580012552309 -3.31173820443953 -0.0155346589859485 3.41347829008006 12.8274967243929
"etap[90]" 0.122545760094563 6.49263763782883 0.0306065873433051 0.0570366115611723 -12.3868021019449 -3.32397536972216 0.0579247418949938 3.45713474384877 12.9265621314614
"etap[91]" -0.0411546539835163 6.88430967247089 0.0324529470212821 0.0656470707256323 -12.7518801536447 -3.39558014882934 0.0116941794326607 3.39281998218107 12.56674994965
"etap[92]" 0.0467522948185458 7.10358086847472 0.0334866013520366 0.0836486487368601 -12.9516817321558 -3.35502405122626 0.00245608494383297 3.41967145530596 12.9340889655766
"etap[93]" -0.00728599266090018 7.04858586807893 0.0332273524339619 0.0859914774649665 -12.703484896625 -3.38373440767023 -0.000567353485669554 3.34627516278589 12.7422973246543
"etap[94]" -0.0521404743611763 6.77571210028052 0.0319410131565073 0.0496102662942909 -13.0203101240361 -3.41336940254532 -0.0371888626613568 3.34495947219251 12.6372433606361
"etap[95]" -0.07714732778387 6.62851649157154 0.0312471264026473 0.0729575174381022 -12.8098278251961 -3.33004323831773 -0.0168660240431177 3.32590066842427 12.4821057257944
"etap[96]" -0.0436731460685612 6.66384227398573 0.0314136537379526 0.0778293820466085 -12.5516947499734 -3.37138275242032 -0.00486228018984827 3.37169299206352 12.656085784745
"etap[97]" 0.0671886908699267 6.54194311766952 0.0308390156042719 0.0546353807343978 -12.6365897080264 -3.29109918051422 0.0401393489717586 3.38503644074912 12.6816008801014
"etap[98]" -0.0550791909957941 6.81411915921297 0.0321220657686178 0.0704602504283824 -12.9580663164516 -3.4182748544827 0.0221487730952539 3.39740120266259 12.5145176242593
"etap[99]" 0.0616636866087468 6.98398355801642 0.0329228142237918 0.0938566500593901 -12.770013648216 -3.35283245270313 0.0440975988256133 3.4958882809455 12.849333918374
"etap[100]" -0.0254514933766156 6.77106636438608 0.0319191129474769 0.0613876078318826 -12.8663581346978 -3.40246479439973 -0.0450212589774072 3.31972634263245 12.8756112862125
"etap[101]" -0.109813000710614 6.84280429668866 0.0322572888034733 0.0529767182331164 -12.7119459606187 -3.37516524927956 -0.0696628301265091 3.24896063393516 12.4960521143949
"etap[102]" -0.113371878452587 6.90983224441812 0.0325732615792634 0.067328930427866 -13.1392404388422 -3.33363246482624 -0.0234130584995343 3.35394342263421 12.2595319942959
"etap[103]" 0.0170009331947763 6.66452302368619 0.0314168628228159 0.0701053269812544 -12.9007377839364 -3.32068968082433 -0.000430105430679289 3.35834721660639 12.6334188633224
"etap[104]" 0.175338224753529 7.53589331889547 0.0355245417872626 0.171864280332676 -12.372143392591 -3.35618241816399 0.00707198854143347 3.34963904679315 12.6698756390974
"etap[105]" -0.0477938331089523 6.80888905092814 0.0320974108017208 0.0575730000599428 -12.8731143693742 -3.41474275023491 -0.0218460848164753 3.39889323043697 12.718406947994
"etap[106]" -0.0291728507081093 6.68734666625495 0.0315244545056942 0.0636396354524095 -12.6883355281415 -3.37123942023951 -0.00352683456049518 3.30515431360296 12.7306718620925
"etap[107]" -0.156103525159508 6.87563421809712 0.0324120505371649 0.0838827542469138 -13.2038399291085 -3.43223877820251 -0.0326818774946557 3.30029571148833 12.4046890330462
"etap[108]" -0.00612742841035725 6.72215483917596 0.0316885418064486 0.0598061675134041 -12.7098573728925 -3.35534205822119 0.017911509922746 3.36135613267913 12.747364765192
"etap[109]" -0.0432832668366458 6.91920105326193 0.0326174265676974 0.068630000621893 -12.7613409765007 -3.43355345064293 0.0179064888463947 3.384811142914 12.5449028642807
"etap[110]" -0.0574716957219107 6.85215292020016 0.0323013586373382 0.0790245470886732 -13.1219562197052 -3.3646104642218 0.0359535205489168 3.36981344681366 12.7089809994688
"etap[111]" 0.0944023605218865 6.83726548433352 0.032231178591633 0.0548003405513366 -12.3063823695655 -3.33547546530907 0.00850246740043124 3.38328946081958 12.839305513818
"etap[112]" 0.066801851797031 6.88221010639144 0.0324430495718665 0.0629050636750109 -12.7403144429405 -3.43601502737023 -0.0226157729391599 3.34108293090675 13.0963535016303
"etap[113]" 0.0614393500066637 7.15403552937046 0.033724446904449 0.0764539754964728 -12.5522783980852 -3.34862921594641 -0.0240137110322359 3.36181132881581 12.8385896452334
"etap[114]" 0.00554884392096593 6.79291474616605 0.0320221072069074 0.0525997040273542 -12.916268127255 -3.35845296933073 0.0120743688334283 3.39962004180529 12.4914084647936
"etap[115]" 0.0855584959601555 6.91038016050606 0.0325758444804721 0.068632453566036 -12.2729297709092 -3.34133826417796 0.0534916705797367 3.40324845178122 12.8554061451987
"etap[116]" 0.0631784250006141 6.90364345307015 0.0325440873370668 0.0528028522201683 -12.6986801944468 -3.32299146358915 0.0508142342623556 3.35791490285494 12.6923887396226
"etap[117]" 0.0388719161653164 6.92872056144601 0.0326623019596342 0.0666910460445099 -12.6849005024945 -3.31633893050786 0.0435076227816884 3.41324783657888 12.8393343652196
"etap[118]" -0.0385911207369333 6.96593847310917 0.0328377488777584 0.0678803891521161 -12.8045817948904 -3.3402682412622 -0.0241355552446914 3.32557609448289 12.8252560876977
"etap[119]" -0.043824159909704 6.62437201757905 0.0312275891648837 0.0500326054603709 -12.716285949863 -3.41104909818623 -0.0526445916064839 3.30735825070606 12.823220043806
"etap[120]" -0.00801708688787125 6.78401371792839 0.0319801473573982 0.066924948181291 -13.0212889567546 -3.35470511504159 0.0219161583118027 3.36899533624379 12.560970043968
"etap[121]" 0.0500767634246794 6.91698583869069 0.0326069839460634 0.0629525259110103 -12.6646327224694 -3.30222342383786 0.0338970096703244 3.43529014631561 12.9876379338669
"etap[122]" -0.121462641301601 6.8325860181395 0.0322091193764455 0.0799568964447418 -13.1109528371739 -3.35358373344846 -0.031290345769744 3.32999322380078 12.4670264481378
"etap[123]" 0.00803469469031385 6.79438167397095 0.0320290223708964 0.0475658775598222 -12.8420836598015 -3.37349194650422 0.0279984457890987 3.4202127123518 12.901946231265
"etap[124]" -0.0443027353091069 6.70405190562865 0.0316032037593108 0.0750606619619731 -12.6583664222517 -3.41544585541706 -0.0905475336009034 3.30111673068038 12.6455051268207
"etap[125]" -0.0511523537156621 6.76190424680881 0.0318759223110175 0.0866568273685629 -12.6844965371646 -3.39204500549873 -0.0150591032871039 3.36035244153288 12.5315871148846
"etap[126]" -0.148832187865723 6.71411357126631 0.0316506349059936 0.0531209403510681 -13.2457841866858 -3.42288793444668 -0.0279803974763739 3.32812289860233 12.1631113412491
"etap[127]" 0.0696432945035423 6.60029815463485 0.0311141038866357 0.0678861739190701 -12.3634462976376 -3.34391669939112 -0.00264318299170814 3.38689024058295 12.7181166436107
"etap[128]" 0.0425022046117589 6.82241627727996 0.0321611787582809 0.079324612974169 -12.5457190065075 -3.37310371133828 -0.0228557756316086 3.430013276095 12.8420006061639
"etap[129]" -0.0186513181592406 6.64444714711159 0.0313222242330547 0.0498628542479117 -12.6692508880435 -3.418937775791 -0.0259284532597255 3.43409632191131 12.5608635169038
"etap[130]" 0.0828324337890955 6.85330085515729 0.0323067700546219 0.112137549821002 -12.2007956799785 -3.38779246109605 0.0218788021955296 3.3582946598233 12.9142121086157
"etap[131]" 0.0572608499591563 6.72741822752409 0.0317133536570684 0.0531539464759459 -12.8245667411364 -3.34254844007701 0.0228588667508853 3.45296745680449 12.8884734911385
"etap[132]" 0.030324763483312 6.90001822246179 0.0325269978360899 0.0560834650231838 -12.6557597666416 -3.37075724455117 -0.0294686042739136 3.3936131260012 12.6403362248206
"etap[133]" -0.0543378915198078 6.64504292813107 0.0313250327717146 0.0470964828813042 -12.8876845146961 -3.47136854536644 -0.0417463997644524 3.37037391255374 12.6355758991914
"etap[134]" -0.0203438395232409 6.76494612040736 0.0318902618406778 0.076363309724551 -12.9301438602133 -3.40686485669353 -0.0373720176468182 3.35063105513675 12.5471200129389
"etap[135]" 0.0337297540680897 6.76651025582716 0.031897635245758 0.0716038057288695 -12.6114186640931 -3.42880587072851 -0.0248175415034542 3.380878031297 12.8788880585257
"etap[136]" 0.0108034026414631 6.81684133972214 0.0321348982506021 0.0561520249202376 -12.8875325804244 -3.37101721239674 -0.0222192150574596 3.3993575214001 13.1031098266791
"etap[137]" 0.0788997250853537 6.91020442402825 0.0325750160507711 0.0684110008689707 -12.3754548363069 -3.34811139232937 0.0335002138541883 3.45401223127719 12.618378537636
"etap[138]" 0.0487084609589221 6.81844309478771 0.0321424489963932 0.0654423479781976 -12.503006788135 -3.34826641295322 0.0100417706655612 3.43878059112553 12.962441038758
"etap[139]" 0.099937355041816 6.69280963568796 0.0315502071905708 0.0748361322214964 -12.3242526892496 -3.35509783229966 0.0253160585025537 3.38159920054136 12.6183760159881
"etap[140]" -0.0407397567455105 6.5858062019049 0.0310457881663158 0.0454475965388816 -12.6439343903934 -3.41802753607799 -0.0483299589647677 3.31764799010164 12.5710516234121
"etap[141]" -0.0299190140922086 6.79942271295204 0.0320527860565481 0.0657957367205176 -12.7482934663686 -3.39630946171828 -0.0420883834751533 3.31713387939336 12.4495782101833
"etap[142]" 0.0605544153031591 6.84650852770206 0.032274750715931 0.0687018896735474 -12.6285515923532 -3.35649194623545 0.0247676980011134 3.41271501637164 13.137022687162
"etap[143]" -0.150448902106897 6.90564737499244 0.0325535339156015 0.0924468491344147 -13.0374915476836 -3.37681640924475 -0.0165808028346188 3.34491116783677 12.448240145665
"etap[144]" -0.0446499723030366 6.7549916017546 0.0318433357897257 0.0438158280099343 -12.7478611296088 -3.45310984872789 -0.0475720020947951 3.36283598552057 12.9539557967945
"etap[145]" -0.0246201779579741 6.63077444424901 0.0312577704936463 0.0439993655698804 -12.7418102309772 -3.37783173188754 -0.0592672578835077 3.33848723042205 12.6957764288654
"etap[146]" 0.0266175127453266 6.90447590655396 0.0325480115604229 0.0592328892725203 -12.6578996764588 -3.39601381056934 0.0402617375234587 3.35640573949109 12.5860045142861
"etap[147]" -0.0461375452217331 6.68661914046366 0.0315210249162241 0.0781996582930655 -12.6184137750369 -3.36159830226052 -0.0279019057786165 3.37886344818825 12.3775623620288
"etap[148]" -0.106614313663659 6.77447509672266 0.0319351818658132 0.0717230355491444 -12.8065324788952 -3.38118654191494 -0.0345494124972156 3.30925718778997 12.3587544853673
"etap[149]" 0.0992046355073143 6.98607228368264 0.0329326605710092 0.0776414871870825 -12.5412390811851 -3.36033449995188 0.0373334094240033 3.44838157034453 12.9459902593419
"etap[150]" -0.0795829008537305 6.91543740722388 0.0325996845701275 0.0948839988584001 -12.8293901937855 -3.38898910967029 -0.0189946074291847 3.35041735484394 12.5415881903468
"etap[151]" -0.132553998494077 6.66509593622079 0.0314195635584042 0.0642031763198521 -12.9400629562938 -3.43627800458943 -0.0493252538044099 3.33555661732285 12.2769556775874
"etap[152]" -0.112383347666535 7.01578373297469 0.0330727216861645 0.0797102279768883 -12.8931751724859 -3.35595757943618 -0.0644153222468052 3.27188910631815 12.4603433741493
"etap[153]" 0.0798846489655122 7.10454706966972 0.0334911560681498 0.0618147951661645 -12.4520266962261 -3.3718480864579 -0.00327911543371582 3.37702839129765 12.8128649185813
"etap[154]" 0.0300071084231012 6.89243692067916 0.0324912592367517 0.0765161885504898 -12.42646025982 -3.40326052410602 -0.0623963603503693 3.30834472273507 12.7001697932481
"etap[155]" 0.0139863900295485 6.51241505504842 0.030699818982174 0.0637287539384967 -12.4429341133821 -3.33539956572178 0.00737745120206645 3.34613218155785 12.7152154411064
"etap[156]" -0.0508965495716073 6.58085285828212 0.0310224378805477 0.0484766263833277 -12.7009126059518 -3.41914631310716 -0.060826830503047 3.3691687388642 12.4559877314962
"etap[157]" 0.00293533098261281 6.66806939184663 0.0314335805626481 0.0495292354425104 -12.6350840691862 -3.32277897018434 0.018984778267543 3.40013303027548 12.5231596424509
"etap[158]" 0.0139497314982207 6.8823057217165 0.0324435003068314 0.059278408178846 -12.7587212752697 -3.45108123049518 -0.0771467121134173 3.33553986582831 12.7027527082079
"etap[159]" -0.0702085548961441 6.86106693026571 0.032343379683771 0.0753947447798069 -12.7793651023999 -3.37490319351387 -0.0281417252364765 3.34590868650824 12.4691052787381
"etap[160]" 0.00334392416872984 6.81054418108965 0.0321052131601271 0.0561143062564225 -12.9133994572559 -3.33061015516314 0.0597093075922562 3.46474935095682 12.5278067269002
"etap[161]" 0.0335963171657851 6.78664038984592 0.0319925296075638 0.0629092629771809 -12.3881799249227 -3.3994133679841 -0.0157482214710628 3.36067719062157 12.5390227956216
"etap[162]" 0.11248712649942 6.81770464346817 0.032138967903489 0.0855369374566897 -12.5154831205486 -3.30251182994334 0.0137337566582899 3.37628651715004 12.6947107750893
"etap[163]" -0.017506939631238 6.71376404412923 0.031648987219268 0.0697896226006862 -12.4367856842473 -3.35782178805754 -0.0363201553602085 3.33953694783739 12.7251941181491
"etap[164]" -0.048050089907538 6.60606214492637 0.0311412755974479 0.0730876008173343 -12.6743954844519 -3.34450248633312 0.0040578667292679 3.38335808093296 12.2918873752489
"etap[165]" -0.0844095264491241 6.82707894720098 0.0321831587950782 0.0592352465907414 -12.8288760232495 -3.43190216531306 -0.0323483923720315 3.33186334228798 12.6264467322209
"etap[166]" -0.0170311526092669 6.56283615130335 0.0309375063093521 0.049454545213931 -12.5319880720175 -3.36394398091572 -0.00308875701066969 3.29286904737121 12.5043276758383
"etap[167]" -0.0531111828782111 6.63908886572941 0.0312969650523825 0.06075531164179 -12.6125344768599 -3.3773495653268 -0.0215382880917206 3.3218159420543 12.2953871899063
"etap[168]" 0.110995152654514 7.08592168765428 0.0334033551753145 0.0767752241202514 -12.6439000260485 -3.3688890220815 0.0131134142627627 3.43740846582374 13.0809209012462
"etap[169]" -0.0977770247434418 6.81783268033399 0.0321395714750628 0.065257169018209 -12.9257662681972 -3.40528549098179 -0.0205037343583648 3.30352681298634 12.4123447867372
"etap[170]" 0.0110624611427985 6.67117998890171 0.0314482440577893 0.0557018773515337 -12.6253987329486 -3.41085331146205 -0.0407906823789255 3.36689041355681 12.8554668329252
"etap[171]" 0.000991499378450534 6.67096681468964 0.0314472391449164 0.0543866390634146 -12.542077072702 -3.30922442849277 -0.0108659250838026 3.36323332485981 12.5110761229323
"etap[172]" -0.117658320126471 6.69305750202918 0.0315513756437089 0.0482045171902725 -12.9146943316965 -3.43512519674042 -0.0370975102639547 3.32096216459794 12.4435143043319
"etap[173]" -0.0177320258228374 6.7062843461192 0.0316137275847072 0.0844615549393289 -12.5594095507658 -3.39526328098829 -0.0535805053621541 3.36620343826002 12.6897371719228
"etap[174]" -0.0711192284458657 6.6667058919522 0.0314271529625047 0.0587086474333727 -12.8461938510784 -3.39784669593064 0.0303652721574944 3.36657082438676 12.5387962098264
"etap[175]" 0.203594460528679 6.62621917685052 0.0312362967571956 0.0750988123618532 -12.2264736614646 -3.25538738100321 0.109925641093492 3.45059795813632 13.2873580363808
"etap[176]" -0.000629170512540725 6.68919246986492 0.0315331557073565 0.0542553247452457 -12.5257362587998 -3.32915235146195 0.0427108972673076 3.38631775885139 12.6696039399165
"etap[177]" 0.043400235622401 6.86731806740788 0.0323728478268601 0.0670898298508877 -12.4474545389041 -3.35657254173772 -0.00311572691777762 3.41762525792692 12.8617739633379
"etap[178]" -0.0166160119115205 6.91302181098443 0.0325882973402506 0.0600779740603586 -12.8284759757336 -3.34456627657424 0.013593476696405 3.36340729538965 12.7373668990445
"etap[179]" -0.0472790182473349 6.87972802564162 0.0324313489310022 0.0713020682343408 -12.8238624682048 -3.3929310593082 -0.0192892548501217 3.312362523152 12.6697756313788
"etap[180]" -0.0179399227951572 6.8995766604233 0.0325249162926783 0.0521466665469869 -12.8232504862456 -3.36469262801613 0.00190906540352105 3.41037957123799 12.5886821718332
"etap[181]" -0.0521832567132271 6.84421698529095 0.0322639482814092 0.0593043691069019 -12.8597259853519 -3.4243173771663 -0.0322372598843814 3.32256249542176 12.6623739671002
"etap[182]" -0.0524159753258072 6.74214315508258 0.0317827676312624 0.0731083491492599 -12.9218266494897 -3.35630754780863 -0.0529971112593335 3.26633876023844 12.3043322906877
"etap[183]" 0.0819801801541521 6.90932027205943 0.0325708481184194 0.0769699305162541 -12.7620108523132 -3.35329393090915 0.0584453291751034 3.40261103218529 12.8645237097976
"etap[184]" -0.0356757366283912 6.70879918728145 0.0316255826596367 0.0535996843429815 -12.6224978795512 -3.40946555871208 -0.0389220487464618 3.3449699816142 12.5605361620668
"etap[185]" 0.0561791664139923 6.83362141717423 0.0322140002943035 0.048692807657727 -12.8327971803138 -3.38520127727212 -0.00289328476539251 3.40267215097884 12.919891238545
"etap[186]" -0.0692404264325964 6.70948183318749 0.0316288006832988 0.0607930432358633 -12.715946312738 -3.42888703405061 -0.0332667614563375 3.35139176261507 12.6331109054898
"etap[187]" -0.0374918818003558 6.75534997575746 0.0318450251809765 0.0993743488064559 -12.6185619812108 -3.34144322189327 0.0367044730838268 3.41633851711921 12.48942668144
"etap[188]" -0.0608210415885349 6.75167422806894 0.0318276975402 0.07893788547213 -12.6758397495731 -3.42592514246516 0.0148651692030192 3.36793081529697 12.4671532918348
"etap[189]" -0.0544373463764922 6.68003384019266 0.031489981513039 0.0673401426382439 -12.8515681449175 -3.37047324847712 0.016429733796414 3.40181795925811 12.5900895755192
"etap[190]" 0.0490701855599886 6.68452540302865 0.031511154943302 0.0536887219167806 -12.5880972377645 -3.34853946636711 0.0174274378941511 3.34997946564053 12.633622835263
"etap[191]" 0.0921431625669632 6.7725034570954 0.0319258874674766 0.0638176153642899 -12.6965845782439 -3.32230309321588 0.0611257243701211 3.41787643916199 12.9717637800126
"etap[192]" -0.0850470459092106 6.9677940282791 0.0328464960487152 0.0780014191056348 -12.8055963350794 -3.4303183153265 -0.0171608659525695 3.36151680540075 12.6373332473144
"etap[193]" 0.118818393851278 7.00878940368228 0.0330397501016811 0.0490350854689076 -12.588394070697 -3.23745495968968 0.0329900126703061 3.38359802600997 13.0690512646978
"etap[194]" -0.0686882886707668 6.70915537526177 0.0316272617458785 0.0583051922187369 -12.988335096099 -3.38948098330705 -0.00493919415127011 3.29621622883267 12.5248966773396
"etap[195]" -0.107854557889655 6.81087442534625 0.0321067699464824 0.0812866705647976 -13.0121654508446 -3.42201231157189 -0.0516338324125309 3.30789864833222 12.3920433936894
"etap[196]" -0.075049537830328 6.86059925613906 0.0323411750467954 0.0555030651948013 -12.5640615371294 -3.42784125726389 -0.035613318698185 3.30890858627431 12.682621973866
"etap[197]" -0.0160326084756483 6.9046250182551 0.0325487144797231 0.0540890278060728 -12.7609876430629 -3.36151580291303 0.0132629267488792 3.33893726905699 12.7001494794179
"etap[198]" -0.0739211765114694 6.8013911639313 0.0320620654234539 0.0595461158154013 -12.9332648172837 -3.36756026101889 -0.028793380904429 3.35819765379422 12.6134368976056
"etap[199]" -0.0225082220036237 7.10720497649961 0.0335036855611044 0.0730106876055566 -12.6919705700897 -3.36482725332553 -0.0249007554402766 3.35361575825995 12.7744812356204
"etap[200]" -0.0530777711603452 6.60862947518629 0.0311533781083568 0.0498118230331074 -12.6330902383134 -3.38103981132981 0.00221661134637396 3.36417116262112 12.308403997085
"etap[201]" -0.0580308574952907 7.02596327293809 0.0331207084977477 0.102391425121819 -12.7429731904708 -3.41948691706288 -0.0563516075028174 3.36085411405062 12.8195253465063
"etap[202]" -0.0172880803158674 6.8270262082434 0.0321829101812479 0.0766046943145085 -12.7984894020048 -3.3810204211774 -0.00691379464924434 3.35286630049059 12.4714631708913
"etap[203]" 0.0309586160161662 6.66586044953573 0.0314231675087328 0.051910090036913 -12.8435812243435 -3.39476537109878 0.0318854606471623 3.40076380193476 12.8151213618341
"etap[204]" 0.0914167629706755 6.87141332098276 0.0323921530373499 0.0766204301130875 -12.6139427452861 -3.35312031255761 0.0374395501894796 3.41227670424432 12.9858934532346
"etap[205]" -0.0654086656117536 6.62586161091132 0.0312346111751935 0.0693323927933382 -12.6332753169029 -3.36957308099301 0.0304203296950968 3.39166531245518 12.1783882902348
"etap[206]" 0.0170400563265659 6.56475295404129 0.0309465422041135 0.0670239321434021 -12.660281862673 -3.37049792385539 0.0247375494498435 3.38691907253927 12.4627332032682
"etap[207]" 0.00914741707732952 6.85869399952493 0.0323321935809837 0.0604072909390837 -12.7639110521459 -3.42730621511824 -0.0267135332834921 3.41940509667076 12.8836098030244
"etap[208]" -0.0138885688890694 6.78591705591818 0.031989119778728 0.0768330854897617 -12.3411071144765 -3.3627803598543 -0.0349975874494127 3.30574264885765 12.5921103712304
"etap[209]" 0.0835650762097051 6.66744543747698 0.0314306392135419 0.0665250130142824 -12.3096692933642 -3.25087471135137 0.0243086310370765 3.39809241072286 12.6155290110463
"etap[210]" 0.0116501081927662 6.71774061853275 0.0316677329707788 0.0638357230185607 -12.4319439623216 -3.34505095896933 -0.0125103532416032 3.38159931178541 12.4115320942446
"etap[211]" 0.130786231967756 6.85129210562681 0.0322973007185239 0.0738443879801247 -12.2291348364648 -3.28989346821977 0.0578831978244108 3.40801383088557 12.9096779285712
"etap[212]" -0.081589341362625 6.77241777050866 0.031925483537033 0.0525471891577835 -12.7228376986543 -3.36340914775898 -0.0356141634728277 3.27774689755436 12.297238391342
"etap[213]" -0.0210906760247243 6.69004437166364 0.0315371716109484 0.071396052808755 -12.7915360162271 -3.37922971002615 0.0152637350966489 3.38471167715717 12.6331857761154
"etap[214]" 0.000317809060492985 7.05658752657615 0.033265072613856 0.0748774290038294 -12.4921517393339 -3.39088623110023 -0.0354515793719304 3.39270788242598 12.7906352041207
"etap[215]" 0.0138713075423931 6.65024903690101 0.0313495746038134 0.0580048778234727 -12.5030187296475 -3.32182698318488 -0.0343207842522372 3.33468000593587 12.7730115930937
"etap[216]" -0.000440246278085861 6.97012457537391 0.0328574823530793 0.0658974608066311 -12.816948302539 -3.34077692408197 0.0265595804483517 3.39809444888376 12.5792024365105
"etap[217]" 0.0508788724603001 6.883041445639 0.0324469685426626 0.0679040922013972 -12.7842950826491 -3.32552574377395 -0.00631155372741014 3.34567761009079 12.7648083947307
"etap[218]" -0.0864894462485746 6.89935198721308 0.0325238571730084 0.0636682091020694 -12.9422695254073 -3.40754754640914 -0.0589560194153157 3.32942258727287 12.6162886117132
"etap[219]" -0.0284943754727274 6.69212426143182 0.031546976305343 0.0558724291613003 -12.7789945794176 -3.34715883607147 0.0393250911791474 3.3462254179635 12.6072119962759
"etap[220]" 0.041835699268056 6.77904706790384 0.0319567343446506 0.0683759583568329 -12.608797963771 -3.37143101069164 0.0293858281693359 3.3798613575686 12.8990815708827
"etap[221]" -0.0395929799091633 6.65909964499367 0.0313912967704797 0.053060246946549 -12.5094556344113 -3.37605247964514 -0.042993997427367 3.30146723500206 12.6454575485941
"etap[222]" -0.122052337068782 6.94461817475038 0.0327372440274489 0.0783696933344423 -12.9608585114177 -3.43376832173773 -0.0705384785287984 3.2663550483744 12.7359482778662
"etap[223]" 0.0580155353557448 6.59641529128157 0.0310957998932522 0.0492375738583687 -12.500170952347 -3.35116427543466 0.0431882308333378 3.4164676545597 12.7787594035656
"etap[224]" 0.144637991343768 6.97529651260353 0.0328818630989922 0.0770832582406953 -12.3577435877932 -3.29508517370113 0.0700906985690566 3.39361223313711 13.0550941742609
"etap[225]" -0.0451493341044354 6.6956130046584 0.0315634223986319 0.054217363611851 -12.7202539611495 -3.37346892081593 0.00760292789507618 3.35437027274136 12.455384949941
"etap[226]" 0.00995475237254831 6.63773171759038 0.0312905673947013 0.0473430926733694 -12.6743683157562 -3.35443519503478 0.0151819327539804 3.37532300419002 12.6395520627396
"etap[227]" -0.0214207215991914 6.78731110779356 0.0319956914022907 0.0523038555431625 -12.3491768769831 -3.42646873779708 -0.0468818534081043 3.32344103637394 12.6529341687904
"etap[228]" 0.00613320728200227 6.77955822632819 0.0319591439685714 0.063914638777477 -12.7301782373955 -3.3655565283976 -0.022177828121281 3.32314073324617 12.820949042449
"etap[229]" -0.0730071928330901 6.73313961921821 0.0317403245561667 0.0657443070645365 -13.1304173689146 -3.37241127630389 -0.0134524653462823 3.40169723458788 12.6375838232823
"etap[230]" -0.0454062893720326 6.90086406681362 0.0325309851846032 0.0705511779013323 -12.8043566008842 -3.37511343913647 0.00320825687159452 3.32529634003246 12.6059127928941
"etap[231]" -0.0887748184902771 6.9155993156042 0.0326004478135518 0.0927179384214329 -12.7305530390382 -3.37030749517099 0.0182364916506735 3.32474550568404 12.5473848639914
"etap[232]" 0.0286906777423702 6.77983516766391 0.0319604494825479 0.0764098785492672 -12.5770387764499 -3.31099130217373 0.0431715933148102 3.39715608226155 12.6190900245254
"etap[233]" -0.0161522418493655 6.75423970099365 0.0318397912955467 0.0549735895766617 -12.6086543509057 -3.36012408495419 0.0176666792818419 3.39121256214818 12.6291968093017
"etap[234]" 0.00624181689246148 6.86770873142954 0.0323746894347193 0.0519243320388331 -12.7229161974605 -3.34988812478754 0.0308292896175961 3.361929944387 12.6027143533584
"etap[235]" 0.05815454105336 6.81107616789708 0.0321077209699874 0.0590565519555261 -12.5567980786973 -3.27963107545638 0.0723269830057021 3.42304169292209 12.8199747150923
"etap[236]" 0.0202395705940598 6.87942747479216 0.0324299321207106 0.0876129032598106 -12.5563241165137 -3.38804179893776 -0.0599258206979497 3.284801794277 12.5623643404124
"etap[237]" 0.110864291537069 6.97487317888999 0.0328798674847286 0.0694175120386472 -12.419536057796 -3.29263706347154 0.0612228564034775 3.40670933713487 12.8441647162505
"etap[238]" -0.13448615202611 6.8171192929051 0.0321362085344723 0.0796162888473624 -13.034209184546 -3.35962690467236 -0.0598202061710772 3.26290279347839 12.5393855717258
"etap[239]" -0.0671917668202044 6.5657164969921 0.0309510843891433 0.0471734058337374 -12.8492404431154 -3.41804779266464 -0.0172066434232423 3.33762480462725 12.5970144835761
"etap[240]" -0.0252302315652666 6.60747332647248 0.0311479279710528 0.0600343065278154 -12.7201414162575 -3.38337619513862 -0.042306919013155 3.34710935389296 12.311751821362
"etap[241]" -0.0134008694287909 7.0052691666674 0.0330231555452503 0.0704099685668555 -12.7590605434406 -3.33237591035179 0.00750827483392528 3.36755344918006 12.5741109322977
"etap[242]" 0.0546860607443907 6.83439295874212 0.0322176373761343 0.0622844401713888 -12.5226480372446 -3.39101828927134 0.0346490907874145 3.42390388645921 12.9188805323336
"etap[243]" -0.0544478188481872 7.00723914620159 0.0330324421178332 0.108900887502939 -12.8164556808247 -3.37357151862412 -0.0094986297760066 3.33133481410847 12.7417296300431
"etap[244]" -0.173147872746206 6.97201686400728 0.0328664026872434 0.0851788468994105 -12.8016553406777 -3.42367010676652 -0.0414262518034096 3.31027914317713 12.3517461021978
"etap[245]" 0.0365000389972824 6.74133481651086 0.031778957086692 0.058119656120555 -12.4127979548426 -3.38009112234607 0.0115978671365969 3.37795838141532 12.3885866020321
"etap[246]" -0.0151777045109236 6.73316620626663 0.0317404498887149 0.0819471996529159 -12.6303275313445 -3.36790323020058 -0.0105759107756979 3.35810143693776 12.5481171671209
"etap[247]" -0.0557602449221598 6.99583373359689 0.0329786764871998 0.0659476499205107 -12.9342625250687 -3.39926614566705 -0.0511230477442365 3.3251674547882 12.8187940443684
"etap[248]" -0.0512877039581332 6.68937213136627 0.031534002639796 0.0585782206248369 -12.8967448169875 -3.40540608295537 -0.011605439820276 3.33789838744108 12.5227249248636
"etap[249]" 0.0761579127765196 6.52754534969246 0.030771143875135 0.0488715371983261 -12.372977271671 -3.35189582020596 0.0505610301852603 3.47384867301 12.8688196121618
"etap[250]" -0.0264038652147195 6.73750198445263 0.0317608889430952 0.0693928085647932 -12.4341628680336 -3.36210747004422 -0.023450682610103 3.31301198255311 12.5477573767043
"etap[251]" -0.00870750529295266 7.00186208096076 0.033007094389202 0.0930579852612191 -12.9194758523914 -3.38328408753153 0.00589777670811123 3.38697954917969 12.7044929356662
"etap[252]" 0.013849946872215 6.76689560352083 0.0318994517922068 0.0621661262559227 -12.6869907209314 -3.39787967242841 0.00885744971507475 3.37708215786513 12.5093706160763
"etap[253]" 0.105854833197357 6.67507444476726 0.0314666026987997 0.0656818088706445 -12.5385498414963 -3.30170803996428 0.0454272733934058 3.3698081438227 12.9336740659285
"etap[254]" -0.127950984720889 6.6536317736182 0.0313655209776247 0.0605398940973665 -12.8272191006014 -3.45501183155219 -0.0609815209084662 3.29098731212276 12.6147662740559
"etap[255]" 0.000610646504098232 6.81548273320722 0.032128493718071 0.0636897477967566 -12.8372670545643 -3.35449474967116 0.00655478653555645 3.39461506064936 12.8744250055584
"etap[256]" -0.0691356360904462 7.03913352339183 0.0331827936537861 0.0629007679907563 -12.976694742323 -3.41145810806519 -0.0495819306376589 3.37090622590571 12.5767793328108
"etap[257]" -0.0406862791815111 6.66277916596138 0.0314086421986649 0.0522462644326318 -12.6108577345417 -3.35367620316141 -0.026596931518237 3.31482575378626 12.7874074966251
"etap[258]" 0.0294452959151669 6.78222657571933 0.0319717226882317 0.0495941325798867 -12.7153141502108 -3.40291723473465 0.0102498954923529 3.40630196196834 12.6595149760625
"etap[259]" 0.0073586531342689 6.71123466868783 0.0316370636290894 0.0617785443957141 -12.5990885850627 -3.39209534564716 -0.0171275559179186 3.32925645381178 12.7817213168988
"etap[260]" -0.00609120552151487 6.63596124739301 0.0312822213181516 0.056319636681993 -12.74066295449 -3.35009863019874 -0.0045514639328453 3.36890948565018 12.5892497269948
"etap[261]" 0.0118958691262311 6.55046983342722 0.0308792109278287 0.0577604606586957 -12.4553739875687 -3.40445484137389 0.0164389690893453 3.41255562262372 12.4808976348127
"etap[262]" -0.0530924248850368 6.57555517017272 0.0309974643393026 0.0453378760897711 -13.0022281537516 -3.39273903706089 0.0254634817244717 3.36933763886248 12.1883497128773
"etap[263]" 0.0725891040016944 6.54821405968709 0.0308685771084389 0.0566139276704932 -12.6495788968972 -3.31657789532741 0.0421908763770768 3.4513580145305 12.445260280593
"etap[264]" -0.040235641910925 6.74792853028152 0.0318100401514949 0.0575841400484317 -12.8281680087979 -3.42405044921132 -0.0340422146508431 3.34715649768293 12.4645159802788
"etap[265]" 0.0978747258864295 6.68711235884229 0.0315233499699584 0.0682849513812277 -12.4826658340129 -3.34285876000042 0.0300455149721861 3.41172222777801 12.835983303386
"etap[266]" 0.000235329911590412 6.76684392597508 0.0318992081819199 0.057679490381898 -12.8112788780633 -3.29959913347873 0.0481336373816797 3.40009361889415 12.607489049399
"etap[267]" -0.0170356940768227 6.79502453362027 0.0320320528403457 0.0700028022534978 -12.6691961486392 -3.35854083132431 -0.000308664565427748 3.38924304148165 12.7841832075874
"etap[268]" 0.0875837035393898 6.64260559354993 0.0313135430663123 0.0584853997134266 -12.6601126203346 -3.35662826073654 0.0136786263066707 3.46706339004078 12.8355413391934
"etap[269]" 0.0264350103411673 6.69283613050756 0.0315503320883482 0.066761424150984 -12.6928379877803 -3.33023269907048 0.0316814646069428 3.41464886841528 12.4895403321469
"etap[270]" 0.032411017952843 6.75183145920692 0.0318284387348925 0.0640381125929042 -12.4514361440638 -3.43959628746213 -0.0406084450134642 3.34394628078524 12.6898947157771
"etap[271]" -0.0622884906833913 6.98438159370153 0.0329246905820057 0.073697070711035 -12.8799024940541 -3.39971226930751 -0.0299545672197645 3.33639778803104 12.9139353597187
"etap[272]" -0.0922209728561394 6.56734956125986 0.030958782727929 0.0462959794541314 -12.8481486905167 -3.4156783060093 -0.0800572508068644 3.24451396896764 12.6568154321748
"etap[273]" 0.0841971992495065 6.67392627828608 0.0314611901901012 0.0697015249314132 -12.5005702203056 -3.33152735169854 0.0324879391226312 3.40341334613993 12.824713172978
"etap[274]" 0.101998109988584 6.70497672933552 0.0316075634200743 0.0579066098637858 -12.2824700537153 -3.28794404428625 0.0509934153681158 3.36659723607332 12.538454521731
"etap[275]" -0.0351055034109542 6.73187843549891 0.0317343792790984 0.0625786776610275 -12.7671168230795 -3.4001433933897 -0.0239497930529223 3.36819498010505 12.5258477695878
"etap[276]" -0.0374816689141199 6.69521639481246 0.0315615527618882 0.0559969999002323 -12.4601828776147 -3.35521549970673 0.0255416630170899 3.36683388711058 12.2375377296102
"etap[277]" -0.0547908983316354 6.66821175754233 0.0314342516809736 0.079801515799685 -12.754914132969 -3.40776143754673 -0.0348424102805431 3.3230776606186 12.8185722053794
"etap[278]" -0.0499360035418426 7.08242179704288 0.0333868565327496 0.0627938922056738 -13.0012839836433 -3.47682058810717 -0.0742283967260379 3.32025152175024 12.9174472940427
"etap[279]" -0.0323240786154841 6.5866132591935 0.0310495926708597 0.0489711337357472 -12.6903091379722 -3.43900628113627 -0.0221338044139584 3.36109318783786 12.3833208593766
"etap[280]" 0.0229272317403461 6.57868022112449 0.0310121959707663 0.0662041551164089 -12.3152922253158 -3.32656485812092 0.0409330519310696 3.36345137514881 12.4038668095155
"etap[281]" 0.0690900299561438 6.83111493207197 0.0322021846102185 0.0772627936698491 -12.4679997731482 -3.33110221208301 0.000533561857964429 3.33392542655427 12.84271456688
"etap[282]" -0.0373981133743729 6.85566773902454 0.032317927652174 0.0661585473134848 -12.7678020817544 -3.33025485996619 -0.017868340327528 3.31814435650018 12.485718118941
"etap[283]" 0.0185913780709327 6.81779999992186 0.0321394174181226 0.0565778432694163 -12.7119918277692 -3.36292630719518 0.0145177948859713 3.40480369603319 12.8157884831463
"etap[284]" 0.0340034354700315 6.70688577571499 0.0316165627510111 0.0720760595723812 -12.5604024428608 -3.29921164835367 -0.00273748374705507 3.39000009317477 12.656500451225
"etap[285]" 0.0351900683364234 7.09590092831107 0.0334503977669111 0.0686924122310892 -12.4340788783815 -3.31988617046881 -0.0213832145002691 3.33304001256422 12.5459340823748
"etap[286]" -0.0261645412258198 7.07042107580541 0.0333302845903086 0.0586521445017699 -12.8080535008673 -3.38728082819651 0.0143498528152321 3.35119873457591 12.8331456522891
"etap[287]" 0.0222937432944848 6.68840195944764 0.0315294292055121 0.0501284226322623 -12.5830754941666 -3.35032998798963 -0.00326990517335149 3.34109754188238 12.8862396950715
"etap[288]" 0.032431694215128 6.72065366729509 0.0316814652143373 0.0579002098453162 -12.7890173730292 -3.34723539381235 -0.000246755084717048 3.37607596509285 12.9309470217329
"etap[289]" -0.0686155211788769 7.1575792543261 0.0337411521840943 0.106618240988146 -12.8851738063438 -3.40254663340279 -0.0200258245032691 3.34180260727587 12.4785954092181
"etap[290]" 0.0143923124525001 6.84902586298926 0.0322866175482783 0.0687606258830002 -12.8138351354388 -3.34784029586843 0.0437141926698873 3.42550615795944 12.7376414768891
"etap[291]" 0.0206903859213655 6.8644090875303 0.0323591347642083 0.0594920102244457 -12.4082524948694 -3.35794044929869 -0.00930249759932435 3.36665162760264 12.5053800663025
"etap[292]" -0.0305893123536565 6.7795451591596 0.0319590823693479 0.0605718607152806 -12.8814825182142 -3.40989230506035 -0.00428709252423712 3.34834650878411 12.5270992214089
"etap[293]" -0.186416774875265 7.48122335704078 0.0352668251155648 0.146290913608459 -12.8916055332139 -3.37008873851329 -0.0233779173435657 3.33144291193428 12.5054129811199
"etap[294]" -0.00097282582483093 6.88360814659504 0.0324496399965888 0.0468717468261332 -12.6931171291728 -3.37372916261768 -0.011717548864397 3.31711475578733 12.6662380888264
"etap[295]" -0.00153465004348393 6.94862150148026 0.0327561158906356 0.0582952928499447 -12.7644719825024 -3.35935792535555 -0.0330043580643743 3.33555087907636 12.7255893534743
"etap[296]" 0.0180640423282293 6.71662220867453 0.0316624607361462 0.0620942995886586 -12.2826389021602 -3.34982253169014 -0.00504292607070148 3.25949556494489 12.4900831761728
"mean.p0" 0.86935035124168 0.295575853221511 0.00139335793445287 0.0052199322318786 0.325726732859512 0.671179525270827 0.852432992465829 1.05098512944867 1.49086177167175
"mumup0" 0.808463379500689 0.0526024643193808 0.000247970394849051 0.000806025469773452 0.696057818708751 0.775297200801841 0.811730575140427 0.845263181671327 0.901445380577196
"mupsi" 13.1052488842705 1.44857731751844 0.00682865896193539 0.00920211309615322 10.349598708135 12.1114013211449 13.0693470106921 14.0730994302053 16.0078192747904
"ppo[1]" 0.542462051307123 0.147689274794804 0.000696213918106194 0.00332359385992686 0.220663257941095 0.443665054839528 0.565026611049682 0.655159992432303 0.777829243552715
"ppo[2]" 0.649707749841878 0.114523407609731 0.000539868520836213 0.00140644266506402 0.385749865986721 0.584670965755122 0.662325894074723 0.728500316681323 0.842482951352062
"ppo[3]" 0.747667337108738 0.100188197857505 0.000472291693999341 0.00149439770914272 0.542648477996498 0.680134309148083 0.748830857192826 0.818803533678238 0.930804559805813
"ppo[4]" 0.648815778681206 0.114759647453683 0.000540982166140511 0.00141463576460027 0.387501471181144 0.583380716793362 0.660985515717618 0.727711011839837 0.841775020636802
"ppo[5]" 0.747476698361244 0.10160071780993 0.000478950376912151 0.0014507787889228 0.541387479438359 0.678957489933517 0.747928119952451 0.819757234956703 0.935349881991659
"ppo[6]" 0.541267610163685 0.14801012528281 0.000697726421811638 0.00329672783658727 0.217645252473705 0.442547261077361 0.563478709047829 0.654312872361619 0.778170305899572
"ppo[7]" 0.699747468741685 0.104850404308672 0.000494269545978752 0.00102488996788462 0.467757695336332 0.637712514510186 0.70468796855292 0.772224829934332 0.88943581147464
"ppo[8]" 0.648796004678298 0.114466164476001 0.000539598674115965 0.00139831470147958 0.385364157798579 0.584183776787285 0.661456217555336 0.726955902584599 0.841621584804836
"ppo[9]" 0.79109006942371 0.102107587579938 0.000481339783922491 0.00224808942417922 0.596648437384008 0.716332276206156 0.791971043295353 0.870693157873946 0.968322263926609
"ppo[10]" 0.698832696968947 0.10594009859371 0.000499406414101225 0.00105200321478991 0.464019195856718 0.63630870064896 0.703195409102003 0.771933594222812 0.890526090611006
"ppo[11]" 0.747859048540521 0.100122225225129 0.000471980696027837 0.00150387143888138 0.5438872540933 0.679916440606691 0.749241999479222 0.819386523484731 0.932831797097745
"ppo[12]" 0.648433404397598 0.116289646037656 0.0005481946486334 0.0014746811181281 0.381379547484191 0.581785715750159 0.661805121673435 0.728435397517974 0.84544685076956
"ppo[13]" 0.648323154909844 0.115671401824536 0.000545280217463221 0.00143612844360301 0.380495082779595 0.5840396372692 0.661559136559599 0.72752466823156 0.842159307827299
"ppo[14]" 0.747224024497349 0.101362406406725 0.000477826966183878 0.00155445125576506 0.539719872311053 0.679223290926723 0.748610894506229 0.819045186738162 0.932508632070679
"ppo[15]" 0.747934811179163 0.10124580667657 0.000477277309784701 0.00149468909340432 0.540616004041383 0.679810769181264 0.748466922579339 0.819731119664155 0.933163984697379
"ppo[16]" 0.748788620963943 0.1006597674119 0.000474514694197435 0.00156738868209881 0.543238101002417 0.680879297214116 0.749428215044124 0.820427838083197 0.934773866842736
"psi0" 0.999994582249944 0.0000111982862883981 0.0000000527892278146307 0.0000000756663940826179 0.99996799539342 0.999994503542794 0.999997891110642 0.99999922708766 0.999999888341348
"sdeps" 0.661707897465086 0.391720603332294 0.00184658863297834 0.0125643979002663 0.0383079060110608 0.374370718786031 0.628042878442151 0.894639372806213 1.53924709585471
