"Mean" "SD" "Naive SE" "Time-series SE" "2.5%" "25%" "50%" "75%" "97.5%"
"N" 48.3936 0.706305814595345 0.00332955754061238 0.0137804460186562 48 48 48 49 50
"betapsi[1]" 0.0288072572349497 2.7214037648251 0.0128288203763628 0.0188859681378805 -5.88418333431723 -1.15694885453067 -0.00010328226739258 1.19770472229217 5.99887236239795
"betapsi[2]" -0.0136052007889741 2.74388772920935 0.0129348108009233 0.0193038971313972 -6.1485834907633 -1.18094241385793 -0.00811989405865061 1.15635575698416 6.01906663624569
"betapsi[3]" 0.013264559448901 2.7391343433606 0.0129124031251416 0.0193884097058172 -5.92376905598473 -1.17616704948284 0.000817567112292346 1.18019762173629 6.08705923734845
"betapsi[4]" 0.0254221519885116 2.67940166512413 0.0126308205795453 0.0177621371496795 -5.83475293507734 -1.12967273193214 -0.000104838077602685 1.17297218733704 5.99880080156439
"betapsi[5]" -0.00934258008497518 2.67453541260347 0.0126078808451699 0.0187054734842543 -5.8684141168446 -1.17887827442682 -0.00643718956053045 1.13047127196405 5.88831310916745
"betapsi[6]" 0.0094802325758114 2.7082277941699 0.0127667082550361 0.0186507520148271 -5.94262623170011 -1.17713809493515 -0.00540509602244637 1.15437008966734 6.05024004789386
"betapsi[7]" 0.00173318361909343 2.72146410430812 0.0128291048194137 0.0184331498921818 -5.93890528705637 -1.17955707178806 -0.00641065110950219 1.15201507164775 6.04409404385302
"betapsi[8]" 0.0433131120847243 2.71908653914964 0.0128178968697718 0.0198930455123467 -5.89218773311685 -1.14001556501613 0.0130868059841608 1.21024225820631 6.09197849783019
"betapsi[9]" -0.00117432084632837 2.73599943595361 0.0128976250299024 0.0178558722548828 -6.08636816199017 -1.17402054162957 0.00330039411117584 1.19149166082327 6.00635397308381
"betapsi[10]" 0.0150028817236188 2.712354413994 0.0127861613274428 0.0195866492016895 -5.98940803647702 -1.16657799608475 0.00314943257369467 1.18079065786155 6.01637139639339
"betapsi[11]" 0.00670831274959965 2.72029550060627 0.012823595968733 0.0204152335293964 -5.94327029765564 -1.16864585587751 0.0027709958374125 1.16909409492969 5.97621735727671
"betapsi[12]" 0.0290807467139168 2.71652166161028 0.0128058059210985 0.0186355557606911 -5.83278558512185 -1.14364143220384 0.00763017411730869 1.19720860857592 6.09072878238693
"betapsi[13]" 0.0262059881388979 2.74501174956963 0.0129401094837162 0.0196674912758072 -5.99207914617622 -1.16394499275058 0.00351223038426282 1.19421934956881 6.16666779762272
"betapsi[14]" 0.00691125021972288 2.73490383323482 0.0128924603091562 0.0190293313585385 -5.98645236137433 -1.17105110213698 -0.000810084748060943 1.17384435456836 6.06084706066049
"betapsi[15]" 0.0265819022115681 2.7495628520445 0.0129615635865286 0.0198549960423857 -5.94388711566322 -1.15694118954824 -0.000189769890963305 1.19700697460782 6.08630268572847
"betapsi[16]" -0.0189040820027163 2.76901559513235 0.0130532646968626 0.0197885334579656 -6.22510134419507 -1.20447882615239 -0.00468275653092179 1.17249056674596 6.01263321354721
"etap[1]" -6.55943771035765 3.97966422366972 0.0187603170626824 0.214093330435225 -16.5814554007861 -8.31557443616112 -5.78531112117622 -3.94421441054335 -1.08318437273828
"etap[2]" 3.08201560615146 4.747162423099 0.0223783382717818 0.0773662442230506 -4.4962242183694 0.0704905208794734 2.43164922490767 5.38806727190785 14.4231080572073
"etap[3]" 3.02126752083727 4.67451584065032 0.0220358789979185 0.0678474922081926 -4.63235365078643 0.0471461076779297 2.42908602984373 5.34247427575143 14.1297416531369
"etap[4]" 3.01025140008095 4.66127170357458 0.0219734455370037 0.0701791604500554 -4.53756537159684 0.0452692409328904 2.43327427551599 5.31410863079485 14.1172512929059
"etap[5]" 3.01697715222689 4.70120555733938 0.022161695528977 0.068792885579919 -4.53726924318055 0.0348489914564106 2.39997813933721 5.2710225448198 14.065044677646
"etap[6]" -4.33969378315048 3.56585141263301 0.0168095847638429 0.120269559168211 -12.897574547051 -6.01708258107916 -3.85043261251606 -2.15625141254622 1.44496218576413
"etap[7]" -4.32961527482646 3.4936549086678 0.0164692471802978 0.10941004174847 -12.5215885472073 -6.03175294325639 -3.88031817309407 -2.18003018533342 1.40596645552834
"etap[8]" 3.01587859525128 4.65397320248029 0.0219390400728953 0.0615436159399148 -4.74389217348528 0.0788087839714201 2.43522024061609 5.38280465192828 13.7831451760092
"etap[9]" 3.02507145601415 4.71187295444551 0.0222119821211861 0.0592860110675614 -4.5555755102532 -0.0036052170042458 2.41661544186235 5.35130217828174 14.0574578566588
"etap[10]" -4.37622257972932 3.58519652709797 0.0169007785079829 0.124523457120762 -13.1027644178028 -6.06167308090889 -3.87136335543155 -2.17117888882657 1.44800128764527
"etap[11]" -1.51258647252447 3.53427888703025 0.0166607504508236 0.0351962223523747 -8.72316400366986 -3.46659700222285 -1.53128111056183 0.427790198135397 5.80611969032684
"etap[12]" 3.05764752077285 4.74873208151758 0.0223857377125279 0.0640882350575097 -4.54899601813302 0.0806149125333035 2.44898226085787 5.35278724040891 14.3131970823466
"etap[13]" -4.35709007278543 3.55178584845704 0.0167432790584426 0.126916362764487 -12.8574570772925 -6.06484838826553 -3.84125280581549 -2.15166745421675 1.36267808317007
"etap[14]" -6.54367608962895 3.99091884621082 0.0188133718621391 0.186904182979245 -16.3469390057443 -8.31301972907414 -5.8011754947867 -3.91039043122604 -0.949095919335328
"etap[15]" -6.58038897711002 4.01282724998232 0.0189166490679511 0.207696738686326 -16.5369744725929 -8.35298668975307 -5.82289208109297 -3.94692402438195 -1.05955822152535
"etap[16]" -1.54368286358024 3.58579929324627 0.0169036199748558 0.0360829823789913 -8.93201169088009 -3.49486258337266 -1.52844160717816 0.396095632634463 5.87557340564321
"etap[17]" -6.5447345219787 3.94142848786038 0.0185800720755194 0.21141802882181 -16.5930938333693 -8.33964632098078 -5.78376352426379 -3.90967030750885 -1.02745791772256
"etap[18]" -1.55690834545773 3.57560121721546 0.0168555457834128 0.03843015848153 -8.91748317513376 -3.48767243266261 -1.53232473723207 0.36827841909428 5.69627871926568
"etap[19]" 3.04623584898319 4.72507231360899 0.0222742044969982 0.0732321426630155 -4.50390610917372 0.0727633484356788 2.41566298471256 5.28535990577964 14.5689858832362
"etap[20]" 3.00610751773401 4.67048189113221 0.0220168627775237 0.0671550500940168 -4.5410427341159 0.045480285700662 2.3749296915595 5.30451346749478 14.0537958358778
"etap[21]" 3.0338824201162 4.70756485642706 0.022191673552367 0.0717239093982837 -4.40850921402065 0.0222950248627793 2.39874328062614 5.30355593583104 14.1932255984645
"etap[22]" 3.01438816188579 4.69037285259536 0.0221106296690898 0.0644151054620577 -4.50500468645545 0.066405548416011 2.42043580253904 5.30179106920437 13.8887673677683
"etap[23]" 3.03846084436648 4.73483561902401 0.0223202291601032 0.0605122783811201 -4.69074958046232 0.0622671246265055 2.42610096997958 5.32976571677127 14.1826167821581
"etap[24]" 3.03707900255292 4.68753668627402 0.0220972598528339 0.0650006749288046 -4.55654059051661 0.042062091376965 2.41254251668053 5.33242477945635 14.3232225177126
"etap[25]" 3.05463544418593 4.73764353773492 0.0223334658158466 0.0749373510762264 -4.45075330646066 0.0383441037809443 2.4065945422712 5.33746675431044 14.4249477466939
"etap[26]" -4.34033192483692 3.5419329850667 0.0166968322149932 0.118892528850801 -12.856623390467 -6.03118968517172 -3.85415594845687 -2.15247389100655 1.44646179801289
"etap[27]" 3.02950868731209 4.69989301022655 0.0221555081225497 0.0693231708580371 -4.63176533329889 0.0437987481801559 2.43928992127807 5.33038770435404 14.1402866064422
"etap[28]" 3.04688448209816 4.6934101027205 0.0221249474034874 0.0612714528591588 -4.55776558104213 0.0915170111872536 2.42623305282241 5.34286306546879 14.1575306640816
"etap[29]" 2.97598383201491 4.64683231174708 0.0219053775911541 0.0654473604466083 -4.58384048529783 0.0076959476423896 2.35191720100421 5.24346762277007 14.1274713987051
"etap[30]" -1.53354777086544 3.57267934182402 0.0168417719307257 0.0411188893189071 -8.95529185383262 -3.42851460176586 -1.50362144142268 0.39257292206663 5.60954719474458
"etap[31]" 3.07311192630422 4.73900622544236 0.0223398895873037 0.0737897812055214 -4.50812314195403 0.0672733645406073 2.4442817837621 5.37926679224963 14.3058666339695
"etap[32]" 3.01210926611421 4.67879931523564 0.0220560714907607 0.068341411772869 -4.49804967345809 0.0498990392398468 2.39802672808671 5.31308082027924 14.0707294840714
"etap[33]" -1.51953029549888 3.57697759831553 0.0168620341061419 0.0410662919947741 -8.85016669872842 -3.45891247953866 -1.5385624057295 0.412025280503928 5.80609309065753
"etap[34]" 3.04812068219675 4.72417245472326 0.0222699625215301 0.0670584931427152 -4.51745809248951 0.0542535693879443 2.40476419752329 5.3298957063807 14.2623007270428
"etap[35]" 2.98827658838305 4.67135818989352 0.0220209936895002 0.0690270962541048 -4.59104875248195 0.0606914701978343 2.40063698688716 5.24884020348143 14.1319536913974
"etap[36]" 3.03176050209745 4.65741300165872 0.0219552554417285 0.0624833844201693 -4.62598590860595 0.0700424860507088 2.44201749282245 5.38695791044526 14.0618630091498
"etap[37]" 3.01436002536444 4.67031095428939 0.0220160569735189 0.0641920183802351 -4.57896166180074 0.0429561640416575 2.41907109897326 5.33946977875239 14.0185505118181
"etap[38]" -8.71304495380442 4.66706841231279 0.0220007714840527 0.287001321819465 -20.7405763944162 -10.7908150010935 -7.68639051297307 -5.53817351877867 -2.67375278352766
"etap[39]" -4.34574579445039 3.54556016693291 0.0167139309142878 0.125801585611033 -12.8340592422163 -6.06739436296112 -3.85342270837596 -2.14658234582858 1.45916098698993
"etap[40]" 3.06138388935316 4.71446730696229 0.0222242120162354 0.0675728015615112 -4.50869319464726 0.0658321139406106 2.41547113882 5.34094489882253 14.2727730894136
"etap[41]" -4.32028818537161 3.54531846676802 0.0167127915287837 0.124618114405362 -12.8214355296367 -5.97996017934549 -3.85161036747528 -2.15274154448386 1.45628110100384
"etap[42]" 3.06791339943088 4.71113455943549 0.0222085012937276 0.0679749954970917 -4.53374794927821 0.074211801863402 2.45398102169652 5.35868415548617 14.2443086504722
"etap[43]" 3.00434879561286 4.64317899543125 0.0218881556928825 0.0650049382118723 -4.47156053054669 0.0373828601236674 2.39777789301735 5.32546053703083 13.9661828230966
"etap[44]" 3.00796906094318 4.7118395431315 0.0222118246187414 0.0641267213757897 -4.59404754764505 0.0086722783896881 2.40367285218551 5.31438493333185 14.1224536232468
"etap[45]" 3.07095294069887 4.67487476018318 0.0220375709608224 0.0694329693440464 -4.43421403587361 0.0819095871824012 2.46002536392468 5.36085676949419 14.1911549094887
"etap[46]" 3.00700372205617 4.66959631977369 0.0220126881541048 0.065953493532883 -4.62195038644687 0.0383392368010393 2.44097924591403 5.30750540405409 13.9445818768429
"etap[47]" 3.05379882796119 4.76871268152356 0.0224799271642373 0.0681826493561962 -4.50327849299656 0.0447607002753147 2.43954736032249 5.33867316781195 14.3023179832314
"etap[48]" -4.36381564679257 3.51430906716875 0.0165666118172026 0.127238414817689 -12.7917908035472 -6.05589717187803 -3.86786299629887 -2.16418155794116 1.34193979297865
"etap[49]" -3.25546783969956 7.61636191384685 0.0359038743816804 0.128819546839602 -19.4266181586013 -7.86076904619593 -2.69194003386015 1.6755058664493 10.558122392684
"etap[50]" -0.90359625764302 6.50744949646463 0.0306764111145275 0.070526622444285 -14.7112128622768 -4.45858966644274 -0.600428474785783 2.90215853803805 11.5771465255639
"etap[51]" -0.208975625118785 6.05338494874058 0.028535930309247 0.048379064514379 -12.9130184381609 -3.55937280401294 -0.104912958816519 3.23650840434574 11.897974517329
"etap[52]" -0.0650204026856455 5.9264983310749 0.0279377810572921 0.0421637329579055 -12.2154142928681 -3.39981638778161 -0.0723800980514996 3.26073005355534 12.1107788563702
"etap[53]" 0.00863407886910437 5.98278492490922 0.0282031186052264 0.0417335255785439 -12.2482074805132 -3.30337492743603 -0.0506680989552734 3.33825097515676 12.4981583751144
"etap[54]" -0.0116881830108125 5.88391587429903 0.0277370454309868 0.0381947999855298 -12.1211460783239 -3.35142153911812 0.0111416544619551 3.31686683789908 11.9608838244908
"etap[55]" -0.0285156399394414 5.88135575541702 0.0277249769148394 0.0386558886982604 -12.0382541720571 -3.29861990109452 -0.039215466448558 3.28476982694477 11.8800082299075
"etap[56]" -0.0176047007431589 5.86952123081341 0.0276691884308438 0.0395923275407185 -11.9056090136523 -3.35620613228205 -0.00237822355562386 3.3146622849833 12.0047388739519
"etap[57]" -0.0164954514801274 5.93105890838332 0.0279592798248982 0.040017539658359 -12.080278996331 -3.41213156320295 -0.0291857862794562 3.31953472442759 12.1041894803538
"etap[58]" 0.0298627085025307 5.93204313822922 0.0279639195288867 0.0399496575045718 -12.14130202844 -3.31173258864198 0.0207471429790035 3.36710435147737 12.166649398233
"etap[59]" -0.0124583481436737 5.93476946091401 0.0279767715372742 0.0403706360346554 -11.8911746710671 -3.35709534343605 -0.0321426269823857 3.33378373639329 12.1762738800758
"etap[60]" 0.0704720308882684 5.90408096285359 0.0278321045700545 0.0421772221740405 -11.71352672141 -3.29863892191221 -0.00776422822608745 3.32793716720681 12.3145826574162
"etap[61]" 0.0191309901531073 5.86910611433412 0.0276672315529939 0.0395498186608784 -11.7410015973387 -3.36219445905688 -0.0268603682583981 3.3005850763826 12.3999729555418
"etap[62]" 0.00232113011937578 5.82945190636759 0.0274802998239558 0.0376560328719836 -11.7125209306316 -3.34331791270947 -0.00238995447159503 3.3358410314504 11.8793741956127
"etap[63]" -0.0394077279575913 5.98529328032821 0.028214943106069 0.0450944408713344 -12.099958800942 -3.33157433380936 -0.0251622097004234 3.28170827069442 12.0136246099157
"etap[64]" -0.00423825473678399 5.82908677727716 0.0274785785889168 0.0383139473571866 -11.7587116683598 -3.34274982057803 -0.00587508255987071 3.31966832633057 12.0316871968732
"etap[65]" 0.0737816953938049 5.92908640969125 0.0279499813768912 0.0393446172308491 -11.9089072348626 -3.28795670153665 0.0596485108371538 3.33546690503056 12.4166001555766
"etap[66]" 0.0344677001315769 5.92155061028225 0.0279144572777995 0.0427969436729721 -12.0087354626152 -3.31800343216514 -0.000611306343364485 3.37240451330891 12.2696027516382
"etap[67]" 0.0246691296036276 5.95434753099843 0.0280690634447358 0.0408344887586546 -11.9855373050359 -3.33929262939818 0.0054493160022717 3.32399969438156 12.1707858327995
"etap[68]" 0.0332310919644048 5.9401882859948 0.0280023161236788 0.0419805450211089 -12.0785203853373 -3.31321583410948 0.00974171148531959 3.30419352204803 12.2198567312333
"etap[69]" 0.0292221320831477 5.93562875072555 0.0279808222682925 0.0413908843096888 -12.0683078644407 -3.33107301329056 0.00485529188068259 3.35557737223404 12.2078691213762
"etap[70]" -0.0394070968326831 5.88710983553303 0.0277521019086362 0.0386290356343316 -12.1606145078001 -3.28605747131722 -0.0177226622051501 3.29886911938387 11.6978233237031
"etap[71]" 0.00336497457461943 5.84728298112088 0.0275643563164484 0.0385982717714154 -11.8986663746584 -3.31370249789328 0.00362193178057522 3.32277863112676 11.8919499597419
"etap[72]" 0.0217327152931501 5.87070902110367 0.0276747877279696 0.0417042901276944 -11.9130901062243 -3.28216709433837 0.0120166918219568 3.28968179945752 12.1115537577022
"etap[73]" 0.0596521606862677 5.98027987729198 0.0281913096975108 0.0476538396776174 -12.0870741570167 -3.28576857434865 0.0431533674780363 3.3983650757216 12.4361216113394
"etap[74]" -0.00211965720220679 5.86249311301367 0.0276360575658093 0.0397825372556378 -12.0101306971203 -3.29313905988776 -0.0228652129381202 3.31036772265791 12.0097399151692
"etap[75]" -0.0283331866569932 5.88261631306295 0.0277309192405695 0.040351137853104 -12.2403252552514 -3.28799074769364 0.0100082758668089 3.29836322949007 11.8361285535228
"etap[76]" 0.0632794579675167 5.91514270852536 0.0278842501392296 0.0442538145812506 -11.8420395534684 -3.27574422238225 0.0415895452974042 3.37052728934844 12.3273817914713
"etap[77]" 0.0408188799860543 5.87089287344051 0.027675654416197 0.0400957517335627 -11.5891911525296 -3.34000615029027 -0.0619724722987856 3.31218972338643 12.271231261557
"etap[78]" -0.0168820060355083 5.78503743566012 0.0272709280011554 0.0388457271264118 -11.7822966956564 -3.32779486081521 0.000673016687400905 3.2854954654173 11.7288036817963
"etap[79]" -0.0364970962031574 5.93584558789931 0.0279818444485323 0.0427114957689832 -12.3065777329782 -3.35852556690915 0.0104412866846798 3.30318587094258 11.9407899538238
"etap[80]" 0.0357277638801233 5.8969327525197 0.0277984075833849 0.0411194242075784 -11.6692327242842 -3.36232141073916 0.01779769743921 3.3446653810231 11.878767425107
"etap[81]" 0.0262825316363247 5.91229522990457 0.0278708269962827 0.0420750300114588 -12.0239810890976 -3.30044798974509 0.0227341784372495 3.35422340090085 12.1381673574158
"etap[82]" 0.0661773977688732 5.9062193911941 0.0278421852179255 0.0422701713972744 -11.8680053366571 -3.26522980065989 0.0317515701590822 3.38484123583281 12.2322207891582
"etap[83]" -0.0273866844462156 5.89585683305961 0.02779333565041 0.0411024616950605 -12.0279722048847 -3.35975231079119 -0.0349286697597298 3.30804779062303 11.978371392684
"etap[84]" 0.0734625098644352 5.95716325658619 0.0280823369024495 0.044333517341444 -11.8056898339648 -3.27672952886664 0.0232457836317087 3.38844218934713 12.2473819333887
"etap[85]" -0.00232868858446245 5.92549819376153 0.0279330663647828 0.0424498663359713 -11.952042918398 -3.3296639233559 0.000977507041162722 3.36336550549585 12.0163179529442
"etap[86]" -0.00334008266797175 5.91261177072077 0.0278723191840004 0.0401913983272814 -11.9428441110111 -3.37892841162002 -0.0403107942460412 3.31415020422699 12.2386469363854
"etap[87]" 0.0331951119038918 6.01322522898804 0.0283466155747965 0.0442651706757815 -12.0759705489061 -3.34703767591715 0.0202519778927325 3.37433662118685 12.1893875313917
"etap[88]" -0.0313487883834077 5.90171953230173 0.0278209726796777 0.0396970554826611 -12.1347319308459 -3.36167276196967 -0.00745068197503295 3.34937451632653 11.962788337198
"etap[89]" 0.054304218907155 5.91499205138554 0.0278835399346616 0.0401019671777398 -11.9605563101527 -3.27766319669028 0.0441566579174106 3.34455613842698 12.2270845024452
"etap[90]" 0.012926370535231 5.90821505906306 0.0278515928864798 0.0422971199932688 -11.9702756506376 -3.29120219354955 -0.000162337301232573 3.28600770918907 12.0599596669896
"etap[91]" 0.0395748080122707 5.82593644230718 0.0274637277674482 0.0390366167379589 -11.6891200909418 -3.30595194635219 0.00648794753690102 3.29926496848699 12.0795970018401
"etap[92]" 0.0440190152413724 5.8122502910005 0.0273992106314663 0.0396876519947857 -11.6028401161914 -3.27066193698695 0.0228916265065333 3.30154180956332 11.9337227372187
"etap[93]" 0.0775966771371794 5.87490999822307 0.0276945913240279 0.0422339636101155 -11.7519382383801 -3.26499782888487 0.0395480819982166 3.31609069473201 12.2233408861485
"etap[94]" -0.0835594568369617 5.93687625897748 0.0279867030785893 0.0410870635532844 -12.2434744912254 -3.41731037139439 -0.0392028275997422 3.26754778131598 12.0405414358419
"etap[95]" -0.0372286993268576 5.92749549084371 0.0279424817135218 0.0458690770156958 -12.2180710556852 -3.33531009248003 0.00697305016686813 3.29876797461834 11.8858658485622
"etap[96]" 0.0544449348444818 5.9508883052298 0.0280527564980781 0.0428823231773084 -11.8590035580105 -3.29723695898047 -0.00284671621761699 3.34045681480934 12.0890828650773
"etap[97]" 0.016316919843839 5.92921397281386 0.0279505827152181 0.0421072620241915 -11.9452253459976 -3.36765076752006 -0.023141614166519 3.30668430709791 12.1213186203979
"etap[98]" -0.00842281343287983 5.91268094972673 0.0278726452969619 0.0403136921949302 -12.088209429838 -3.2946989650468 -0.030066159922495 3.31320646753747 12.1752153271126
"etap[99]" 0.0789032478689096 5.87174463337752 0.0276796696510464 0.0412148172249246 -11.9240820290738 -3.26561428182557 0.0466587690450032 3.37121823491088 12.1756860925773
"etap[100]" 0.0464104593735515 5.96558899239949 0.0281220562019834 0.0386357274772444 -11.9774572820307 -3.31319765615073 0.00973674090459399 3.34705122031297 12.333842284793
"etap[101]" 0.0374279026493183 5.84279957759558 0.0275432213495449 0.0399186721594262 -11.9012280322696 -3.27394981022852 0.0358292283209073 3.32041561403211 12.1448994240199
"etap[102]" 0.0135816235789251 5.94422724396397 0.0280213559541383 0.0419676109853801 -12.1361058408328 -3.2513658817399 0.0294377626511124 3.37547280746602 11.9318741923458
"etap[103]" -0.0832827846945297 5.92412112746331 0.0279265748119987 0.043209757652316 -12.1792022458661 -3.3479648079129 -0.0345444469718362 3.21894065417974 11.7488901531319
"etap[104]" -0.00538100826388038 5.9613248711908 0.0281019549418336 0.0420361909539668 -12.0695273359186 -3.3243829886828 -0.0156868554672251 3.29062097420948 12.1828269951867
"etap[105]" 0.0250709881547015 5.95881741983362 0.0280901347027792 0.0406032509338886 -12.0386848186318 -3.30984682930258 0.0134655512092043 3.37261328339769 12.0865841727423
"etap[106]" 0.0421840123378847 5.85513226670172 0.0276013582035263 0.0408537183911655 -12.1470541494865 -3.24898079525578 0.0297744020491412 3.38216523067792 11.9364410566502
"etap[107]" -0.0961384432188006 5.99264498092372 0.0282495993550313 0.0457117342648538 -12.4906030133831 -3.36013302581985 -0.0512689901088663 3.2585669711644 11.8161175540288
"etap[108]" 0.110464837601302 5.90697722108471 0.0278457576622898 0.0427755551058534 -11.8362962701501 -3.21520111384328 0.0513494160570859 3.41201266761125 12.2445353440399
"etap[109]" 0.0829883405843673 5.92801751958675 0.0279449425806163 0.0443337829655948 -11.8513552639126 -3.27777067381907 0.0274518365335604 3.35781436344979 12.3139236811013
"etap[110]" 0.0171898492295364 5.94343495955365 0.0280176210896105 0.0408304143529593 -12.0364639626909 -3.3307306835642 0.00509201492318528 3.33970096867376 12.0129096447094
"etap[111]" -0.0202773643357408 5.89737647887756 0.0278004993294958 0.0412628247068334 -12.0946094615694 -3.35336970784027 -0.0298602284832384 3.30020198522911 12.0066635418596
"etap[112]" 0.0203876472060423 5.94758651057593 0.0280371916888125 0.046159284381346 -12.0331712766746 -3.33173335125722 0.0381318488812632 3.31883346325557 12.1072772813532
"etap[113]" 0.013300786091472 5.8294858393521 0.0274804597855788 0.0390578241568491 -11.7145511255771 -3.30681134129352 0.029390733961063 3.30625428596751 11.9300022476408
"etap[114]" -0.0639552524306268 5.9179392418274 0.0278974331236409 0.0409632997371101 -12.1962070626895 -3.43163556709785 -0.0361375105927909 3.29383006959576 11.8942662611282
"etap[115]" 0.0389352004437015 5.93586254914734 0.0279819244046224 0.0423238965722205 -11.8916744560575 -3.33061537313139 0.0308403531079751 3.36401257035411 12.1916212451836
"etap[116]" 0.000291848525977439 5.81330255043924 0.0274041710300309 0.0375476876668205 -11.9756162955548 -3.26296148876821 0.026272389526883 3.27712421681927 11.8260106926758
"etap[117]" 0.0670685147819984 5.91119103783846 0.0278656217849648 0.0384553651886733 -11.9459744685586 -3.24694946281882 0.0468656065965374 3.31884204179618 12.1914346481006
"etap[118]" -0.023706150126138 5.91414753080643 0.0278795588264727 0.0424601160583859 -11.98926083102 -3.36586341567585 -0.0210227415021034 3.27689754416272 11.9583978430388
"etap[119]" 0.0152283661397327 5.96620701295661 0.028124969578829 0.0423339966136182 -12.003720388278 -3.3028272248824 0.0263413706823905 3.32813405932004 12.0937684449139
"etap[120]" -0.00431681228966303 5.87969778777298 0.0277171611804121 0.0395440363688906 -11.7404504040266 -3.35687290059422 -0.029613964260604 3.30559306782436 11.8162909246093
"etap[121]" -0.0411396596948204 5.95163674889396 0.0280562846953465 0.0427984620636255 -12.3942618936372 -3.34684462030757 -0.0101988929752348 3.27536307017623 12.0719900924088
"etap[122]" 0.0290432154028134 5.79232890138565 0.0273053003002175 0.0379789288326586 -11.8042407944451 -3.29131216965792 0.00720941063429391 3.37546141742238 11.7758976085998
"etap[123]" 0.000342908532173501 5.94659611464675 0.0280325229176286 0.0437801657370052 -12.0885004776547 -3.28254385907972 0.00182726828997431 3.29914068989352 12.1655399582586
"etap[124]" 0.0479533079151107 5.83546574786177 0.0275086493446326 0.0422535252410662 -11.6768920689204 -3.28238696283205 -0.0140942485359719 3.34940726439181 12.039181630728
"etap[125]" -0.0475142169787755 5.88327382624698 0.0277340187874438 0.0417760576288389 -12.0180517244375 -3.33017394571278 -0.0233493160965289 3.32222248914435 11.8076145686287
"etap[126]" 0.00654045283932074 5.89058489268594 0.0277684834851551 0.0389251912196098 -11.8863353697522 -3.34221754388646 -0.0209835869952414 3.34366436045804 11.9460614475651
"etap[127]" 0.00409222929411922 5.95475899508264 0.0280710031050302 0.0416336271496451 -12.0584338444293 -3.35240470171543 -0.0202435211493469 3.30248437333697 12.2098338809215
"etap[128]" -0.0118290491423022 5.94260230178485 0.0280136959032457 0.0431726878064345 -11.9566857095213 -3.39406064258919 -0.0371964220779262 3.34947916402151 11.9844719426265
"etap[129]" -0.0259205394243756 5.85560250102317 0.0276035749093759 0.0374495835750248 -11.9511454615364 -3.33239944934245 -0.0316293317701895 3.30006335464131 11.8132002733967
"etap[130]" -0.0662803708170239 5.95384144325978 0.0280666777242566 0.0418143942038257 -12.276629455188 -3.40416976667782 -0.0372031609938946 3.31215734304876 11.9084651071053
"etap[131]" 0.0103610957851075 5.89425649341838 0.0277857915769932 0.0414018124818123 -11.9255155390087 -3.35812880311648 0.00439005917232074 3.33602343498274 12.1278177591705
"etap[132]" -0.0109593002080834 5.94362846055478 0.0280185332620777 0.0398203356509191 -12.0120943084314 -3.37103554466669 -0.0371086322795081 3.31223149629817 12.1012744632553
"etap[133]" -0.0258270014496387 5.83758499972653 0.02751863959373 0.0410296996849951 -11.9591285865429 -3.33682413042166 -0.0000907463864774223 3.3202218312985 11.7922963544734
"etap[134]" -0.065757884913793 5.87377305475881 0.0276892317211385 0.0414688839060606 -11.985908259669 -3.40286318128123 -0.0347016270259467 3.24727487385306 11.8092566838046
"etap[135]" -0.016327650112001 5.83342563246401 0.0274990321484182 0.0403852020629388 -12.0559405239796 -3.31760135198584 0.0468459286876756 3.27800709290098 11.8795358911036
"etap[136]" -0.0484220802770019 5.84178929671789 0.0275384588398148 0.038241281155421 -11.8850053906398 -3.33893325884845 -0.0661137193310463 3.26251001017388 11.7976525376048
"etap[137]" -0.0600287495575573 5.92715125725585 0.0279408589808266 0.0419177891052958 -12.0877817770867 -3.34232631027377 -0.0778420225093753 3.27157926981905 11.9028125273203
"etap[138]" 0.0134900492184308 5.94188706297043 0.02801032423514 0.0406722754542915 -12.0940221196853 -3.31376375043678 0.0175358377057362 3.36017271773092 12.0615287027966
"etap[139]" -0.0130541866381622 5.88260515977024 0.0277308666634434 0.039685713054747 -12.173744018534 -3.30281600598109 0.0207647021289958 3.2850981254055 11.8016764600027
"etap[140]" -0.0242735919738206 5.87068694869984 0.0276746836776601 0.039400227059134 -11.8906234228027 -3.30429635252965 -0.0605473387179547 3.27227336361312 12.0016007287235
"etap[141]" 0.00753687442688488 5.91041091001703 0.0278619442271467 0.0419278946420803 -12.065428567334 -3.28183564081269 0.0260764571775134 3.37056111521358 11.9078424863736
"etap[142]" -0.042800602101686 5.93089746967922 0.0279585187955487 0.0399332555797732 -12.0515721133284 -3.36422164785098 -0.0388395822658336 3.27895163593105 11.9908978155087
"etap[143]" -0.0185814323567848 5.93431596045397 0.0279746337156037 0.0444968197680745 -12.1020409648145 -3.35820488612961 0.00510592359311024 3.3313005924208 11.9688998641544
"etap[144]" -0.00947156004590126 5.88536683517943 0.0277438853261719 0.040304693730254 -12.0097132063194 -3.32342313040148 -0.025169279044878 3.33464380375447 12.0236373205255
"etap[145]" 0.0572398746745832 5.96812758437399 0.0281340232393156 0.044171431629972 -12.0120695555444 -3.25966382299669 0.0308906064421386 3.37394387385197 12.2749944073953
"etap[146]" 0.0143970006308335 5.88001054513614 0.0277186355327611 0.0413847821501038 -11.7607531924549 -3.28858772658225 0.0499079401533903 3.30860153085253 11.7677141157275
"etap[147]" 0.0125493119050445 5.94792587920979 0.0280387914878947 0.0429001932604538 -12.1172020876544 -3.32867539855597 0.00524854442757682 3.30319615726304 12.1910632545628
"etap[148]" 0.0488614183578453 5.84920724723219 0.0275734273938892 0.0406587739279847 -11.8450059495167 -3.315987394292 0.0121674742742033 3.34110687120339 12.0744886642111
"etap[149]" 0.0130555693259182 5.90259517298599 0.0278251004894492 0.0393970586014769 -11.8783492869089 -3.32425488647292 0.00438798830927391 3.31270289768901 12.1160896972217
"etap[150]" 0.0100341242383901 5.94115682187126 0.0280068818455859 0.0417619953728936 -11.8783134340394 -3.33831750947409 0.00298656488598911 3.33768717110012 12.0769040840494
"etap[151]" -0.0276336972670238 5.83989230815808 0.0275295163499849 0.0400705081100424 -11.9468357713367 -3.34702041845 0.0174024894722895 3.25757493117826 11.8618541357335
"etap[152]" 0.0534610108173938 5.86729645065889 0.0276587007166178 0.0393047070827968 -11.6531894314613 -3.21640967224227 0.0441320868979923 3.35942037265622 11.9116841456721
"etap[153]" 0.00941952846725044 5.80557759525131 0.0273677552420459 0.0411871625280635 -11.7733261415067 -3.28977025147298 -0.0187820670721179 3.29419792494361 11.9770515907746
"etap[154]" 0.052499432233053 5.93921002259554 0.0279977045457894 0.0413895706444842 -12.0673638492757 -3.30911517203552 0.0729719618829768 3.36308144389201 12.2603948243281
"etap[155]" 0.0486715847894923 5.82415083247576 0.0274553103219793 0.0428180457762712 -11.7129386401407 -3.24424076986597 0.0408239054808625 3.29808000187941 11.9735935330349
"etap[156]" 0.0130136554424716 5.90638420359092 0.027842962151015 0.0405817464136675 -12.1381764479857 -3.23697811640162 0.030153424113994 3.32227721813713 11.9901874300248
"etap[157]" 0.0173332894067623 5.95466914958876 0.0280705795693103 0.0399583256438262 -12.0699576539654 -3.31305329724938 0.0391226007905588 3.36680176518309 12.1431768944062
"etap[158]" -0.0355119264435085 5.94578142902086 0.0280286824527579 0.0400216751005249 -12.2370155300757 -3.34798622056802 -0.0294506347086277 3.31755671937321 12.0205100908686
"etap[159]" 0.0509587355103615 5.90513608124937 0.0278370784458719 0.040739917161546 -11.8710290790274 -3.28478375299029 0.0372470688545809 3.39918614543837 12.0684007004604
"etap[160]" -0.00836138941045 5.83071847016351 0.0274862704629485 0.0396598387932002 -11.8576935673355 -3.33618370987744 0.0103397136953395 3.32652451200497 11.8713948072275
"etap[161]" 0.0354416445840443 5.957193537025 0.028082479645807 0.0420630185198367 -11.8659087470294 -3.29168538785466 0.024663412600921 3.34454751649863 12.1759177067112
"etap[162]" -0.0312765450768878 5.85135067608608 0.0275835316144064 0.0426326520316206 -12.0519293962551 -3.35935960155639 -0.0201939466857373 3.30095790630149 11.8064202187877
"etap[163]" 0.00325007132192937 5.95108043567599 0.0280536622096873 0.0400730120838735 -12.3420070127582 -3.27450117616353 0.0188022522608901 3.35094000276098 12.1389830876255
"etap[164]" -0.0497443387629766 6.00373660207977 0.0283018857585899 0.0464032720065464 -12.193077020218 -3.38923597511548 -0.0400853491245474 3.27315173210594 12.2138356147183
"etap[165]" -0.0308471569016317 5.92558613797992 0.0279334809378041 0.0422065111189739 -12.1468936420541 -3.32061174634015 0.00566834278087217 3.27843959525207 12.1552167281089
"etap[166]" -0.00614838137831444 5.88747274793477 0.0277538126941045 0.0405924298664039 -12.1194832603219 -3.34559880927034 0.0229762460520478 3.34936168084948 11.8218932126072
"etap[167]" 0.0260238864138479 5.94918830433194 0.0280447426169921 0.0425974234753361 -12.2382383410838 -3.31187831539392 0.0536482348954572 3.37822897789215 12.0682354060459
"etap[168]" 0.0166684137541838 5.97499541666139 0.0281663985111987 0.0423875345657455 -11.9752324547657 -3.2867676734586 -0.00759955173054968 3.28891476985032 12.2893070993481
"etap[169]" -0.00394668066166701 5.92959675645562 0.0279523871746102 0.0423645398058639 -12.0871508236747 -3.34051257343398 -0.0331255516290329 3.3286021346548 12.1559347396072
"etap[170]" -0.0477901822360247 5.94400275160054 0.0280202976869882 0.0409266098568843 -12.2409382653028 -3.33722852148159 -0.0337601609015107 3.28244763728811 12.1304117144134
"etap[171]" 0.0456708674669492 5.95280585668227 0.0280617959223135 0.0422172149690932 -11.8095529383244 -3.30655815677216 0.0115432432675302 3.34083651267055 12.2319656417061
"etap[172]" -0.0178584240457968 5.83503193330562 0.027506604323203 0.0419078024212461 -11.7742545749761 -3.28467371109602 0.00178701374363528 3.27094143165857 11.930510244299
"etap[173]" -0.0288961700510556 5.87353379441876 0.027688103837079 0.0391734800429689 -12.1762692559385 -3.30193685611052 -0.0012164725916787 3.31359214200383 11.8382538908772
"etap[174]" 0.0331679112337637 5.95738365635696 0.0280833758769328 0.0412337202994214 -11.973153536491 -3.33363716428103 0.0366826875918368 3.39578908474096 12.0481949174298
"etap[175]" -0.0289853560269957 5.92578015901735 0.0279343955617458 0.0432228714963491 -12.2095462482674 -3.31676668669391 -0.024473436014321 3.30887168672544 12.0435788815356
"etap[176]" 0.0196724754077365 5.81913189020498 0.0274316508012189 0.0417791281442575 -11.77043282474 -3.30858484916283 0.0231761125555685 3.3357338017104 11.8877381322216
"etap[177]" -0.0618323465343313 5.8737667021468 0.0276892017746383 0.0396301523377344 -11.9472986814984 -3.34823738740074 -0.0326606119682045 3.24816559869636 11.7454513953
"etap[178]" 0.0416043375782609 5.888360078886 0.0277579956123229 0.0402296181192964 -11.9604054659302 -3.28359653063332 0.0322180320727857 3.30829992726748 12.1267530738399
"etap[179]" -0.0150673487819874 5.85520665109949 0.0276017088549402 0.0385786983030751 -12.0782620681376 -3.26116877320184 0.00440209370324787 3.26203352380357 11.8840271399006
"etap[180]" 0.0273013551199079 5.89808613024297 0.0278038446581142 0.0402455906076453 -12.0244963684554 -3.22751332204189 0.00339701272645373 3.27247200199491 12.085228188524
"etap[181]" -0.0178641901769991 5.90443213693715 0.0278337600205602 0.0411185668663188 -12.1236544213004 -3.33264377755761 -0.0142794754994783 3.32728328988411 12.1185209914744
"etap[182]" -0.0705013607328927 5.89060299887436 0.0277685688385458 0.0411250055927076 -12.2289153589591 -3.42678533880335 -0.0514779747303641 3.28655700781426 11.9845461459427
"etap[183]" 0.0456671224146056 5.91376362085474 0.0278777490576046 0.0414129253700941 -11.7375617300134 -3.29930386358126 -0.00964660730791057 3.32403426035638 12.2120029878032
"etap[184]" -0.0271809191461382 5.93094638122826 0.0279587493668021 0.043180697414104 -12.3281158479614 -3.32298566533151 -0.0490227486734662 3.27940717700564 12.0437678843521
"etap[185]" 0.0406398541373565 5.86941281301878 0.0276686773444586 0.0394387770910225 -11.8239474036659 -3.27370256517607 0.0365165339293843 3.34414168282789 11.948079303619
"etap[186]" -0.00471866725820444 5.92852376593799 0.0279473290488024 0.0409746324590516 -11.9448074887885 -3.31793963613301 -0.0501933999259056 3.27198408065706 12.072423019776
"etap[187]" 0.0588828613974365 6.00223458921785 0.0282948052020559 0.0459557255282646 -11.9034170647779 -3.30181731335356 -0.00814882306194408 3.36384712185962 12.296270932055
"etap[188]" -0.0378333827143774 5.82547473419546 0.0274615512545367 0.0396624693856857 -11.9411776118834 -3.36320464421909 -0.0236440727901995 3.30862822276745 11.8251198239286
"etap[189]" 0.00402422139830335 5.92074078781194 0.027910639738064 0.0406578585039325 -11.988297085347 -3.30520732594854 -0.0187183976448587 3.27061403338632 12.2314600346488
"etap[190]" -0.00886632512288024 5.91261272697155 0.0278723236918098 0.0424499278514861 -12.0676059970641 -3.34853680442123 -0.025562153558162 3.33522033869045 11.9894427770291
"etap[191]" 0.00864612679505433 5.86593020055644 0.0276522601518695 0.0406105345605679 -12.1029716893701 -3.28430846856561 0.00278286150318075 3.30220923633669 11.894302364822
"etap[192]" 0.0250053379578819 5.85846492492599 0.027617068505058 0.0397976494494713 -11.8764433454378 -3.29381273691755 0.0358905537503516 3.30989826054915 12.0602900060906
"etap[193]" -0.0447541161449854 5.84799387900931 0.0275677075212327 0.0390685875743435 -12.0778793327535 -3.28065403782862 -0.0281925068555776 3.23371464701304 11.9083502649018
"etap[194]" -0.0403838783611224 5.93296295083748 0.0279682555671049 0.0406129944431234 -12.0422224846392 -3.362857257941 -0.0338947208278241 3.25824680091536 12.0047753437467
"etap[195]" 0.0807348243630996 5.87512709163006 0.0276956147121627 0.039856535110766 -11.7256758394195 -3.25705801145178 0.0690220717697373 3.38830232502754 12.1509923580078
"etap[196]" -0.0782126142358279 5.95295643888002 0.0280625057736012 0.041765660641974 -12.2603766836547 -3.37487802211371 -0.0882579292134448 3.25148168340226 12.0322674318562
"etap[197]" -0.0200497604430534 5.8832011121175 0.0277336760097501 0.0406997696538951 -12.0450062034647 -3.34253801196526 -0.0328194273517776 3.29031534110329 12.0373239677658
"etap[198]" -0.00164371519341306 5.98232970781938 0.0282009726912855 0.0431045275528553 -12.1556083508748 -3.31426541627018 0.0125889205904215 3.30468915678765 12.2604542879488
"etap[199]" 0.00100740307777498 5.90741337296802 0.0278478137019852 0.0420930666494301 -11.90968361213 -3.32386876509836 -0.00545076163391332 3.26579525536806 12.1923961067478
"etap[200]" 0.0163397265837723 5.93791448992583 0.0279915973462161 0.0395646491543953 -12.1703414465799 -3.24810200821557 0.00198315896150985 3.25482477852551 12.1650224469164
"etap[201]" -0.0227481241923129 5.90807868421013 0.0278509500092578 0.0424336040518505 -12.0606641974168 -3.3787601788104 -0.000859573197489784 3.29574510635208 12.0304180766059
"etap[202]" -0.0273586431053872 5.89836201522487 0.027805145192391 0.0419605058201797 -11.9155793955879 -3.32651970113085 -0.0374406813904087 3.3010821225398 11.9478112318273
"etap[203]" -0.0741952110658224 5.91429304895421 0.0278802448055999 0.0427101222500725 -12.1770146231155 -3.35298215279924 -0.0374351788506354 3.27979182779845 11.8250819225652
"etap[204]" 0.0158597665162396 5.81796023193755 0.027426127551178 0.039580007956713 -11.7689357698555 -3.27680355861446 -0.0159671663610716 3.26030137051631 12.0376130871736
"etap[205]" 0.0285636699684038 5.89319911928554 0.0277808070675293 0.0418975805867158 -11.8509410296361 -3.37084797844348 -0.00961617125629406 3.34616764936264 12.1155942564859
"etap[206]" -0.0518488972607611 5.8428856170059 0.0275436269432148 0.0423148296564232 -11.9037545215414 -3.33744934896521 -0.0460460258899597 3.24561355972759 11.7612989632112
"etap[207]" -0.0151747433073833 5.97053272517887 0.0281453611818012 0.0434592959829375 -12.2943993474441 -3.30932613219574 0.0410895016931839 3.31507362847969 12.1209938117006
"etap[208]" -0.0331941166909344 5.85278054270258 0.0275902720702778 0.0413195622269217 -12.0128677436595 -3.29819839365055 -0.0440896330504461 3.29156062386829 11.7785218685331
"etap[209]" -0.0652307568337198 5.86714598234668 0.0276579914021916 0.0402453995428098 -12.1807316887546 -3.32409417547485 -0.0455146473343671 3.27602438688691 11.7446821398018
"etap[210]" 0.0317089621494635 5.96374406228201 0.0281133591180041 0.0411158397948338 -12.1592076160939 -3.30211985624209 0.0237774209509501 3.36477612756456 12.1874154860995
"etap[211]" -0.0175372050126715 5.85377482091316 0.0275949591427118 0.0414227377913089 -12.052100278276 -3.27876722469247 0.0324076677829045 3.26347533601527 11.8674990903903
"etap[212]" -0.0130115040686408 5.89002379739237 0.0277658384565752 0.0422427867087139 -11.9943741503748 -3.33935904730122 -0.0149550455634389 3.28512960467791 11.9517677271006
"etap[213]" 0.0276761193640156 5.88062943131925 0.0277215529902069 0.039505709674673 -11.7572519656077 -3.29723307993848 -0.00535941700042421 3.29349616385412 12.1177979909147
"etap[214]" 0.0192568464894869 5.87297706070002 0.0276854793691601 0.0405752149247071 -11.9962245634537 -3.27664311199597 0.0358614472755787 3.33961671395629 11.832228499486
"etap[215]" -0.054731537919584 5.89838297486373 0.0278052439970762 0.0418446131835124 -12.0130982109567 -3.41714276919596 -0.05036086729695 3.29748839446309 11.8427069741744
"etap[216]" -0.00149380768272483 5.87008504094772 0.0276718462573057 0.0391558779567117 -12.0854766949064 -3.29721350325635 0.0108071522712679 3.30190379768912 12.0113126316032
"etap[217]" 0.0580557089758772 5.95092975617058 0.0280529518996868 0.0423531409327199 -11.8782512593919 -3.30060998862237 0.0338423018948543 3.37999175666914 12.2790497011554
"etap[218]" 0.0660456232067648 5.83152106199892 0.0274900539171441 0.0408645905110405 -11.7046703029369 -3.22590381627209 0.0274649439285643 3.34250963892341 11.8825235385893
"etap[219]" 0.0586835705078974 5.98660096348318 0.0282211075835792 0.0432091199224953 -12.0447956435399 -3.28495204108645 0.0425756480834373 3.39643246223123 12.3327502521822
"etap[220]" 0.0341393361936477 5.87333503075141 0.0276871668561655 0.0408677930963028 -11.876302904143 -3.26792556302664 0.0095361663222688 3.34038280236728 12.0385055661686
"etap[221]" 0.0220036744111155 5.93256135780101 0.0279663624393758 0.0414956635757363 -12.1161646235358 -3.33035231580177 0.0441276597168209 3.30030663335404 12.2780357866494
"etap[222]" 0.0324365869046866 5.94058027928129 0.0280041639977525 0.043764991728984 -12.0008099113155 -3.24376643598003 0.0268007771163278 3.38431517865784 11.9274275592425
"etap[223]" -0.0263860210991377 5.91775654079794 0.0278965718627284 0.0380019229123424 -12.03760786879 -3.33454614803769 -0.0114684882648889 3.31142856728774 11.9481834659914
"etap[224]" 0.00268607397998512 5.90710699612699 0.027846369427706 0.0417001619111139 -12.1371270254354 -3.3411405096563 -0.0279013893633642 3.40800950111116 11.8670867093379
"etap[225]" 0.0363545625942314 5.85831810193188 0.0276163763748262 0.0406827568210399 -11.7858091461177 -3.31049528804362 0.0127738946669482 3.33801477085979 11.8049325516506
"etap[226]" -0.0823641537206889 5.89551248607594 0.0277917123831617 0.0414885230423188 -12.1804486323301 -3.39688396057997 -0.0766134990988418 3.26863421775705 11.9930546734425
"etap[227]" -0.0102518638471867 5.9737968193557 0.0281607482693136 0.0394293125355535 -12.0603755120615 -3.30232931910687 0.00705394491401766 3.27523286231359 12.1117425080832
"etap[228]" 0.090863392843918 5.80897424580994 0.0273837672063348 0.0388658375640341 -11.4851444813363 -3.28471814345169 0.0440349051522653 3.34840562881317 12.1732648027369
"etap[229]" 0.014893356545225 5.81319247222671 0.0274036521163606 0.041175125641509 -12.00016601787 -3.25791078087836 0.00602405821503945 3.28019616261059 11.8564659000241
"etap[230]" 0.0623737897208473 5.82005736247565 0.0274360135193415 0.0371329700711205 -11.7995648773971 -3.26018486160719 0.0305875364828292 3.37497378352637 12.0693461171426
"etap[231]" -0.078278313894358 5.87441973856602 0.0276922802178409 0.0405262385038991 -12.1005959851242 -3.35545047187973 -0.0339637832009874 3.25687594117024 11.8257611232958
"etap[232]" 0.044068644005514 5.89944798529734 0.0278102645044071 0.0444697194562082 -11.9650020724663 -3.25571944281837 0.0517564465483284 3.32612258126006 11.9713904618479
"etap[233]" 0.0102426369749273 5.8180044144738 0.0274263358296513 0.040341277481438 -11.8952234484012 -3.27197743660181 0.0103918622138832 3.35244719249741 11.7050459094699
"etap[234]" 0.0158454311751712 5.86593285238975 0.0276522726527316 0.0411270358812745 -11.8014746714564 -3.32548574891522 0.0129022277303372 3.34108682579676 11.8425264514876
"etap[235]" 0.00327462325239105 5.9412343824683 0.0280072474697467 0.0403119965109305 -12.0245452968701 -3.29705769898083 -0.0233618544905337 3.36266817683724 12.0779970399516
"etap[236]" 0.091662432685495 5.96315565269409 0.0281105853286059 0.0423430072709366 -11.8440284879595 -3.29859769599125 0.0423974274375688 3.38944154520028 12.4447299150176
"etap[237]" 0.00322690340339099 5.98708254776003 0.0282233777936317 0.0415014123330317 -12.2814379996664 -3.3019677251227 0.00201299114650064 3.26761463274286 12.3008213729098
"etap[238]" 0.029280006434096 5.93622623524685 0.0279836388373369 0.0420257031183604 -12.0366640993553 -3.28844798147137 0.00369589515735654 3.36200451056993 12.1039942937534
"etap[239]" -0.0535177432330109 6.01919336168639 0.0283747496221433 0.0454943196060501 -12.3333721475095 -3.34880374377644 -0.00469377753423685 3.28622492905329 11.95398313495
"etap[240]" 0.00783974460915113 5.89866967801149 0.0278065955286759 0.0412161693106926 -11.9475067087949 -3.34308008252744 0.00606815428742613 3.34459637679929 12.0429215349031
"etap[241]" -0.0000837186363953686 5.84548014631248 0.0275558576716592 0.0400730821825217 -11.9815383388989 -3.30751242104505 0.0325621836366379 3.34164595125517 11.9592691481835
"etap[242]" -0.00349285195389436 5.88129257560633 0.0277246790823555 0.0418574780387718 -12.0200329639086 -3.31622304420294 -0.00611416183901779 3.31071062229132 11.9768888943115
"etap[243]" 0.0250056831325959 5.95489983537115 0.0280716670325173 0.0391699782492245 -12.0358153112403 -3.29869949573322 -0.00278988194427045 3.37200198393901 12.0187636339833
"etap[244]" 0.0204370444879755 5.87503693885611 0.0276951897279107 0.0395009759760521 -11.692896135413 -3.30110703250432 -0.0374549430613498 3.30046796005448 12.1908264253267
"etap[245]" 0.0901106712459938 5.91963732166647 0.0279054379487689 0.0417661659000761 -11.8168688286034 -3.26780058530292 0.0735944553346321 3.37741977446838 12.2536486110968
"etap[246]" 0.00757267409039844 5.88081952560268 0.0277224491032527 0.0362940441982265 -11.964663447223 -3.30498884286604 0.00523819574790415 3.32194009284937 12.0791424484753
"etap[247]" 0.0620730270956081 5.92317936846342 0.0279221353174983 0.0417752389741051 -11.9529826738543 -3.28032465840431 0.0345253055856037 3.3799767968044 12.1814204469318
"etap[248]" -0.0285352742222252 5.90350543656728 0.0278293915131225 0.0388791372208357 -12.0852678607311 -3.3578418800038 -0.0344773000141628 3.26651291326767 12.0252055686692
"etap[249]" -0.0459893378142617 5.97183262997496 0.0281514889917759 0.0428623996345983 -12.2427050306455 -3.31505002498019 0.00341643475123006 3.31632158415605 11.7946475041585
"etap[250]" 0.0257137366390993 5.9926894926678 0.0282498091854052 0.0447225327014272 -12.1061754620102 -3.36638607989722 0.0378564434356085 3.33882966509047 12.3018124688032
"etap[251]" -0.0468154298608681 5.89688855094588 0.0277981992151677 0.0409166602198044 -12.0150970942704 -3.36273347624333 -0.0542141848401587 3.25239344673546 11.9599932106831
"etap[252]" 0.0519741880311961 5.95653030117913 0.0280793531220461 0.0402328024108825 -12.0149230943857 -3.27619152230277 0.0237685949469301 3.38597726198289 12.1993245316743
"etap[253]" 0.027883907918244 5.91451771281059 0.0278813038811755 0.0405948297419111 -11.7015014958005 -3.34365388253136 -0.030885610179096 3.34697380364026 12.2272448641334
"etap[254]" -0.0806809644578439 5.92269003611132 0.0279198285826688 0.0432892001412359 -12.0903051396838 -3.38786760874095 -0.0292172384766609 3.25062011253749 11.8375262812381
"etap[255]" -0.0975630481231984 5.89132885764833 0.0277719905696209 0.0400656132738401 -12.1204449005266 -3.39243194040917 -0.0674742449708742 3.21749548020202 11.9065329838763
"etap[256]" -0.00371849788584315 5.91019337541128 0.0278609187591809 0.039814718195587 -11.8105091341833 -3.38142351252667 -0.0316537863922156 3.3232268037515 12.0970573492606
"etap[257]" 0.00381817826692896 5.8483156834978 0.0275692245221396 0.0373616440949834 -11.8169130937249 -3.27513347020238 -0.00280201828862501 3.24744833945101 11.8278331930636
"etap[258]" -0.00626271888884821 5.89294213739406 0.0277795956432752 0.0418291282217137 -12.0307889411209 -3.28913783088806 -0.00952696251253212 3.28782200446462 12.1727765922953
"etap[259]" 0.0210528388882234 5.88333893002167 0.0277343256895809 0.0393048857420236 -11.9074070020153 -3.30944209461964 -0.0246077078860154 3.32488310624685 11.9651165518147
"etap[260]" 0.0306632220066409 5.84275118600694 0.0275429932294083 0.0390007301617453 -11.6465250597687 -3.31382416032361 -0.00107701761963636 3.3030831939579 11.8900011056095
"etap[261]" -0.0395456198429766 5.964924396945 0.0281189232689659 0.0445078041556836 -12.1833793285847 -3.29665901579926 -0.00221466181395711 3.30428250919454 11.837843919162
"etap[262]" 0.046213229798456 5.97343729731097 0.0281590534661415 0.0405087526627868 -11.8905649431379 -3.34183146479731 0.008432339538932 3.35041152462499 12.3669751962396
"etap[263]" 0.0371132969821214 5.90064604317498 0.027815912203404 0.0442384972252351 -12.0109810937344 -3.30242738622522 0.00775014998399521 3.33583292989285 11.9733405779472
"etap[264]" 0.00455209615960171 5.87856106650538 0.0277118026249679 0.041493264337804 -11.9143748902557 -3.31124091866974 0.00864556905263634 3.27668454851416 11.8854909807036
"etap[265]" 0.0340872143270023 5.93143908802152 0.0279610720088998 0.0397100791064031 -12.0046720884509 -3.29868672720223 0.0191342020683729 3.35404947999696 12.3277567947312
"etap[266]" 0.109954171126319 5.84469040388462 0.0275521347901517 0.039424931089259 -11.6306676976257 -3.19996669158169 0.0684220523886507 3.34285462483421 12.2226293676549
"etap[267]" -0.0316995218724912 5.85170656940701 0.0275852093116104 0.0407382764784954 -12.0704614756007 -3.32807194287726 -0.00694829136287779 3.28230452469747 11.8596596647189
"etap[268]" -0.00642277225803415 5.85729140654897 0.0276115364863764 0.0397929548409616 -11.8532572078122 -3.33726744540705 -0.0165875342866303 3.27678870533095 11.8687693530794
"etap[269]" -0.0926004536339005 5.98169383183254 0.0281979751431369 0.04048994821899 -12.2798933522175 -3.39367282140484 -0.0570384924129728 3.27795050526202 11.871069777592
"etap[270]" -0.0314824471138095 5.91418788645392 0.0278797490648193 0.0412523084429737 -12.1359805125807 -3.33593841962491 -0.0346594568950369 3.2521650023294 12.141211640948
"etap[271]" 0.0153397371034526 5.88710810702477 0.0277520937603701 0.0402375371727897 -12.001925006434 -3.30851868438893 0.00164636460568609 3.29645076964222 12.1834832485689
"etap[272]" -0.014135183654816 5.93846308403874 0.0279941834436651 0.0408589103670209 -12.1097993556971 -3.33804885931222 0.00985471132427503 3.32314505600652 12.2291942424316
"etap[273]" 0.0323137289270724 6.03037901609519 0.0284274793027065 0.0460410106539042 -11.8874122598327 -3.34481485622159 0.00953870979862781 3.36777271630568 12.2412796652179
"etap[274]" -0.0328476631852083 5.98762535554371 0.0282259366140632 0.0413565584000259 -12.2019040322891 -3.38072810475375 -0.00246836697962445 3.35117350047921 11.958009092198
"etap[275]" -0.06000054830758 5.85038547276753 0.0275789816023279 0.0412266339035242 -12.0328567183314 -3.36952035173484 -0.0341355212527568 3.28353672299467 11.6099681071856
"etap[276]" -0.0351291988514549 5.96162366770425 0.0281033634821059 0.0387174128828914 -12.1516497704406 -3.33405532652745 -0.0064810359525984 3.26241503889452 11.9184877163464
"etap[277]" 0.0664719317412137 5.98284736117439 0.028203412932603 0.043028040339867 -11.765588240972 -3.27845948242205 0.0409412637724594 3.33539988860037 12.2267664538257
"etap[278]" 0.0351967296279925 5.9103312074648 0.0278615685057122 0.0391147443292587 -11.8957266367256 -3.32992276598674 0.0117195723712563 3.33001790613392 12.133194033325
"etap[279]" 0.000728424579754051 5.8070270058278 0.0273745878290283 0.040692548082394 -11.8664072113764 -3.28500477911602 0.000695127559361698 3.31250286973993 11.8707708045079
"etap[280]" -0.0433385434829447 5.93482643604471 0.027977040120616 0.0425220560271355 -11.9357725161002 -3.33574644314875 -0.00498083843390719 3.28229212363996 11.7636337051668
"etap[281]" 0.0317397990023854 5.77386790550676 0.0272182743310613 0.0407347071101626 -11.6971574692709 -3.27888520633174 0.063958343016666 3.33676439393634 11.7757293584351
"etap[282]" 0.028750817798319 5.87094123222881 0.0276758823817113 0.0399182363388909 -11.9788579667354 -3.31762336269761 0.0395885780259489 3.3729354987654 12.1602121085666
"etap[283]" 0.0083563723481155 5.86261704835365 0.0276366418026049 0.0397807579418726 -12.1899187985956 -3.28276591109681 0.0343680599425831 3.3385244997685 11.8974233742186
"etap[284]" -0.0390987601112413 5.95876056683384 0.028089866695168 0.0407687377025044 -12.3219460942897 -3.3186253803374 -0.00839810147122935 3.2570901082345 11.8398253755433
"etap[285]" -0.00952569903532874 5.9082652957811 0.0278518297046397 0.0417751963312083 -12.2512894985296 -3.29244643494209 -0.0187309131937266 3.30674664589152 12.0109981616811
"etap[286]" -0.03824153029505 5.84298674701339 0.0275441036746419 0.0405344489678039 -11.8976142631505 -3.40297847586351 -0.022186416916583 3.31730587953142 11.9281484471181
"etap[287]" 0.0729944543285642 5.96896299366223 0.0281379613964675 0.0416650661981118 -11.8454905094229 -3.29397728820263 0.0597325569493886 3.38299656690302 12.2855691866496
"etap[288]" -0.0392817483206547 5.84785188731473 0.0275670381659653 0.0408465185590533 -12.0708481734423 -3.31191296737683 -0.0023140792685386 3.23575798533091 11.6602934542348
"etap[289]" 0.109072803539301 5.90173850726915 0.0278210621285319 0.0433358971560636 -11.9464284570254 -3.21772119591396 0.0658246481045289 3.38676651520013 12.3328043661644
"etap[290]" 0.0320699589939821 5.83042659750923 0.0274848945620612 0.0391361432407478 -11.857218688473 -3.27892265340096 0.031375473253331 3.31123821682452 11.8961803575806
"etap[291]" -0.0305173215980662 5.87532679828694 0.0276965561383716 0.0397150574682805 -12.016583598412 -3.37094082315758 -0.0153982416816926 3.27278933592472 11.9594197796304
"etap[292]" 0.00396855636902877 5.84035627695825 0.027531703519884 0.0417611023435314 -11.7828694441863 -3.31585251056664 -0.000241815551708784 3.31929953265739 11.7422481112914
"etap[293]" -0.00243894837251905 5.89708981790557 0.0277991479967145 0.0451410425893086 -12.04401292543 -3.29682074553789 0.0168166412316612 3.29552624489029 11.8569018642476
"etap[294]" -0.0023331124514491 5.93489080295088 0.0279773435491216 0.0412064730169949 -11.829622370745 -3.37658532910773 -0.0147429061896943 3.31294445548798 12.186079654575
"etap[295]" 0.0325121910255437 5.92960431939814 0.0279524228266631 0.0419146487245887 -11.9650876704525 -3.29304419344851 0.0360252604052862 3.34016094704796 12.2834960906092
"etap[296]" -0.077131684344218 5.95083894537081 0.0280525238134714 0.0423771447781112 -12.2136061107216 -3.42250602540236 -0.0698435000985701 3.30044749833407 11.8518122536112
"etap[297]" 0.0137532676977294 5.97488359352866 0.0281658713718958 0.0429601244314197 -12.2068038627456 -3.30722365040087 0.0177916974323615 3.36647402907962 12.1286552645947
"etap[298]" -0.00578673265838238 5.86667439175333 0.0276557683028149 0.0393214036881061 -12.1166756133311 -3.30543110781402 -0.0152674292307717 3.2951790376772 12.1018956945862
"mean.p0" 0.559401437142208 0.23070563266615 0.00108755678210778 0.00548461437668114 0.121652016669916 0.404758841872671 0.552100599817732 0.708367451518306 1.03096156222387
"mumup0" 0.918025347339339 0.033350277194012 0.000157214714388913 0.000561867854739261 0.845174523272521 0.896961677840997 0.920753372391835 0.942495813039185 0.973887484574457
"mupsi" 13.3619902905464 1.43717764825985 0.00677492040569515 0.00874901045172185 10.6221382446599 12.3689819004567 13.333381161231 14.3139711731437 16.2676144050781
"ppo[1]" 0.647134643707077 0.0867951083585502 0.00040915606462768 0.00143116708068033 0.472549797514928 0.594466039079453 0.643739671963174 0.699067195854854 0.82730890768553
"ppo[2]" 0.618436925896252 0.0902623329766763 0.000425500718223506 0.00117636284350368 0.410796611331607 0.570945000848246 0.623367803357731 0.675497969290932 0.786424291480905
"ppo[3]" 0.673557343888993 0.0903917432919569 0.000426110764300109 0.00215478711978517 0.509603279724442 0.612624454486312 0.664767480953213 0.728770172057312 0.871697178705138
"ppo[4]" 0.64647469152217 0.0866468973452594 0.000408457391210717 0.00138591238105401 0.469967739075579 0.593751812588877 0.643047990046334 0.698462585375691 0.825194610635927
"ppo[5]" 0.618700552950862 0.0910982205879001 0.000429441130211547 0.00124790778536164 0.410705319810445 0.572080287318957 0.623096919567773 0.675456281674488 0.788688627705748
"ppo[6]" 0.673218105252131 0.0908906145233001 0.000428462465837587 0.00203332275883132 0.508075189539354 0.612163326529425 0.664696919224064 0.728188918185628 0.87369750308858
"ppo[7]" 0.561319468893509 0.112056308095667 0.000528238502194503 0.00266251426023674 0.285948421930661 0.502515185819784 0.585813371154221 0.638291198101971 0.727254100990773
"ppo[8]" 0.647484994386822 0.0875998868048491 0.000412949826605885 0.00143951862728697 0.468902729930509 0.594317352940849 0.643889542372749 0.699505912160515 0.830866204071678
"ppo[9]" 0.618775190945862 0.0887759325801834 0.000418493759557383 0.00123869216793074 0.416471796092426 0.57189408900002 0.622870414785141 0.674886022175086 0.784734561022302
"ppo[10]" 0.673489479996615 0.0901756266921199 0.000425091980878297 0.00217034833328173 0.511587378392758 0.612382141358174 0.664817353544941 0.728660005660843 0.869871768025076
"ppo[11]" 0.619402404453019 0.0902430557901341 0.000425409844694665 0.00124389928888886 0.413734711786209 0.572262010987067 0.623702799791746 0.675632846815001 0.788717202914075
"ppo[12]" 0.647670375677984 0.087672942333269 0.000413294213669544 0.00140955807173753 0.470720521644751 0.594791203994338 0.643566169283085 0.699477008988478 0.8333627870524
"ppo[13]" 0.590537267311897 0.0992023407319936 0.000467644318941141 0.00167721366033917 0.346319735982222 0.541406883090172 0.605364452899104 0.655335668404057 0.752410730746116
"ppo[14]" 0.646339464855629 0.0879958740474037 0.000414816528369043 0.00141384101742755 0.466777890665644 0.593439191796529 0.643366895563243 0.699062555305793 0.828359822409069
"ppo[15]" 0.647032425630389 0.0878947532857519 0.000414339840527158 0.00140164449991397 0.468404928184266 0.593939487802516 0.643630235300968 0.698704764071301 0.830525765205558
"ppo[16]" 0.561956131354514 0.110568858364175 0.000521226596915754 0.00256222079919678 0.291367143213598 0.50410174379573 0.585489445794343 0.638066148208298 0.727638143550038
"psi0" 0.99999585147636 0.00000868823033803937 0.0000000409567105902555 0.0000000543962308389924 0.99997563011998 0.999995751676604 0.999998380483287 0.999999392535306 0.999999913887779
"sdeps" 0.378792638655892 0.286955106298396 0.00135271934373135 0.0117629510641187 0.00970530442593483 0.150162607857384 0.328139594691848 0.548054205515562 1.05688820524991
