"Mean" "SD" "Naive SE" "Time-series SE" "2.5%" "25%" "50%" "75%" "97.5%"
"N" 25.0974666666667 0.401737133313267 0.00189380700813504 0.00991336143790288 25 25 25 25 26
"betapsi[1]" 0.0234414110052762 2.62593465515866 0.0123787746774363 0.0193418419774957 -5.52068130321277 -1.16350484494776 -0.00429161672416388 1.14583053761559 5.99864571347993
"betapsi[2]" 0.0589428552285956 2.61431067249142 0.012323978697647 0.0181703627368505 -5.53026888487708 -1.12364917412102 0.00622884837039995 1.17874080027168 5.94688928692499
"betapsi[3]" 0.0658524275783759 2.65319951589666 0.0125073024635426 0.0203095277604015 -5.59488820441434 -1.11196416259858 0.0028672583629122 1.18257444643395 6.15885210053654
"betapsi[4]" 0.102491268016072 2.67586300484965 0.012614139175036 0.0193228610783095 -5.55570060044464 -1.10442226975844 0.0112868658684955 1.22977102333687 6.24012514880377
"betapsi[5]" 0.059854223987582 2.63657158345627 0.0124289176383045 0.0190300512716307 -5.60373400891122 -1.14569628078295 0.00443323169168389 1.20162756361327 6.02286423622552
"betapsi[6]" 0.0596623856569967 2.63601342906249 0.0124262864732593 0.0188829870723989 -5.62757388346903 -1.13766513338601 0.00610044007507944 1.20460775183257 5.99712815058192
"betapsi[7]" 0.0320082195729072 2.67158097394051 0.0125939534877486 0.0190758926240356 -5.72510220974924 -1.17519033542758 0.00338110163494007 1.18341527261317 6.03665541778283
"betapsi[8]" -0.699519109565757 3.47634631246729 0.0163876536753231 0.0557840032523588 -9.89157128681769 -1.69684315183553 -0.103838110080592 0.890227371089423 5.51492940837386
"betapsi[9]" 0.0791049978667457 2.65545301434041 0.0125179255570824 0.0192007890850892 -5.5833566671793 -1.11734996826796 0.0047584246989018 1.2035858473184 6.17870678192535
"betapsi[10]" 0.099558868356266 2.66125897378417 0.0125452951123756 0.019391462322653 -5.52239427880926 -1.08526928484387 0.0099215745049349 1.22535015772784 6.15129953654526
"betapsi[11]" 0.0779890259109791 2.6860471424426 0.0126621476600527 0.0191206529324098 -5.66450036461679 -1.13748173695478 0.00844219914443841 1.23838752730274 6.11430573426388
"betapsi[12]" 0.104704909151146 2.68089733739219 0.0126378712462332 0.0202841698248172 -5.53297382421427 -1.10372851209828 0.0087474186768258 1.23218913722161 6.20337178583126
"betapsi[13]" 0.0801144734250241 2.67899476490291 0.0126289024335074 0.0195410331974144 -5.68693391765299 -1.11172322884589 0.00924327162980836 1.19670907384109 6.12770332016347
"betapsi[14]" 0.046898813274663 2.66502840785622 0.0125630643949995 0.0186201460009629 -5.71705864886732 -1.1393034324369 0.00572116197716168 1.172172531302 5.964411513845
"betapsi[15]" 0.0420371382250309 2.61299490601107 0.0123177761149755 0.0193715271368288 -5.52150134193885 -1.14667317212406 -0.00097911587522609 1.16974353145245 5.92104644247099
"betapsi[16]" 0.0630939592857757 2.66043691889228 0.0125414199084518 0.0191177961818906 -5.60186004585811 -1.14299118730317 0.00458557417618297 1.1857626837929 6.03376683861738
"etap[1]" -0.0134376904580836 5.44813389594208 0.0256827494842195 0.0730633287029266 -11.1060407711037 -2.9954522424484 -0.00967680878229825 2.97687213006151 11.0593675831692
"etap[2]" 0.0104521470550568 5.31716533149767 0.0250653577506135 0.0738257182144047 -10.7809019569618 -2.98107340369675 0.0107828726335011 3.01197369994987 10.8599787532971
"etap[3]" -0.025017821248067 5.3697241570374 0.0253131224302824 0.0706227373606403 -10.9379179420827 -3.02208813256889 0.00947514985527583 2.99335207015203 10.882588439267
"etap[4]" 0.0208320430488248 5.34839967627329 0.0252125978639252 0.074055086865222 -10.8169171905867 -2.99390575417115 0.0387275438213788 3.0467572343751 10.9825766974178
"etap[5]" 0.00453889431061319 5.42856488621597 0.0255905002876966 0.0821811564404584 -11.086215636053 -2.98818180772301 0.0216297811798303 3.03974479580284 10.8942793607408
"etap[6]" -0.0166141343446703 5.37995661553401 0.0253613587022235 0.0740347676329776 -11.0200958012916 -2.99561750429251 0.000564331323731666 2.98588614899061 11.0324931254939
"etap[7]" 0.0655110482819154 5.48318962752558 0.0258480037877005 0.0796108890180959 -10.8464537625099 -2.91469964125902 0.0551518689308317 3.0227814289747 11.2252671679147
"etap[8]" 0.0302932358511383 5.44700043213203 0.0256774062845774 0.0795788702580846 -11.0656472973103 -3.01764859655763 0.013328039023443 3.01401501671998 11.2047409877491
"etap[9]" -0.0340972988490662 5.40464746695708 0.0254777524920537 0.0798533623521245 -11.1236521739491 -2.9977885474892 0.00936120489640946 2.97988340445552 10.8012739505527
"etap[10]" 0.0596938143409683 8.70029798457115 0.0410135980215594 0.420648935282898 -15.7862033920558 -6.49390650575408 -0.167969534229056 6.65369996376901 15.7844961218507
"etap[11]" -0.0610596443249317 5.41013250608501 0.0255036092144699 0.0778222265989237 -11.3499577075943 -3.01976832413499 -0.030978847699325 2.94104014771643 10.8884408057843
"etap[12]" -0.0323411908654051 5.42356560732606 0.0255669334610026 0.0742758816453902 -11.1653781521058 -3.01710045686751 -0.0273746883969948 2.98451098745423 10.9211622859669
"etap[13]" -0.010819327148568 5.470678445435 0.0257890255097211 0.0830165735750695 -11.0552427304396 -3.01467997104721 -0.00150156645433262 2.9974662447503 11.1842644560822
"etap[14]" -0.0101338669696943 5.4193347907397 0.0255469892003481 0.0745614999562932 -11.184523128287 -2.99241575950763 0.0412584918339979 3.00581139444448 10.9078884157589
"etap[15]" 0.100485661136161 8.70303445377206 0.0410264978610826 0.437910647985857 -15.7163507721959 -6.46862136884665 0.00772108182400626 6.63460264832881 15.9417681414892
"etap[16]" 0.0184497489285117 5.37849255355325 0.025354457047859 0.0749398305525576 -10.8010284743802 -2.93988997693587 0.0324598067000017 2.96641516044147 10.862248435816
"etap[17]" -0.0000493715812540878 5.47362900973428 0.0258029346032168 0.0821787289890903 -10.8936045783021 -2.96039637506399 0.0119230293780043 3.00943153988495 10.9103477124636
"etap[18]" -0.0105654547794383 5.36981272381221 0.0253135399380628 0.0779401353460682 -11.0679603651483 -3.01016988565787 0.00648456219500773 2.96510542448112 11.018306502835
"etap[19]" -0.037681073763996 5.40508289177206 0.0254798051043161 0.0766392099396009 -11.111756197062 -3.0141591897207 -0.00829249967729071 2.98991441654713 10.8859674088038
"etap[20]" -0.0484933219637827 5.30244292198562 0.0249959556466043 0.0721546098219303 -11.1181867138613 -2.99242119376934 -0.00562670130443518 2.94419623497171 10.7217188406145
"etap[21]" 0.018000995352883 6.16766561184708 0.029074654521521 0.250560339729156 -11.9323262782664 -4.07950852806004 -0.0795095465523609 4.13520311729796 12.0534656383236
"etap[22]" 0.100815054465957 5.41605946399301 0.0255315491619936 0.073164758157081 -10.7121483736732 -2.94462919680354 0.0585917431640289 3.0791673422573 11.3460963034288
"etap[23]" -0.0144923663023197 5.34060462614363 0.0251758516452161 0.0726734483094581 -10.9211823971081 -2.99771279787172 -0.0245080911414915 2.99131782753138 10.8419059606976
"etap[24]" 0.0427044046967446 5.44743150765779 0.0256794383940939 0.073929315953264 -10.8604176422658 -2.95811543699944 0.0215685222326892 3.04479685715043 11.155210266938
"etap[25]" 0.0385169147045624 5.40185905342447 0.0254646077846026 0.0741095124970852 -10.8314304965485 -2.92554760082245 0.0266206808247347 3.02250175612828 11.0735951743537
"etap[26]" -0.0284363415160981 6.75614611079239 0.0318487781975228 0.0992336536003247 -14.3153357532443 -3.68543168066956 0.0604961554386864 3.72677974469193 13.6901178702064
"etap[27]" -0.0349830005603991 5.98895869690161 0.0282322220455019 0.0546402803077125 -12.2024994955506 -3.43152148462921 -0.0129162748468465 3.39491043660539 12.2014647824805
"etap[28]" -0.0115119137979947 6.01369845364189 0.0283488463772083 0.0441616322620816 -12.504273428065 -3.3781088091717 -0.0132749553490198 3.39417936882494 12.2365905897926
"etap[29]" -0.0569782134747786 5.90563400625361 0.027839425686852 0.038663641030778 -12.092588112586 -3.39503624141035 -0.0185657639225836 3.29164021516275 11.9979388620896
"etap[30]" -0.040965641434686 5.86795531609067 0.0276618066380491 0.0429373541407317 -12.056896662729 -3.37260331716867 -0.0512193580598337 3.3243707760856 11.9196488426475
"etap[31]" -0.0569753849182337 5.86293944520356 0.0276381615959302 0.0426434306681154 -12.0429126245652 -3.37305665904493 -0.0154156923817354 3.29072244570961 11.7179853999406
"etap[32]" -0.0170375985323395 5.84912471934666 0.0275730383537059 0.0423498120128189 -12.1515836084578 -3.31575131137402 0.00154398148461065 3.36225164199489 11.6969817651586
"etap[33]" 0.0131279817405001 5.88197037255904 0.0277278742478324 0.0407132595476472 -11.8594619252296 -3.31703067981547 0.0124249936466699 3.30941671363397 11.9488976817583
"etap[34]" 0.00405196159619658 5.81410851337169 0.0274079703757304 0.0382232007757795 -11.9094605383766 -3.33857675923678 0.00354610720423402 3.27016294566391 11.9637120618686
"etap[35]" 0.0284034825282683 5.88814565061964 0.0277569847877815 0.0462661487722336 -11.9959851575078 -3.31975576531949 0.0375815026612294 3.34511085132874 11.8849011358448
"etap[36]" -0.0110540318725085 5.83300165745689 0.0274970335110676 0.0397649420263467 -11.8395428699876 -3.32980591364274 0.0350333136526864 3.32715286263556 11.7931020234957
"etap[37]" 0.0400152225035496 5.90885549621596 0.0278546119361714 0.0445389799978931 -11.816936540377 -3.27919973096857 0.0305124713736891 3.31756136790779 12.1014748370322
"etap[38]" -0.0846342413396121 5.84157436777003 0.027537445655038 0.0406076330307989 -12.0871226718793 -3.41063297611514 -0.0116043500484779 3.32241188975229 11.5809968418898
"etap[39]" -0.0325556647004227 5.89339181773478 0.0277817154567305 0.041227876149563 -12.2668543761475 -3.32001371144873 -0.00553633558634603 3.34417809085195 11.7246651758891
"etap[40]" -0.0202378154695203 5.89633024812016 0.0277955673504075 0.0404944829264124 -11.9529471057579 -3.36328766869119 -0.026431953580824 3.3524384645322 12.0051050473845
"etap[41]" -0.00272028029835079 5.86832707803889 0.0276635591406796 0.0400020567715759 -12.2070215257729 -3.33321528096002 0.0164284768350356 3.38766557624222 11.8345934457492
"etap[42]" -0.0666970639597251 5.90723174688399 0.0278469575084141 0.0422098883121511 -12.2515352286794 -3.41586609437049 -0.0264994131234358 3.34172143804248 11.7281810668316
"etap[43]" -0.0307597563855051 5.98694100473495 0.0282227105534126 0.0434320829037382 -12.1045014032508 -3.38676942280469 -0.0302259028428557 3.28208956077068 12.2529720165411
"etap[44]" 0.0173782446805623 5.80916848003555 0.0273846828352553 0.0418844101217655 -11.5872453425134 -3.35150634294973 0.0461604506498932 3.32625966181439 11.8095397876704
"etap[45]" -0.0156028793642551 5.80650885164905 0.0273721452268051 0.0415856191647217 -11.9226091780491 -3.32832135662418 0.00407941721562667 3.26689350809669 11.8421147081527
"etap[46]" 0.0104756994027749 5.91222146142851 0.0278704792483516 0.0430067101411291 -11.8966860464534 -3.34463625652632 0.00127122430988195 3.33763050478238 11.9260839078955
"etap[47]" -0.0178144792188098 5.8490846371817 0.0275728494045683 0.0416913875924284 -11.9210168961655 -3.32334507771671 0.0177092335578985 3.28890117694203 11.8864477010528
"etap[48]" 0.0451142213813895 5.85707677792263 0.027610524717329 0.0408489142226934 -11.8317282522262 -3.30958102727383 -0.00932213548663398 3.34471082224125 12.0025733885174
"etap[49]" -0.0101848922344573 5.9247578418614 0.0279295763124558 0.0443478326652111 -11.8127428512486 -3.34624279866648 0.0032374755674013 3.29443555551675 11.7716713419175
"etap[50]" 0.0134947029549346 5.92159620461906 0.0279146722115644 0.0436846692094983 -11.8701083550829 -3.3194482582093 0.00613617669673447 3.35385928646533 11.9395629418513
"etap[51]" -0.0112179300634538 5.8559432469612 0.0276051812011322 0.0413740183493252 -11.9217916722236 -3.29033527966736 0.0111504204260428 3.30250329801303 12.0219068076527
"etap[52]" -0.0263847947095701 6.01720352422117 0.0283653694383759 0.0413292640979306 -12.2626278959552 -3.37369032941438 -0.00479784509787867 3.3312295031402 11.9317322651253
"etap[53]" 0.00064529645006241 5.93592393070082 0.0279822137600404 0.0411319494703625 -12.1407454750375 -3.34005693190775 0.0405557109195221 3.38953674545693 11.852288742108
"etap[54]" -0.00220740453464062 5.87505961319984 0.0276952966157921 0.0414261935106307 -11.8473006435265 -3.34763004717011 0.00760928182634667 3.30246339759219 11.9836698601128
"etap[55]" 0.0505117440451393 5.88779750739921 0.0277553436249016 0.0420232403668674 -11.8874254589988 -3.31422029670859 0.00575921190920177 3.42321831591974 12.2711051645477
"etap[56]" 0.0503297388103365 5.94474785902497 0.0280238101570718 0.044137529441233 -11.9360358477209 -3.31505466312024 0.0456896263039656 3.39449699675623 11.9183482729382
"etap[57]" 0.0519214980766921 5.92535493466602 0.0279323910349301 0.0411718896599679 -12.0248035942339 -3.28175685809265 0.0764467414930369 3.40564977155591 12.1670645890333
"etap[58]" -0.0112857313096853 5.88787124883162 0.0277556912453476 0.0422743690654798 -12.0360368557473 -3.36615849316725 -0.0181839896991611 3.34065668508153 11.895508987117
"etap[59]" 0.022672134436397 5.98052891976555 0.0281924836949898 0.0421727080744197 -12.01469223328 -3.26532274339578 0.0171979222945675 3.35148645272909 11.9405541776275
"etap[60]" 0.0615307345904871 5.93734090886325 0.0279888934591567 0.0459994697135579 -11.828685340753 -3.29570007861336 0.0249983451397376 3.33888798015569 12.0473584516862
"etap[61]" 0.0386796780375172 6.09977456858084 0.0287546130743517 0.0490783008062711 -12.2114880314217 -3.37016124345619 0.032718464098428 3.39438286000533 12.3072215721343
"etap[62]" -0.0130560831504309 5.84460192254899 0.0275517176851355 0.0402975378375087 -11.8688536668517 -3.32972642372022 0.0255986911212143 3.32891893390634 11.6473431679074
"etap[63]" 0.0508888781692646 5.91402034923957 0.0278789592868169 0.0451929559511966 -11.6393305716621 -3.37541002442221 0.00600452146281565 3.42608257628717 12.0660431130662
"etap[64]" -0.0834057867900351 5.84475561709363 0.0275524422081671 0.040609157111959 -11.9405272904459 -3.41826943874884 -0.0571761600690719 3.27685660899886 11.6134859117334
"etap[65]" -0.00335366431940936 5.87224053025505 0.0276820073313456 0.0444707181134065 -11.9343161299772 -3.32472454346524 0.0196760472032288 3.31005868261996 11.8813167020899
"etap[66]" 0.0107939383801648 5.91772945374179 0.0278964441731212 0.041803509208129 -12.0533898614241 -3.35868093593929 -0.0162719164206215 3.34291846155642 12.0932305103797
"etap[67]" 0.0129167436378351 5.85514980239302 0.0276014408675679 0.0450831979509783 -11.808129699192 -3.29109729646695 0.00344441967945787 3.31539886356479 11.9761352437016
"etap[68]" 0.0845844300732617 5.83366584501528 0.0275001645212443 0.0422393880055177 -11.5666325331564 -3.2787480849394 0.0268660138713121 3.37708077234269 11.9630001512366
"etap[69]" -0.0238074695221029 5.93313502831984 0.027969066748136 0.040901348156027 -12.184126601613 -3.40135231544022 -0.023524262375342 3.34689088987731 12.0147107095941
"etap[70]" -0.0347226613239452 5.91290225114253 0.0278736885218406 0.0397340055557234 -12.0025147814204 -3.34851241157652 -0.0633845200983057 3.29309780061136 12.0699160445926
"etap[71]" -0.063242559037973 5.8763852430102 0.0277015456946471 0.0404293600829992 -12.0915628650222 -3.34775487550442 -0.0215688384465846 3.28061369866079 11.7696115400307
"etap[72]" -0.0137649351756805 5.92610656782152 0.0279359342676049 0.0452295868249539 -11.7888104511134 -3.33853102609246 -0.00734451088134085 3.33767128937599 12.1193927902613
"etap[73]" 0.044057268486754 5.9473610728214 0.0280361289650461 0.0426129933777638 -11.8003964418158 -3.31556096978386 -0.00796643585170807 3.38277441586507 12.1056131084741
"etap[74]" 0.023557232161176 5.8153525236296 0.0274138346963253 0.0405198801580711 -11.7749004766177 -3.32041899058773 0.0286046706556505 3.33856896622602 11.8771781412193
"etap[75]" -0.0409816823456272 5.91808193767859 0.0278981057983344 0.0417771490625871 -12.0782662313606 -3.39961974961158 -0.0399687595648437 3.30154165532956 12.0049392709877
"etap[76]" -0.0425828252196373 5.90940408592693 0.0278571980128695 0.0432521545947891 -12.0993610569972 -3.40750254236841 -0.0347950334746641 3.33421006157739 11.9813892242319
"etap[77]" -0.0296258165797804 5.93288163072331 0.0279678722204104 0.0433200071542369 -12.1313649464857 -3.32473676800976 0.00736542452251489 3.36215662318215 11.7705247572377
"etap[78]" -0.0291159963806881 5.92828380803039 0.027946197876378 0.0416228736465832 -11.8303598206019 -3.43712649942334 -0.0897267534414373 3.29938590341261 12.2663486204806
"etap[79]" 0.047635505752098 5.98578598294758 0.0282172657284908 0.0414520455494419 -12.1304653333682 -3.33069711270293 0.0430199933593028 3.44340811347719 12.2481518384508
"etap[80]" 0.0245163636934807 5.87132196530755 0.0276776771746566 0.0395719063422728 -11.9104549986721 -3.30948021863351 0.0435918948117596 3.32657389262301 12.0846367775019
"etap[81]" -0.026835557860972 5.94698263768163 0.0280343450046889 0.0444930255488545 -12.1513202265462 -3.40065609009609 -0.0267450176168216 3.3365968386753 11.7755460882452
"etap[82]" 0.036986537533307 5.9256883960482 0.0279339629869608 0.0401631614222079 -12.0293722933067 -3.33361419728638 0.00427606511775163 3.40506157295236 12.1491979360236
"etap[83]" 0.0173205739468698 5.83114499900184 0.0274882811391748 0.0407141011338984 -11.693396495063 -3.37691316350382 -0.0283147654602726 3.32637025461248 12.0583909310646
"etap[84]" 0.00178846569907073 5.83443830657531 0.0275038059399597 0.0377399715247844 -11.8294948949494 -3.31076234797279 0.0238320163244121 3.35656462620884 11.844337924863
"etap[85]" -0.0174657011255855 5.84770064164353 0.0275663251870338 0.0404238987532024 -11.9611788196701 -3.34958927048969 0.0250470272824709 3.34668116146889 11.8167644318384
"etap[86]" -0.0579676105189576 5.82647164522673 0.0274662507382064 0.0406318922975049 -11.7493282808865 -3.4318094004688 -0.0788973948297545 3.25174714866434 11.8279027824547
"etap[87]" -0.0353345402621432 5.89173937639192 0.0277739257735368 0.0404912931683503 -12.1317206621113 -3.39600710635435 -0.00265375402966453 3.326233934157 11.8861076168983
"etap[88]" 0.0678912915636244 5.92976582679997 0.0279531841798567 0.0415556947569794 -11.7245171528284 -3.31490202695233 0.00445263549385432 3.39838384210224 12.1854036606721
"etap[89]" -0.0201911476518871 5.91716383454513 0.0278937778186577 0.04195064777583 -12.1512932084811 -3.35169818683029 -0.00362854090896154 3.36146497194876 11.7871075650743
"etap[90]" 0.00475445742741055 5.92807882046285 0.0279452315557176 0.0416331824697348 -12.2268264902736 -3.29089480019371 0.0574037150706535 3.33777838626359 12.1431622490456
"etap[91]" -0.074312902147804 5.91178206270703 0.0278684079029142 0.0412652937851013 -12.0439159722905 -3.41839059023449 -0.0693989891547479 3.29690249873299 11.5862331563311
"etap[92]" 0.00109432431977114 5.83187371662493 0.0274917163469939 0.0405542522702269 -11.878845674577 -3.32413970331671 0.0143745581364526 3.32112458677917 11.8423610683432
"etap[93]" -0.0187992525052307 5.87157844773027 0.0276788862443924 0.040560958144354 -11.9293991226896 -3.38261789136352 0.0155490787293001 3.39888675240011 11.7291089610143
"etap[94]" 0.0425526807898817 5.91531410271527 0.0278850580991892 0.041361386376115 -11.9024008204413 -3.3475702947743 0.0196297488105402 3.37925425570773 12.2044189794039
"etap[95]" -0.0445864088226758 5.94775450026577 0.0280379835998049 0.041859438327929 -12.4425970982613 -3.36974970602782 -0.0303512817697259 3.31581182439872 12.1533555791374
"etap[96]" 0.0123986950128635 5.84266537345737 0.0275425887051703 0.0392367306075775 -11.8839782653827 -3.31546958676884 0.0217998388283713 3.34683222215781 11.7339715280576
"etap[97]" -0.00433840829332954 5.817336311406 0.0274231863615861 0.0414209015098465 -11.7296019071846 -3.31396962946503 -0.00392443193418634 3.34139797147627 11.7474696932136
"etap[98]" 0.052349273933582 5.92249804501864 0.0279189235279783 0.0423799457030771 -12.0434145088637 -3.34601974083305 0.0603421770548791 3.38272944756137 12.1033870111009
"etap[99]" -0.0556162799264353 5.92289515761788 0.0279207955347238 0.0439795151369435 -12.1676281258009 -3.38868369490103 -0.0404805206567766 3.28480583613729 12.1100518518355
"etap[100]" 0.0507797257533639 5.89936483162472 0.0278098725142351 0.043549948989161 -11.8507484301243 -3.29644827261785 -0.00662519232636292 3.37131236069019 12.1188781607935
"etap[101]" 0.00473260388293994 5.83708110783481 0.0275162642245726 0.0410036728144288 -11.893700467219 -3.32393662095362 0.00247041497012039 3.34320952888534 11.8675508047107
"etap[102]" 0.00266978523747533 5.94196578739842 0.0280106953456526 0.0436073598320999 -11.8580290120501 -3.35950880928749 -0.00910634965543018 3.31939148063152 12.0175660578085
"etap[103]" -0.0144258482936695 5.98980700821862 0.0282362210234006 0.0425322952914789 -12.0425350124023 -3.38982648550321 -0.00901510712449024 3.36144056153846 12.1606568983543
"etap[104]" -0.0292695387856778 5.88374531560127 0.0277362414095749 0.0420209916269341 -12.0740210689004 -3.34611651668319 -0.0267828570068618 3.24964206336605 11.9807475795996
"etap[105]" -0.00626857974083641 5.95986709935637 0.0280950829395033 0.0428473574778201 -12.222161954505 -3.39738397559981 -0.0114671158879084 3.36154595271649 12.1778457160783
"etap[106]" -0.0419310045208655 5.94953109689254 0.0280463585566197 0.042758118855301 -12.1371587378746 -3.35539152549662 -0.0266006319320973 3.33901205395949 12.0181442294301
"etap[107]" 0.0123672811565835 5.85269402686433 0.0275898642307051 0.0416779983820025 -11.8643535225741 -3.33330399409298 0.0359294807870124 3.32143083821374 11.9094692266546
"etap[108]" 0.0107913898265136 5.83040962026509 0.0274848145305649 0.0406693521933241 -11.7036554422194 -3.35624380184957 0.011073288396688 3.32710321959395 11.8806591965942
"etap[109]" -0.0254075736031007 5.89669544885695 0.0277972889231907 0.0399236512230821 -12.198427899047 -3.39441361631528 -0.0330157112815669 3.34807740683063 11.7989248406053
"etap[110]" 0.0316900295766439 5.90384467209519 0.0278309906847372 0.0416337525075767 -11.7907314590638 -3.33336749374622 0.00723312515311118 3.39662090844386 12.02231175649
"etap[111]" -0.0574520641254085 5.90276379263203 0.0278258953700835 0.0406509917110282 -12.0751619808342 -3.43657042968637 -0.0126055625885145 3.37263796513322 11.7287418276407
"etap[112]" 0.0739540439797046 5.92747515719061 0.0279423858597619 0.0432071709845378 -12.0198898510711 -3.342608916169 0.0818796965651679 3.42123027159849 12.1606026340148
"etap[113]" -0.0486418019406904 5.90762997322811 0.0278488347654033 0.0401625512444892 -12.1095151561733 -3.39914403868838 -0.0757283930408178 3.27060977580275 12.1265959721054
"etap[114]" -0.0689469884464889 5.94679845571299 0.0280334767625623 0.0444535941640314 -12.303252080639 -3.40452183300112 -0.0443535196412831 3.28704234861424 11.9063186596662
"etap[115]" 0.0857404905911728 5.88498710901331 0.0277420952798582 0.0418524275213717 -11.8006082467477 -3.29377639142539 0.0507159847993705 3.40102332148015 12.1716214056835
"etap[116]" 0.0262561424161185 5.91138567451366 0.0278665393110508 0.0416033865423708 -11.9223651144671 -3.35328001333247 0.0114384410880604 3.38980819226995 11.947720458162
"etap[117]" -0.0774275271198957 5.89026888175817 0.0277669937953554 0.0423636199268034 -12.3261611733503 -3.32361897861963 -0.00666309643853355 3.29006093134025 11.6954231607217
"etap[118]" 0.0322974049178409 5.92837958287244 0.0279466493633132 0.0447539345309034 -12.1094512317016 -3.31739019362557 0.0109800984501239 3.37587740613593 12.0900036801396
"etap[119]" -0.0492816748535544 5.91318445765293 0.0278750188560885 0.0422975363461941 -12.1761049047913 -3.35179520883062 -0.0311525842259162 3.30031048833533 11.852437699161
"etap[120]" 0.0162538288920736 5.90252332729488 0.0278247618056133 0.0399594251216928 -11.9394898049597 -3.32025033090121 -0.0500092831920269 3.31016850583585 12.1047519230088
"etap[121]" -0.0295683012387135 5.95202287799996 0.0280581049254083 0.0470224598728857 -12.154220178333 -3.37679846089617 -0.0299530322602728 3.35000079023045 11.8904700721687
"etap[122]" -0.0129707760615309 5.91814239047738 0.0278983907755608 0.0419595262819445 -12.0286038256768 -3.34386664500674 -0.0138985347749292 3.29636922064651 12.0606728514746
"etap[123]" -0.0767803976179429 5.86114436506422 0.0276296995070015 0.0411502998311924 -12.0770075947631 -3.40973326487419 -0.0575253099620361 3.25973863423156 11.7696154767515
"etap[124]" 0.129348500454907 5.84069014106753 0.0275332773703884 0.0396173938075497 -11.5779532651929 -3.20562952504711 0.103807533949947 3.39977730657633 12.3186007600265
"etap[125]" 0.0322750042761625 5.83449558495958 0.0275040759528526 0.0398850472471949 -11.8927090792645 -3.30596056687582 0.0262299212553518 3.34754280766933 11.9103042682847
"etap[126]" 0.00578099398709984 5.91547990337549 0.027885839690997 0.0409328879683161 -11.8912249292358 -3.32564101864241 0.00827565368299193 3.31938669416245 12.0271282076245
"etap[127]" 0.0864470052682214 5.88622249859104 0.027747918962177 0.0433977321515184 -11.8205740715485 -3.25854642690099 0.0580550229526116 3.38710876211837 12.0894421521889
"etap[128]" -0.0885654757866523 5.84397357159289 0.027548755610322 0.0408032818827439 -12.0096641608907 -3.43117325341062 -0.0273219811620808 3.29191908235782 11.6315823008712
"etap[129]" -0.092520468377075 5.85305710657371 0.0275915758048692 0.0400283505153535 -12.1618678628424 -3.37790621351596 -0.0513750535489606 3.27053638472255 11.8042656889508
"etap[130]" 0.116013444064611 5.9019958485596 0.0278222752470089 0.0424205089022721 -11.7198633152607 -3.2669598655821 0.0416032645670526 3.47053614572423 12.178327753717
"etap[131]" -0.00664506331091002 5.82805782307202 0.0274737280522769 0.041816203449073 -11.9022663394322 -3.35968651727702 -0.0228119913650796 3.3366648897043 11.949028357837
"etap[132]" -0.0168407210862159 5.96413129903126 0.0281151845695462 0.0417652439504834 -12.1298266543658 -3.3901145642821 -0.0208993660529165 3.35738028151286 12.1289495446121
"etap[133]" -0.0297812985875571 5.94743902993631 0.02803649645841 0.0436191226446089 -12.2916592953159 -3.36132206175593 -0.0267517782906862 3.33639437249164 12.1196626081573
"etap[134]" 0.0303173210618182 5.89529006100395 0.027790663861317 0.0410082168340307 -11.759899128122 -3.39560706156877 -0.0098447789539156 3.39345168866136 12.1755095740223
"etap[135]" -0.0209520104449511 5.83169461466121 0.0274908720522401 0.0439435901596972 -11.777845245868 -3.4109452234062 -0.00222955491705073 3.27270400595498 11.9733239043196
"etap[136]" 0.0520104772094447 5.8190856966571 0.0274314330427459 0.0402793114017755 -11.7411479371786 -3.26892845952934 0.0535844382605974 3.37263168196927 12.0100022860755
"etap[137]" -0.0079040068915694 5.9234725086353 0.0279235171935208 0.0428403731510087 -12.1516986195247 -3.39908409987229 -0.0323906594129325 3.38891392283219 11.9844632237469
"etap[138]" 0.00920565374307651 5.89007447262728 0.0277660773419235 0.0430611417686938 -11.8984924927589 -3.3184742759808 0.0112824521525239 3.33655284172145 11.880587550146
"etap[139]" -0.00952006488079496 5.95272364564346 0.02806140837576 0.0391218298206546 -12.0216552679948 -3.39849376579209 -0.00628420096187904 3.34694695662303 12.0892741110332
"etap[140]" -0.0237926136647317 5.86223258330245 0.0276348294169726 0.0402107224335813 -11.8334689201825 -3.37336884284051 -0.0106933417826893 3.32410997780728 11.8670973566993
"etap[141]" 0.031907429597183 5.79387649123916 0.0273125957087502 0.0403265082459214 -11.8843272725532 -3.25789629986269 0.0515974961177171 3.36182153450013 11.769264937386
"etap[142]" -0.0378637456580374 5.76775967104684 0.0271894798376768 0.0380821868201672 -11.7719218850871 -3.29773135871725 -0.0366914447605147 3.28003038382037 11.5328709855568
"etap[143]" 0.0212292501657142 5.81121471909598 0.0273943288986923 0.040054326008241 -11.9135028678485 -3.29059210140706 0.017085988971369 3.34975266894612 11.700839731094
"etap[144]" 0.0515252950821191 5.83634654021337 0.0275128014395968 0.0410267000519104 -11.9001660422681 -3.3007654171804 0.0402019684747569 3.38022698777218 11.9122944578797
"etap[145]" 0.0262641082119441 5.85572858104683 0.0276041692563073 0.0392268859939292 -11.9436572185986 -3.35238276354374 0.00633358746767736 3.40342297995436 12.0994311361656
"etap[146]" 0.0186637184111466 5.97780141798638 0.0281796261282982 0.0431605836565212 -12.1159453664628 -3.33473972631434 0.0205147113169079 3.41425812732507 12.3432076555245
"etap[147]" -0.0102816434991724 5.85932915851464 0.0276211425412651 0.040736798603223 -11.9944653459151 -3.33384261976674 0.0100260759896821 3.32905648090271 12.0165347769554
"etap[148]" 0.0268063089197045 5.90441658380476 0.027833686702391 0.0455707409137473 -11.7549818898212 -3.35800639475235 -0.0033646129329738 3.34020258292745 12.1697934598568
"etap[149]" 0.0286483754014369 5.87072809845754 0.0276748776594782 0.0420657864638914 -11.995712256738 -3.32703054152435 0.04528313479545 3.34976089246039 12.0050409939903
"etap[150]" 0.00251287170656812 5.86048526813741 0.0276265924942922 0.040674322662946 -11.9513564247586 -3.31794853659541 0.0161799821468572 3.33853321776387 11.9204371649854
"etap[151]" 0.0500547220921616 5.82945244415057 0.0274803023590891 0.038878879804797 -11.6625265023962 -3.2371798425111 0.00950142283574929 3.38159009282111 12.0052942716105
"etap[152]" -0.0254185721421855 5.88880791067487 0.0277601067116212 0.0450076814573561 -12.0423496445498 -3.35463019067184 -0.0316511432214837 3.30796491710282 11.9057984008027
"etap[153]" -0.0113460339986277 5.95636822818354 0.0280785891026179 0.0465533051681114 -12.1573040940447 -3.38417410929556 -0.0311561679401251 3.36693785793486 12.1930186606239
"etap[154]" 0.0637475749997656 5.90566873547737 0.0278395894019829 0.0411914909657957 -11.9712918663351 -3.3353297322938 0.0335742305262341 3.42815603975939 12.1217834368466
"etap[155]" -0.0533310863334065 5.94630309784682 0.0280311416231871 0.0417904160021583 -12.2667536685016 -3.39075300306339 -0.0533690989772666 3.29360298026231 12.1049865098178
"etap[156]" 0.0419822073715294 5.92381087260101 0.0279251122565518 0.0408455071897719 -12.0846481885818 -3.29896600215778 0.0119404724588957 3.414866487873 12.0712676769397
"etap[157]" -0.0561914714832214 5.76441298634861 0.0271737034147127 0.0393739857564997 -11.7161626846799 -3.36510580237117 -0.0398587666630711 3.27892996866426 11.6209475750775
"etap[158]" 0.00621061458323334 5.81817499931854 0.0274271399743212 0.0392263131972134 -11.7326295538939 -3.33457332905219 -0.0170313332249838 3.32639699838097 11.9706171872163
"etap[159]" -0.0416346578594856 5.7584489276531 0.0271455885723994 0.0387219263854065 -11.7262816514306 -3.3142489755936 0.00128758957073141 3.32105001839891 11.5064880951364
"etap[160]" 0.0361806405320849 5.88553882301031 0.0277446960845819 0.0414709532122879 -12.0598361222505 -3.28618504244889 0.0655151555919823 3.38284469196775 11.9354107207649
"etap[161]" -0.0907943742032285 5.9696673960608 0.0281412819812189 0.0406863760241984 -12.1160164099821 -3.46632541066372 -0.0937174458592267 3.29493734235217 11.942325428802
"etap[162]" -0.01026670310538 5.82141446659554 0.0274424109695145 0.0359544118456316 -11.7493823224194 -3.34621038926878 -0.0240648591311302 3.30524545913836 11.9442593096834
"etap[163]" -0.022636931452172 5.86981764119118 0.0276705857227647 0.0402036845588056 -12.1579917405444 -3.35858321867055 -0.0187777773503132 3.36441353323909 11.8150634076415
"etap[164]" 0.0200153215430955 5.89656967947987 0.0277966960406614 0.0399606642520573 -12.1677343094318 -3.29415587796114 0.0705675379187963 3.35377848756057 11.9686455755827
"etap[165]" -0.000645004122742457 5.9533141870273 0.0280641922145406 0.0423877521563196 -12.1183515066731 -3.38885798149038 -0.0127325387940725 3.35720211041497 12.1382047413113
"etap[166]" 0.0199433554992647 5.826390468944 0.0274658680695398 0.0413494614230976 -11.6908318917987 -3.30275846689125 0.0114932379994219 3.32176901159919 11.9595193993689
"etap[167]" 0.0548361241207318 5.94711490854315 0.0280349685355098 0.0502142863152358 -11.8460255257901 -3.31252636165986 0.0224706180343072 3.36838173748399 12.1129671616343
"etap[168]" 0.0357740833316135 5.90140051755925 0.0278194688297597 0.0420934783140019 -11.9157330538268 -3.309248148914 0.0627242016974579 3.39854766061854 12.0276029706891
"etap[169]" 0.0255920238808074 5.96049827990569 0.0280980583531471 0.0412934246838616 -12.1183882873622 -3.30706964797425 0.0344299518187965 3.39741142646413 12.1058557164999
"etap[170]" 0.00214203160948163 5.86056026212876 0.0276269460193577 0.0400295907287427 -12.0002516561835 -3.27071711488418 0.011136301400361 3.30844476470392 12.057097371542
"etap[171]" -0.0154442755800589 5.82519345545314 0.0274602252938294 0.0419833585001722 -12.0318323318655 -3.32894619222798 0.00879063304370429 3.27490662974473 11.9957931323156
"etap[172]" -0.029117701920343 5.88124357932231 0.0277244481116577 0.0403061210554576 -12.0820783422441 -3.38067113379225 0.00479036178630226 3.30969510181788 11.8612419860479
"etap[173]" -0.0343611731869662 5.98687777285012 0.0282224124754489 0.0448639678340379 -12.3000905415897 -3.32717102505818 0.029314283436811 3.34636954478116 11.9671838777221
"etap[174]" 0.0217570573465274 5.91298672989345 0.0278740867584915 0.0415048892291419 -11.8984338173073 -3.30740732193278 -0.032425956072231 3.36351230396698 12.0599805501457
"etap[175]" -0.113112672458029 5.85033937533439 0.0275787642969441 0.0412155046078558 -12.233469813978 -3.38032081688688 -0.0459461966296863 3.25977386376177 11.6430098984858
"etap[176]" -0.0123834835314876 5.95009030922538 0.0280489947088375 0.0538875849863636 -11.9180491308153 -3.36442095852203 -0.00475746057601145 3.34924300602974 11.9978873098675
"etap[177]" -0.0533775462578893 5.95689285251441 0.0280810622054308 0.0438454881137385 -12.2632218151253 -3.39616510634466 -0.0266419174067661 3.28561750662452 11.9374918959456
"etap[178]" -0.000092522905063745 5.88297352794322 0.027732603167664 0.0418580573404401 -11.8459251852365 -3.29821425295948 -0.0353298367865 3.31147226817647 12.0021390572242
"etap[179]" -0.0601874989470282 5.85699269635381 0.0276101283530124 0.0433737954890808 -12.0210602836625 -3.39034300353433 -0.0273111877454519 3.32129259979711 11.71955920291
"etap[180]" -0.0169436095621169 5.8206247176586 0.0274386880573229 0.0393764567560318 -11.9875579730983 -3.3399368224701 -0.00379258107871313 3.35210001205098 11.6821983701516
"etap[181]" -0.0360235841330731 5.84365630859126 0.0275472600181895 0.0408329956717549 -12.0191136492194 -3.3257729864947 -0.00991820034766886 3.29837658357195 11.6184729214872
"etap[182]" -0.0488318397835103 5.90111934042052 0.0278181433480162 0.0460465262909249 -12.0836406457038 -3.35100918923418 -0.0283546388906143 3.29826736430814 11.8450876178423
"etap[183]" -0.0186293492853238 5.90204778639225 0.0278225200843001 0.0423049329642733 -11.9881218063348 -3.39581944089908 0.0347032152997731 3.37050225063706 11.770500513666
"etap[184]" -0.0237973943949823 5.87835564554676 0.0277108342612823 0.0394315059704902 -11.9641790468277 -3.34576797729986 -0.0339095508812955 3.2754972254109 12.1232640173208
"etap[185]" 0.0151662560910087 5.91047164496451 0.0278622305344347 0.0420464868011242 -12.0281967733833 -3.37341426658814 0.0461605930726342 3.33888436175642 12.1132972303004
"etap[186]" -0.00212769428995997 5.87521168468636 0.0276960134876544 0.04266549520753 -11.9003705238919 -3.29030569507128 -0.0265858762832859 3.27535358161426 12.0261708716728
"etap[187]" -0.0429294174828334 5.98399141618508 0.0282088060596438 0.0400439188344292 -12.3259853143646 -3.37322666151589 -0.00123301091094305 3.34011384229438 12.0381236783455
"etap[188]" -0.00370936735877655 5.8908331210636 0.0277696536449492 0.0389576583322141 -12.0219158975154 -3.30977085530675 -0.0364741755455254 3.32622891636142 12.0793426065639
"etap[189]" -0.0176854996029267 5.84985236921353 0.0275764685280738 0.0392502713165299 -11.8890373963865 -3.35526860124854 -0.015982148683819 3.31801289696066 11.8429378140271
"etap[190]" 0.0693694420257008 5.86071119139603 0.0276276575067468 0.0417936539252842 -11.6516740740773 -3.26923323358627 0.0425613523080453 3.38564894007897 11.8412636407028
"etap[191]" 0.0687276746662489 5.86568565328624 0.0276511073449823 0.0405430186549347 -11.8268650143874 -3.28778162801985 0.0223652239607919 3.40408323864072 11.9891604953391
"etap[192]" 0.0274455212801031 5.89933536396098 0.0278097336023361 0.0446863978506133 -11.8736793552188 -3.30310720139259 0.0404994885411964 3.36480189684093 11.7019997120787
"etap[193]" -0.0926127523551751 5.87342619352811 0.0276875966016161 0.0413925641267957 -12.2985868821445 -3.3746936159013 0.00074467472390422 3.32054301780619 11.6357361652565
"etap[194]" -0.0684674483391359 5.83532128354476 0.0275079683333113 0.0420888177490676 -12.1580831117313 -3.366953386056 -0.0370243797000598 3.29950979467989 11.7209846503089
"etap[195]" 0.0502216688650947 5.91186472959022 0.0278687975983388 0.0409997023078311 -11.9385261747176 -3.30416042667995 0.0641307904440152 3.35208239021799 12.1041795136736
"etap[196]" -0.00111486784218416 5.84568329529892 0.0275568153251653 0.0416509692832126 -11.8433941083055 -3.3455038693518 -0.0180838089491515 3.34228722920898 11.8910856905051
"etap[197]" -0.0511376028803267 5.83682249028762 0.0275150450897635 0.0401806152136316 -12.0389631442851 -3.39581527693622 -0.00964419064390865 3.30462921631815 11.7449651686724
"etap[198]" 0.00611230822022612 5.87003577604508 0.0276716140203274 0.0387691492536523 -11.9417850835347 -3.31867843714214 -0.0144108972003446 3.32900701013349 11.9670484458958
"etap[199]" -0.0257118031476645 5.92266879659347 0.0279197284586214 0.0403685458124788 -11.9862382249813 -3.35905364526572 -0.0150134178640199 3.30423175946894 12.0883929118942
"etap[200]" -0.0490424464857276 5.94817756918347 0.028039977965809 0.0448670957181427 -12.1563931790796 -3.39440436719111 -0.0207184605016916 3.31374299699976 11.8975070169946
"etap[201]" 0.000976972410885075 5.90544244444041 0.0278385226558045 0.0432407992199199 -12.0523893901291 -3.38077409862891 0.0256439561112056 3.33082727244875 12.0326991065228
"etap[202]" -0.0124759440747277 5.87763174303959 0.0277074217521374 0.043004638887408 -11.80842284055 -3.36640267703691 -0.0178585294981473 3.30428434110294 11.8796482958026
"etap[203]" 0.0454607629997755 5.88046015706923 0.0277207550237397 0.0423619797350446 -12.0108069372494 -3.29852422992657 0.039504788410557 3.394033942277 12.0438704662588
"etap[204]" -0.0932771092411883 5.91112397043085 0.0278653056261734 0.0425439054843021 -12.0520950168563 -3.38971286755885 -0.074473323729134 3.26807831601676 11.9284775862425
"etap[205]" -0.0351484083566569 5.93523205481187 0.0279789522258216 0.0419222796568559 -12.1319373772059 -3.39280573481264 -0.0197315791277519 3.38191185946598 11.9467322587953
"etap[206]" -0.065677821899561 5.80954929942421 0.0273864780350695 0.039569493277966 -12.0260564306503 -3.32198028806845 -0.0453444412303096 3.2654505144713 11.6937209535148
"etap[207]" -0.0192761118456389 5.83295145259925 0.027496796843099 0.0403623254398521 -12.0334255616102 -3.33328481335348 -0.00761690342219791 3.36858496966228 11.6449064709306
"etap[208]" 0.0439879615155152 5.84898599978444 0.0275723844234184 0.040117415916913 -11.826329530343 -3.29899864329602 0.0249647038143651 3.41462137045225 11.9075665095109
"etap[209]" 0.0185111187759399 5.90092869151283 0.0278172446204466 0.042372447138726 -11.8098390691013 -3.35861594610449 -0.0266568026675524 3.35810003886727 12.1192317418669
"etap[210]" -0.0679026117807435 5.90406634055387 0.0278320356398726 0.0438812338556145 -12.1308235416321 -3.38733403910648 -0.0320030110592149 3.28417322222158 11.7824328534017
"etap[211]" 0.04490583816234 5.90445377392108 0.0278338620182807 0.0415918174610104 -12.0633936998616 -3.28829054626573 0.0287977810691718 3.40701877446446 11.9920774224597
"etap[212]" -0.059396401092761 5.88439088878121 0.0277392846707302 0.0403126922754091 -12.0602651836619 -3.37137273539574 -0.0211927133377618 3.29446294532342 11.8323744142538
"etap[213]" 0.000854610993748485 5.85105937083915 0.027582158388303 0.0419347389105769 -11.990119927999 -3.31283611314814 -0.0128923410975731 3.36405317590067 11.7530023086915
"etap[214]" 0.0473251037568425 5.94676044893771 0.0280332975969054 0.0434831200911598 -11.9968913632778 -3.28420637161963 0.0595406376235705 3.39172251878787 11.9886360055784
"etap[215]" -0.0205965553713483 5.90399668118538 0.0278317072624604 0.0423785673518552 -12.098294634611 -3.33409259897021 -0.0109756256699003 3.36460426389687 11.6890793827481
"etap[216]" -0.00452469309155898 5.91889931340453 0.0279019589444583 0.0411710169488861 -11.8684009730768 -3.35848730159541 -0.0440552458197139 3.34816709984256 11.9829661853653
"etap[217]" 0.0292328442081676 5.98368793055397 0.0282073754146587 0.0404297858337176 -11.8546355242316 -3.33085355319958 -0.045440198660803 3.32298009039498 12.2253831543004
"etap[218]" -0.0208276619485777 5.87254045806554 0.0276834212046033 0.0406766884465621 -11.8790298937007 -3.40212938998421 -0.0224654206289426 3.32775937680954 11.9504472128107
"etap[219]" -0.0752001507076754 5.86071109084958 0.0276276570327663 0.0399050255979389 -12.1754820762937 -3.40724989441426 -0.0708767149737857 3.29710766248595 11.6512870703923
"etap[220]" -0.0249097649579575 5.86938540935063 0.0276685481623281 0.0375195027282656 -11.9916605725004 -3.33794989526054 0.0154826670969214 3.34173504157801 11.9433043605792
"etap[221]" 0.0191359901031471 5.86760229221349 0.0276601424675326 0.0406008933410179 -11.7180911425726 -3.32958251368032 -0.00000153283549643045 3.34967263668431 11.7881767955842
"etap[222]" -0.0138667586747134 5.85097326311176 0.0275817524725834 0.0402415348330024 -11.8143251823529 -3.34227829106342 -0.0202352887718657 3.30951587715892 11.9202692531209
"etap[223]" -0.033818741483555 5.92043716773089 0.0279092084592759 0.0417844589059769 -12.2851963713387 -3.41504280254835 -0.00594262321775058 3.34619421530345 12.020555073492
"etap[224]" 0.0423270491200284 5.87889434785684 0.0277133737283256 0.0415842334661719 -11.8010999255254 -3.30741100833686 0.0299700457093084 3.34026201322338 12.053432795504
"etap[225]" 0.0137587334490726 5.86137916985218 0.027630806387387 0.0412833854402128 -11.9737166500935 -3.30869352328549 0.0176199298895825 3.33751707900246 11.9798758551081
"etap[226]" 0.065519639602907 5.85588023064452 0.0276048841393665 0.0413733224499995 -11.9963231077678 -3.24741495412227 0.0538984389149065 3.39225694725483 12.080909346281
"etap[227]" 0.0729764201736664 5.91778113335511 0.0278966877931547 0.0401470115474041 -11.9091912308322 -3.31210823065188 0.0577743384287739 3.44631993343145 12.2598263825447
"etap[228]" -0.0449191907421584 5.97960681295086 0.0281881368417789 0.0436254421297735 -12.3513740949451 -3.3938451222808 0.0125167124876865 3.35737920307034 11.9481767887718
"etap[229]" -0.0441325919667607 5.75054658240739 0.0271083365596626 0.0391071319478959 -11.6968216847784 -3.35159353574469 -0.055581572803776 3.28392165415855 11.6933052539374
"etap[230]" 0.0426085294713913 5.9354325991512 0.0279798976009034 0.0431618148541909 -11.983481663207 -3.25564756095093 0.0366189138055871 3.37240196438245 12.0875924243701
"etap[231]" 0.0885248148724206 6.0465621188011 0.0285037671804664 0.0432892649470876 -12.1329046467783 -3.31735886498834 0.0545198739277803 3.46904869271773 12.2838957145453
"etap[232]" -0.0198117599963044 6.04278000392232 0.0284859381199463 0.0449659895370191 -12.3827391455166 -3.34002888306717 -0.016039896080316 3.36896110204635 12.315570687163
"etap[233]" -0.0284944820140553 5.94055283165697 0.0280040346084106 0.0463951124034018 -12.2587924025366 -3.33629743105327 0.00186650516952714 3.31628716718434 11.9132864575164
"etap[234]" -0.0159484914532735 5.85634340099075 0.0276070675453176 0.0395030125971282 -11.9266410305537 -3.33917314259789 -0.0343364103580222 3.28698796356189 11.9401545228253
"etap[235]" -0.0592209053699012 5.97244370571282 0.0281543696304296 0.0449793834021945 -12.0262883865033 -3.44768941586988 -0.0551930426087697 3.30828266188002 12.0772585502424
"etap[236]" -0.0191742807082262 5.83072922704509 0.0274863211713745 0.0399078611992188 -11.8174006952435 -3.38537858946447 -0.0168598659936647 3.3669812646391 11.7587481290281
"etap[237]" -0.0438376774037373 5.86035743168728 0.027625989867487 0.0384990323302395 -11.8218142394909 -3.3884578746614 -0.106754062065598 3.29166039651179 12.1534799313614
"etap[238]" -0.0175744553045632 5.89402408291318 0.0277846959833649 0.041682178210883 -12.0456212767093 -3.35226588222526 -0.00750372612509143 3.29558100386706 12.046324739797
"etap[239]" -0.058257972317599 5.87156913913399 0.0276788423632487 0.0397292375087813 -11.9749536945263 -3.34297917894783 -0.0351026066602976 3.28811009213338 11.6871281793785
"etap[240]" -0.0692010437301676 5.93119877559342 0.0279599391652497 0.0419693201811595 -12.0740804941316 -3.34976162528189 -0.0512230982071669 3.27754896585932 11.9588331147722
"etap[241]" -0.0566852034887595 5.88594249550729 0.0277465990149818 0.039947571694498 -11.9497936904715 -3.41597590663298 -0.0375243553299112 3.25861523878296 11.8909237379526
"etap[242]" 0.0421617466936055 5.86798612054224 0.0276619518516264 0.0407617893183425 -12.142843759707 -3.33216355707263 0.0774686168911607 3.38827254253641 12.0247817443034
"etap[243]" 0.0849258748037642 5.94427799272729 0.0280215951861029 0.0431843909364044 -11.7908964793354 -3.30858138695737 0.0455680818551073 3.43101041294317 12.2571955180142
"etap[244]" -0.0109570005271024 5.89042643597578 0.0277677365130598 0.041685779901523 -12.066328914175 -3.4308221158023 -0.0335553679415159 3.37803039550001 11.9831767564728
"etap[245]" 0.0603606661848879 5.88328786255393 0.0277340849552293 0.0422405109035936 -11.8495838933537 -3.27699462711359 0.0453978646673766 3.39410366366635 12.0032743595169
"etap[246]" -0.00390068927230758 5.89027486438914 0.0277670219977482 0.041008201677737 -11.9888428179956 -3.35462406697053 0.0160702619946947 3.34157045064622 11.9189995817875
"etap[247]" -0.0285690662260923 5.89754565220421 0.0278012968202056 0.0426785674506902 -12.0478343321194 -3.37276980910682 -0.0266432839134758 3.34972095327112 11.9365821015962
"etap[248]" -0.0172322102464823 5.89425946471157 0.0277858055838036 0.042978935927362 -11.9333717824777 -3.39264961506183 -0.0585977234012605 3.35437616613209 11.9654040130285
"etap[249]" 0.0500257444115964 5.80346173680904 0.0273577809896955 0.0458640336864252 -11.5835050720909 -3.31640647857531 0.0208430083003639 3.37254012257963 11.7693570223798
"etap[250]" -0.0176312937235032 5.90429034933206 0.0278330916273799 0.0430211373620824 -12.0573573784066 -3.35941891577543 0.00737230800611852 3.38491223503147 11.7855763426935
"etap[251]" -0.0785093602418301 5.96302062693752 0.0281099488110852 0.0442315414523475 -12.3018891258201 -3.41920662007644 -0.0318405064904688 3.32510607082981 11.8465667194387
"etap[252]" 0.00985903283169747 5.90440904192627 0.0278336511496349 0.050097422134064 -11.8277295967209 -3.31002733857065 -0.028816045443191 3.29207179981586 11.8559308052251
"etap[253]" 0.00380001031833304 5.82459711913668 0.0274574141374745 0.0408610398536634 -11.8121604395215 -3.33029755816756 0.00719869981139201 3.32521060624758 11.8252162899579
"etap[254]" -0.0412348342990509 5.87396857483405 0.0276901534116122 0.045590927964052 -11.8249712356082 -3.35376694304061 0.0110270952355019 3.29833826019764 11.6817580099314
"etap[255]" 0.00889094989102842 5.89715925252457 0.0277994753146475 0.0424146551474237 -11.9286000853763 -3.3316051997181 0.00422681423895109 3.3581083955018 12.0531792441598
"etap[256]" -0.00629250119284571 5.85294515725208 0.027591048070706 0.0423686637007604 -11.9832252127406 -3.28057080993173 0.0148868209007209 3.29062112156475 11.9468006576275
"etap[257]" 0.044372652052071 5.88355382951586 0.0277353387355117 0.0428020542093939 -11.7308099417247 -3.35332247168756 0.046156088150692 3.43508393534365 12.0472082299959
"etap[258]" 0.0109387563980977 5.90498468769973 0.0278363647698347 0.0407955919362678 -11.9777191232796 -3.32267108436425 -0.00808023388360259 3.27643658085074 12.1769254401136
"etap[259]" -0.025520926288673 5.88609048445724 0.0277472966415822 0.04316784173478 -12.0282057902236 -3.36666269643823 -0.0566355521452306 3.26347165675777 11.8973697005943
"etap[260]" -0.0587057873856075 5.87591144063253 0.0276993121688192 0.0400774834635613 -12.1127071644574 -3.39098181361194 -0.0320627168256222 3.28809827989714 11.6372752850776
"etap[261]" 0.0546421882005868 5.90237801760799 0.0278240768091802 0.0444224252285763 -11.6733951695098 -3.3040512557794 0.0278396078227545 3.38512315020031 12.09209671694
"etap[262]" -0.03258153179941 5.85772233545095 0.0276135679047018 0.0412333360490679 -12.068740258774 -3.32870200504883 -0.0436918974177827 3.33199783893802 11.851630805413
"etap[263]" -0.0269915734516397 6.04183515941831 0.0284814840802399 0.0452149574368539 -12.2211113710594 -3.37605213983878 -0.0391576738633117 3.34862269894381 12.2070356268939
"etap[264]" -0.0682736418140052 5.96381928005385 0.028113713697981 0.0478193023650673 -12.4724889344775 -3.34768802985202 -0.0179565597129509 3.29262907583512 11.848336077203
"etap[265]" -0.00735282841588207 5.84899470714786 0.0275724254703232 0.0420507786838936 -11.8417965219425 -3.37233892340479 -0.00629813934705743 3.27755478468722 11.9920310703852
"etap[266]" 0.0513124661753697 5.88568116933355 0.0277453671115848 0.0406175793021202 -11.9045217846753 -3.31621155579728 0.0219624268998301 3.40709697165119 11.9207778766447
"etap[267]" -0.0140220060874894 5.86444852015577 0.0276452754434771 0.0425062369592005 -11.9953098584804 -3.33567807708127 0.00287037075154325 3.33182371056775 11.8520102225243
"etap[268]" -0.0368842821636894 5.83274755720509 0.0274958356709933 0.0408404215403151 -11.9244998433122 -3.38125582916559 -0.0310256454188126 3.30696785209471 11.7307339096544
"etap[269]" 0.0682984054789487 5.8791211026815 0.0277144426608201 0.0435601545684187 -11.7461174070166 -3.2713894519688 0.049131955087866 3.36634144365716 12.008826986952
"etap[270]" -0.0531963904593222 5.90358035864404 0.0278297446991794 0.0401562008926582 -11.9052872473118 -3.37221921308819 -0.00482175244114846 3.28204123288601 11.7547609322933
"etap[271]" 0.0396464199381931 5.82301075973337 0.0274499359675313 0.0393075053547722 -11.7300131943205 -3.26865296767125 0.068579829476323 3.35068006392988 11.7698604304182
"etap[272]" 0.0507591391782227 5.85094166878397 0.0275816035354939 0.0398941024952789 -12.0144371055799 -3.29389160533828 0.0286381284522951 3.36897174877979 12.023523569389
"etap[273]" -0.0554521941629276 5.95178200198624 0.0280569694249901 0.0449290456262894 -12.1794194285592 -3.37804640699675 -0.0290309204401826 3.31120867751584 11.9482508817781
"etap[274]" -0.00359174364988356 5.83308267246492 0.027497415419478 0.0421412796032991 -11.7094744145844 -3.35563213950669 -0.0516392925754527 3.31597158416543 11.9389565316032
"etap[275]" -0.0947676425161492 5.94435103418055 0.0280219395068156 0.0459745942323453 -12.1728328129447 -3.4685124298816 -0.0830474873276364 3.27412238305085 11.9353247312916
"mean.p0" -0.732368039270336 0.25314082212328 0.00119331727945672 0.00553917706577614 -1.25760109848354 -0.888130319384237 -0.727490995416049 -0.565583768442161 -0.251886384429804
"mumup0" 0.977529866593054 0.0183717712186075 0.0000866053600739013 0.000296310735969241 0.932045687994574 0.968221172432509 0.982075971527771 0.991444516091977 0.998866908019698
"mupsi" 9.16513603480202 1.38880474245508 0.00654688834089348 0.00927450921255747 6.60066182905112 8.19941124870953 9.11670516529043 10.086752536182 12.0080585723036
"ppo[1]" 0.422528941567419 0.122124405571476 0.000575699968853115 0.00278867380096671 0.241557932536469 0.333997782358011 0.397345193830239 0.491416228555106 0.715557035527666
"ppo[2]" 0.291937358595998 0.0916742665724542 0.000432156637024571 0.00175764826697992 0.103145106597401 0.232049371354501 0.297825490689201 0.352631453726766 0.467898985502162
"ppo[3]" 0.290115845589262 0.0916014486934836 0.000431813370251159 0.0017577715737772 0.100371678773303 0.23036703415188 0.296036657461705 0.35062318102889 0.464294932032122
"ppo[4]" 0.322298374824397 0.0906109737561204 0.000427144226619127 0.00125225102487167 0.145802155314217 0.264655662850248 0.320630468718678 0.375868408040209 0.517477744379655
"ppo[5]" 0.321886301776602 0.0899798210470551 0.000424168944215498 0.00123037260149021 0.147014755695199 0.264304104214012 0.320561433128321 0.376040337996594 0.513306959100956
"ppo[6]" 0.388154632894278 0.107358109278683 0.000506090980575487 0.00194213578266312 0.217984256155649 0.314903233907541 0.370266123568544 0.444872582743098 0.648573326812735
"ppo[7]" 0.353876466330879 0.0952045183613209 0.000448798403552595 0.00123665629621248 0.186228480964776 0.292648679684025 0.34420236113015 0.404902512713509 0.575263060299793
"ppo[8]" 0.268193962137812 0.10132611643231 0.000477655893603891 0.0024064272243229 0.0655957186561834 0.199989636498357 0.275834315641717 0.336241356594842 0.456508322245393
"ppo[9]" 0.322801673541236 0.0910460262216325 0.000429195083609364 0.00122074407381385 0.145547145334632 0.265536673118257 0.320860591490195 0.376346161851333 0.51956160843115
"ppo[10]" 0.35524940381963 0.0963733643688112 0.000454308396472989 0.00131291681036931 0.186011674084654 0.293197996243036 0.345708964023055 0.406705727924709 0.580975431100964
"ppo[11]" 0.291141228152385 0.0913767018680526 0.000430753903555743 0.00179388573849913 0.10290419482512 0.232823145334479 0.296672388070054 0.350401257419232 0.468318730294644
"ppo[12]" 0.354599246898309 0.0972546655185578 0.000458462889934678 0.00120876816484962 0.183728245660965 0.292679797463946 0.345099661238416 0.406716944504418 0.58230618007679
"ppo[13]" 0.319907941238016 0.0900146997742679 0.000424333364112373 0.00127214064191719 0.141862576916952 0.263450431462772 0.319374178780264 0.374443702321954 0.508930653061882
"ppo[14]" 0.322369349842078 0.0906099198187276 0.000427139258310611 0.00114339585579877 0.144640471972098 0.265484073965081 0.320891926257386 0.37668152757437 0.513896555378315
"ppo[15]" 0.354378744244328 0.0960637530954639 0.000452848874933551 0.00134520767531089 0.185464473729163 0.293255327487326 0.344906649025703 0.405957614816812 0.577021613882882
"ppo[16]" 0.353343821417019 0.0951394284175007 0.000448491566614846 0.00127523163987315 0.184784159686142 0.292286914635974 0.344655376471219 0.404620463415436 0.572648162907844
"psi0" 0.9997479958497 0.000459138516372938 0.0000021643997228749 0.000003051595865096 0.998642377617048 0.99972526018159 0.999890196150887 0.999958374356989 0.999993905139396
"sdeps" 0.440086352640479 0.301078047216113 0.00141929552568612 0.0102776378348644 0.0289790690602553 0.204089484991882 0.389741943804094 0.617287397260861 1.1517008998651
