"Mean" "SD" "Naive SE" "Time-series SE" "2.5%" "25%" "50%" "75%" "97.5%"
"N" 10.8656222222222 1.18420925261761 0.00558241595246509 0.0229313144782413 10 10 10 11 14
"betapsi[1]" 0.292383658724908 2.53455469150459 0.0119480053976738 0.0212386762793611 -4.6062875646795 -1.04174583695386 0.0599470350780663 1.41498706020912 6.24943523230701
"betapsi[2]" -0.53184057302358 3.11602631437766 0.0146890889150145 0.0423163566062302 -7.72288853142354 -1.91200822250177 -0.15557236960178 0.991467078718354 5.67417630326652
"betapsi[3]" 0.315297860597312 2.56287285866957 0.0120814985178947 0.0215850105625314 -4.5577679625093 -1.02697023332718 0.074380384683149 1.43005210723882 6.37219545169444
"betapsi[4]" 0.346321348342981 2.51637081281032 0.0118622857714539 0.0207455599287256 -4.44982346985221 -0.98408772628496 0.0947768934283194 1.46948273208623 6.29842676020291
"betapsi[5]" 0.316671280902685 2.53601060149942 0.0119548686232081 0.0231708491797339 -4.55338753577163 -0.996043605903465 0.0695020312160786 1.43965877426936 6.29140265905904
"betapsi[6]" 0.326528661315228 2.50647131691898 0.0118156191002866 0.020758028707923 -4.42131883967308 -0.99093181675463 0.0738176704633796 1.43635260427479 6.3256199019602
"betapsi[7]" -0.458254204493984 3.07670375188346 0.0145037205777259 0.0379032418485593 -7.58139009897077 -1.79718843557313 -0.125258486060746 1.02413540558116 5.70219238435623
"betapsi[8]" -0.495940821284723 3.1033324403379 0.0146292494189275 0.0417929001033109 -7.60071440655686 -1.89811465397073 -0.147273581741098 1.0105638725113 5.77088285309899
"betapsi[9]" 0.338471668511151 2.52726650276774 0.0119136485464845 0.020960545457935 -4.46865313516536 -0.979634631154739 0.0924116336623602 1.46664356984253 6.31002341210404
"betapsi[10]" 0.355194259249999 2.53230522701411 0.0119374013203721 0.022907399534843 -4.36293909539816 -0.968948862944032 0.0907403896081459 1.46873015337073 6.38033639561485
"betapsi[11]" 0.355308191582602 2.55669636941799 0.0120523822683366 0.0224559355847412 -4.50327227882464 -0.997621716240426 0.0992348075795364 1.49509044350444 6.42794183036048
"betapsi[12]" -0.550259113002777 3.14628976536847 0.0148317521911325 0.0439565464268799 -7.95051647264468 -1.8976149191654 -0.14298629027667 0.996914101843189 5.59992387120844
"betapsi[13]" 0.321362553422271 2.55512032997338 0.0120449527471452 0.0208816344791597 -4.55387804372072 -1.00329779126908 0.0750852748118218 1.46839629427083 6.41542520455825
"betapsi[14]" 0.368092292172461 2.54654613772552 0.0120045336172675 0.0249496567802646 -4.40687642725184 -0.972179591696798 0.0905829758320804 1.47629070005406 6.4879468702005
"betapsi[15]" 0.321100082882884 2.53698274956441 0.0119594513731352 0.022654232696802 -4.52853524926539 -1.03118533402948 0.0678004900574681 1.47917932831523 6.2752765769106
"betapsi[16]" -0.531107318801047 3.11540480646802 0.0146861590986313 0.0391684030413261 -7.76518169725938 -1.85794404737655 -0.137279264345361 0.975792657022513 5.54718326458986
"etap[1]" -0.0866995246185502 4.01650714169866 0.0189339962438621 0.0730499276600971 -7.77443218207773 -1.82463939639782 -0.0830515113521614 1.72433245801559 7.66668545848362
"etap[2]" -0.590305279792772 8.30970271797645 0.0391723142768362 0.535473326392667 -15.9923406820916 -4.82632610238525 -1.12643112798914 3.48571305484352 15.8718352210107
"etap[3]" -0.568111624632148 8.39971874251963 0.0395966538859691 0.570709056012293 -15.5286136719669 -4.85361440441628 -1.14415679108334 3.53193154266149 16.4509351285916
"etap[4]" -0.013886680613651 3.76201343946596 0.0177343014264087 0.0592704880335007 -7.36800043846541 -1.7961938100279 -0.0560438051582701 1.71457765792506 7.46554774654869
"etap[5]" 0.341860161752437 5.8952032304487 0.0277902545381541 0.295635568264209 -11.5682705229324 -2.34853554545453 0.762480828046087 3.37087037825905 10.6375741995809
"etap[6]" 0.592549557464903 7.95107917467261 0.0374817466810809 0.516687763088901 -16.2490789641237 -3.82936153926016 1.78556561249995 5.10741912784172 14.3468168973839
"etap[7]" -0.4723928768088 8.33353173107055 0.0392846453218217 0.518009680372665 -15.3334812296134 -4.79620456513457 -1.16414312235435 3.511602289857 16.498412041469
"etap[8]" -0.580668849708516 8.01550351883638 0.0377854459519589 0.501248731642937 -16.0118344435378 -4.74316383185209 -1.10894970300289 3.50174513048818 15.7202222336404
"etap[9]" -0.617144159421037 8.23347928743727 0.0388129935793725 0.519429120606507 -15.850454214487 -4.77680583427881 -1.12922290514354 3.51703749883681 15.641364249604
"etap[10]" 0.247410629466192 4.11815097376948 0.0194131498633492 0.118790903480139 -8.22786526978805 -1.6073757630259 0.285181266905216 2.17606808043235 8.40301636201708
"etap[11]" 0.240037099282008 9.338211287793 0.0440207501716746 0.279520524338005 -18.6180325198794 -4.85223371974849 0.737185905824251 5.5268519255066 17.2817322256713
"etap[12]" 0.108011830413316 8.14874436173681 0.0384135493089316 0.171440332209867 -15.8969939069325 -3.97933626369835 0.293138041798488 4.41982186171252 15.6834220209047
"etap[13]" -0.0392466425474256 8.12403391242406 0.0382970631337635 0.131270410536236 -14.9250831890366 -3.82991283469295 0.0669214627207399 3.89495051002278 15.3730052144458
"etap[14]" -0.052900271654362 7.66171159940154 0.0361176548495497 0.105514499160628 -15.155979988865 -3.70570163565671 -0.0048748268849063 3.71743425061547 14.5210269524003
"etap[15]" 0.0760448092225342 7.95884412406525 0.037518351003555 0.131435113996073 -14.4997421385932 -3.684768819198 0.0334643473256205 3.68542535278923 15.0069044916757
"etap[16]" 0.0171121840357641 7.60611342289907 0.0358555625320397 0.0886503241061368 -14.2655937434537 -3.60744380535444 -0.0128228627917423 3.62172269504733 14.4579679184075
"etap[17]" 0.0985522518894606 7.45131007325711 0.0351258125434916 0.0680887526985307 -14.055928104953 -3.57601237769145 0.0443715099811035 3.61134208556478 14.9074235040485
"etap[18]" -0.0479248439660496 7.78405548022476 0.0366943894346616 0.0891759175389594 -14.7502624572503 -3.62353145398323 -0.00214633619892746 3.63661499573215 14.4141430876936
"etap[19]" 0.0732932516749372 7.47166984454932 0.0352217894257858 0.0635083584364494 -14.4024668705292 -3.63327950637774 0.00170585269252739 3.68579684181878 14.8388605441464
"etap[20]" -0.0616272304118404 7.30936138040392 0.0344566599881779 0.0659844715127588 -14.6694125061507 -3.60961114977654 -0.0213922885626471 3.58321482064688 14.2179939892516
"etap[21]" -0.0120293217142473 7.4346203017589 0.0350471362061393 0.0753222502028922 -14.3938821348028 -3.65126732312584 -0.0367762987448165 3.62033558242273 14.4872530774386
"etap[22]" 0.0349900905136602 7.56788381770233 0.0356753464448617 0.0647938722392276 -14.5993358551394 -3.6809946228079 -0.0131817128527333 3.64442317146495 14.777878890558
"etap[23]" -0.123963301728906 7.69514151120633 0.036275244965094 0.0956845267969002 -15.3799756493227 -3.68780735041716 -0.0435155415007952 3.60921610585802 14.496533405978
"etap[24]" -0.0989336093923653 7.66278610688449 0.0361227201264006 0.0729448030210142 -14.7941602454778 -3.64995552724893 -0.0179741398653224 3.58742846695098 14.5022560005889
"etap[25]" -0.00765316343619028 7.63090177901932 0.0359724159634203 0.076413999718078 -14.6214905551085 -3.61925888145925 0.0194084404192788 3.65110508977989 14.3003751218523
"etap[26]" -0.00161711198051232 7.37053109012063 0.0347450167651372 0.0696839215143187 -14.5193099159207 -3.63269569184049 0.0277349478581115 3.67044935042425 14.5376347713969
"etap[27]" 0.0364215469163319 7.57924061361799 0.0357288828942251 0.0766381556229892 -14.6265302964285 -3.60541599508692 -0.0042032834793584 3.63318499278466 14.6923072721166
"etap[28]" -0.133233452867415 7.77404765372083 0.0366472120880891 0.0910355611448902 -15.3918337402342 -3.66821320769725 -0.0342666026078594 3.64668254167342 14.2536862475442
"etap[29]" -0.0321605946541775 7.81583155605589 0.0368441832926595 0.0883377560989827 -14.9958262313897 -3.72041534706924 -0.021500295818489 3.61741345709609 15.1164427660366
"etap[30]" 0.0514007497852772 7.66039541542868 0.0361114502987997 0.0776192815620157 -14.5874546130819 -3.65772129697529 0.0114609896771198 3.64533573058225 14.6492895933819
"etap[31]" -0.0358104103914307 7.50282252810888 0.0353686445844332 0.0693719958037411 -14.3805892977741 -3.60932154042406 -0.00752337768003789 3.55263218943341 14.4688283672005
"etap[32]" -0.00982223025554895 7.50343289204081 0.0353715218676016 0.0722436559064259 -14.4960860741411 -3.62985177400912 0.00121157289063308 3.63905591984387 14.3793035717998
"etap[33]" 0.0475306730272378 7.55246201536399 0.0356026473714513 0.0639832716958409 -14.4523486303707 -3.62280477618608 0.0553025288487044 3.69031622451678 14.727187162629
"etap[34]" -0.185430428517932 7.78091000259628 0.0366795615109204 0.0809655118549635 -15.368391042234 -3.78521737055542 -0.12236660283505 3.51635685982109 14.3632044277567
"etap[35]" 0.249948470966735 7.74881518875618 0.0365282651075387 0.101997119615491 -14.0011033025927 -3.55886870902642 0.0903066470837426 3.72551417405154 15.2624332431557
"etap[36]" 0.10904187468061 7.42231732379557 0.0349891394118282 0.102604303445221 -14.1604139431908 -3.62341723985046 0.0357649907803982 3.75409915525992 14.600296093952
"etap[37]" -0.136449078573009 7.5295457811651 0.0354946192074427 0.100474397036917 -15.5181222989163 -3.71312430921998 -0.000526293415106101 3.65097697732711 14.0198864524452
"etap[38]" -0.0020480103482648 7.59428077119858 0.0357997828769942 0.0855814857799487 -14.3741027776868 -3.69316260702135 -0.0464945068462202 3.57593573927182 14.7417476997878
"etap[39]" 0.0281379820523925 7.6681823930483 0.0361481584633316 0.071383290700169 -14.6716935343172 -3.65659299311559 0.00246998726118344 3.68725348118429 14.5743038775057
"etap[40]" 0.00489470928495009 7.69950282772353 0.036295804408322 0.0830300605669001 -14.7249003577547 -3.63146893831861 0.0186517918553889 3.62087060426013 14.7648810522398
"etap[41]" 0.035627177995524 7.49927317900506 0.0353519127922992 0.0757583601998651 -14.215692913021 -3.55023992065319 0.0761323744492885 3.70665112119998 14.3824596829254
"etap[42]" 0.14495326759279 7.74467093246984 0.0365087288960518 0.0881586101302912 -14.0419917837738 -3.6565288800151 0.0814449444561997 3.69874085327249 15.2895201325595
"etap[43]" -0.0221542700346663 7.40833426509991 0.034923222640992 0.0770153063974384 -14.49649757071 -3.65679473584175 -0.00687958449553239 3.64693411377019 14.5001617690659
"etap[44]" 0.127664787889847 7.54643118384732 0.0355742177590404 0.0758541145025104 -14.2808525752256 -3.55941066647211 0.0714108184514495 3.72730719181751 15.0553621712675
"etap[45]" -0.133618401262328 7.44872644637697 0.0351136332095782 0.0844311091772346 -14.9823044487621 -3.70237145598069 -0.0496199245409712 3.60299923930487 14.2251360489349
"etap[46]" 0.0243843848398411 7.71345240678205 0.0363615633546352 0.0655087531470599 -14.9169856169284 -3.67848411659233 0.0066131880480673 3.62911562256466 14.9801517898404
"etap[47]" -0.0255600175649209 7.60722664660234 0.0358608103189034 0.0795461677924573 -14.992728583705 -3.61852333915596 0.00248211228734237 3.63312146851923 14.7465077718786
"etap[48]" -0.0672960551193774 7.8086298021702 0.0368102338992661 0.0980051695239506 -14.7674655247928 -3.74553903844543 -0.0614978053572021 3.57731396937716 14.4332964960547
"etap[49]" -0.0111373642108461 7.22855483610618 0.0340757342852633 0.0639099212902977 -14.2398285134042 -3.67030236267104 -0.0248411350139075 3.59365058052523 14.5774546680005
"etap[50]" -0.147738039444133 7.46938667776199 0.0352110264743331 0.0719994222692913 -15.2088572507315 -3.70150916010618 -0.0608544775862323 3.57076232665383 13.9734475604679
"etap[51]" 0.0149390163619144 7.63723317441217 0.0360022624475314 0.0747696837035978 -14.6267967061277 -3.69018483386833 -0.0339657065083742 3.60429972086338 14.8309163814069
"etap[52]" 0.124796790944935 7.33628460856497 0.0345835773028719 0.071103322555258 -14.0071580556302 -3.57366981653291 0.0471795286711688 3.68485972602167 14.9569766375646
"etap[53]" 0.0909362829466275 7.50474999316577 0.0353777307418481 0.0613850504605727 -14.5927037242328 -3.5803136458351 0.0359118810807151 3.72024316645599 14.9197209418884
"etap[54]" 0.121315008760038 7.6049157840938 0.0358499168085689 0.0749256866847044 -14.2947631067064 -3.57972616641757 0.0868554303963439 3.71547997984374 14.739602362007
"etap[55]" 0.0626362034335798 7.61849998438559 0.0359139533428577 0.0701621349858806 -14.7690471318763 -3.57482839218818 0.0951750940891133 3.73019615119589 14.5503174806988
"etap[56]" 0.0223621890428325 7.5720452175184 0.0356949634717229 0.0771594717805226 -14.8856091113781 -3.54684064148668 0.071027097982078 3.64596641960168 14.4943482058991
"etap[57]" -0.105544140910624 7.60509089993481 0.03585074231256 0.0806943727060735 -14.8844469395066 -3.67572591448108 -0.0172391765650544 3.59523446690177 14.0485464258316
"etap[58]" -0.0349527691547894 7.61159589469649 0.0358814071519438 0.0699346353117964 -14.8659586097948 -3.63731906844729 -0.0383017026675068 3.61129825431635 14.5710093993558
"etap[59]" 0.050881661027055 7.39924241894048 0.0348803632671731 0.0744995966310936 -14.0491820106399 -3.65415631970775 -0.0137836912405488 3.65592259782503 14.6534787208592
"etap[60]" -0.0280746409856055 7.39372302463932 0.0348543445929172 0.0719013163655454 -14.3891449142873 -3.61770555059921 -0.0093978300273564 3.59411345217919 14.5796721837344
"etap[61]" 0.00936680460770975 7.64417432492774 0.0360349833448567 0.0788922673549279 -14.5741610609541 -3.63742941574319 0.0170948432239609 3.66589417289859 14.5120492270862
"etap[62]" -0.0598769053445887 7.65807019235341 0.0361004890921044 0.0952029128676597 -14.8328672846462 -3.66891410773476 -0.0454748464371242 3.61365294611558 14.405369978398
"etap[63]" -0.0661488377045447 7.63899147375259 0.0360105511501112 0.0748150015586241 -14.8794658917294 -3.66246165878291 -0.0258604840038103 3.57618053341912 14.3706581487204
"etap[64]" 0.0859144818065222 7.95692114454231 0.03750928599115 0.113459903970457 -14.5925336525546 -3.66972492864446 0.0179945005023054 3.65785828177633 15.1449620074732
"etap[65]" 0.0518237468607298 7.39265650242143 0.0348493169589668 0.0775611729704414 -14.3273016969918 -3.62755490772754 0.00790747108601737 3.59368121747425 14.738341949414
"etap[66]" 0.0353949776146095 7.5222781109089 0.0354603590812988 0.0659144634975764 -14.6620431056928 -3.654020699583 0.0655837940429064 3.68798635921106 14.657970885635
"etap[67]" -0.03984981444214 7.57236957722346 0.0356964925180361 0.0817293567189284 -14.8335746231907 -3.65101091905998 0.0116485444373851 3.64312151988686 14.544381214946
"etap[68]" -0.0183169703468411 7.44670688434431 0.0351041129028561 0.0781249055644529 -14.5396272427275 -3.63006680613577 -0.0272425141584177 3.58711825052219 14.4334466668514
"etap[69]" 0.0242943518448103 7.53365848164993 0.0355140066634548 0.0708265228813602 -14.527719224949 -3.60887834348611 0.0564894997041489 3.63348775664111 14.5863371669853
"etap[70]" 0.0604698673859104 7.68430732762666 0.0362241721339086 0.0695652583051306 -14.7414046412288 -3.64057826796084 0.000578586711281404 3.64741955160492 14.9989580646319
"etap[71]" -0.0431032401718903 7.63423184063674 0.03598811402443 0.087148979490349 -15.0010798975193 -3.63601507754942 -0.000574999061270029 3.71658661679488 14.349016867172
"etap[72]" 0.134998358018303 7.55130491129917 0.0355971927305795 0.0758518121249813 -13.8895747664701 -3.61518637604851 -0.0192830401855454 3.68045177988579 15.1864918855527
"etap[73]" -0.148317393110128 7.57095231274562 0.035689811469216 0.0938780411214669 -15.1492043406142 -3.7022040849043 -0.0367066876179632 3.5993993223623 13.9640017757277
"etap[74]" 0.0613767077687607 7.63192175012255 0.0359772241533117 0.0639569207105502 -14.5325198539277 -3.57989210630856 0.0862733263422443 3.70822797127769 14.9377652355096
"etap[75]" 0.101613513029001 7.51292067090884 0.0354162476861082 0.0834253083923391 -14.4341012783912 -3.60003483277518 0.0434490697645819 3.67998118890862 15.1620750338245
"etap[76]" 0.0772067123885666 7.59318801969987 0.0357946315970282 0.0882653855477918 -14.6323204557338 -3.5523940768294 0.0341322615046037 3.68938927926137 14.8695106424133
"etap[77]" 0.0424583369094458 7.37701573215335 0.0347755856608365 0.0663706119889993 -14.326231100123 -3.5960877526545 0.0150290577445973 3.68283520093615 14.7182541304024
"etap[78]" 0.0559801286692935 7.53453370318022 0.0355181324973155 0.0606781576409812 -14.6522745112072 -3.62158700320038 0.00208657931863573 3.64292153573416 15.0857433121793
"etap[79]" -0.0274364311903418 7.54571505426097 0.0355708418917957 0.0813109874093056 -14.6167529379815 -3.65351210443254 -0.010888234393538 3.63887461198416 14.5654646851734
"etap[80]" -0.129758200166834 7.67999061861797 0.0362038229724922 0.0719076200401071 -14.8555742829576 -3.74308646459166 -0.0356692851603189 3.63065603814257 14.3094785380141
"etap[81]" -0.00485381728224374 7.55493557570359 0.0356143078467167 0.0759033581105623 -14.7563640024219 -3.66527268132384 0.0112543062858862 3.7094774225652 14.7715261929065
"etap[82]" 0.0305021906717221 7.77585548998474 0.0366557343099657 0.0990584075753274 -14.260166067895 -3.58416914679296 0.0584137311983522 3.71102861378956 14.2399413660362
"etap[83]" -0.00892594943940587 7.64624296505771 0.0360447350079483 0.0629243519129741 -14.66024256088 -3.7043719837614 -0.0143315269120004 3.61181118616704 14.4728153356867
"etap[84]" 0.084633607537316 7.52984265077533 0.0354960186642062 0.0683824638473777 -14.2602054810082 -3.62604908097267 -0.0189212739615024 3.61916530300184 14.8309441722198
"etap[85]" 0.00125154318951814 7.51192574405297 0.0354115575559311 0.0727723203058242 -14.5796073613593 -3.61418922620765 -0.00560181041299023 3.60548787164846 14.4875293276941
"etap[86]" 0.00412748386461389 7.54088618851619 0.0355480784003718 0.0769608504706456 -14.6053032386568 -3.68164061667975 -0.0315979800412615 3.64174623013171 14.6791023405274
"etap[87]" 0.0475305895958397 7.62868004878639 0.0359619426266625 0.0680550161022805 -14.404167522657 -3.63850047513181 -0.0446693557782925 3.65932669512242 14.521528298859
"etap[88]" 0.0919388168396776 7.41642670340559 0.0349613707610072 0.0846263930306497 -14.1545693340287 -3.59674970048284 0.0278194048630185 3.67514698278335 14.5123007295134
"etap[89]" 0.0614477903746617 7.775878346839 0.03665584205821 0.099981783243393 -14.7770532884477 -3.66278369253765 0.0288546733364526 3.65812224663035 14.9571690451917
"etap[90]" 0.071953195599433 7.61341389366145 0.0358899772812526 0.0815917079482195 -14.563560105039 -3.64061025365035 0.0130293126029872 3.66829418738895 15.0687571463519
"etap[91]" 0.0738768573214512 7.56611996625263 0.0356670315693878 0.09127146564381 -14.4446241505768 -3.51103746869393 0.0823162830461099 3.68682787540431 14.566887845902
"etap[92]" 0.129868877554694 7.42736325391416 0.0350129261545232 0.0893567565431138 -13.954292261704 -3.63808381408064 0.0219482656031213 3.63371776811967 15.018150588077
"etap[93]" -0.0715675314236192 7.48682393361802 0.0352932264867403 0.0792790373195378 -14.5569062127182 -3.65125405455423 0.0108022307615601 3.67350912661 14.1962732571218
"etap[94]" 0.00517749047276983 7.23124977234761 0.0340884383365378 0.0614158070032973 -14.2626278859917 -3.65915523654703 0.0171995644436933 3.63413692726051 14.3423699613948
"etap[95]" -0.0424535772443689 7.31416251134556 0.0344792927364858 0.0731343146557236 -14.5851675799878 -3.65697476171375 -0.0441233310645651 3.61218529204613 14.2723965861051
"etap[96]" 0.0347242981603282 7.40277892414645 0.0348970345125921 0.0688159675552808 -14.1227084282254 -3.63431661374874 -0.0250997786241242 3.62846851535346 14.6418509980855
"etap[97]" -0.00179306276010379 7.41336107021611 0.0349469192275612 0.0734509752454016 -14.6349142127454 -3.60885864965543 -0.0182242557310518 3.67275744953396 14.3623357624585
"etap[98]" -0.0672092958145775 7.44746438949011 0.0351076838163586 0.0721511745950644 -14.7945641259027 -3.72297404541275 -0.0319941006123317 3.65304321084733 14.2682372097205
"etap[99]" 0.10649334563399 7.564052002549 0.0356572830950005 0.073182489200737 -14.4376460097673 -3.64072801517688 0.0752985745005292 3.74295786483151 15.0612484382558
"etap[100]" 0.0258090628358933 7.46610343243848 0.0351955491074494 0.0741843641373564 -14.2984993269571 -3.6048266820061 0.0159776146234101 3.65058223765308 14.7724539158726
"etap[101]" -0.0114214341240936 7.5389254335346 0.035538835312747 0.075875587637504 -14.5628388148388 -3.63133223195341 0.00799393420110813 3.62378718899081 14.7740696752284
"etap[102]" 0.101098193527819 7.65776585838534 0.0360990544480206 0.0860832290918814 -14.4699733688042 -3.57495612839274 0.0347952717456227 3.66715126079302 15.0327436946154
"etap[103]" 0.0251579091068174 7.39365486534893 0.0348540232869409 0.0709401761802158 -14.0470159714168 -3.632427508465 -0.00255961610651938 3.62058631278387 14.6048881980343
"etap[104]" 0.00578106207364162 7.68901386532291 0.0362463589653814 0.0922647020133325 -14.8471627248274 -3.66088220462682 -0.00423056224055497 3.66906378019635 14.9628847903991
"etap[105]" -0.157139856586348 7.47827368021032 0.0352529202056373 0.0765756824269208 -14.8917408944632 -3.70014912543041 -0.0716799987845568 3.53984242439213 13.9891103362701
"etap[106]" -0.0508640710213244 7.6574897266436 0.0360977527505067 0.0780358891136289 -14.7137915045478 -3.62064340229243 -0.0203126669788242 3.61708828272319 14.2083497687527
"etap[107]" -0.177282153361887 7.50070735391896 0.0353586735576793 0.0737436830054819 -14.7875711252819 -3.77804001262723 -0.10768496329935 3.5245986146271 13.9859597025381
"etap[108]" -0.0233994245510455 7.95263315608302 0.0374890722197018 0.112996330528212 -14.6506637187213 -3.68021642637102 0.0142404960256165 3.69157552738554 14.6860829586802
"etap[109]" -0.0685985290062251 7.50020990425135 0.0353563285574576 0.0718967260134155 -14.7804115685612 -3.60185121838888 0.0456260005860483 3.56585311823298 14.0005756772231
"etap[110]" -0.0116423665080337 7.61361714468176 0.0358909354157509 0.075735949284079 -14.6618121563219 -3.66346898523576 0.010923437574851 3.63175579963988 14.7547989419385
"etap[111]" -0.0660827779943817 7.49291639871373 0.0353219466426291 0.0637413164992065 -14.7774348054046 -3.72018617983234 -0.0620408618987238 3.58499555651584 14.7191046168535
"etap[112]" -0.0741592785316963 7.64228706368402 0.0360260867100346 0.0792113848501763 -14.8333308698023 -3.66181752700802 0.0118898452650901 3.64687221920059 14.5491116772133
"etap[113]" -0.099968014786682 7.75584311917012 0.0365613950892281 0.0765112385903493 -15.6169412338601 -3.68581347395737 -0.0490033560065362 3.59748581979317 14.3926381584499
"etap[114]" 0.0213860038922392 7.88703920594453 0.0371798593733836 0.0721048088910123 -14.7051097878207 -3.58843990807283 0.0191332365448257 3.64428744439854 14.9086621854636
"etap[115]" -0.0857662986489524 7.69994487017705 0.0362978882164318 0.0952262973880366 -14.9711535377642 -3.59937599040924 0.0614893935059867 3.67125969137576 14.1593059311758
"etap[116]" 0.0436224594329753 7.32275151754064 0.0345197816999804 0.0720123792175379 -14.6437372082213 -3.57028969489239 0.0333808981162686 3.66634444589334 14.5320813595125
"etap[117]" -0.0203993861670652 7.66542709425683 0.0361351698602673 0.0776938461778507 -14.5427286821914 -3.69829871373574 -0.0318702065654334 3.61260641074633 14.3364049772012
"etap[118]" 0.11080622614473 7.89805331565272 0.0372317803844729 0.104664660128061 -14.8701799883681 -3.60972501857699 0.0424942301826642 3.71000924358317 15.1484538693326
"etap[119]" -0.034907757247395 7.41499545117547 0.0349546237732905 0.0635633980169677 -14.6538859458178 -3.6831963945315 -0.00317889531058006 3.62730966992386 14.4192710835533
"etap[120]" -0.0185537569075928 7.66215336055515 0.0361197373315989 0.0761052175088912 -14.6964923375453 -3.65109726938982 -0.0368355535347681 3.59620237968241 15.114501638765
"etap[121]" -0.0770625341715318 7.58652670771987 0.0357632298712105 0.0732106997065297 -14.6128996165749 -3.65702269963197 -0.0577531653148406 3.6297980165415 14.3277602174679
"etap[122]" -0.0401709852154251 7.5103123824819 0.0354039520965483 0.0795067835413213 -14.6627998514473 -3.68193870298641 -0.0530244899249941 3.55635957811551 14.5990768700625
"etap[123]" 0.0543786141613319 7.39495291652271 0.0348601423588563 0.0822615976878557 -14.4797304429936 -3.59302185479681 -0.000591205744865139 3.68464637509254 14.7942988195275
"etap[124]" 0.0164492820525549 7.6170050646841 0.0359069062238027 0.0732202578046712 -14.9161655068599 -3.63201968486341 0.0168790277876465 3.64982029040257 14.7029382514744
"etap[125]" 0.0781280996718509 7.56707708703031 0.0356715434800032 0.0818302598067667 -14.3960027086271 -3.56783373598556 0.0237740409144759 3.62775374312699 14.8709583797289
"etap[126]" -0.0592150371605266 7.49941465602374 0.0353525797213611 0.0790164493691804 -15.0668765869088 -3.66707348163701 -0.0410963685748548 3.6258688273733 14.3592072640558
"etap[127]" -0.031483043865951 7.55003266937222 0.0355911953246204 0.083393798794615 -14.7059907138037 -3.67409863680537 -0.0805887325090846 3.5404078432371 14.667413020536
"etap[128]" -0.0617356043235196 7.54157782616198 0.0355513388115016 0.0709997593998922 -14.6581991422355 -3.71991968894012 -0.037100292551081 3.5944602314196 14.5643897446778
"etap[129]" 0.0589314206243246 7.45662303526977 0.0351508580866071 0.0821177375717506 -14.3171898776203 -3.59103298504557 0.0115065376478602 3.62671350158481 14.3817865114965
"etap[130]" -0.0415730290349422 7.7959307724538 0.0367503700990864 0.0958863474909598 -14.9133815485363 -3.68010727457872 0.0000141159892144467 3.67445874431022 14.6000253347936
"etap[131]" -0.0648890207007817 7.51675941871025 0.0354343437167858 0.0710644774398384 -14.7125596069939 -3.72610072166588 -0.0384781129778405 3.58966584811393 14.4535319592768
"etap[132]" 0.0888023218176976 7.54379269726371 0.0355617798140048 0.0727159229874068 -14.2010502774209 -3.64173406245766 -0.00804978224661934 3.70853383470121 15.1078728342118
"etap[133]" 0.0428662465163039 7.45071490951492 0.0351230069147048 0.0699354419569185 -14.4515529752182 -3.63247556408899 -0.0116783908153465 3.59660198930961 14.6467080105677
"etap[134]" -0.00786929118590018 7.52297232670722 0.0354636316459561 0.0769516698226082 -14.389664150217 -3.64537248451266 0.00505690382155067 3.58528087570335 14.4213603369697
"etap[135]" -0.0441274598345824 7.30230500018805 0.034423395892836 0.0634070076493405 -14.3550838891303 -3.6971750191983 -0.0199666267729085 3.62723869671011 14.2497762234802
"etap[136]" 0.0444247546509344 7.69146655370587 0.0362579210492996 0.0787077380235268 -14.0070889748922 -3.65983924659826 0.0175910831845093 3.66166575262669 14.8829708328532
"etap[137]" -0.0849542595041561 7.45755349444075 0.0351552443132033 0.0847840882376864 -14.9158020474558 -3.68223224911564 -0.0171112972320417 3.62813284311225 14.4372043903698
"etap[138]" 0.128052013985452 7.57941168376975 0.0357296893266542 0.07013705152882 -14.0552705038677 -3.65598080750112 0.0198306687490359 3.72270069556892 14.9488220946846
"etap[139]" 0.109862050968158 7.73297864081696 0.036453610904616 0.0906836078684518 -14.3691170567745 -3.65815146020877 0.0349598135431109 3.70457279842007 15.2406608876984
"etap[140]" -0.135294970565659 7.68686765062505 0.0362362416122699 0.0814051564214615 -14.8853930930478 -3.70336224606796 -0.0302269796337942 3.56844526466186 14.507312305134
"etap[141]" 0.0998122173541626 7.96362497710905 0.0375408881609358 0.0910071210342195 -14.4566767741354 -3.63427397867166 0.0396371066919609 3.65084137732206 15.4190956718295
"etap[142]" 0.135548947912527 7.47636668843664 0.0352439305602051 0.0806594754797094 -14.2458786312989 -3.50172486698954 0.0636911575243243 3.71485362509668 14.884211049947
"etap[143]" 0.0876181981103553 7.55685514584995 0.0356233567871664 0.0869189406739481 -14.4989171214869 -3.57169678953717 0.0140200630224924 3.66762750471134 14.8055711467062
"etap[144]" -0.0113937199357524 7.69315373011099 0.0362658744751471 0.0836902791188233 -14.7977111106381 -3.61347790579565 -0.0085565567276482 3.66668833658617 14.579359775313
"etap[145]" -0.0605898524268231 7.5185659109963 0.03544285960309 0.0735209718306219 -14.6299154179629 -3.6511782703928 -0.0421305385491637 3.62923382319226 14.2979480371659
"etap[146]" -0.0719991542070207 7.59026383448147 0.0357808468557124 0.0720118237420816 -15.3594777516222 -3.68480947921511 0.00654243761398713 3.64741101663998 14.2374660412731
"etap[147]" -0.0405612524270528 7.40915806609024 0.0349271060761028 0.0841023839270655 -14.4912186080402 -3.64500387629272 -0.0478900963294425 3.59098038503991 14.2754187351741
"etap[148]" -0.0499205940735538 7.66592497507126 0.0361375168929347 0.085048769531924 -14.8818025979448 -3.67961331486805 -0.0196380055413536 3.62321009121837 14.4655992927153
"etap[149]" 0.107321967790333 7.49300139871302 0.0353223473364684 0.0712645589919466 -14.0478827449974 -3.6151541857162 0.0446377324764674 3.68397095992166 14.8796654888049
"etap[150]" -0.00622351809083298 7.44739921890318 0.0351073765992656 0.0706285304803612 -14.8090791077159 -3.64084382347064 -0.00238840584175181 3.64034895936517 14.5165178289386
"etap[151]" -0.0239738230194325 7.65289864200817 0.036076110169982 0.0773824999150907 -15.1170619971176 -3.54611048620241 0.0393959124717886 3.67135874893557 14.5895659449022
"etap[152]" 0.0503212763709463 7.54561988278932 0.0355703932491758 0.0731064534360869 -14.6296955034818 -3.56377726774811 0.0746147743179369 3.66907850486016 14.6967063410045
"etap[153]" -0.00535883290034497 7.43346755290448 0.0350417020959262 0.0679887337415472 -14.3987526151746 -3.64488084939249 -0.00208098112544335 3.63678862855068 14.752365968252
"etap[154]" -0.124828847482179 7.47050795941519 0.0352163122467371 0.0768867113742701 -14.7128008257878 -3.69071957380275 -0.0623153767233144 3.56590854408077 14.1995865925742
"etap[155]" -0.0396424258182669 7.24310922671867 0.0341443443405841 0.064283541257593 -14.7417815941014 -3.60728738656555 0.0438702044112326 3.61913366674626 14.1218559096113
"etap[156]" 0.0392444318389115 7.63252540777509 0.0359800698227759 0.0798135660903468 -14.7337239273338 -3.64446738832483 0.00551939633758325 3.62116376576155 14.661409540124
"etap[157]" -0.0817628289479825 7.52295777983475 0.0354635630713416 0.0746386736955674 -15.0306803150223 -3.65702152795152 -0.0617586870877648 3.56292108623698 14.1559763705112
"etap[158]" 0.00293326175235887 7.53900513438339 0.0355392110261513 0.0779971532741788 -14.6324238251859 -3.68168227512541 -0.0497499950223896 3.59035703900333 14.693338065003
"etap[159]" -0.192583622743406 7.63245363758632 0.0359797314948615 0.0773450870644563 -15.1782378495502 -3.75906806115822 -0.078209987756576 3.55806594240745 14.3728801144764
"etap[160]" -0.0478371144768235 7.52060826037846 0.0354524873304078 0.0731081162044072 -14.8072924760692 -3.68684992122971 -0.035917346024688 3.62743409186433 14.6666087179097
"etap[161]" -0.0726656313733127 7.57639499787507 0.0357154685329687 0.0838515348215437 -14.867360943102 -3.6258048573334 -0.0370980315005431 3.58921459541458 14.1956952838155
"etap[162]" -0.00613112112584907 7.40927706150185 0.0349276670258526 0.0818298933204867 -14.4036368173051 -3.6614524594678 -0.000636360416375365 3.52873768996584 14.3618566460819
"etap[163]" 0.00983245119220835 7.69567639519935 0.036277766432418 0.0905236499584811 -14.8109501788975 -3.61840131026971 -0.041253156371408 3.600510199498 14.5899201935377
"etap[164]" -0.0151496325088481 7.47211172736373 0.0352238724813495 0.0708499668393106 -14.6520640811325 -3.69142800044207 -0.0455318249368124 3.64987084847695 14.4733973332369
"etap[165]" -0.04767241494109 7.41688075397558 0.0349635111759208 0.0685103294159843 -14.9508493686055 -3.58359540518158 -0.0157138100873075 3.6484852846134 14.2297887134498
"etap[166]" -0.0961455987614126 7.39389728016725 0.0348551660413536 0.0746124754508006 -15.0038371157611 -3.61928353451854 -0.0147647544839904 3.56255728480615 14.3609116391604
"etap[167]" 0.0516409269270726 7.61758002145182 0.0359096165959983 0.0880673946096563 -14.442397650137 -3.64793694223129 0.0225027053799626 3.67213552212941 14.700910472102
"etap[168]" 0.0269865911883053 7.51693437933383 0.0354351684890749 0.0719788361025125 -14.4834049203587 -3.56919309724585 0.0112137901634884 3.57553434305661 14.8134710306114
"etap[169]" 0.0630013675904737 7.89111857018407 0.0371990896808283 0.0832884092185334 -14.497842644529 -3.70704916325893 -0.0376775959709516 3.68263699697888 14.9194242473396
"etap[170]" -0.0282236515029408 7.81387666194696 0.0368349678334533 0.0916861705777432 -14.7605063919413 -3.66827013050642 -0.0341422266017202 3.61872031973951 14.4791630858931
"etap[171]" 0.000269858723830031 7.44795997189035 0.0351100200141976 0.058648058117328 -14.6586089969991 -3.6188871174605 0.00737544561125089 3.6565030163434 14.4871863763156
"etap[172]" -0.00288964350280798 7.50075552134612 0.0353589006211085 0.0667576235703046 -14.6213953993149 -3.65448774572715 0.0224517863664647 3.67134068032945 14.5528230504408
"etap[173]" -0.0181064480084698 7.84939635301083 0.0370024092628994 0.140238093127944 -14.4776426375524 -3.65799362386012 0.00542096078178651 3.67333921907331 14.5645772540804
"etap[174]" 0.149295879855414 7.80288388220093 0.0367831473727699 0.0905486061522557 -14.2416211583754 -3.58563353856502 0.0922474834924211 3.77495577446359 14.9055682519902
"etap[175]" 0.00419754960747587 7.39158374890256 0.0348442599503819 0.0680255958914098 -14.3693305828803 -3.66619246075078 -0.0150995855779682 3.62695248214653 14.6018597876809
"etap[176]" 0.03905955764229 7.51154192141022 0.0354097481986413 0.0626113462234412 -14.0923749202241 -3.62409340685883 -0.00134340989528848 3.61379325815649 14.6751984435534
"etap[177]" 0.00900644923031173 7.68477928912021 0.0362263969817256 0.072671701329977 -14.5281157096206 -3.67180236706274 -0.0036917211593588 3.68325271484144 14.6179567681412
"etap[178]" -0.0865812344375448 7.41940604971814 0.0349754155342146 0.0719876825164253 -14.7933433185556 -3.62087392586929 -0.0385914590305583 3.59380413438318 14.1593135486884
"etap[179]" -0.00953295969110235 7.74377204137638 0.0365044914828002 0.0916917023640862 -14.7723339237349 -3.59053088881883 0.0156586058696996 3.68212030113015 14.5096278706879
"etap[180]" -0.0198315621777215 7.30733841841113 0.0344471236538899 0.0559424619082131 -14.5214870917632 -3.63847935062795 -0.048852651041818 3.62247966768113 14.2562948396483
"etap[181]" -0.0105039929038502 7.41874634605989 0.0349723056613458 0.0823501165791527 -14.6285855940845 -3.68654367519378 0.00828821786550906 3.6425062727227 14.6082950262397
"etap[182]" 0.0249767669723558 7.3953206408618 0.0348618758280148 0.0586915276911633 -14.4301394704126 -3.55664841784539 0.0361662452574829 3.66173784023825 14.4858564910852
"etap[183]" -0.0808606467238397 7.5234383883379 0.0354658286815528 0.0718179103598314 -14.9683621867891 -3.607833653713 0.000175335604538785 3.64390038017593 14.2360184491485
"etap[184]" 0.138768328151507 7.60459126792799 0.0358483870246926 0.0939593779918926 -14.1369894984673 -3.52937806677872 0.0517449667106498 3.73278252722747 14.8404861264401
"etap[185]" -0.0618238728300933 7.35045495119567 0.0346503769386446 0.0750657454540832 -14.5805286970006 -3.59434220887691 -0.00886831055594453 3.60799760407399 13.9227453989263
"etap[186]" 0.0241077352126892 7.44174481267694 0.0350807214726912 0.0733781001894556 -14.3307809057341 -3.61357269515006 -0.0212376270050782 3.56900282911613 14.4405268829607
"etap[187]" -0.0659761603933951 7.60144432855893 0.0358335522102403 0.0724365079685009 -14.9802434910647 -3.68142146054104 -0.0055755453929563 3.63197048623986 14.2910795368625
"etap[188]" 0.0181346471624232 7.51269414991278 0.0354151798558922 0.0742686398351025 -14.6448545528784 -3.61635422106295 0.0240428817114176 3.61588225121149 14.6339643272613
"etap[189]" -0.244687985848119 7.73064240781591 0.0364425977966329 0.08786696439173 -15.3315103325929 -3.75519104461615 -0.083640992453052 3.57384354249024 13.8526154433438
"etap[190]" -0.0238234219248898 7.39800196782511 0.0348745157245371 0.0718458284268294 -14.4351541347915 -3.64413840942287 -0.00957613739608154 3.64840180773258 14.2543717860204
"etap[191]" 0.0303447752653865 7.51454351945289 0.0354238978675104 0.0739975274693786 -14.3424299343811 -3.67582462082246 -0.0335147685115312 3.66894224284505 14.7516513060583
"etap[192]" 0.104793606067155 7.39983449926744 0.0348831543606011 0.0762186291155495 -14.2630781874983 -3.59987582871146 0.0282687892218887 3.64112236980373 15.0411302009212
"etap[193]" -0.109305839046247 7.59729714124081 0.035814002181737 0.0902853519688527 -14.8631674635904 -3.63877551406373 -0.0632028497976416 3.58909710045689 14.2774653865574
"etap[194]" 0.0805872655620595 7.65742798179999 0.0360974616825226 0.0921183601542741 -14.3636191843688 -3.60174945823582 0.0122056979657194 3.69667297204157 14.9400419878721
"etap[195]" -0.0616898239360952 7.58814603376379 0.0357708634473879 0.0882272086442325 -14.8674904597321 -3.68932546192347 -0.03463628110695 3.61168338152741 14.2703584651602
"etap[196]" 0.0333967880047065 7.58454045683966 0.0357538665947669 0.0691834463121112 -14.6776635552768 -3.55019942232595 0.0179082458530495 3.61696749691938 14.7065133372765
"etap[197]" -0.0643882560886565 7.46369762535853 0.035184208024113 0.0776364448495076 -14.5082527254372 -3.66881368208535 -0.0323636062404883 3.56059045893713 14.0608356549184
"etap[198]" 0.0785608843363547 7.34326773084064 0.0346164960569718 0.0727710753022214 -14.1018567599674 -3.63267989631206 0.0498513185998743 3.68451876634231 14.617591172959
"etap[199]" 0.121762934556044 7.82170447600231 0.0368718685027894 0.0982864179216493 -14.2803826700978 -3.63260225896805 0.00176782832303176 3.6790517369416 14.9518945413826
"etap[200]" 0.0139476325645148 7.49030753036086 0.0353096483192721 0.0632462941664882 -14.7250836577701 -3.61002662633402 0.0149822237102103 3.61706691734479 14.362869862134
"etap[201]" -0.0154846158637984 7.48860500531293 0.0353016225392286 0.0730630671354939 -14.5963325806072 -3.62683427657918 0.002193688079529 3.62649082162494 14.3110964614517
"etap[202]" 0.124893253477674 7.47317191935828 0.0352288702743408 0.0775567574165001 -13.8106979314947 -3.62217406556494 0.0210336214833252 3.6533002076596 15.0243934175712
"etap[203]" -0.209205877868536 7.54184037910533 0.035552576497946 0.0837077692142338 -15.2007788716994 -3.74722300057288 -0.0979806320776161 3.57127898450287 14.1492569496375
"etap[204]" 0.0984423122890371 7.73475225685273 0.0364619718107901 0.0820881200534364 -14.5224007022721 -3.61229868195194 0.0625637812150335 3.72740052978826 15.20623361832
"etap[205]" 0.0918644491449176 7.71881771555598 0.0363868556627499 0.0844942753361815 -14.3587818390284 -3.60466880958519 0.05789617255486 3.71029989631788 14.882561418742
"etap[206]" -0.108660688714873 7.43226823731161 0.0350360484680029 0.0626557378077759 -15.0495765325981 -3.68046961615883 -0.0053050657438086 3.58746863061459 14.2959230391794
"etap[207]" -0.090474348298756 7.60349936006828 0.035843239721679 0.0816808537810984 -15.1847406859229 -3.73982650739531 -0.0757923186319803 3.61740787090575 14.4062252443947
"etap[208]" -0.0169360492314567 7.52477681167123 0.0354721380696535 0.0854590562553981 -14.7856603526793 -3.62086469085858 -0.0128364277351928 3.60019837201838 14.6394815852243
"etap[209]" 0.0413302717668587 7.58498892065457 0.0357559806734645 0.0779325626764899 -14.4265783836809 -3.64305819996216 -0.0464958994735972 3.60518724948051 14.7948370649258
"etap[210]" 0.0847033181516225 7.71277150047633 0.0363583535315277 0.0948982072390723 -14.5244570485968 -3.54136376228026 0.0383839052030272 3.68918072592271 14.8354340506919
"etap[211]" 0.0443914697091653 7.44745845682501 0.0351076558495071 0.0631784955046659 -14.5295974854615 -3.62637504035755 0.0272234642578637 3.68162702602896 14.6275110958028
"etap[212]" 0.0325576751787202 7.58795142042323 0.0357699460313024 0.0795932914106353 -14.3499512862764 -3.63300052452158 0.0209080218809571 3.70263308239663 14.6500559257486
"etap[213]" 0.0914552905242801 7.74481104153889 0.0365093893765373 0.0872851746028121 -14.4814401314802 -3.61443378868934 -0.00187209161009631 3.68342356079126 14.7543516305011
"etap[214]" 0.0826618497440818 7.65323160269985 0.036077679761735 0.0795233777962231 -14.5936363622478 -3.58275728030234 -0.00511467089854791 3.71242770829746 14.5897766302332
"etap[215]" 0.0139956816699814 7.63673415437645 0.0359999100445234 0.0950162735392878 -14.8447963272797 -3.66719526961836 -0.029268931010388 3.61258469712742 15.0117760539819
"etap[216]" 0.0330989035759513 7.62964968101766 0.0359665135168358 0.0859193244286666 -14.5424876445881 -3.68282263923335 -0.0132380856882497 3.69020814129013 15.0123678960396
"etap[217]" -0.0237551869769702 7.53628651962192 0.0355263953532629 0.0743734785759177 -14.6705982639217 -3.61254065137105 -0.0434114589708205 3.58390230298477 14.4984150479188
"etap[218]" -0.115129938872557 7.54026149699901 0.0355451335763189 0.0898092585874181 -14.7993850036319 -3.74496905631289 -0.055119172496913 3.55290825349273 14.5924182324046
"etap[219]" -0.0748604092325466 7.46010971696012 0.035167294461721 0.072303685091658 -14.8630423604753 -3.65819728139188 -0.00244401888398971 3.65458142851142 14.1137321427092
"etap[220]" 0.024562553794846 7.53669591158063 0.0355283252454639 0.079022697549936 -14.83939362896 -3.58259695761108 0.0165512190760397 3.63424480654164 14.7435301352964
"etap[221]" 0.00938118199345658 7.42196899603873 0.0349874973790353 0.0735801496348156 -14.5579089085474 -3.5823856858794 0.0378775453710065 3.61282614368468 14.7862044388648
"etap[222]" 0.214171492828231 7.63534075398618 0.0359933414920909 0.0760029639048198 -14.2322079642593 -3.4630153541316 0.102497647283507 3.76482656262656 15.2316805947938
"etap[223]" -0.0267110434627321 7.58449687531126 0.0357536611494718 0.0738406802076239 -14.7229247770534 -3.6151448647089 -0.00712665814101284 3.6343585680086 14.4656233896926
"etap[224]" 0.0198820917721341 7.53823353217278 0.0355355736584479 0.0743702227000201 -14.6340174029915 -3.62632642743186 0.00244574318871502 3.65926977833099 14.5816575262125
"etap[225]" 0.0360821229010656 7.44687480456401 0.0351049044863631 0.0678726756130735 -14.3163202545896 -3.61177893685473 0.00737807420484969 3.61260431919987 14.6759003252653
"etap[226]" -0.0116444827631773 7.62578784739043 0.0359483086585316 0.0775897499766874 -14.9732356002367 -3.64817883462304 0.00333990309755864 3.56623658842745 14.8704617145552
"etap[227]" -0.038171776270845 7.50094010610961 0.0353597707620283 0.0781500042013138 -14.5769190169701 -3.63228145320571 -0.00110482040406203 3.61398413208404 14.407101330776
"etap[228]" 0.0769538392626866 7.7699957010935 0.0366281110002236 0.0765247351694168 -14.4780168430077 -3.61788812015598 0.0291275213456145 3.70612134454356 15.3923088032129
"etap[229]" 0.0053187443078034 7.5827297195729 0.0357453306974317 0.0706073808950124 -14.3990630609188 -3.53377256573844 0.0658081767404548 3.62319946324908 14.352477994429
"etap[230]" 0.0766656269000893 7.51700203090264 0.0354354874016287 0.0753518084358877 -14.3188759110588 -3.59098163192223 0.00803490853901278 3.65356091038636 14.8287129290831
"etap[231]" -0.074332911447088 7.5015668473464 0.0353627252485522 0.0664628364305895 -14.851658847608 -3.69298510020456 -0.0316381424564645 3.56162961914254 14.4477992104618
"etap[232]" -0.187443587150312 7.71954346422071 0.036390276874765 0.0973070005351152 -15.6099210790611 -3.67696052352871 -0.0645306855173806 3.61539801087255 13.9052621555157
"etap[233]" -0.0908955746032064 7.51062430243257 0.035405422501297 0.0718210765254733 -14.9094733333154 -3.70506437857151 -0.0440044914749023 3.65624374049989 14.4133975108305
"etap[234]" 0.0460970761954727 7.5006991108352 0.0353586346994098 0.0675943016201968 -14.24279785572 -3.67354700957134 -0.0066478267761969 3.65677047828646 14.902439185736
"etap[235]" 0.145940554513405 7.41990893765677 0.0349777861706918 0.0784472846244216 -14.0952142392505 -3.58532303444289 0.058988010134946 3.73061635176045 15.2032766201519
"etap[236]" -0.0738894397691811 7.60937485150975 0.0358709370539528 0.0785169670767611 -14.8777098828873 -3.65512643710322 -0.0502978920585423 3.60402539713346 14.5938386861388
"etap[237]" 0.0416678406163725 7.59461827716666 0.0358013738953856 0.0959841671511944 -14.5684750232542 -3.60094971426298 0.0311990866240097 3.67087899145807 14.7151129328311
"etap[238]" 0.0839365620619537 7.41542460299981 0.0349566468143915 0.0628266878104014 -14.2318668621345 -3.58633580447577 0.00202976572999635 3.59377905996183 15.202173792377
"etap[239]" 0.0636839185379577 7.51768409269003 0.035438702671729 0.074197985682036 -14.3593435305018 -3.55885383707677 0.074464770027423 3.65909629286062 14.8167317486421
"etap[240]" 0.108150288462585 7.52190134200683 0.0354585829756615 0.0904753395706633 -13.9363165806664 -3.63102088109572 0.0132104571302735 3.63378737068502 14.6644132420235
"etap[241]" 0.138288868595954 7.76693009124401 0.0366136595768033 0.0828058939206523 -14.7926141868071 -3.60274709006036 0.0357249897565972 3.74464058096562 15.273263309793
"etap[242]" -0.00933986496428352 7.62037738532377 0.0359228034957536 0.0802147864560781 -14.4811910993179 -3.62084915720604 0.00285976636753979 3.6729336263468 14.5318628060897
"etap[243]" 0.0334189811962178 7.59040393430331 0.0357815072926061 0.0732717720074917 -14.5841462528132 -3.55913804878629 0.0452607732838006 3.65735884932862 14.6668013494086
"etap[244]" -0.0561586470023669 7.43563022809967 0.0350518970445663 0.0766147159742105 -14.2777098813394 -3.64630622288152 -0.0594386769716374 3.51560279408272 14.2945173994527
"etap[245]" 0.0395316439561106 7.68756037556214 0.03623950714894 0.0839728831504091 -14.3664519267988 -3.62221443052121 0.025526996832595 3.6458799444695 14.8011150184641
"etap[246]" -0.105198156606991 7.49672170779263 0.0353398850416571 0.0774589234613551 -14.5716479899123 -3.68780486669309 -0.0387550278336844 3.5666294885879 14.1300638310743
"etap[247]" 0.0859610615302516 7.5979521248134 0.0358170898039086 0.0697582419669817 -14.0998575878422 -3.62800410534551 0.000657286205751886 3.63841700224832 14.9545651487087
"etap[248]" 0.134562147606836 7.68695822281734 0.0362366685736789 0.0925073504217239 -14.1897784211929 -3.6032175277713 -0.00580754345478944 3.61661105276502 15.0699851437788
"etap[249]" 0.0108250546598381 7.78435700320823 0.0366958108276369 0.0930802942142068 -14.6216613176573 -3.57905542932118 0.053737100584956 3.67903264330702 14.7554138390619
"etap[250]" 0.00190107926673618 7.75294302293907 0.0365477239044876 0.0703136459767624 -14.9217554993308 -3.6049912541559 0.0364779841676662 3.69051734857398 14.7651333048817
"etap[251]" 0.102720966986884 7.6443220982447 0.0360356799549534 0.0909780939228623 -14.1351215881226 -3.60289837615612 0.0123069205102931 3.63759847859335 14.8982665427562
"etap[252]" -0.0387991736066929 7.51946651511136 0.0354471050916028 0.0735552474320061 -14.6741307777444 -3.66257244028149 -0.0159968450308736 3.62673802052689 14.4311441847716
"etap[253]" 0.0344591325120911 7.37330025036301 0.0347580707117077 0.056716071630972 -14.392462923179 -3.5950062294107 -0.0139433317623229 3.59914387822987 14.9071930686179
"etap[254]" 0.147986579567931 7.52581321867798 0.035477023739137 0.0751326549746629 -14.0622675743645 -3.55710242716119 0.0702247582489033 3.69305523058392 14.7265537749586
"etap[255]" -0.0670668129819555 7.6742772339059 0.0361768898186694 0.0767938669978086 -14.5776028606084 -3.66955875234627 -0.0298978183252938 3.59902231544531 14.4390848237861
"etap[256]" 0.0443132766829325 7.36259087228144 0.0347075862192825 0.0751976711981674 -14.29162753683 -3.59928812223039 -0.0140886794165823 3.6551544304986 14.8124224886634
"etap[257]" -0.0444897756188596 7.57937357048955 0.0357295096589283 0.0725784644078998 -15.0932655562794 -3.68577523782847 -0.046646261939826 3.63810321358281 14.4992170918233
"etap[258]" -0.0822259420613826 7.57695377881471 0.0357181026515795 0.0726933153150145 -14.6288971075975 -3.61537730819144 -0.0362933462195711 3.55830633209119 14.1298236912841
"etap[259]" 0.00914882119389795 7.52126418021359 0.0354555793661634 0.0800593601201682 -14.4050250960836 -3.7129926647475 -0.0120710206725228 3.64021301290375 14.6487564979589
"etap[260]" 0.0892640974094494 7.63184810128989 0.0359768769693851 0.0795093163101154 -14.2337323401802 -3.65491174673965 0.0113743928333414 3.59261083417052 15.3050981268654
"mean.p0" -1.76198340206957 0.354945404178342 0.0016732286816367 0.010512630215926 -2.52687180129637 -1.98020163281703 -1.73628423503155 -1.51581371443734 -1.14369725664705
"mumup0" 0.756553846990414 0.169125864435333 0.00079726697077507 0.00365159786973048 0.306585598860116 0.676305317116348 0.796713476109567 0.879537878228439 0.970638753879241
"mupsi" 5.59101631916128 1.34435360273924 0.00633734365872987 0.012910535203647 3.16163053148295 4.64058702261684 5.5245585195103 6.47903761907348 8.3764741753236
"ppo[1]" 0.220765196270158 0.102084188585371 0.000481229480004283 0.00212130651511131 0.0899185597614657 0.151496767087711 0.196327541100191 0.264697150737722 0.49017424744861
"ppo[2]" 0.137499495328632 0.0715263295138866 0.000337178350884352 0.00155909890074695 0.0200869180461447 0.0898129611180262 0.132840989653917 0.177259284122598 0.288564762978856
"ppo[3]" 0.187140008204781 0.0807046955117208 0.000380445583132889 0.00133506849101235 0.0700097109738426 0.132713620185838 0.173409317252277 0.223875404061208 0.392966769046166
"ppo[4]" 0.156774315689861 0.0676863142291927 0.000319076345233238 0.00115381338209541 0.0431621535343713 0.111238741948908 0.1509959699183 0.193364102471843 0.313034954609071
"ppo[5]" 0.157898093621239 0.0690480929102687 0.000325495831498999 0.0011395611557307 0.0445041341370099 0.111939405294311 0.151189055748426 0.194852740597244 0.321178016227416
"ppo[6]" 0.157288926728583 0.0689236826695726 0.00032490935600003 0.00115746921937493 0.043530126863879 0.110963925565183 0.151137645896161 0.1947301353548 0.318840142974192
"ppo[7]" 0.135509771783472 0.0690801592467909 0.000325646993659016 0.00160146151397222 0.0193936941894758 0.0889306351135828 0.131690325311802 0.17605652300354 0.279277595671525
"ppo[8]" 0.136803070776536 0.069798698480171 0.000329034220088827 0.00160548940439663 0.0212504952361001 0.0897295593982332 0.132328622584101 0.176583797083656 0.285219950705106
"ppo[9]" 0.157151460647002 0.0681649761796813 0.000321332779307148 0.00109414418335007 0.0438198315636601 0.11108348364204 0.151024861271973 0.194389960706457 0.315258843067674
"ppo[10]" 0.187967796465094 0.0830504337488895 0.000391503499228826 0.00125778026484208 0.0698676309329061 0.132177061727587 0.173156066214989 0.224560546461918 0.403908351980469
"ppo[11]" 0.187501742835849 0.0820882827802042 0.000386967876065609 0.00130752739363913 0.0707959666657028 0.132422593907367 0.172719558828264 0.223290838062698 0.402247204132582
"ppo[12]" 0.137613996404514 0.0708534572143746 0.000334006400445301 0.00161002431427451 0.020659053150139 0.0901110045210416 0.133287425341723 0.177836159955638 0.287142522172783
"ppo[13]" 0.156942133442957 0.0681798839684647 0.000321403055297422 0.00110211035440459 0.0428630886779133 0.111172949035905 0.151164671885613 0.194044984863989 0.316516513747852
"ppo[14]" 0.187085761329278 0.0818069709334049 0.000385641759302276 0.00135269890973759 0.0676151087921636 0.132313809405233 0.173136924666428 0.22387857416284 0.395534871656557
"ppo[15]" 0.157306348459679 0.0682185439556477 0.000321585300224741 0.0011867700748687 0.0438667875007824 0.111524364570799 0.151223113680698 0.194003451213638 0.315713058086754
"ppo[16]" 0.136358358931988 0.07067122335714 0.000333147341803886 0.0017688543089875 0.0201180187757991 0.0887813044600032 0.132081297757315 0.17652225593829 0.282430456005918
"psi0" 0.991960521134391 0.0118807143113224 0.0000560062243658409 0.000109122720476418 0.959364559024349 0.990440241075516 0.996028209256988 0.998467065989051 0.999769832756828
"sdeps" 0.517924577353239 0.39599244315222 0.00186672627901042 0.0158371877949807 0.0136264804686613 0.212867311696185 0.439138787650063 0.736109507858921 1.47201478038853
